0.300000000 0.2 0 0 0 0 0 1
9.300000000 0.979726 -0.132757 0 0 0 -0.343462 0.939167
9.900000000 0.879934 -0.196297 0 0 0 -0.605634 0.795743
10.400000000 0.76173 -0.192525 0 0 0 -0.783277 0.621673
11.000000000 0.65963 -0.132696 0 0 0 -0.931996 0.36247
11.700000000 0.607127 -0.00575117 0 0 0 -0.99978 0.0209535
12.300000000 0.637327 0.108666 0 0 0 0.961327 0.275411
13.000000000 0.746735 0.186397 0 0 0 0.808267 0.588816
13.600000000 0.865441 0.186649 0 0 0 0.598004 0.801493
14.200000000 0.963654 0.12057 0 0 0 0.334395 0.942433
14.700000000 1.00767 0.0308616 0 0 0 0.0914506 0.99581
15.400000000 0.984131 -0.0963803 0 0 0 -0.256145 0.966638
18.900000000 1.17724 -0.0472654 0 0 0 0.137341 0.990524
19.400000000 1.13291 0.0416049 0 0 0 0.377537 0.925995
20.100000000 1.01473 0.166862 0 0 0 0.648288 0.761395
20.700000000 0.930409 0.24201 0 0 0 0.817549 0.575859
22.200000000 0.265505 0.936739 0 0 0 0.926022 0.377471
23.500000000 -0.44318 1.61152 0 0 0 0.926081 0.377326
24.800000000 -1.07262 2.34916 0 0 0 0.898947 0.438057
26.200000000 -1.65263 3.22599 0 0 0 0.870933 0.491402
27.500000000 -2.11671 4.09547 0 0 0 0.835189 0.549963
28.900000000 -2.53552 5.06207 0 0 0 0.844393 0.535725
30.300000000 -2.84797 6.04197 0 0 0 0.774705 0.632323
31.800000000 -2.70142 7.05893 0 0 0 0.620403 0.784283
33.100000000 -2.42406 7.93855 0 0 0 0.551371 0.83426
34.500000000 -2.15444 8.83656 0 0 0 0.623471 0.781847
37.100000000 -2.03086 9.79847 0 0 0 0.698033 0.716065
39.100000000 -2.08394 10.7983 0 0 0 0.738846 0.673875
40.300000000 -2.16456 11.6979 0 0 0 0.736254 0.676705
42.300000000 -2.21957 12.6943 0 0 0 0.718853 0.695163
45.500000000 -2.22964 13.6192 0 0 0 0.710235 0.703965
49.300000000 -2.23303 14.6124 0 0 0 0.708354 0.705858
52.900000000 -2.23656 15.5634 0 0 0 0.708354 0.705857
54.800000000 -2.30775 16.524 0 0 0 0.750512 0.660856
56.300000000 -2.69729 17.5061 0 0 0 0.870344 0.492444
57.600000000 -3.3428 18.1962 0 0 0 0.927924 0.37277
59.000000000 -4.0957 18.9204 0 0 0 0.927301 0.374316
59.900000000 -4.12871 19.1318 0 0 0 0.744341 0.667799
60.500000000 -4.00137 19.1105 0 0 0 0.517712 0.855555
61.000000000 -3.9414 19.0558 0 0 0 0.293306 0.956018
61.600000000 -3.89773 18.9374 0 0 0 0.00232321 0.999997
62.300000000 -3.93208 18.8229 0 0 0 -0.335284 0.942117
62.800000000 -3.99369 18.7598 0 0 0 -0.555029 0.831831
63.500000000 -4.11864 18.7421 0 0 0 -0.8034 0.59544
64.200000000 -4.23413 18.8143 0 0 0 -0.957316 0.289045
64.900000000 -4.2774 18.9435 0 0 0 0.998682 0.051334
65.600000000 -4.23077 19.0761 0 0 0 0.922771 0.385348
66.100000000 -4.16367 19.1426 0 0 0 0.807946 0.589257
66.800000000 -4.05209 19.2089 0 0 0 0.585182 0.810902
67.900000000 -3.63837 19.6505 0 0 0 0.371548 0.928414
69.100000000 -2.89667 20.2301 0 0 0 0.342696 0.939446
70.500000000 -2.33263 21.0403 0 0 0 0.503777 0.863834
72.000000000 -2.10087 22.0489 0 0 0 0.676077 0.736831
73.400000000 -2.1717 23.0937 0 0 0 0.748575 0.66305
74.700000000 -2.30337 24.0579 0 0 0 0.745482 0.666526
76.400000000 -2.36022 25.0001 0 0 0 0.717246 0.69682
80.300000000 -2.3382 25.983 0 0 0 0.693998 0.719977
84.800000000 -2.30237 26.9521 0 0 0 0.698839 0.715279
87.500000000 -2.32152 28.0337 0 0 0 0.735601 0.677416
88.800000000 -2.57803 28.968 0 0 0 0.818884 0.573959
90.100000000 -2.86908 29.8927 0 0 0 0.793097 0.609096
91.400000000 -3.00597 30.8504 0 0 0 0.732358 0.68092
92.900000000 -2.88278 31.8282 0 0 0 0.620954 0.783847
94.200000000 -2.54477 32.7474 0 0 0 0.580581 0.814202
96.000000000 -2.34742 33.6285 0 0 0 0.661011 0.750376
99.600000000 -2.35082 34.6005 0 0 0 0.714224 0.699917
101.700000000 -2.41 35.6894 0 0 0 0.731764 0.681559
103.200000000 -2.47576 36.6366 0 0 0 0.727248 0.686375
106.700000000 -2.4767 37.6062 0 0 0 0.698835 0.715283
110.500000000 -2.41489 38.6648 0 0 0 0.687103 0.72656
111.800000000 -2.38578 39.6656 0 0 0 0.71184 0.702342
113.100000000 -2.51936 40.6136 0 0 0 0.780279 0.625432
114.400000000 -2.80508 41.5577 0 0 0 0.787513 0.616298
115.700000000 -2.91673 42.5084 0 0 0 0.741779 0.670644
116.800000000 -2.73909 42.8933 0 0 0 0.484348 0.874875
117.400000000 -2.65745 42.7937 0 0 0 0.208366 0.978051
118.000000000 -2.63334 42.7199 0 0 0 -0.0853443 0.996352
118.700000000 -2.69778 42.6019 0 0 0 -0.416576 0.909101
119.300000000 -2.92112 42.5431 0 0 0 -0.663431 0.748237
120.000000000 -3.04172 42.445 0 0 0 -0.847262 0.531175
121.300000000 -3.56402 41.9648 0 0 0 -0.964966 0.262373
121.900000000 -3.63528 42.0593 0 0 0 0.999458 0.0329172
122.400000000 -3.58339 42.1521 0 0 0 0.961679 0.274178
123.100000000 -3.50044 42.2589 0 0 0 0.824378 0.566039
123.800000000 -3.40913 42.364 0 0 0 0.621598 0.783336
125.000000000 -2.89901 42.9836 0 0 0 0.440877 0.897568
126.400000000 -2.41123 43.8936 0 0 0 0.563791 0.825917
127.800000000 -2.26586 44.9082 0 0 0 0.70624 0.707972
129.100000000 -2.44693 45.867 0 0 0 0.760204 0.649684
130.400000000 -2.51322 46.8393 0 0 0 0.728273 0.685288
131.700000000 -2.53382 47.7927 0 0 0 0.695242 0.718776
132.900000000 -2.51305 48.6959 0 0 0 0.700334 0.713815
134.300000000 -2.51593 49.7498 0 0 0 0.707303 0.706911
135.600000000 -2.527 50.7223 0 0 0 0.709971 0.704231
136.900000000 -2.5195 51.6981 0 0 0 0.715341 0.698775
138.300000000 -2.65853 52.745 0 0 0 0.762169 0.647379
139.900000000 -2.9359 53.5287 0 0 0 0.913531 0.406769
140.500000000 -3.05323 53.4843 0 0 0 0.987423 0.1581
141.200000000 -3.13517 53.3703 0 0 0 -0.988281 0.152645
141.800000000 -3.05954 53.272 0 0 0 -0.898631 0.438706
142.300000000 -2.97894 53.2495 0 0 0 -0.762577 0.646897
143.000000000 -2.84397 53.274 0 0 0 -0.494533 0.869159
143.700000000 -2.74712 53.3699 0 0 0 -0.166521 0.986038
144.500000000 -2.5724 53.4932 0 0 0 0.140602 0.990066
145.900000000 -1.98489 54.0898 0 0 0 0.40024 0.91641
147.200000000 -1.30966 54.8022 0 0 0 0.407136 0.913367
148.600000000 -0.586861 55.5574 0 0 0 0.383336 0.923609
149.900000000 0.103687 56.2453 0 0 0 0.380745 0.92468
151.100000000 0.76411 56.8606 0 0 0 0.348945 0.937143
152.400000000 1.55604 57.422 0 0 0 0.279145 0.960249
153.800000000 2.49293 57.8921 0 0 0 0.206682 0.978408
155.300000000 3.55311 58.1239 0 0 0 0.0578437 0.998326
157.300000000 4.56305 58.1119 0 0 0 -0.0192707 0.999814
159.900000000 5.25455 57.9705 0 0 0 -0.27645 0.961028
160.600000000 5.19214 57.9027 0 0 0 -0.585944 0.810352
161.200000000 5.04526 57.8689 0 0 0 -0.795397 0.606089
161.800000000 4.9459 57.9324 0 0 0 -0.937519 0.347935
162.400000000 4.88948 58.0233 0 0 0 -0.998204 0.0599071
163.100000000 4.82359 58.2203 0 0 0 0.971015 0.239019
163.800000000 4.78377 58.3571 0 0 0 0.870354 0.492426
164.500000000 4.85693 58.4682 0 0 0 0.684549 0.728967
165.100000000 4.97953 58.4613 0 0 0 0.454001 0.891001
165.800000000 5.08231 58.447 0 0 0 0.15368 0.988121
166.700000000 5.53364 58.3301 0 0 0 -0.0638922 0.997957
168.000000000 6.49322 58.0859 0 0 0 -0.149429 0.988773
169.800000000 7.49892 57.8964 0 0 0 -0.0535482 0.998565
173.600000000 8.48303 57.8924 0 0 0 0.011916 0.999929
176.900000000 9.45461 57.9337 0 0 0 0.0298639 0.999554
179.800000000 10.409 58.0042 0 0 0 0.0323866 0.999475
184.100000000 11.3874 58.0486 0 0 0 0.0147043 0.999892
188.900000000 12.3469 58.0614 0 0 0 0.00454293 0.99999
193.700000000 13.2989 58.0672 0 0 0 0.00298516 0.999996
198.500000000 14.2603 58.0732 0 0 0 0.0029852 0.999996
202.400000000 15.2571 58.0793 0 0 0 0.00298522 0.999996
206.100000000 16.2203 58.0853 0 0 0 0.00298523 0.999996
210.000000000 17.1828 58.0671 0 0 0 -0.0112463 0.999937
213.200000000 17.9143 58.1893 0 0 0 0.3393 0.940678
213.800000000 17.8153 58.2539 0 0 0 0.602135 0.798394
214.500000000 17.7434 58.5212 0 0 0 0.762545 0.646935
216.000000000 17.3813 59.4784 0 0 0 0.80892 0.587918
216.900000000 17.4355 59.7489 0 0 0 0.594098 0.804393
217.500000000 17.5278 59.6814 0 0 0 0.334226 0.942493
218.100000000 17.6297 59.6378 0 0 0 0.0768565 0.997042
218.700000000 17.7253 59.5631 0 0 0 -0.1699 0.985461
219.800000000 18.0908 59.1425 0 0 0 -0.43117 0.902271
221.200000000 18.5581 58.2133 0 0 0 -0.581372 0.813638
222.800000000 18.7615 57.2384 0 0 0 -0.581888 0.813269
224.300000000 19.3595 56.4946 0 0 0 -0.39414 0.919051
226.600000000 20.0626 55.8076 0 0 0 -0.37522 0.926936
231.000000000 20.7638 55.1159 0 0 0 -0.380734 0.924685
235.300000000 21.4643 54.391 0 0 0 -0.460545 0.887636
236.700000000 21.8637 53.5079 0 0 0 -0.587975 0.808879
239.000000000 22.0045 52.5011 0 0 0 -0.683371 0.730072
241.300000000 21.7877 51.7648 0 0 0 -0.848795 0.528722
243.000000000 21.0675 50.9629 0 0 0 -0.925742 0.378155
245.500000000 20.3943 50.3084 0 0 0 -0.924887 0.380242
250.200000000 19.7035 49.6313 0 0 0 -0.924433 0.381344
254.900000000 19.0324 48.9543 0 0 0 -0.924433 0.381344
259.500000000 18.3501 48.2761 0 0 0 -0.924433 0.381344
264.200000000 17.6803 47.6105 0 0 0 -0.924433 0.381344
268.900000000 16.9905 46.9349 0 0 0 -0.924433 0.381344
273.700000000 16.2981 46.2466 0 0 0 -0.924433 0.381344
278.200000000 15.6283 45.5709 0 0 0 -0.924433 0.381344
282.800000000 14.9486 44.8954 0 0 0 -0.924433 0.381344
285.900000000 14.2375 44.1885 0 0 0 -0.924433 0.381344
289.200000000 13.5652 43.5203 0 0 0 -0.924433 0.381344
291.300000000 12.8892 42.8485 0 0 0 -0.924433 0.381344
294.600000000 12.2069 42.1704 0 0 0 -0.924433 0.381344
297.200000000 11.5112 41.4758 0 0 0 -0.92285 0.38516
299.600000000 10.8568 40.5959 0 0 0 -0.884919 0.465744
301.000000000 10.448 39.7154 0 0 0 -0.809443 0.587198
303.100000000 10.2568 38.729 0 0 0 -0.713968 0.700178
305.400000000 10.4294 37.7663 0 0 0 -0.64301 0.765857
306.800000000 10.7077 36.784 0 0 0 -0.506594 0.862185
308.200000000 11.3679 36.0598 0 0 0 -0.38262 0.923906
310.000000000 12.0647 35.3998 0 0 0 -0.352718 0.93573
314.000000000 12.8433 34.8397 0 0 0 -0.325271 0.945621
318.700000000 13.6057 34.2572 0 0 0 -0.321299 0.946978
323.600000000 14.4487 33.7902 0 0 0 -0.212071 0.977254
326.100000000 15.4358 33.5544 0 0 0 -0.0752362 0.997166
329.400000000 16.4104 33.508 0 0 0 0.00114818 0.999999
331.200000000 16.8554 33.68 0 0 0 0.300925 0.953648
332.100000000 17.0006 34.0349 0 0 0 0.538227 0.8428
333.600000000 17.0872 35.049 0 0 0 0.71842 0.695609
335.000000000 17.007 36.0997 0 0 0 0.727475 0.686134
336.300000000 16.97 37.0821 0 0 0 0.708781 0.705429
337.200000000 17.1003 37.2263 0 0 0 0.425253 0.905074
337.700000000 17.1527 37.184 0 0 0 0.19156 0.981481
338.500000000 17.3208 37.0168 0 0 0 -0.123257 0.992375
339.400000000 17.658 36.712 0 0 0 -0.349344 0.936995
340.800000000 18.3199 35.9348 0 0 0 -0.414107 0.910228
342.300000000 18.997 35.2317 0 0 0 -0.378221 0.925716
345.600000000 19.7106 34.5525 0 0 0 -0.376211 0.926534
350.500000000 20.4751 33.9678 0 0 0 -0.282648 0.959224
352.500000000 21.3687 33.6174 0 0 0 -0.143349 0.989672
354.500000000 22.4028 33.5826 0 0 0 -0.00967612 0.999953
358.300000000 23.3491 33.5543 0 0 0 0.00266749 0.999996
363.100000000 24.2794 33.5884 0 0 0 0.022948 0.999737
367.900000000 25.2309 33.6086 0 0 0 0.00892114 0.99996
372.900000000 26.2159 33.6162 0 0 0 0.00208773 0.999998
377.700000000 27.1909 33.6204 0 0 0 0.00208773 0.999998
379.700000000 28.0054 33.896 0 0 0 0.287158 0.957883
381.100000000 28.5997 34.6068 0 0 0 0.407024 0.913418
383.300000000 29.2853 35.2877 0 0 0 0.39094 0.920416
387.800000000 29.9859 35.9873 0 0 0 0.385356 0.922768
391.800000000 30.6668 36.6766 0 0 0 0.385348 0.922771
396.000000000 31.3477 37.3559 0 0 0 0.385339 0.922775
399.400000000 32.0299 38.0463 0 0 0 0.385331 0.922778
403.600000000 32.6982 38.723 0 0 0 0.385323 0.922782
407.400000000 33.3612 39.4297 0 0 0 0.400865 0.916137
410.000000000 33.9616 40.2492 0 0 0 0.51342 0.858137
411.300000000 34.2767 41.1941 0 0 0 0.633769 0.773523
412.600000000 34.3358 42.1673 0 0 0 0.718768 0.69525
413.800000000 34.0641 43.0697 0 0 0 0.759015 0.651073
415.600000000 34.118 44.0793 0 0 0 0.568278 0.822837
417.100000000 34.7822 44.8444 0 0 0 0.375057 0.927002
418.400000000 35.5071 45.506 0 0 0 0.368274 0.929717
419.800000000 36.2513 46.2412 0 0 0 0.382426 0.923986
421.200000000 36.9892 46.9912 0 0 0 0.38529 0.922795
422.400000000 37.6266 47.6217 0 0 0 0.380295 0.924865
423.700000000 38.3266 48.3095 0 0 0 0.376722 0.926326
425.000000000 39.0303 48.9832 0 0 0 0.367396 0.930064
426.400000000 39.788 49.652 0 0 0 0.353142 0.93557
427.200000000 39.9539 49.61 0 0 0 0.0263915 0.999652
427.800000000 39.9152 49.5043 0 0 0 -0.265717 0.964051
428.300000000 39.8652 49.4489 0 0 0 -0.492909 0.870081
429.000000000 39.7445 49.4018 0 0 0 -0.757849 0.65243
429.700000000 39.7545 49.3939 0 0 0 -0.934761 0.355277
430.300000000 39.6254 49.4746 0 0 0 -0.992795 0.119826
431.200000000 39.2807 49.6273 0 0 0 0.988974 0.148089
432.600000000 38.2142 50.1485 0 0 0 0.959971 0.280101
433.800000000 37.5396 50.72 0 0 0 0.924327 0.3816
435.200000000 36.8084 51.4775 0 0 0 0.919355 0.39343
436.600000000 36.0607 52.2175 0 0 0 0.923278 0.384133
437.800000000 35.437 52.8617 0 0 0 0.923845 0.382767
439.200000000 34.6936 53.6062 0 0 0 0.92382 0.382827
440.400000000 34.0602 54.2406 0 0 0 0.923797 0.382883
441.700000000 33.3668 54.9349 0 0 0 0.923776 0.382932
443.100000000 32.6232 55.6791 0 0 0 0.923782 0.382918
444.400000000 31.9297 56.3633 0 0 0 0.923788 0.382905
451.400000000 31.4685 56.5337 0 0 0 0.996624 0.0820953
452.600000000 30.8138 56.3159 0 0 0 -0.984802 0.17368
454.000000000 29.8909 55.9404 0 0 0 -0.981409 0.191927
455.300000000 29.0213 55.6995 0 0 0 -0.99691 0.0785508
457.700000000 28.0263 55.7195 0 0 0 0.999815 0.0192551
461.400000000 27.0801 55.7635 0 0 0 0.999471 0.032516
465.200000000 26.096 55.8254 0 0 0 0.999755 0.0221176
469.300000000 25.1059 55.8427 0 0 0 0.999989 0.00468622
473.800000000 24.1133 55.8473 0 0 0 0.999998 0.00192372
478.200000000 23.1243 55.8519 0 0 0 0.999998 0.00191874
482.700000000 22.1633 55.8564 0 0 0 0.999998 0.00190925
487.200000000 21.1964 55.8603 0 0 0 0.999998 0.00191086
492.000000000 20.2373 55.8642 0 0 0 0.999998 0.00191279
493.400000000 20.039 55.7689 0 0 0 -0.948903 0.315567
493.900000000 20.0494 55.7612 0 0 0 -0.843535 0.537074
494.600000000 20.1504 55.7639 0 0 0 -0.620158 0.784477
495.800000000 20.6163 55.2248 0 0 0 -0.431353 0.902183
497.300000000 21.4528 54.4632 0 0 0 -0.353413 0.935467
498.900000000 22.123 53.7951 0 0 0 -0.441068 0.897474
500.100000000 22.1737 53.3991 0 0 0 -0.665262 0.74661
501.600000000 22.0631 52.287 0 0 0 -0.760645 0.649168
503.200000000 21.8091 51.5347 0 0 0 -0.926054 0.377391
503.700000000 21.7472 51.6545 0 0 0 -0.989901 0.14176
504.400000000 21.7295 51.7419 0 0 0 0.979319 0.202324
505.000000000 21.8004 51.8388 0 0 0 0.87802 0.478624
505.600000000 21.9123 51.8808 0 0 0 0.700424 0.713727
506.600000000 22.1945 52.2075 0 0 0 0.459519 0.888168
507.900000000 22.8815 52.865 0 0 0 0.33808 0.941117
509.300000000 23.6992 53.4977 0 0 0 0.357631 0.933863
510.700000000 24.4416 54.2458 0 0 0 0.388517 0.921442
512.000000000 25.1244 54.9427 0 0 0 0.382636 0.923899
513.400000000 25.8598 55.6877 0 0 0 0.382461 0.923972
514.700000000 26.5561 56.3721 0 0 0 0.382284 0.924045
516.000000000 27.2448 57.0658 0 0 0 0.379081 0.925364
517.300000000 27.9704 57.6801 0 0 0 0.317503 0.948257
518.700000000 28.8857 58.1715 0 0 0 0.142671 0.98977
520.200000000 29.903 58.2516 0 0 0 -0.0229674 0.999736
521.500000000 30.8485 58.0153 0 0 0 -0.0842024 0.996449
524.500000000 31.7812 57.9452 0 0 0 -0.0297821 0.999556
529.500000000 32.7706 57.9592 0 0 0 0.0156958 0.999877
534.300000000 33.7607 58.0131 0 0 0 0.0269672 0.999636
539.100000000 34.7132 58.037 0 0 0 0.00816028 0.999967
544.000000000 35.6746 58.0437 0 0 0 0.00226956 0.999997
548.700000000 36.6056 58.0483 0 0 0 0.00226973 0.999997
553.500000000 37.5936 58.0528 0 0 0 0.00226979 0.999997
555.000000000 38.6354 58.0579 0 0 0 0.00226984 0.999997
556.400000000 39.6878 58.0629 0 0 0 0.0022699 0.999997
557.700000000 40.6616 58.0676 0 0 0 0.00226996 0.999997
559.100000000 41.7153 58.0722 0 0 0 0.00227002 0.999997
560.400000000 42.6891 58.0769 0 0 0 0.00227008 0.999997
561.700000000 43.6628 58.0815 0 0 0 0.00227014 0.999997
563.000000000 44.6365 58.0862 0 0 0 0.0022702 0.999997
564.300000000 45.6102 58.0599 0 0 0 -0.0151233 0.999886
565.500000000 46.5122 58.0403 0 0 0 -0.0177579 0.999842
566.900000000 47.5647 58.0277 0 0 0 0.00350256 0.999994
568.200000000 48.5384 58.0349 0 0 0 0.00350267 0.999994
569.600000000 49.5921 58.042 0 0 0 0.00350279 0.999994
570.800000000 50.4859 58.0492 0 0 0 0.00350291 0.999994
572.200000000 51.5396 58.0564 0 0 0 0.00350302 0.999994
573.400000000 52.4433 58.0635 0 0 0 0.00350313 0.999994
574.800000000 53.3985 58.0058 0 0 0 -0.101866 0.994798
576.300000000 54.1403 57.5394 0 0 0 -0.366114 0.93057
577.500000000 54.7563 56.88 0 0 0 -0.399523 0.916723
578.900000000 55.4847 56.1307 0 0 0 -0.38129 0.924455
580.200000000 56.144 55.3835 0 0 0 -0.416137 0.909302
581.500000000 56.722 54.5447 0 0 0 -0.470071 0.882629
582.900000000 57.235 53.6888 0 0 0 -0.509267 0.860609
584.200000000 57.6293 52.822 0 0 0 -0.554681 0.832063
585.500000000 57.8846 51.8788 0 0 0 -0.638115 0.769941
587.000000000 57.9282 50.8998 0 0 0 -0.770043 0.637992
588.400000000 57.4863 50.2614 0 0 0 -0.918858 0.394589
589.700000000 56.7058 49.6266 0 0 0 -0.92741 0.374046
591.000000000 56.0396 48.9598 0 0 0 -0.921416 0.388578
592.800000000 55.3858 48.291 0 0 0 -0.922827 0.385214
595.200000000 54.6113 47.5135 0 0 0 -0.920376 0.391035
596.500000000 54.0101 46.763 0 0 0 -0.893761 0.448544
597.800000000 53.6274 45.8532 0 0 0 -0.81369 0.581299
599.400000000 53.4667 44.8587 0 0 0 -0.713951 0.700196
601.800000000 53.5115 43.9052 0 0 0 -0.667021 0.745039
606.300000000 53.6025 42.939 0 0 0 -0.677504 0.735519
610.500000000 53.6473 41.9574 0 0 0 -0.696177 0.717871
612.600000000 53.6122 40.9381 0 0 0 -0.725073 0.688672
614.100000000 53.3494 39.9311 0 0 0 -0.837317 0.546717
616.100000000 52.7201 39.1168 0 0 0 -0.914697 0.40414
617.300000000 52.0411 38.5917 0 0 0 -0.933732 0.357973
618.600000000 51.3495 37.9156 0 0 0 -0.923119 0.384514
620.000000000 50.6245 37.1629 0 0 0 -0.922636 0.385671
621.300000000 49.9364 36.4733 0 0 0 -0.924635 0.380855
622.600000000 49.2396 35.7922 0 0 0 -0.924635 0.380855
623.900000000 48.5469 35.1058 0 0 0 -0.924635 0.380855
625.300000000 47.8002 34.3647 0 0 0 -0.924635 0.380854
626.600000000 47.1134 33.6837 0 0 0 -0.924635 0.380854
627.800000000 46.4766 33.0427 0 0 0 -0.924635 0.380854
629.500000000 46.0643 32.4664 0 0 0 -0.751012 0.660289
630.300000000 46.2397 32.3546 0 0 0 -0.501565 0.86512
631.400000000 46.722 32.0983 0 0 0 -0.238067 0.971249
632.800000000 47.7011 31.8327 0 0 0 -0.0684616 0.997654
634.100000000 48.6824 31.8455 0 0 0 0.0210792 0.999778
635.500000000 49.7306 31.934 0 0 0 0.0459215 0.998945
636.700000000 50.6239 31.9971 0 0 0 0.00856382 0.999963
638.000000000 51.591 31.9319 0 0 0 -0.0655559 0.997849
639.300000000 52.4898 31.5979 0 0 0 -0.235638 0.971841
640.700000000 53.2876 30.8555 0 0 0 -0.389935 0.920843
641.900000000 53.9138 30.1956 0 0 0 -0.396488 0.91804
643.300000000 54.6353 29.4594 0 0 0 -0.379392 0.925236
644.500000000 55.2871 28.8235 0 0 0 -0.381721 0.924278
645.800000000 55.9799 28.1385 0 0 0 -0.38315 0.923686
647.200000000 56.7231 27.3939 0 0 0 -0.38315 0.923686
648.400000000 57.3384 26.7332 0 0 0 -0.420155 0.907452
649.800000000 57.8464 25.8417 0 0 0 -0.559165 0.829057
651.200000000 58.0153 24.9286 0 0 0 -0.676764 0.7362
653.200000000 57.8749 23.9741 0 0 0 -0.846205 0.532857
654.600000000 57.2259 23.2513 0 0 0 -0.926042 0.377419
656.000000000 56.4637 22.5263 0 0 0 -0.925892 0.377788
657.200000000 55.8123 21.911 0 0 0 -0.93607 0.351815
658.600000000 54.936 21.3449 0 0 0 -0.975886 0.218281
660.200000000 53.9236 21.1817 0 0 0 -0.998296 0.0583559
663.100000000 53.0827 21.175 0 0 0 0.999729 0.0233007
668.100000000 52.0948 21.2487 0 0 0 0.999243 0.0388915
671.900000000 51.1071 21.074 0 0 0 -0.964762 0.263125
673.500000000 50.365 20.3971 0 0 0 -0.923864 0.38272
677.100000000 49.7128 19.7464 0 0 0 -0.922879 0.38509
681.300000000 49.0167 19.0326 0 0 0 -0.922879 0.38509
685.600000000 48.3415 18.3499 0 0 0 -0.922879 0.38509
689.300000000 47.6859 17.5665 0 0 0 -0.872228 0.4891
690.600000000 47.5318 16.8167 0 0 0 -0.713471 0.700685
692.000000000 47.7728 15.8841 0 0 0 -0.561235 0.827657
693.400000000 48.1926 14.8794 0 0 0 -0.61678 0.787136
694.700000000 48.1234 13.92 0 0 0 -0.718001 0.696042
695.800000000 47.9418 13.4302 0 0 0 -0.877517 0.479545
697.200000000 47.2194 12.6923 0 0 0 -0.930036 0.367469
698.500000000 46.5259 12.0073 0 0 0 -0.924301 0.381664
699.700000000 45.8872 11.367 0 0 0 -0.923217 0.384279
701.400000000 45.4045 10.6821 0 0 0 -0.739692 0.672945
702.000000000 45.5795 10.658 0 0 0 -0.54458 0.838709
703.600000000 46.324 9.94447 0 0 0 -0.340851 0.940117
704.900000000 47.0818 9.34774 0 0 0 -0.289151 0.957283
706.300000000 48.046 8.92912 0 0 0 -0.164864 0.986316
707.700000000 49.0607 8.82223 0 0 0 0.00997006 0.99995
709.000000000 50.0688 8.95363 0 0 0 0.0750822 0.997177
710.400000000 51.0837 9.06863 0 0 0 0.0277938 0.999614
711.700000000 52.0867 9.0774 0 0 0 -0.0140349 0.999902
712.900000000 52.959 9.02888 0 0 0 -0.0191484 0.999817
714.300000000 54.0126 9.01721 0 0 0 0.00192909 0.999998
715.600000000 54.9862 9.02103 0 0 0 0.00196951 0.999998
716.800000000 55.8896 9.02494 0 0 0 0.00201107 0.999998
718.400000000 56.8908 8.83749 0 0 0 -0.194444 0.980914
719.900000000 57.6387 8.17044 0 0 0 -0.406464 0.913667
721.200000000 58.1901 7.36513 0 0 0 -0.499229 0.86647
722.400000000 58.5524 6.53598 0 0 0 -0.574263 0.818671
723.800000000 58.7652 5.52919 0 0 0 -0.636866 0.770975
725.100000000 58.907 4.55533 0 0 0 -0.664919 0.746915
726.400000000 59.2424 3.66117 0 0 0 -0.523174 0.852226
727.500000000 59.5455 3.42258 0 0 0 -0.206465 0.978454
728.100000000 59.5787 3.53494 0 0 0 0.0828206 0.996564
728.600000000 59.5546 3.62703 0 0 0 0.319288 0.947658
729.300000000 59.4489 3.70106 0 0 0 0.624994 0.780629
730.000000000 59.3255 3.68257 0 0 0 0.855371 0.518015
730.500000000 59.2525 3.61902 0 0 0 0.956698 0.291084
731.200000000 59.1109 3.52695 0 0 0 0.999994 0.00336873
732.000000000 58.9123 3.33994 0 0 0 -0.961942 0.273254
733.500000000 58.1813 2.59034 0 0 0 -0.914528 0.404523
734.800000000 57.533 1.86432 0 0 0 -0.914153 0.40537
736.200000000 56.7893 1.12146 0 0 0 -0.925748 0.37814
737.500000000 56.1018 0.432125 0 0 0 -0.923985 0.382429
738.800000000 55.4128 -0.255808 0 0 0 -0.922798 0.385284
740.000000000 54.7012 -0.805535 0 0 0 -0.958718 0.28436
741.300000000 54.0055 -1.03089 0 0 0 -0.999772 0.0213612
742.300000000 53.6418 -0.79329 0 0 0 0.963564 0.267479
743.800000000 52.921 -0.0390389 0 0 0 0.913445 0.406962
745.600000000 52.1233 0.553094 0 0 0 0.965975 0.258635
747.000000000 51.3582 0.717207 0 0 0 -0.99846 0.0554731
748.000000000 50.9626 0.414979 0 0 0 -0.953852 0.300278
749.400000000 50.2233 -0.316346 0 0 0 -0.918745 0.394851
750.700000000 49.5037 -0.989009 0 0 0 -0.942325 0.334698
752.100000000 48.605 -1.37619 0 0 0 -0.990348 0.138602
753.600000000 47.6673 -1.45354 0 0 0 -0.999867 0.0163112
756.400000000 46.6865 -1.41768 0 0 0 0.999706 0.0242322
760.600000000 45.6923 -1.38092 0 0 0 0.999875 0.0157902
764.600000000 44.7415 -1.36952 0 0 0 0.999995 0.00328195
768.300000000 43.7801 -1.36479 0 0 0 0.999997 0.00245388
772.800000000 42.8257 -1.35988 0 0 0 0.999997 0.00243808
777.000000000 41.8773 -1.35488 0 0 0 0.999997 0.00242303
780.600000000 40.8775 -1.35876 0 0 0 -0.999953 0.00970248
782.100000000 39.7738 -1.56707 0 0 0 -0.988882 0.148703
783.400000000 39.3075 -1.92912 0 0 0 -0.891453 0.453114
784.100000000 39.3507 -2.03378 0 0 0 -0.714507 0.699628
784.800000000 39.4801 -2.06769 0 0 0 -0.461479 0.887151
785.400000000 39.5487 -1.97538 0 0 0 -0.179286 0.983797
786.100000000 39.556 -1.84696 0 0 0 0.169657 0.985503
786.700000000 39.4822 -1.77469 0 0 0 0.453584 0.891213
787.300000000 39.4752 -1.68065 0 0 0 0.671838 0.740698
787.900000000 39.3698 -1.56832 0 0 0 0.833328 0.552779
789.500000000 38.5785 -0.810133 0 0 0 0.931218 0.364463
790.900000000 37.8666 -0.101874 0 0 0 0.945125 0.32671
793.900000000 37.1991 0.446322 0 0 0 0.929227 0.369508
798.200000000 36.5145 1.10639 0 0 0 0.925215 0.379444
802.700000000 35.8228 1.79158 0 0 0 0.92483 0.38038
807.200000000 35.1406 2.4886 0 0 0 0.923888 0.382663
811.000000000 34.4426 3.20263 0 0 0 0.883975 0.467535
812.400000000 34.0576 4.09025 0 0 0 0.80465 0.593749
814.900000000 33.9552 5.05357 0 0 0 0.753172 0.657823
816.000000000 33.6254 5.6646 0 0 0 0.890717 0.454558
817.600000000 32.9038 6.36317 0 0 0 0.930111 0.367278
821.200000000 32.2067 7.09306 0 0 0 0.888014 0.459816
821.900000000 32.1999 7.09664 0 0 0 0.688524 0.725213
822.800000000 32.5407 7.37948 0 0 0 0.466675 0.884429
824.200000000 33.2735 8.1107 0 0 0 0.366788 0.930305
825.400000000 33.9106 8.73011 0 0 0 0.38355 0.92352
832.800000000 34.636 9.49145 0 0 0 0.391781 0.920058
834.100000000 35.3249 10.1898 0 0 0 0.377934 0.925832
835.400000000 36.0227 10.8793 0 0 0 0.382244 0.924061
836.700000000 36.712 11.547 0 0 0 0.385117 0.922868
838.000000000 37.4157 12.229 0 0 0 0.36992 0.929064
839.200000000 38.0823 12.9027 0 0 0 0.33089 0.943669
840.900000000 38.9062 13.4062 0 0 0 0.293465 0.95597
843.200000000 39.801 13.9223 0 0 0 0.166318 0.986072
844.600000000 40.8413 14.0425 0 0 0 0.0262254 0.999656
846.100000000 41.8208 14.323 0 0 0 0.223971 0.974596
847.500000000 42.6662 15.0061 0 0 0 0.371022 0.928624
849.100000000 43.3622 15.7404 0 0 0 0.394948 0.918703
852.400000000 44.0272 16.4253 0 0 0 0.384698 0.923043
856.700000000 44.7293 17.1214 0 0 0 0.384729 0.92303
859.900000000 45.3852 17.7828 0 0 0 0.384767 0.923014
861.800000000 46.1719 18.5096 0 0 0 0.347477 0.937688
863.200000000 47.0148 19.0851 0 0 0 0.238099 0.971241
864.700000000 48.0833 19.3259 0 0 0 0.0460683 0.998938
866.100000000 49.1242 19.4194 0 0 0 0.0644736 0.997919
867.200000000 49.5701 19.5792 0 0 0 0.322473 0.946579
867.800000000 49.4842 19.6456 0 0 0 0.587838 0.808979
868.400000000 49.3812 19.6451 0 0 0 0.800678 0.599095
869.000000000 49.2916 19.5891 0 0 0 0.941953 0.335745
869.600000000 49.2571 19.4896 0 0 0 0.9991 0.0424252
870.300000000 49.2623 19.3741 0 0 0 -0.952893 0.303307
870.900000000 49.3189 19.2341 0 0 0 -0.839598 0.543208
872.400000000 48.8822 18.2303 0 0 0 -0.846494 0.532399
873.600000000 48.5808 17.8864 0 0 0 -0.966804 0.255518
874.500000000 48.361 18.0692 0 0 0 0.999835 0.0181476
875.800000000 48.0381 18.2444 0 0 0 0.957221 0.289356
877.000000000 47.8731 18.5437 0 0 0 0.836937 0.547298
877.600000000 47.9494 18.5673 0 0 0 0.643966 0.765054
878.300000000 48.0471 18.5418 0 0 0 0.352953 0.935641
878.800000000 48.1399 18.4369 0 0 0 0.12403 0.992278
879.400000000 48.1346 18.3396 0 0 0 -0.171799 0.985132
880.100000000 48.0565 18.2285 0 0 0 -0.493014 0.870021
880.800000000 47.9485 18.1352 0 0 0 -0.73716 0.675718
882.300000000 47.5793 17.1241 0 0 0 -0.865188 0.501448
884.300000000 47.1522 16.2845 0 0 0 -0.790422 0.612563
885.500000000 47.2264 15.8925 0 0 0 -0.598147 0.801386
886.500000000 47.4344 15.7161 0 0 0 -0.33321 0.942852
887.700000000 47.8447 15.676 0 0 0 -0.0753302 0.997159
888.900000000 48.1636 15.7966 0 0 0 0.228882 0.973454
889.500000000 48.083 15.8548 0 0 0 0.506336 0.862336
890.300000000 47.9805 16.0554 0 0 0 0.749787 0.661679
891.400000000 47.6448 16.4499 0 0 0 0.907693 0.419636
892.700000000 46.9285 17.0986 0 0 0 0.931758 0.363079
894.200000000 46.2308 17.7735 0 0 0 0.92437 0.381498
897.400000000 45.5687 18.4671 0 0 0 0.922943 0.384936
902.100000000 44.8931 19.1396 0 0 0 0.922943 0.384935
906.900000000 44.2114 19.8283 0 0 0 0.922944 0.384935
911.700000000 43.5356 20.5028 0 0 0 0.929911 0.367784
916.600000000 42.7579 21.0594 0 0 0 0.963614 0.267298
921.500000000 41.8591 21.3833 0 0 0 0.991795 0.127838
926.500000000 40.8973 21.4696 0 0 0 0.999679 0.0253364
931.200000000 39.9565 21.4491 0 0 0 -0.999846 0.0175536
935.800000000 38.9791 21.3917 0 0 0 -0.999542 0.0302517
940.300000000 38.0043 21.3478 0 0 0 -0.999799 0.0200587
945.200000000 37.0268 21.328 0 0 0 -0.999975 0.00704409
950.200000000 36.0496 21.3228 0 0 0 -0.999998 0.00184705
955.200000000 35.0628 21.319 0 0 0 -0.999998 0.0018471
960.100000000 34.1013 21.3153 0 0 0 -0.999998 0.00184716
965.000000000 33.1336 21.3115 0 0 0 -0.999998 0.00184721
970.000000000 32.1433 21.3077 0 0 0 -0.999998 0.00184727
974.800000000 31.1806 21.304 0 0 0 -0.999998 0.00184733
979.700000000 30.2094 21.3001 0 0 0 -0.999998 0.00184739
984.600000000 29.2426 21.2964 0 0 0 -0.999998 0.00184742
989.500000000 28.2664 21.2927 0 0 0 -0.999998 0.00184742
991.700000000 27.515 21.5209 0 0 0 0.965949 0.258732
993.100000000 26.7863 22.2132 0 0 0 0.920252 0.391327
995.200000000 26.0881 22.932 0 0 0 0.921502 0.388373
1006.000000000 25.4008 23.6298 0 0 0 0.92246 0.386092
1010.900000000 24.7047 24.3365 0 0 0 0.92246 0.386092
1015.500000000 24.0309 25.0208 0 0 0 0.92246 0.386092
1020.000000000 23.3448 25.7075 0 0 0 0.92246 0.386092
1024.500000000 22.6824 26.3805 0 0 0 0.92246 0.386092
1029.300000000 22.0129 27.1154 0 0 0 0.910144 0.414293
1031.500000000 21.4557 27.9702 0 0 0 0.853641 0.520863
1033.100000000 21.1737 28.9555 0 0 0 0.763469 0.645844
1036.000000000 21.1795 29.924 0 0 0 0.686273 0.727344
1040.400000000 21.2727 30.8967 0 0 0 0.669883 0.742467
1045.000000000 21.3387 31.8465 0 0 0 0.686354 0.727268
1049.800000000 21.3726 32.816 0 0 0 0.701812 0.712363
1054.500000000 21.4982 33.7293 0 0 0 0.490367 0.871516
1055.200000000 21.503 33.735 0 0 0 0.184988 0.982741
1055.800000000 21.4973 33.73 0 0 0 -0.0948694 0.99549
1057.300000000 22.5378 33.2598 0 0 0 -0.178823 0.983881
1059.000000000 23.3686 33.1525 0 0 0 0.0421223 0.999112
1060.600000000 24.3455 33.5747 0 0 0 0.244008 0.969773
1062.200000000 25.1746 34.0711 0 0 0 0.248968 0.968512
1063.300000000 25.3381 34.0074 0 0 0 -0.0613155 0.998118
1065.200000000 26.2882 33.397 0 0 0 -0.272908 0.96204
1067.000000000 27.226 33.1533 0 0 0 0.0308756 0.999523
1068.000000000 27.3549 33.3406 0 0 0 0.299391 0.954131
1068.800000000 27.3382 33.3677 0 0 0 0.529742 0.848159
1069.800000000 27.2631 33.4409 0 0 0 0.789813 0.613347
1070.300000000 27.2524 33.4391 0 0 0 0.918148 0.396238
1071.000000000 27.0742 33.2852 0 0 0 0.996723 0.0808903
1071.600000000 27.0323 33.2937 0 0 0 -0.987397 0.158265
1073.300000000 26.2911 32.5169 0 0 0 -0.914692 0.404151
1074.600000000 25.638 31.8155 0 0 0 -0.920463 0.39083
1076.600000000 24.9593 31.1316 0 0 0 -0.925834 0.37793
1080.600000000 24.2808 30.4821 0 0 0 -0.925061 0.37982
1084.700000000 23.6049 29.805 0 0 0 -0.925061 0.37982
1089.100000000 22.919 29.1381 0 0 0 -0.92506 0.37982
1093.600000000 22.2194 28.4473 0 0 0 -0.92506 0.37982
1098.100000000 21.5498 27.7667 0 0 0 -0.92506 0.37982
1102.500000000 20.8638 27.0996 0 0 0 -0.92506 0.37982
1107.100000000 20.1767 26.4212 0 0 0 -0.92506 0.37982
1111.700000000 19.4808 25.7341 0 0 0 -0.92506 0.37982
1115.800000000 18.8099 25.0721 0 0 0 -0.92506 0.37982
1120.300000000 18.1114 24.3825 0 0 0 -0.92506 0.37982
1124.900000000 17.4343 23.7042 0 0 0 -0.92506 0.379821
1129.400000000 16.7597 23.0385 0 0 0 -0.92506 0.379821
1134.100000000 16.0588 22.3465 0 0 0 -0.92506 0.379821
1138.800000000 15.3742 21.6709 0 0 0 -0.92506 0.379821
1141.600000000 14.6422 20.9583 0 0 0 -0.92506 0.379821
1143.000000000 13.8938 20.2189 0 0 0 -0.92506 0.379821
1144.300000000 13.2054 19.5295 0 0 0 -0.92506 0.379822
1145.600000000 12.5071 18.8501 0 0 0 -0.92506 0.379822
1146.800000000 11.8687 18.2107 0 0 0 -0.92506 0.379822
1148.300000000 11.1533 17.4483 0 0 0 -0.920603 0.390501
1150.100000000 10.5903 16.5808 0 0 0 -0.847283 0.531141
1151.400000000 10.3543 15.6577 0 0 0 -0.748708 0.6629
1152.700000000 10.5067 14.6802 0 0 0 -0.661882 0.749608
1154.100000000 10.7998 13.7022 0 0 0 -0.541379 0.840779
1155.500000000 11.4403 12.9379 0 0 0 -0.394464 0.918911
1156.900000000 12.1859 12.2057 0 0 0 -0.375411 0.926859
1158.200000000 12.8823 11.5243 0 0 0 -0.381852 0.924223
1159.500000000 13.5775 10.8317 0 0 0 -0.381852 0.924223
1160.800000000 14.2627 10.1391 0 0 0 -0.381852 0.924223
1162.100000000 14.9102 9.51173 0 0 0 -0.363057 0.931767
1163.700000000 15.7866 9.01177 0 0 0 -0.196152 0.980574
1165.300000000 16.7058 8.90682 0 0 0 -0.0228389 0.999739
1167.200000000 17.6832 8.47664 0 0 0 -0.304222 0.952601
1168.600000000 18.3988 7.75185 0 0 0 -0.39328 0.919419
1169.900000000 19.1055 7.07285 0 0 0 -0.388001 0.921659
1171.100000000 19.7329 6.42928 0 0 0 -0.37865 0.92554
1172.500000000 20.4869 5.70319 0 0 0 -0.380928 0.924605
1173.700000000 21.1304 5.05743 0 0 0 -0.381403 0.924409
1175.100000000 21.7464 4.22951 0 0 0 -0.503016 0.864277
1176.500000000 21.9873 3.26235 0 0 0 -0.666055 0.745902
1177.900000000 21.9902 2.30637 0 0 0 -0.698871 0.715248
1178.900000000 22.1418 1.90192 0 0 0 -0.482547 0.87587
1180.300000000 22.8704 1.18108 0 0 0 -0.360525 0.93275
1181.600000000 23.5777 0.513515 0 0 0 -0.376944 0.926236
1182.800000000 24.2108 -0.130016 0 0 0 -0.387111 0.922033
1190.200000000 24.9503 -0.753016 0 0 0 -0.216588 0.976263
1190.800000000 25.0444 -0.680198 0 0 0 0.0442359 0.999021
1191.800000000 25.4441 -0.418987 0 0 0 0.301502 0.953466
1193.100000000 26.1589 0.188469 0 0 0 0.363026 0.931779
1194.700000000 27.0945 0.675705 0 0 0 0.136901 0.990585
1196.000000000 28.0039 0.670177 0 0 0 -0.0458437 0.998949
1197.600000000 29.0132 0.537776 0 0 0 -0.0622619 0.99806
1200.800000000 29.9126 0.484363 0 0 0 -0.0180125 0.999838
1205.300000000 30.8771 0.471407 0 0 0 -0.0046556 0.999989
1210.100000000 31.849 0.46948 0 0 0 -0.000836166 1
1215.100000000 32.8524 0.467833 0 0 0 -0.000839994 1
1219.700000000 33.8209 0.46618 0 0 0 -0.000841515 1
1224.700000000 34.8041 0.46452 0 0 0 -0.000843344 1
1229.100000000 35.7439 0.462857 0 0 0 -0.000845458 1
1234.100000000 36.7354 0.461183 0 0 0 -0.000847872 1
1237.600000000 37.4099 0.551577 0 0 0 0.301608 0.953432
1237.900000000 37.4248 0.551582 0 0 0 0.434929 0.900465
1238.800000000 37.191 0.687934 0 0 0 0.746764 0.665089
1239.600000000 37.0451 0.842805 0 0 0 0.895423 0.445216
1240.500000000 36.7344 0.948341 0 0 0 0.985404 0.170233
1242.700000000 35.7181 1.13046 0 0 0 0.983306 0.18196
1243.500000000 35.5603 1.41566 0 0 0 0.904797 0.425843
1244.500000000 35.5609 1.71443 0 0 0 0.729629 0.683843
1246.200000000 35.7015 2.65866 0 0 0 0.724927 0.688825
1247.400000000 35.4965 2.89488 0 0 0 0.910014 0.414577
1248.000000000 35.477 2.8927 0 0 0 0.982541 0.186044
1248.800000000 35.4472 2.7834 0 0 0 -0.991563 0.129627
1250.800000000 34.5554 2.39898 0 0 0 -0.999631 0.0271509
1251.500000000 34.4806 2.4166 0 0 0 0.973166 0.230105
1252.300000000 34.4495 2.62296 0 0 0 0.858478 0.512851
1253.000000000 34.4863 2.62635 0 0 0 0.695858 0.71818
1254.400000000 34.5936 3.76044 0 0 0 0.684526 0.728988
1255.900000000 34.4848 4.23997 0 0 0 0.894524 0.44702
1256.500000000 34.4154 4.15519 0 0 0 0.986673 0.162718
1257.300000000 34.233 4.05381 0 0 0 -0.98897 0.148116
1258.500000000 33.7165 3.59344 0 0 0 -0.923408 0.383819
1259.800000000 33.0665 2.88942 0 0 0 -0.91762 0.397459
1261.200000000 32.3009 2.15599 0 0 0 -0.926603 0.37604
1262.500000000 31.6171 1.46218 0 0 0 -0.922778 0.385333
1263.900000000 30.8804 0.720959 0 0 0 -0.921883 0.387468
1265.200000000 30.1788 0.0342817 0 0 0 -0.928059 0.372434
1266.500000000 29.4512 -0.612677 0 0 0 -0.937561 0.347822
1267.700000000 28.7617 -1.20464 0 0 0 -0.941182 0.337901
1269.100000000 27.9051 -1.78699 0 0 0 -0.968725 0.248135
1270.500000000 26.9183 -2.04952 0 0 0 -0.997725 0.0674117
1271.900000000 26.0692 -2.05831 0 0 0 0.999712 0.0240015
1275.700000000 25.0522 -1.89595 0 0 0 0.998743 0.0501321
1285.400000000 24.0951 -1.6889 0 0 0 0.984707 0.17422
1286.800000000 23.2323 -1.10924 0 0 0 0.926965 0.375148
1288.100000000 22.5541 -0.480436 0 0 0 0.930367 0.36663
1289.400000000 21.7287 -0.0075391 0 0 0 0.976815 0.214086
1291.100000000 20.6975 0.205436 0 0 0 0.999477 0.0323369
1293.700000000 19.791 0.21246 0 0 0 -0.999226 0.0393472
1298.300000000 18.8176 0.0997339 0 0 0 -0.998293 0.0584007
1301.200000000 17.7695 -2.98771e-05 0 0 0 -0.999243 0.0388982
1302.600000000 16.7209 -0.0687666 0 0 0 -0.999606 0.0280651
1304.000000000 15.6703 -0.0395514 0 0 0 0.999464 0.0327268
1305.300000000 14.6996 0.0274959 0 0 0 0.999768 0.0215219
1306.600000000 13.7265 0.0258707 0 0 0 -0.999996 0.0028108
1308.000000000 12.6737 0.0185235 0 0 0 -0.999994 0.00349358
1309.300000000 11.7806 0.0113605 0 0 0 -0.999994 0.00342713
1310.600000000 10.7266 0.00365409 0 0 0 -0.999994 0.0033928
1311.900000000 9.75278 -0.0039599 0 0 0 -0.999994 0.00335302
1313.100000000 8.84879 -0.011626 0 0 0 -0.999995 0.00330838
1314.500000000 7.79615 -0.0195908 0 0 0 -0.999995 0.00325802
1315.800000000 6.82224 -0.0269325 0 0 0 -0.999995 0.00320255
1317.200000000 5.77808 -0.0343492 0 0 0 -0.999995 0.003296
1318.400000000 4.87414 -0.0414715 0 0 0 -0.999994 0.00345736
1319.700000000 3.89989 -0.0490177 0 0 0 -0.999994 0.00359857
1321.000000000 2.92666 -0.0486961 0 0 0 0.999974 0.00722357
1322.400000000 1.87742 0.0570929 0 0 0 0.998316 0.0580143
1323.700000000 0.90605 0.156843 0 0 0 0.999974 0.00725814
1325.300000000 -0.0250594 -0.00890455 0 0 0 -0.992085 0.125572
1327.000000000 -0.374835 -0.307338 0 0 0 -0.894726 0.446616
1327.600000000 -0.256017 -0.346607 0 0 0 -0.722534 0.691335
1328.100000000 -0.137584 -0.318615 0 0 0 -0.529686 0.848194
1328.800000000 -0.0522634 -0.219861 0 0 0 -0.206106 0.97853
1329.800000000 0.489086 -0.171375 0 0 0 0.0233343 0.999728
1331.500000000 1.46097 0.0710497 0 0 0 0.114408 0.993434
1333.300000000 2.0154 0.0282276 0 0 0 -0.229713 0.973258
1333.800000000 1.9372 -0.0743351 0 0 0 -0.458464 0.888713
1334.500000000 1.82865 -0.121233 0 0 0 -0.732493 0.680775
1335.100000000 1.6854 -0.151411 0 0 0 -0.884087 0.467322
1336.100000000 1.2915 -0.343283 0 0 0 -0.978973 0.203988
1337.500000000 0.603443 -0.27068 0 0 0 0.999247 0.0387924
1339.500000000 -0.190884 0.0199922 0 0 0 0.935615 0.353021
1340.200000000 -0.088544 0.0679746 0 0 0 0.78949 0.613763
1341.000000000 0.0838451 0.0675455 0 0 0 0.539521 0.841972
1341.700000000 0.174378 0.053262 0 0 0 0.283346 0.959018
1342.400000000 0.287395 -0.0123388 0 0 0 0.00354567 0.999994
1343.000000000 0.361809 -0.105801 0 0 0 -0.224795 0.974406
1344.500000000 1.27553 -0.665992 0 0 0 -0.266283 0.963895
1345.600000000 1.56785 -0.709027 0 0 0 0.025915 0.999664
1346.400000000 1.5435 -0.62016 0 0 0 0.361759 0.932272
1347.100000000 1.47118 -0.536363 0 0 0 0.618328 0.78592
1347.800000000 1.30786 -0.370249 0 0 0 0.811707 0.584064
1348.600000000 1.12749 -0.334793 0 0 0 0.954932 0.296824
1350.100000000 0.145234 0.062037 0 0 0 0.985766 0.168124
1351.700000000 -0.59453 0.14782 0 0 0 -0.985396 0.170281
1352.400000000 -0.513652 0.0448274 0 0 0 -0.877388 0.479781
1353.100000000 -0.379158 0.0123892 0 0 0 -0.663958 0.747769
1353.800000000 -0.234879 0.0872018 0 0 0 -0.368999 0.92943
1354.400000000 -0.198834 0.187557 0 0 0 -0.0763277 0.997083
1355.100000000 -0.0902385 0.363497 0 0 0 0.208081 0.978112
1356.500000000 0.89874 0.609371 0 0 0 0.065365 0.997861
1357.400000000 1.06463 0.515874 0 0 0 -0.221902 0.975069
1358.100000000 1.00219 0.427167 0 0 0 -0.485244 0.874379
1358.800000000 0.887576 0.330494 0 0 0 -0.692583 0.721338
1360.200000000 0.661269 -0.325956 0 0 0 -0.851398 0.52452
1361.300000000 0.449809 -0.464713 0 0 0 -0.96288 0.26993
1361.900000000 0.414851 -0.392201 0 0 0 -0.997841 0.0656715
1363.000000000 0.400362 -0.238036 0 0 0 0.956023 0.293292
