0.300000000 0.2 0 0 0 0 0 1
9.200000000 0.988231 -0.123177 0 0 0 -0.343475 0.939162
9.800000000 0.888021 -0.186582 0 0 0 -0.605673 0.795714
10.400000000 0.769513 -0.182853 0 0 0 -0.813769 0.581188
11.000000000 0.673769 -0.112889 0 0 0 -0.949175 0.314748
11.600000000 0.634039 -0.0011702 0 0 0 -0.999796 0.0201931
12.200000000 0.665807 0.119887 0 0 0 0.961279 0.275576
12.900000000 0.775628 0.197257 0 0 0 0.808133 0.589
13.500000000 0.884456 0.197736 0 0 0 0.59798 0.801511
14.100000000 0.983416 0.131672 0 0 0 0.334408 0.942428
14.700000000 1.02813 0.0120047 0 0 0 0.0415803 0.999135
15.400000000 1.00267 -0.0938831 0 0 0 -0.255543 0.966798
18.600000000 1.20095 -0.0488767 0 0 0 0.0870804 0.996201
19.300000000 1.16756 0.0556835 0 0 0 0.423952 0.905685
19.900000000 1.02619 0.156948 0 0 0 0.653272 0.757123
20.600000000 0.930692 0.24299 0 0 0 0.845543 0.533907
22.100000000 0.212155 0.966796 0 0 0 0.930868 0.365354
23.400000000 -0.492561 1.65271 0 0 0 0.922166 0.386795
24.600000000 -1.07194 2.33369 0 0 0 0.897557 0.440898
26.000000000 -1.63615 3.21559 0 0 0 0.869724 0.493538
27.200000000 -2.04328 4.02658 0 0 0 0.837271 0.546788
28.500000000 -2.4141 4.93297 0 0 0 0.839878 0.542775
29.900000000 -2.84413 5.85424 0 0 0 0.823993 0.5666
31.400000000 -2.99258 6.6745 0 0 0 0.617295 0.786732
32.100000000 -2.94697 6.62421 0 0 0 0.319235 0.947676
32.700000000 -2.89639 6.50824 0 0 0 0.0295776 0.999562
33.300000000 -2.91423 6.40246 0 0 0 -0.262651 0.964891
33.900000000 -2.90382 6.32628 0 0 0 -0.532137 0.846658
34.500000000 -2.99791 6.29901 0 0 0 -0.755539 0.655104
35.400000000 -3.24029 5.96508 0 0 0 -0.89298 0.450096
36.300000000 -3.4624 5.90823 0 0 0 -0.990435 0.137981
36.900000000 -3.48069 6.00535 0 0 0 0.987438 0.158006
37.400000000 -3.42543 6.09603 0 0 0 0.919728 0.392555
38.100000000 -3.32524 6.15832 0 0 0 0.73214 0.681154
38.600000000 -3.26539 6.12299 0 0 0 0.542508 0.84005
40.200000000 -2.49381 6.83478 0 0 0 0.353477 0.935443
41.500000000 -1.73633 7.50544 0 0 0 0.378271 0.925695
42.900000000 -1.44063 8.14536 0 0 0 0.643752 0.765234
44.200000000 -1.66744 8.86669 0 0 0 0.827584 0.561342
45.500000000 -2.07294 9.74412 0 0 0 0.830872 0.556463
46.800000000 -2.27351 10.6745 0 0 0 0.756171 0.654375
48.500000000 -2.30518 11.6164 0 0 0 0.701429 0.712739
52.000000000 -2.26116 12.5513 0 0 0 0.687123 0.726541
56.300000000 -2.20662 13.489 0 0 0 0.683697 0.729766
60.400000000 -2.17474 14.4853 0 0 0 0.700148 0.713997
63.900000000 -2.15692 15.4536 0 0 0 0.705553 0.708657
65.800000000 -2.24532 16.5293 0 0 0 0.734118 0.679022
67.200000000 -2.59481 17.3964 0 0 0 0.867329 0.497734
68.600000000 -3.27996 18.1687 0 0 0 0.927268 0.374397
70.000000000 -4.04236 18.8617 0 0 0 0.942752 0.333495
70.700000000 -4.1359 18.7894 0 0 0 0.999726 0.0234171
71.400000000 -4.09626 18.6549 0 0 0 -0.947498 0.319763
71.900000000 -4.01999 18.5962 0 0 0 -0.837343 0.546678
72.600000000 -3.88239 18.5827 0 0 0 -0.598616 0.801036
73.200000000 -3.7833 18.6481 0 0 0 -0.335143 0.942167
73.800000000 -3.78706 18.7317 0 0 0 -0.0763291 0.997083
74.500000000 -3.6344 18.8432 0 0 0 0.190107 0.981763
75.600000000 -3.01825 19.2999 0 0 0 0.406521 0.913641
77.000000000 -2.50783 20.1434 0 0 0 0.489886 0.871786
78.300000000 -2.14015 21.017 0 0 0 0.592589 0.805505
80.000000000 -2.03108 21.9974 0 0 0 0.694975 0.719034
81.200000000 -2.07948 22.909 0 0 0 0.741716 0.670714
82.600000000 -2.18625 23.9439 0 0 0 0.736047 0.67693
84.500000000 -2.22131 24.8497 0 0 0 0.712113 0.702064
87.900000000 -2.21783 25.8399 0 0 0 0.7006 0.713554
92.200000000 -2.20911 26.7984 0 0 0 0.705079 0.709128
94.700000000 -2.22562 27.8475 0 0 0 0.727869 0.685716
96.000000000 -2.25311 28.8247 0 0 0 0.760852 0.648926
97.300000000 -2.57322 29.7613 0 0 0 0.83131 0.555809
98.500000000 -2.85149 30.6067 0 0 0 0.793165 0.609007
99.900000000 -2.96848 31.5944 0 0 0 0.722611 0.691255
100.700000000 -2.9054 31.6818 0 0 0 0.465074 0.885272
101.200000000 -2.86484 31.6163 0 0 0 0.235011 0.971993
101.900000000 -2.83434 31.543 0 0 0 -0.108532 0.994093
102.500000000 -2.85319 31.4064 0 0 0 -0.391595 0.920138
103.000000000 -2.91285 31.3648 0 0 0 -0.604276 0.796775
103.600000000 -2.98985 31.3479 0 0 0 -0.811062 0.58496
104.900000000 -3.52674 30.8315 0 0 0 -0.935619 0.353011
106.600000000 -4.30746 30.3924 0 0 0 -0.999206 0.0398434
107.200000000 -4.29179 30.5086 0 0 0 0.967534 0.25274
107.900000000 -4.19664 30.5959 0 0 0 0.825279 0.564725
108.600000000 -4.06031 30.6138 0 0 0 0.596149 0.802874
109.700000000 -3.73542 31.0968 0 0 0 0.384553 0.923103
110.900000000 -2.98121 31.7111 0 0 0 0.350501 0.936562
112.200000000 -2.31154 32.4018 0 0 0 0.428133 0.903716
113.600000000 -1.90811 33.3025 0 0 0 0.605544 0.795811
115.000000000 -1.90646 34.2988 0 0 0 0.739122 0.673571
116.400000000 -2.04642 35.3295 0 0 0 0.743209 0.669059
118.400000000 -2.08374 36.348 0 0 0 0.712816 0.701352
121.600000000 -2.08899 37.3135 0 0 0 0.708362 0.70585
125.800000000 -2.09273 38.27 0 0 0 0.708353 0.705859
127.500000000 -2.0964 39.2011 0 0 0 0.708344 0.705867
128.900000000 -2.11888 40.2328 0 0 0 0.725924 0.687775
130.300000000 -2.31194 41.2173 0 0 0 0.833087 0.553142
131.300000000 -2.59469 41.4507 0 0 0 0.962993 0.269526
132.000000000 -2.67354 41.338 0 0 0 -0.998658 0.0517944
132.600000000 -2.62697 41.2294 0 0 0 -0.939335 0.343001
133.300000000 -2.52745 41.1459 0 0 0 -0.766607 0.642117
133.900000000 -2.43012 41.1705 0 0 0 -0.542589 0.839998
134.500000000 -2.35155 41.2691 0 0 0 -0.268424 0.963301
135.000000000 -2.34242 41.2855 0 0 0 -0.022252 0.999752
135.700000000 -2.3706 41.4602 0 0 0 0.309315 0.95096
136.700000000 -2.12542 41.8792 0 0 0 0.550344 0.834938
138.100000000 -2.00254 42.8716 0 0 0 0.702015 0.712162
139.300000000 -2.01223 43.7998 0 0 0 0.732612 0.680647
140.700000000 -2.09103 44.8445 0 0 0 0.734925 0.678149
141.900000000 -2.13672 45.7416 0 0 0 0.709738 0.704465
143.300000000 -2.10102 46.793 0 0 0 0.687266 0.726406
144.700000000 -2.04341 47.8438 0 0 0 0.698732 0.715383
146.100000000 -2.04506 48.8884 0 0 0 0.708433 0.705778
147.300000000 -2.0533 49.7895 0 0 0 0.7084 0.705811
148.600000000 -2.05773 50.7625 0 0 0 0.708344 0.705867
149.900000000 -2.06168 51.7356 0 0 0 0.708286 0.705925
151.200000000 -2.11572 52.7051 0 0 0 0.751897 0.65928
152.600000000 -2.47268 53.6739 0 0 0 0.855118 0.518434
154.000000000 -2.88271 54.6398 0 0 0 0.808167 0.588954
155.300000000 -2.99977 55.6063 0 0 0 0.725821 0.687884
156.600000000 -2.94088 56.1583 0 0 0 0.460245 0.887792
157.300000000 -2.8471 56.0564 0 0 0 0.133953 0.990988
158.000000000 -2.84144 55.9375 0 0 0 -0.210158 0.977667
158.500000000 -2.90143 55.8628 0 0 0 -0.440832 0.89759
159.200000000 -2.98237 55.8227 0 0 0 -0.707398 0.706815
159.800000000 -3.08766 55.7835 0 0 0 -0.865316 0.501227
161.200000000 -3.77563 55.1287 0 0 0 -0.938337 0.345721
162.700000000 -4.38512 54.8077 0 0 0 -0.99985 0.0172942
163.200000000 -4.37383 54.8973 0 0 0 0.97384 0.227233
163.900000000 -4.28081 54.989 0 0 0 0.840017 0.54256
164.500000000 -4.16611 55.0133 0 0 0 0.645703 0.763589
165.400000000 -3.84436 55.343 0 0 0 0.448076 0.893995
166.800000000 -3.14839 56.0492 0 0 0 0.355452 0.934695
168.100000000 -2.44319 56.7194 0 0 0 0.382601 0.923914
169.400000000 -1.75834 57.4107 0 0 0 0.385557 0.922684
170.700000000 -0.995261 57.9641 0 0 0 0.25653 0.966536
172.100000000 -0.0638002 58.1841 0 0 0 0.0677791 0.9977
173.900000000 0.93885 58.1946 0 0 0 -0.0201338 0.999797
177.600000000 1.86152 58.1378 0 0 0 -0.0343048 0.999411
181.900000000 2.81303 58.107 0 0 0 -0.00954527 0.999954
185.100000000 3.81476 58.1008 0 0 0 -0.0017426 0.999998
188.200000000 4.82528 58.097 0 0 0 -0.00174284 0.999998
191.400000000 5.82885 58.0936 0 0 0 -0.00174227 0.999998
192.700000000 6.13138 58.2122 0 0 0 0.292399 0.956297
193.400000000 6.0193 58.2862 0 0 0 0.603073 0.797686
194.100000000 5.91382 58.4513 0 0 0 0.792469 0.609913
195.900000000 5.36987 59.3492 0 0 0 0.827362 0.561669
196.600000000 5.45034 59.4803 0 0 0 0.632268 0.774749
197.200000000 5.54769 59.433 0 0 0 0.377756 0.925905
197.900000000 5.69702 59.3611 0 0 0 0.0842245 0.996447
198.800000000 5.99879 59.2037 0 0 0 -0.199095 0.97998
200.200000000 6.78839 58.6253 0 0 0 -0.315628 0.948883
201.500000000 7.62607 58.1578 0 0 0 -0.19179 0.981436
203.100000000 8.61548 57.9866 0 0 0 -0.0438473 0.999038
205.700000000 9.61618 58.0001 0 0 0 0.0176688 0.999844
207.100000000 10.666 58.067 0 0 0 0.036449 0.999336
208.700000000 11.6981 58.1336 0 0 0 0.023458 0.999725
211.100000000 12.6567 58.1565 0 0 0 0.00426831 0.999991
214.800000000 13.6182 58.1591 0 0 0 0.0013752 0.999999
218.800000000 14.615 58.1612 0 0 0 -0.00185188 0.999998
222.200000000 15.5563 58.1413 0 0 0 -0.00504935 0.999987
225.200000000 16.5353 58.1381 0 0 0 -0.00147552 0.999999
227.200000000 17.4172 58.4343 0 0 0 0.281959 0.959427
228.400000000 17.7416 58.8692 0 0 0 0.572312 0.820036
228.900000000 17.6435 58.8853 0 0 0 0.756999 0.653416
229.500000000 17.5369 58.8343 0 0 0 0.916287 0.400523
230.200000000 17.4743 58.7122 0 0 0 0.998073 0.0620481
230.900000000 17.505 58.5959 0 0 0 -0.958664 0.28454
231.500000000 17.5947 58.5035 0 0 0 -0.832101 0.554625
232.300000000 17.7219 58.3572 0 0 0 -0.615907 0.787819
233.300000000 18.069 57.946 0 0 0 -0.411866 0.911245
234.800000000 18.9214 57.2153 0 0 0 -0.338523 0.940958
236.500000000 19.6167 56.6084 0 0 0 -0.376105 0.926577
239.600000000 20.2646 55.9558 0 0 0 -0.379859 0.925045
243.300000000 20.9603 55.2535 0 0 0 -0.394855 0.918743
246.600000000 21.5821 54.3804 0 0 0 -0.500105 0.865965
248.200000000 21.8973 53.3509 0 0 0 -0.618048 0.786141
251.300000000 21.993 52.4889 0 0 0 -0.694538 0.719456
255.600000000 21.9351 51.519 0 0 0 -0.73523 0.677818
259.400000000 22.0435 50.5591 0 0 0 -0.556961 0.830539
260.900000000 22.7079 49.7623 0 0 0 -0.380906 0.924614
262.700000000 23.3607 49.1478 0 0 0 -0.372085 0.928199
265.000000000 23.736 48.5944 0 0 0 -0.658114 0.752919
265.600000000 23.7389 48.5967 0 0 0 -0.841144 0.54081
267.200000000 22.8679 47.8012 0 0 0 -0.928643 0.370974
268.600000000 22.1079 47.0738 0 0 0 -0.925129 0.379652
269.900000000 21.4213 46.3827 0 0 0 -0.920974 0.389624
271.200000000 20.7363 45.69 0 0 0 -0.923443 0.383735
272.500000000 20.0492 44.9893 0 0 0 -0.924626 0.380876
273.800000000 19.3525 44.3082 0 0 0 -0.924626 0.380876
275.100000000 18.6588 43.6237 0 0 0 -0.934979 0.354703
276.500000000 17.8434 43.0819 0 0 0 -0.964894 0.26264
277.800000000 16.9589 42.7487 0 0 0 -0.991001 0.133851
279.200000000 15.9186 42.6724 0 0 0 -1 0.000732449
280.600000000 14.9149 42.6104 0 0 0 -0.994833 0.10153
282.100000000 13.9644 42.1151 0 0 0 -0.950865 0.309606
283.400000000 13.2621 41.4534 0 0 0 -0.923247 0.384207
285.300000000 12.6064 40.7793 0 0 0 -0.921282 0.388895
288.500000000 11.9592 40.0464 0 0 0 -0.881933 0.471375
289.100000000 11.9811 40.0473 0 0 0 -0.752337 0.658778
289.900000000 12.2018 39.7648 0 0 0 -0.513726 0.857954
291.400000000 12.8625 38.9929 0 0 0 -0.394557 0.918872
293.900000000 13.5072 38.337 0 0 0 -0.38311 0.923703
298.700000000 14.2055 37.6575 0 0 0 -0.383114 0.923701
303.600000000 14.8901 36.9716 0 0 0 -0.383117 0.9237
308.500000000 15.571 36.2794 0 0 0 -0.383119 0.923699
313.400000000 16.2755 35.5836 0 0 0 -0.383119 0.923699
318.300000000 17.031 34.8734 0 0 0 -0.346269 0.938135
318.900000000 17.0355 34.8761 0 0 0 -0.0673989 0.997726
319.500000000 17.036 34.8827 0 0 0 0.233865 0.972269
320.400000000 17.2699 35.2351 0 0 0 0.462026 0.886866
321.900000000 17.5442 36.2326 0 0 0 0.625566 0.780171
322.800000000 17.4304 36.4291 0 0 0 0.847513 0.530775
323.300000000 17.4241 36.4084 0 0 0 0.955435 0.295202
324.000000000 17.4193 36.4049 0 0 0 -0.998956 0.0456921
324.600000000 17.4444 36.3155 0 0 0 -0.940243 0.340504
325.200000000 17.4538 36.3109 0 0 0 -0.795514 0.605935
325.800000000 17.466 36.3128 0 0 0 -0.621471 0.783437
326.900000000 17.8483 35.862 0 0 0 -0.409597 0.912267
328.200000000 18.7501 35.0566 0 0 0 -0.326508 0.945194
330.100000000 19.4662 34.4372 0 0 0 -0.349585 0.936905
333.700000000 20.2602 33.9075 0 0 0 -0.247366 0.968922
335.200000000 21.2313 33.5631 0 0 0 -0.114544 0.993418
337.500000000 22.1958 33.4309 0 0 0 -0.0214019 0.999771
342.200000000 23.1569 33.4581 0 0 0 0.0342271 0.999414
347.100000000 24.1237 33.5282 0 0 0 0.0348816 0.999391
351.900000000 25.0773 33.5837 0 0 0 0.019896 0.999802
356.900000000 26.0656 33.6023 0 0 0 0.00670339 0.999978
361.900000000 27.051 33.6079 0 0 0 0.00255861 0.999997
365.200000000 27.9938 33.7853 0 0 0 0.209542 0.9778
366.700000000 28.7513 34.4812 0 0 0 0.403275 0.915079
369.500000000 29.3869 35.1605 0 0 0 0.392756 0.919643
374.100000000 30.046 35.8319 0 0 0 0.385429 0.922737
378.600000000 30.7372 36.5312 0 0 0 0.385435 0.922735
383.000000000 31.4233 37.2256 0 0 0 0.385442 0.922732
387.400000000 32.1019 37.9123 0 0 0 0.38545 0.922729
392.200000000 32.7856 38.5942 0 0 0 0.385456 0.922726
396.600000000 33.4781 39.3142 0 0 0 0.410127 0.912028
398.400000000 34.0119 40.206 0 0 0 0.506424 0.862285
399.800000000 34.2976 41.1559 0 0 0 0.659576 0.751638
401.100000000 34.1821 42.1657 0 0 0 0.730827 0.682563
402.500000000 34.2144 43.1525 0 0 0 0.711505 0.702681
403.700000000 34.1487 44.1197 0 0 0 0.702035 0.712142
405.100000000 34.1495 45.1751 0 0 0 0.704769 0.709436
406.300000000 34.1514 46.079 0 0 0 0.711312 0.702877
407.700000000 34.1486 47.1241 0 0 0 0.706391 0.707821
409.000000000 34.1506 48.0969 0 0 0 0.70638 0.707833
410.400000000 34.1526 49.1508 0 0 0 0.706368 0.707844
411.600000000 34.1548 50.0542 0 0 0 0.706535 0.707678
412.900000000 34.1565 51.0281 0 0 0 0.706565 0.707649
414.300000000 34.1574 52.0815 0 0 0 0.706622 0.707591
415.600000000 34.1581 53.0549 0 0 0 0.706673 0.70754
416.800000000 34.1586 53.9482 0 0 0 0.70672 0.707494
418.200000000 34.1525 55.0002 0 0 0 0.715356 0.69876
419.500000000 33.811 55.651 0 0 0 0.882945 0.469477
420.800000000 33.1562 56.3345 0 0 0 0.932436 0.361336
422.100000000 32.4482 57.0063 0 0 0 0.925084 0.379762
423.400000000 31.716 57.6483 0 0 0 0.947729 0.319077
430.800000000 31.1024 57.8808 0 0 0 0.999581 0.0289564
431.700000000 30.8489 57.6948 0 0 0 -0.963016 0.269443
433.200000000 30.091 56.9436 0 0 0 -0.916471 0.400102
435.600000000 29.4502 56.3241 0 0 0 -0.940267 0.340439
437.600000000 28.4944 55.8489 0 0 0 -0.985712 0.168437
439.100000000 27.5921 55.7528 0 0 0 -0.999383 0.0351142
441.600000000 26.6303 55.774 0 0 0 0.999752 0.0222677
445.800000000 25.6461 55.839 0 0 0 0.999463 0.0327559
450.300000000 24.6606 55.8879 0 0 0 0.999736 0.0229592
454.400000000 23.7087 55.9083 0 0 0 0.999984 0.00574022
458.100000000 22.7513 55.914 0 0 0 0.999996 0.00279768
463.000000000 21.7726 55.9196 0 0 0 0.999996 0.00279962
467.900000000 20.804 55.9253 0 0 0 0.999996 0.00280168
471.100000000 20.221 55.8226 0 0 0 -0.963175 0.268874
471.800000000 20.2351 55.8163 0 0 0 -0.816256 0.577691
472.400000000 20.2385 55.82 0 0 0 -0.634844 0.77264
473.600000000 20.6349 55.2959 0 0 0 -0.40419 0.914675
475.100000000 21.49 54.7739 0 0 0 -0.337031 0.941493
476.500000000 22.1668 53.9389 0 0 0 -0.514588 0.857438
477.800000000 22.2263 53.0108 0 0 0 -0.732095 0.681203
479.500000000 21.8546 52.1873 0 0 0 -0.84282 0.538196
480.800000000 21.5605 51.7798 0 0 0 -0.975091 0.221805
481.400000000 21.5133 51.904 0 0 0 0.99743 0.0716439
482.000000000 21.5554 52.0042 0 0 0 0.933378 0.358894
482.500000000 21.6688 52.0567 0 0 0 0.817599 0.575787
483.300000000 21.7758 52.2502 0 0 0 0.605038 0.796197
484.500000000 22.2251 52.7777 0 0 0 0.387492 0.921873
485.700000000 22.9091 53.3737 0 0 0 0.347802 0.937568
487.100000000 23.6888 54.0701 0 0 0 0.372773 0.927923
488.500000000 24.4094 54.8157 0 0 0 0.387942 0.921684
489.800000000 25.1017 55.5095 0 0 0 0.380716 0.924692
491.100000000 25.7888 56.2005 0 0 0 0.38076 0.924674
492.400000000 26.5368 56.8252 0 0 0 0.32861 0.944466
493.700000000 27.3457 57.3809 0 0 0 0.279845 0.960045
495.000000000 28.2162 57.8075 0 0 0 0.197513 0.9803
496.500000000 29.2579 57.978 0 0 0 0.049969 0.998751
498.400000000 30.2159 57.8838 0 0 0 -0.0367854 0.999323
501.800000000 31.1811 57.9337 0 0 0 -0.00920297 0.999958
505.500000000 32.1362 57.9176 0 0 0 0.000929369 1
509.200000000 33.0994 57.9195 0 0 0 0.000928254 1
512.900000000 34.0672 57.9214 0 0 0 0.000927245 1
516.700000000 35.0777 57.9233 0 0 0 0.000926352 1
519.800000000 36.0549 57.9252 0 0 0 0.000924746 1
523.600000000 37.0409 57.9271 0 0 0 0.000923368 1
527.600000000 38.0107 57.9289 0 0 0 0.000922221 1
530.400000000 39.1055 57.9312 0 0 0 0.00092945 1
531.700000000 40.079 57.9007 0 0 0 0.0127692 0.999918
533.100000000 41.1223 58.0263 0 0 0 0.0770916 0.997024
534.900000000 42.0082 58.3094 0 0 0 0.38042 0.924814
535.600000000 41.8841 58.3679 0 0 0 0.674476 0.738297
536.200000000 41.7585 58.3434 0 0 0 0.86165 0.507503
536.800000000 41.6766 58.2582 0 0 0 0.97274 0.231897
537.500000000 41.6705 58.1321 0 0 0 -0.993079 0.117448
538.200000000 41.7307 58.0506 0 0 0 -0.892321 0.451401
538.800000000 41.8817 58.0026 0 0 0 -0.719495 0.694498
539.500000000 42.0021 58.0452 0 0 0 -0.437732 0.899106
540.500000000 42.4351 57.849 0 0 0 -0.182208 0.98326
542.000000000 43.465 57.7661 0 0 0 0.0401884 0.999192
543.200000000 44.3599 57.9188 0 0 0 0.0666305 0.997778
544.600000000 45.4012 57.9504 0 0 0 -0.00300896 0.999995
545.800000000 46.302 57.904 0 0 0 -0.0400137 0.999199
547.200000000 47.3555 57.8773 0 0 0 -0.00115183 0.999999
548.600000000 48.4013 57.9018 0 0 0 0.00909809 0.999959
549.900000000 49.3794 57.9119 0 0 0 0.000590151 1
551.300000000 50.4333 57.903 0 0 0 0.000592136 1
552.500000000 51.3374 57.9131 0 0 0 0.0106573 0.999943
553.900000000 52.3802 57.9926 0 0 0 0.0538263 0.99855
555.100000000 53.27 58.1025 0 0 0 0.0679005 0.997692
556.500000000 54.3125 58.1303 0 0 0 0.00245051 0.999997
557.800000000 55.2961 58.1701 0 0 0 -0.00477223 0.999989
559.100000000 56.2699 58.1603 0 0 0 -0.00476948 0.999989
560.600000000 57.0898 57.8959 0 0 0 -0.276183 0.961105
562.200000000 57.7385 57.0428 0 0 0 -0.515511 0.856883
563.700000000 57.9543 56.0086 0 0 0 -0.668161 0.744016
565.600000000 57.905 55.0901 0 0 0 -0.731445 0.681901
569.900000000 57.8183 54.1253 0 0 0 -0.73449 0.67862
574.800000000 57.7693 53.1456 0 0 0 -0.718585 0.69544
579.000000000 57.7544 52.1737 0 0 0 -0.710377 0.703822
582.600000000 57.741 51.2341 0 0 0 -0.708084 0.706128
584.400000000 57.9142 50.6592 0 0 0 -0.472889 0.881122
585.900000000 58.7482 50.1884 0 0 0 -0.221051 0.975262
587.200000000 59.6902 49.9288 0 0 0 -0.0912064 0.995832
588.600000000 60.6409 49.9021 0 0 0 0.073136 0.997322
589.300000000 60.5848 50.0191 0 0 0 0.407607 0.913157
589.900000000 60.4769 50.0786 0 0 0 0.659269 0.751907
590.500000000 60.3407 50.0491 0 0 0 0.851707 0.524019
591.100000000 60.2842 49.9672 0 0 0 0.968958 0.247226
591.800000000 60.3134 49.8531 0 0 0 -0.99884 0.0481623
592.700000000 59.8509 49.6295 0 0 0 -0.952013 0.306058
594.100000000 59.1508 48.8645 0 0 0 -0.881717 0.471778
595.400000000 58.5565 48.0741 0 0 0 -0.907142 0.420824
596.800000000 57.8447 47.3177 0 0 0 -0.928472 0.371403
598.000000000 57.2001 46.7079 0 0 0 -0.933941 0.357427
599.500000000 56.2952 46.1164 0 0 0 -0.973607 0.228233
601.100000000 55.4021 45.7418 0 0 0 -0.968481 0.249088
602.600000000 54.5125 45.1103 0 0 0 -0.922587 0.385789
603.900000000 53.9167 44.3086 0 0 0 -0.919625 0.392798
605.200000000 53.2154 43.6311 0 0 0 -0.930111 0.367277
607.000000000 52.4715 42.9838 0 0 0 -0.944454 0.328645
609.000000000 51.5833 42.5357 0 0 0 -0.983432 0.181276
610.400000000 50.5182 42.489 0 0 0 -0.997092 0.0762044
611.800000000 49.6126 42.2001 0 0 0 -0.976296 0.216439
613.900000000 48.8961 41.5293 0 0 0 -0.943046 0.332663
618.500000000 48.1762 40.8579 0 0 0 -0.929673 0.368387
623.100000000 47.4985 40.2052 0 0 0 -0.923709 0.383095
625.500000000 46.9019 39.4615 0 0 0 -0.888487 0.458901
626.900000000 46.4452 38.5219 0 0 0 -0.817824 0.575468
628.800000000 46.3051 37.517 0 0 0 -0.724674 0.689092
631.300000000 46.6242 36.5204 0 0 0 -0.491225 0.871033
632.700000000 47.2868 35.7717 0 0 0 -0.368728 0.929538
634.000000000 47.9889 35.0964 0 0 0 -0.376003 0.926618
635.300000000 48.7177 34.4175 0 0 0 -0.371352 0.928492
636.600000000 49.4128 33.7463 0 0 0 -0.367518 0.930017
637.800000000 50.06 33.1257 0 0 0 -0.382867 0.923803
639.100000000 50.7371 32.425 0 0 0 -0.385723 0.922615
640.500000000 51.4767 31.6855 0 0 0 -0.382868 0.923803
641.900000000 52.2203 30.9413 0 0 0 -0.382868 0.923803
643.200000000 52.9103 30.2531 0 0 0 -0.383043 0.92373
644.600000000 53.6508 29.5143 0 0 0 -0.383133 0.923693
646.000000000 54.3958 28.7717 0 0 0 -0.383244 0.923647
647.300000000 55.0905 28.0787 0 0 0 -0.383374 0.923593
648.600000000 55.7806 27.3898 0 0 0 -0.383524 0.923531
650.000000000 56.5245 26.6458 0 0 0 -0.383695 0.92346
651.300000000 57.1959 25.948 0 0 0 -0.406709 0.913558
652.600000000 57.7396 25.1449 0 0 0 -0.514662 0.857393
654.200000000 57.9569 24.0756 0 0 0 -0.694352 0.719635
655.400000000 57.6322 23.4171 0 0 0 -0.858691 0.512493
656.800000000 57.0263 22.7236 0 0 0 -0.927717 0.373284
658.100000000 56.2672 21.9557 0 0 0 -0.90915 0.416468
659.400000000 55.7772 21.1302 0 0 0 -0.841981 0.539508
660.900000000 55.6733 20.3119 0 0 0 -0.644338 0.764741
661.500000000 55.8022 20.3614 0 0 0 -0.390221 0.920721
662.100000000 55.8604 20.4854 0 0 0 -0.100773 0.994909
662.800000000 55.8508 20.6251 0 0 0 0.246422 0.969163
663.300000000 55.777 20.7317 0 0 0 0.475816 0.879545
664.100000000 55.6874 20.8987 0 0 0 0.735105 0.677953
665.200000000 55.343 21.3213 0 0 0 0.897127 0.441772
666.500000000 54.6878 21.7801 0 0 0 0.978138 0.207955
667.700000000 54.048 21.7814 0 0 0 -0.997367 0.072518
669.000000000 53.0524 21.4905 0 0 0 -0.984682 0.174361
670.700000000 52.1457 21.2671 0 0 0 -0.995093 0.098948
673.300000000 51.3023 21.0325 0 0 0 -0.977 0.213239
674.900000000 50.5222 20.3286 0 0 0 -0.922898 0.385045
677.300000000 49.8653 19.6652 0 0 0 -0.92262 0.38571
682.000000000 49.1893 18.9857 0 0 0 -0.923345 0.38397
686.600000000 48.5099 18.3123 0 0 0 -0.923345 0.38397
691.100000000 47.8305 17.6289 0 0 0 -0.923345 0.38397
695.900000000 47.1549 16.8978 0 0 0 -0.91009 0.41441
697.800000000 46.6373 15.961 0 0 0 -0.820539 0.57159
699.200000000 46.5032 14.9175 0 0 0 -0.715068 0.699054
700.500000000 46.5067 13.945 0 0 0 -0.728905 0.684615
701.800000000 46.3684 12.9836 0 0 0 -0.768953 0.639305
703.200000000 46.1109 12.4344 0 0 0 -0.935909 0.352241
703.900000000 46.074 12.517 0 0 0 -0.999902 0.0139898
704.500000000 46.0757 12.5023 0 0 0 0.961159 0.275995
705.100000000 46.0675 12.4963 0 0 0 0.834422 0.551125
705.700000000 46.2442 12.5408 0 0 0 0.648103 0.761553
706.800000000 46.5944 12.9555 0 0 0 0.417665 0.908601
708.200000000 47.4284 13.5859 0 0 0 0.25881 0.965928
709.100000000 47.7191 13.5368 0 0 0 -0.0525937 0.998616
709.900000000 47.9721 13.3333 0 0 0 -0.294313 0.955709
711.300000000 48.6531 12.6 0 0 0 -0.404468 0.914552
712.600000000 49.3349 11.9034 0 0 0 -0.383011 0.923744
713.900000000 50.0094 11.2097 0 0 0 -0.38234 0.924022
715.200000000 50.7038 10.5257 0 0 0 -0.382371 0.924009
716.500000000 51.3882 9.83178 0 0 0 -0.382392 0.924
717.800000000 52.1484 9.22667 0 0 0 -0.295044 0.955484
719.300000000 53.1799 8.84574 0 0 0 -0.0982632 0.99516
720.600000000 53.9173 8.95002 0 0 0 0.170828 0.985301
721.200000000 53.8567 9.03414 0 0 0 0.454379 0.890809
722.000000000 53.7652 9.22682 0 0 0 0.712004 0.702175
723.100000000 53.4988 9.6775 0 0 0 0.880996 0.473124
724.500000000 52.8454 10.4833 0 0 0 0.89207 0.451897
725.900000000 52.5251 11.3803 0 0 0 0.779441 0.626475
726.900000000 52.5518 11.7412 0 0 0 0.552367 0.833601
727.600000000 52.6473 11.6741 0 0 0 0.238642 0.971108
728.200000000 52.7742 11.5697 0 0 0 -0.00849519 0.999964
729.100000000 53.0579 11.3391 0 0 0 -0.280925 0.95973
730.600000000 53.7913 10.5639 0 0 0 -0.415878 0.909421
731.900000000 54.4521 9.84853 0 0 0 -0.389724 0.920932
733.200000000 55.1529 9.1721 0 0 0 -0.380078 0.924955
734.500000000 55.8361 8.47811 0 0 0 -0.382935 0.923775
735.900000000 56.5795 7.73483 0 0 0 -0.382942 0.923772
737.100000000 57.2001 7.08139 0 0 0 -0.413266 0.91061
738.400000000 57.7609 6.2892 0 0 0 -0.4897 0.871891
740.000000000 57.9965 5.2138 0 0 0 -0.686914 0.726739
741.300000000 57.9063 4.24934 0 0 0 -0.755404 0.655259
742.600000000 57.8263 3.26904 0 0 0 -0.736242 0.676719
744.000000000 57.8445 2.2288 0 0 0 -0.694545 0.71945
745.300000000 58.0274 1.66787 0 0 0 -0.445219 0.895422
746.000000000 58.2319 1.65287 0 0 0 -0.199555 0.979887
746.900000000 58.6429 1.70083 0 0 0 0.0318304 0.999493
748.300000000 59.6929 1.76504 0 0 0 0.0333807 0.999443
749.300000000 60.0164 1.66501 0 0 0 -0.262235 0.965004
750.000000000 59.9192 1.56987 0 0 0 -0.572805 0.819691
750.600000000 59.7831 1.55415 0 0 0 -0.78553 0.618823
752.100000000 59.1795 0.867199 0 0 0 -0.919231 0.393719
753.500000000 58.4172 0.136159 0 0 0 -0.927405 0.374059
754.800000000 57.7215 -0.546325 0 0 0 -0.924154 0.38202
756.100000000 57.0339 -1.23394 0 0 0 -0.924141 0.382051
757.500000000 56.2571 -1.94353 0 0 0 -0.940304 0.340336
759.000000000 55.2764 -2.39439 0 0 0 -0.990159 0.139949
760.600000000 54.2557 -2.42626 0 0 0 0.998492 0.0549004
764.200000000 53.3349 -2.32642 0 0 0 0.999054 0.0434951
768.500000000 52.3671 -2.27914 0 0 0 0.999887 0.0150336
772.800000000 51.3847 -2.26286 0 0 0 0.999967 0.00808427
777.000000000 50.4036 -2.23341 0 0 0 0.999947 0.0102916
781.300000000 49.4222 -2.18977 0 0 0 0.999742 0.0227087
785.600000000 48.4811 -2.14272 0 0 0 0.99967 0.0256741
790.100000000 47.5217 -2.11879 0 0 0 0.999972 0.00747202
792.300000000 46.4703 -2.20135 0 0 0 -0.997908 0.0646513
793.600000000 45.488 -2.28947 0 0 0 -0.998351 0.0574012
796.700000000 44.5907 -2.36613 0 0 0 -0.999926 0.0121894
801.400000000 43.6371 -2.35176 0 0 0 0.99994 0.0109765
806.200000000 42.6861 -2.34276 0 0 0 0.999995 0.00316074
811.100000000 41.7151 -2.33643 0 0 0 0.999995 0.00316074
815.300000000 40.7649 -2.31998 0 0 0 0.999995 0.00316074
819.900000000 39.7664 -2.31354 0 0 0 0.999995 0.00316074
821.300000000 39.3287 -2.49467 0 0 0 -0.955922 0.293619
822.600000000 38.8894 -3.19804 0 0 0 -0.85817 0.513366
824.200000000 38.7151 -4.03095 0 0 0 -0.62523 0.78044
824.800000000 38.8277 -3.97222 0 0 0 -0.368292 0.92971
825.400000000 38.8716 -3.86612 0 0 0 -0.0777078 0.996976
826.000000000 38.8546 -3.75914 0 0 0 0.22039 0.975412
826.600000000 38.7845 -3.67221 0 0 0 0.500312 0.865845
827.300000000 38.7925 -3.67089 0 0 0 0.760774 0.649016
828.000000000 38.4682 -3.44141 0 0 0 0.88978 0.456389
829.400000000 37.7465 -3.01431 0 0 0 0.974567 0.224095
830.700000000 37.068 -2.49355 0 0 0 0.938052 0.346495
832.200000000 36.3902 -1.83198 0 0 0 0.926003 0.377517
834.600000000 35.7007 -1.15109 0 0 0 0.923597 0.383365
838.400000000 35.0111 -0.453219 0 0 0 0.917976 0.396636
841.300000000 34.357 0.580908 0 0 0 0.859914 0.510439
842.900000000 34.0606 1.51044 0 0 0 0.77494 0.632035
846.000000000 34.0047 2.50213 0 0 0 0.706514 0.707699
850.200000000 34.0745 3.48527 0 0 0 0.67406 0.738677
860.000000000 34.2289 4.39083 0 0 0 0.783225 0.621739
861.200000000 33.6729 4.99114 0 0 0 0.909395 0.415933
862.700000000 32.9362 5.61778 0 0 0 0.931717 0.363186
866.000000000 32.2541 6.33091 0 0 0 0.924206 0.381895
868.000000000 31.6703 7.1531 0 0 0 0.900212 0.435453
869.300000000 31.1062 8.03573 0 0 0 0.825157 0.564903
871.200000000 31.0768 8.93039 0 0 0 0.699411 0.714719
874.700000000 31.0747 9.98187 0 0 0 0.677262 0.735742
879.700000000 31.1438 10.9655 0 0 0 0.679407 0.733762
884.400000000 31.1909 11.8976 0 0 0 0.69785 0.716244
889.300000000 31.2023 12.8778 0 0 0 0.704617 0.709588
894.300000000 31.2078 13.869 0 0 0 0.705155 0.709053
897.800000000 31.22 14.8597 0 0 0 0.715681 0.698428
899.100000000 31.0985 15.8062 0 0 0 0.770236 0.637759
901.100000000 30.8272 16.8027 0 0 0 0.79712 0.603821
902.700000000 30.6293 17.7815 0 0 0 0.756442 0.654061
904.400000000 30.6074 18.7549 0 0 0 0.701867 0.712308
907.500000000 30.6396 19.7345 0 0 0 0.68573 0.727856
909.300000000 30.6819 20.6553 0 0 0 0.702658 0.711527
912.600000000 30.6757 21.6478 0 0 0 0.705633 0.708577
915.700000000 30.68 22.6568 0 0 0 0.705633 0.708577
918.500000000 30.6842 23.5778 0 0 0 0.705633 0.708577
921.600000000 30.6884 24.578 0 0 0 0.705633 0.708577
925.600000000 30.6926 25.5412 0 0 0 0.705633 0.708577
928.800000000 30.6969 26.5232 0 0 0 0.705633 0.708577
930.800000000 30.7011 27.5065 0 0 0 0.705633 0.708577
932.600000000 30.7054 28.4407 0 0 0 0.705633 0.708577
936.200000000 30.7096 29.3952 0 0 0 0.705633 0.708577
939.200000000 30.7139 30.3794 0 0 0 0.705633 0.708577
942.300000000 30.7183 31.3952 0 0 0 0.705633 0.708577
945.400000000 30.7226 32.4089 0 0 0 0.705633 0.708577
948.900000000 30.7268 33.3399 0 0 0 0.705633 0.708577
952.400000000 30.7309 34.3127 0 0 0 0.705633 0.708577
953.900000000 30.6546 35.3491 0 0 0 0.73786 0.674954
955.600000000 30.6074 36.2378 0 0 0 0.715455 0.698659
959.200000000 30.8367 37.2315 0 0 0 0.525823 0.850594
960.500000000 31.3408 37.6257 0 0 0 0.255967 0.966686
961.600000000 31.4774 37.5911 0 0 0 -0.0266241 0.999646
962.600000000 31.5598 37.4619 0 0 0 -0.284752 0.958601
963.400000000 31.5534 37.4515 0 0 0 -0.598076 0.801439
963.900000000 31.5443 37.4511 0 0 0 -0.765131 0.643875
964.600000000 31.5598 37.4501 0 0 0 -0.929372 0.369143
965.300000000 31.5109 37.4744 0 0 0 -0.993906 0.11023
966.100000000 31.4883 37.5356 0 0 0 0.975895 0.218239
966.800000000 31.5477 37.5942 0 0 0 0.876891 0.48069
967.600000000 31.6123 37.7593 0 0 0 0.719396 0.6946
968.400000000 31.741 37.8618 0 0 0 0.512296 0.858809
969.900000000 32.3034 38.2709 0 0 0 0.273818 0.961782
971.600000000 33.189 38.6091 0 0 0 0.25558 0.966788
973.500000000 33.8034 39.3901 0 0 0 0.538961 0.842331
974.600000000 33.7375 39.6178 0 0 0 0.750679 0.660667
975.100000000 33.6597 39.6823 0 0 0 0.896878 0.442278
975.800000000 33.5655 39.4825 0 0 0 0.990078 0.14052
976.400000000 33.4999 39.5188 0 0 0 -0.991904 0.126991
977.700000000 32.9148 38.9928 0 0 0 -0.917856 0.396913
979.000000000 32.2704 38.2253 0 0 0 -0.91177 0.410701
980.500000000 31.5507 37.4771 0 0 0 -0.93044 0.366446
983.500000000 30.9009 36.8326 0 0 0 -0.927933 0.372748
987.900000000 30.2033 36.1497 0 0 0 -0.925041 0.379868
992.600000000 29.512 35.4631 0 0 0 -0.924548 0.381066
996.900000000 28.8293 34.7754 0 0 0 -0.924548 0.381066
1001.400000000 28.1342 34.0953 0 0 0 -0.924548 0.381066
1006.100000000 27.4577 33.4138 0 0 0 -0.924548 0.381066
1010.500000000 26.7961 32.7572 0 0 0 -0.924548 0.381066
1015.300000000 26.0984 32.0645 0 0 0 -0.924548 0.381066
1019.900000000 25.4094 31.3805 0 0 0 -0.924548 0.381066
1024.500000000 24.7354 30.7115 0 0 0 -0.924548 0.381066
1029.300000000 24.0515 30.0327 0 0 0 -0.924548 0.381066
1033.900000000 23.3663 29.3525 0 0 0 -0.924548 0.381066
1038.700000000 22.681 28.6822 0 0 0 -0.924548 0.381066
1043.500000000 21.9909 27.9871 0 0 0 -0.924548 0.381066
1048.300000000 21.2981 27.2993 0 0 0 -0.924548 0.381066
1053.100000000 20.6104 26.6166 0 0 0 -0.924548 0.381066
1057.800000000 19.9363 25.9476 0 0 0 -0.924548 0.381066
1062.600000000 19.2474 25.2636 0 0 0 -0.924548 0.381066
1066.900000000 18.5858 24.607 0 0 0 -0.924548 0.381066
1071.500000000 17.8955 23.9217 0 0 0 -0.924548 0.381066
1075.600000000 17.2079 23.2392 0 0 0 -0.924548 0.381066
1080.100000000 16.5028 22.5391 0 0 0 -0.924548 0.381066
1084.700000000 15.8212 21.8626 0 0 0 -0.924548 0.381066
1089.100000000 15.156 21.2023 0 0 0 -0.924548 0.381066
1093.500000000 14.4595 20.5108 0 0 0 -0.924548 0.381066
1095.900000000 13.7767 19.833 0 0 0 -0.924548 0.381066
1098.900000000 13.083 19.1345 0 0 0 -0.924548 0.381066
1101.600000000 12.3952 18.4618 0 0 0 -0.924548 0.381066
1104.000000000 11.6787 17.7503 0 0 0 -0.924548 0.381066
1107.100000000 11.0026 17.0934 0 0 0 -0.900995 0.433829
1108.400000000 10.5393 16.1471 0 0 0 -0.835379 0.549675
1109.600000000 10.3565 15.2758 0 0 0 -0.747637 0.664107
1111.000000000 10.4668 14.2346 0 0 0 -0.670029 0.742335
1112.200000000 10.5474 13.371 0 0 0 -0.623429 0.78188
1113.500000000 10.6476 12.3713 0 0 0 -0.700787 0.713371
1114.900000000 10.5707 11.3304 0 0 0 -0.737849 0.674965
1116.200000000 10.5586 10.3691 0 0 0 -0.721132 0.692797
1117.500000000 10.486 9.38511 0 0 0 -0.704832 0.709374
1118.800000000 10.4937 8.41189 0 0 0 -0.695313 0.718707
1120.100000000 10.5218 7.43808 0 0 0 -0.706755 0.707458
1121.400000000 10.5196 6.45608 0 0 0 -0.710074 0.704127
1122.800000000 10.506 5.40329 0 0 0 -0.71009 0.704111
1124.100000000 10.4976 4.42976 0 0 0 -0.710086 0.704115
1125.400000000 10.489 3.4562 0 0 0 -0.710077 0.704124
1126.800000000 10.5226 2.41305 0 0 0 -0.70503 0.709178
1128.100000000 10.495 1.4508 0 0 0 -0.694195 0.719787
1129.300000000 10.5247 0.537075 0 0 0 -0.710878 0.703315
1130.700000000 10.4576 -0.48383 0 0 0 -0.746779 0.665073
1132.000000000 10.1173 -1.15931 0 0 0 -0.892529 0.450991
1133.300000000 9.37973 -1.8088 0 0 0 -0.950506 0.310708
1134.600000000 8.49376 -2.2116 0 0 0 -0.98776 0.155983
1135.800000000 7.60312 -2.28178 0 0 0 -0.999989 0.00466332
1143.700000000 6.59532 -1.98198 0 0 0 0.964073 0.265637
1145.000000000 5.87322 -1.3274 0 0 0 0.926736 0.375714
1146.400000000 5.09286 -0.644081 0 0 0 0.940001 0.341172
1147.600000000 4.33331 -0.148515 0 0 0 0.970276 0.242001
1148.900000000 3.40823 0.142302 0 0 0 0.994726 0.102565
1150.300000000 2.35854 0.135384 0 0 0 -0.998881 0.0472984
1151.700000000 1.34364 -0.163098 0 0 0 -0.992 0.126235
1152.900000000 0.454115 -0.153671 0 0 0 0.999946 0.0103947
1154.600000000 -0.185763 0.0238086 0 0 0 0.948038 0.318157
1155.600000000 -0.0762378 0.111433 0 0 0 0.798265 0.602306
1156.200000000 0.0355951 0.121785 0 0 0 0.588317 0.80863
1156.700000000 0.114098 0.0609342 0 0 0 0.373018 0.927824
1157.400000000 0.17463 -0.039682 0 0 0 0.0365783 0.999331
1157.900000000 0.22322 -0.150573 0 0 0 -0.174531 0.984652
1159.300000000 1.17904 -0.569212 0 0 0 -0.198741 0.980052
1160.700000000 1.68175 -0.664488 0 0 0 0.0787227 0.996897
1161.500000000 1.65374 -0.562992 0 0 0 0.391097 0.920349
1162.000000000 1.55743 -0.510737 0 0 0 0.588428 0.80855
1162.600000000 1.43966 -0.503758 0 0 0 0.783468 0.621432
1163.300000000 1.34518 -0.515178 0 0 0 0.937981 0.346688
1164.900000000 0.39356 -0.192658 0 0 0 0.97725 0.212092
1166.300000000 -0.0163602 0.123786 0 0 0 0.888988 0.45793
1167.100000000 0.112515 0.162972 0 0 0 0.711229 0.702961
1167.800000000 0.218469 0.141667 0 0 0 0.489938 0.871757
1168.400000000 0.270435 0.0955603 0 0 0 0.258885 0.965908
1169.100000000 0.292889 -0.0137235 0 0 0 -0.0282138 0.999602
1171.000000000 1.15414 -0.631498 0 0 0 -0.281061 0.95969
1172.600000000 1.63329 -1.11721 0 0 0 -0.593047 0.805168
1173.300000000 1.51242 -1.13213 0 0 0 -0.829107 0.55909
1173.900000000 1.40656 -1.0648 0 0 0 -0.955675 0.294424
1174.500000000 1.36186 -0.95853 0 0 0 -0.999993 0.00376577
1175.100000000 1.39056 -0.841393 0 0 0 0.957808 0.287409
1175.700000000 1.47558 -0.768309 0 0 0 0.832723 0.55369
1177.400000000 1.24424 0.252396 0 0 0 0.847573 0.530679
1178.300000000 1.0471 0.271895 0 0 0 0.967932 0.251212
1179.000000000 0.956714 0.207151 0 0 0 -0.999969 0.0079313
1180.900000000 0.0376426 -0.315412 0 0 0 -0.972943 0.231045
1182.300000000 -0.45434 -0.706292 0 0 0 -0.860091 0.510141
1182.900000000 -0.336404 -0.726887 0 0 0 -0.670912 0.741537
1183.600000000 -0.225717 -0.667678 0 0 0 -0.375987 0.926625
1184.200000000 -0.141758 -0.580324 0 0 0 -0.102283 0.994755
1184.800000000 -0.122722 -0.467511 0 0 0 0.178791 0.983887
1185.400000000 -0.160091 -0.358402 0 0 0 0.445728 0.895168
1187.400000000 0.201542 0.658006 0 0 0 0.461527 0.887126
1188.300000000 0.478442 0.82843 0 0 0 0.224244 0.974533
1188.700000000 0.491713 0.761872 0 0 0 0.0526499 0.998613
1189.600000000 0.481304 0.604179 0 0 0 -0.322645 0.94652
1190.600000000 0.68528 0.218384 0 0 0 -0.540188 0.841544
1192.600000000 0.795564 -0.821623 0 0 0 -0.585279 0.810832
1194.100000000 1.42463 -1.57391 0 0 0 -0.372619 0.927985
1195.400000000 2.2271 -2.11455 0 0 0 -0.253198 0.967414
1196.800000000 3.19423 -2.417 0 0 0 -0.098714 0.995116
1198.600000000 4.21848 -2.42611 0 0 0 0.0170877 0.999854
1201.800000000 5.15497 -2.38189 0 0 0 0.0323057 0.999478
1205.800000000 6.13243 -2.32748 0 0 0 0.0178112 0.999841
1209.800000000 7.09907 -2.31171 0 0 0 0.0057255 0.999984
1214.300000000 8.0823 -2.30621 0 0 0 0.00275386 0.999996
1218.700000000 9.05204 -2.30065 0 0 0 0.00275386 0.999996
1223.200000000 10.024 -2.29502 0 0 0 0.00275386 0.999996
1227.900000000 10.9778 -2.28938 0 0 0 0.00275386 0.999996
1232.700000000 11.9482 -2.28354 0 0 0 0.00275386 0.999996
1237.800000000 12.962 -2.2779 0 0 0 0.00275386 0.999996
1242.700000000 13.9357 -2.27226 0 0 0 0.00275386 0.999996
1246.700000000 14.9234 -2.28613 0 0 0 -0.0151426 0.999885
1250.300000000 15.8648 -2.29836 0 0 0 -0.00368661 0.999993
1254.600000000 16.856 -2.30047 0 0 0 -0.00106022 0.999999
1258.200000000 17.8073 -2.23795 0 0 0 0.106631 0.994299
1259.700000000 18.5851 -1.70227 0 0 0 0.374116 0.927382
1261.200000000 19.2449 -1.00608 0 0 0 0.386827 0.922152
1270.400000000 19.8921 -0.350195 0 0 0 0.381192 0.924496
1274.800000000 20.5822 0.345413 0 0 0 0.381191 0.924496
1279.000000000 21.2511 1.00964 0 0 0 0.38119 0.924497
1283.500000000 21.9386 1.69249 0 0 0 0.381189 0.924497
1288.100000000 22.6199 2.36929 0 0 0 0.381188 0.924497
1292.800000000 23.3087 3.05337 0 0 0 0.381187 0.924498
1297.400000000 24.0025 3.74307 0 0 0 0.381195 0.924495
1302.000000000 24.6827 4.41917 0 0 0 0.381202 0.924492
1306.800000000 25.3892 5.12173 0 0 0 0.381208 0.924489
1311.300000000 26.0807 5.79905 0 0 0 0.381213 0.924487
1315.700000000 26.7422 6.45661 0 0 0 0.381217 0.924485
1320.200000000 27.4224 7.13249 0 0 0 0.38122 0.924484
1324.900000000 28.1204 7.82588 0 0 0 0.380591 0.924743
1327.900000000 28.9406 8.48485 0 0 0 0.32442 0.945913
1329.300000000 29.7961 9.06472 0 0 0 0.183902 0.982944
1330.900000000 30.8659 8.9856 0 0 0 -0.0347063 0.999398
1332.500000000 31.7619 8.78433 0 0 0 -0.212133 0.977241
1333.200000000 31.7603 8.63576 0 0 0 -0.501712 0.865035
1333.800000000 31.6488 8.60054 0 0 0 -0.731784 0.681537
1334.400000000 31.5363 8.63375 0 0 0 -0.89848 0.439015
1334.900000000 31.5218 8.69407 0 0 0 -0.978806 0.204789
1335.600000000 31.5118 8.82909 0 0 0 0.990446 0.137902
1336.300000000 31.5272 8.91365 0 0 0 0.886614 0.462509
1336.900000000 31.5799 8.92591 0 0 0 0.733902 0.679255
1338.200000000 31.5672 9.92597 0 0 0 0.757756 0.652538
1339.600000000 31.3222 10.4232 0 0 0 0.904648 0.426159
1340.600000000 31.1487 10.4642 0 0 0 0.989474 0.144708
1342.300000000 30.4999 10.942 0 0 0 0.890775 0.454444
1343.200000000 30.5307 11.1127 0 0 0 0.711607 0.702578
1343.900000000 30.6214 11.092 0 0 0 0.487293 0.873238
1344.600000000 30.7993 10.9806 0 0 0 0.250762 0.968049
1346.400000000 31.7589 11.0921 0 0 0 0.00838134 0.999965
1347.200000000 31.7606 11.0828 0 0 0 -0.33031 0.943873
1347.800000000 31.7028 11.0112 0 0 0 -0.586659 0.809834
1348.400000000 31.5888 10.9991 0 0 0 -0.793917 0.608026
1349.100000000 31.5397 11.0481 0 0 0 -0.946539 0.322588
1349.600000000 31.5307 11.1462 0 0 0 -0.995171 0.0981583
1350.300000000 31.5104 11.1558 0 0 0 0.974943 0.222455
1351.000000000 31.3955 11.394 0 0 0 0.899333 0.437265
1353.900000000 31.0449 12.3054 0 0 0 0.784912 0.619607
1358.700000000 31.052 13.3154 0 0 0 0.667306 0.744783
1362.600000000 31.3128 14.2632 0 0 0 0.575329 0.817922
