0.300000000 0.2 0 0 0 0 0 1
5.100000000 1.17367 0.00597007 0 0 0 0.000181177 1
6.500000000 2.21477 0.0157672 0 0 0 0.0294321 0.999567
8.000000000 3.06373 0.350595 0 0 0 0.220103 0.975477
8.500000000 3.09376 0.210179 0 0 0 -0.0284618 0.999595
9.100000000 3.04607 0.0708693 0 0 0 -0.321579 0.946883
9.800000000 2.94223 0.0854954 0 0 0 -0.627132 0.778913
10.400000000 2.82695 0.12311 0 0 0 -0.829742 0.558147
11.000000000 2.73592 0.144843 0 0 0 -0.957756 0.287581
11.500000000 2.70025 0.243073 0 0 0 -0.999094 0.0425535
12.100000000 2.72396 0.360079 0 0 0 0.967 0.254775
12.800000000 2.81905 0.43822 0 0 0 0.820763 0.571269
13.400000000 2.93796 0.457828 0 0 0 0.615949 0.787786
14.100000000 3.03976 0.378543 0 0 0 0.307906 0.951417
14.700000000 3.08782 0.278367 0 0 0 0.0131742 0.999913
18.800000000 3.69157 0.549639 0 0 0 0.354389 0.935098
19.900000000 3.84567 0.998571 0 0 0 0.599864 0.800102
21.400000000 3.78332 2.06119 0 0 0 0.74949 0.662016
22.700000000 3.67886 3.00783 0 0 0 0.729985 0.683463
24.100000000 3.6605 4.06859 0 0 0 0.707676 0.706538
25.400000000 3.679 5.03878 0 0 0 0.697973 0.716125
26.800000000 3.7136 6.08727 0 0 0 0.694094 0.719884
28.100000000 3.71569 7.05979 0 0 0 0.703885 0.710313
29.300000000 3.73769 7.95981 0 0 0 0.692086 0.721815
30.800000000 4.0396 8.90239 0 0 0 0.519647 0.854381
32.300000000 4.77582 9.70848 0 0 0 0.377312 0.926086
33.600000000 5.49507 10.3563 0 0 0 0.346756 0.937955
34.900000000 6.29628 10.9268 0 0 0 0.242451 0.970164
36.200000000 7.21482 11.1858 0 0 0 0.0775387 0.996989
37.100000000 7.38266 11.0683 0 0 0 -0.267884 0.963451
37.700000000 7.30478 10.9733 0 0 0 -0.53557 0.844491
38.400000000 7.21083 10.9462 0 0 0 -0.790222 0.61282
38.900000000 7.08902 10.9986 0 0 0 -0.915163 0.403085
39.600000000 7.02724 11.113 0 0 0 -0.99753 0.0702375
40.300000000 7.07202 11.2047 0 0 0 0.96983 0.243782
41.600000000 6.47091 11.8571 0 0 0 0.88381 0.467847
42.900000000 6.27583 12.48 0 0 0 0.695384 0.718638
43.500000000 6.39581 12.4224 0 0 0 0.457274 0.889326
44.200000000 6.50232 12.3396 0 0 0 0.142098 0.989853
45.100000000 6.8668 12.3077 0 0 0 -0.110404 0.993887
46.500000000 7.83716 11.8901 0 0 0 -0.198347 0.980132
47.800000000 8.78053 11.6487 0 0 0 -0.0927049 0.995694
49.000000000 9.35451 11.6951 0 0 0 0.198921 0.980015
49.800000000 9.51618 11.9201 0 0 0 0.457908 0.888999
50.900000000 9.5827 12.515 0 0 0 0.670013 0.742349
52.200000000 9.50201 13.472 0 0 0 0.750612 0.660743
53.600000000 9.40591 14.5144 0 0 0 0.73028 0.683148
54.800000000 9.38321 15.4158 0 0 0 0.71226 0.701916
56.200000000 9.38007 16.4595 0 0 0 0.703641 0.710555
57.500000000 9.40373 17.4226 0 0 0 0.687902 0.725803
58.900000000 9.59334 18.3924 0 0 0 0.565814 0.824533
60.100000000 10.0901 19.153 0 0 0 0.460426 0.887698
61.000000000 10.3466 19.2954 0 0 0 0.185678 0.982611
61.700000000 10.5099 19.1981 0 0 0 -0.08978 0.995962
63.400000000 11.3037 18.5602 0 0 0 -0.319511 0.947582
64.700000000 12.0377 17.8805 0 0 0 -0.387085 0.922044
66.400000000 12.8064 17.4249 0 0 0 -0.112233 0.993682
67.200000000 13.0456 17.5259 0 0 0 0.162105 0.986773
68.800000000 13.8576 18.2445 0 0 0 0.378333 0.92567
70.100000000 14.5182 18.9631 0 0 0 0.447353 0.894357
71.300000000 14.9738 19.7471 0 0 0 0.512663 0.85859
72.700000000 15.3403 20.6947 0 0 0 0.57819 0.815902
73.900000000 15.5903 21.5818 0 0 0 0.628585 0.777741
75.200000000 15.7231 22.5462 0 0 0 0.67022 0.742162
76.600000000 15.7614 23.5987 0 0 0 0.699667 0.714469
78.000000000 15.9387 24.5317 0 0 0 0.56176 0.8273
79.500000000 16.5997 25.3689 0 0 0 0.39078 0.920484
80.800000000 17.3541 25.9803 0 0 0 0.304804 0.952415
82.200000000 18.2727 26.4851 0 0 0 0.223179 0.974778
83.600000000 19.2485 26.8711 0 0 0 0.185033 0.982732
85.000000000 20.1075 27.3362 0 0 0 0.313651 0.949538
85.700000000 20.1232 27.4933 0 0 0 0.567086 0.823659
87.500000000 19.9413 28.4515 0 0 0 0.730686 0.682713
88.900000000 19.955 29.4748 0 0 0 0.685831 0.727761
90.200000000 20.0816 30.468 0 0 0 0.649691 0.760199
91.600000000 20.2607 31.3713 0 0 0 0.560698 0.828021
92.300000000 20.368 31.2956 0 0 0 0.248371 0.968665
92.800000000 20.3915 31.1831 0 0 0 0.00624367 0.999981
93.700000000 20.6548 30.9577 0 0 0 -0.282745 0.959195
95.200000000 21.4013 30.1901 0 0 0 -0.41351 0.9105
96.500000000 22.0804 29.4812 0 0 0 -0.383109 0.923703
97.900000000 22.8295 28.7538 0 0 0 -0.375118 0.926977
99.200000000 23.5151 28.0736 0 0 0 -0.37821 0.92572
100.400000000 24.2389 27.5022 0 0 0 -0.304014 0.952668
101.900000000 25.2315 27.1082 0 0 0 -0.105747 0.994393
103.100000000 26.1183 27.0943 0 0 0 0.0265647 0.999647
104.500000000 27.1668 27.1949 0 0 0 0.0359222 0.999355
105.800000000 28.1391 27.2388 0 0 0 0.0161935 0.999869
107.000000000 29.0409 27.2471 0 0 0 0.000456974 1
108.400000000 30.0821 27.2344 0 0 0 -0.000999723 1
109.800000000 31.1343 27.2215 0 0 0 -0.000755052 1
111.200000000 32.1848 27.2278 0 0 0 0.00629467 0.99998
112.800000000 33.1925 27.4443 0 0 0 0.204535 0.978859
114.200000000 33.937 28.0858 0 0 0 0.382914 0.923784
115.600000000 34.7124 28.7194 0 0 0 0.283724 0.958906
116.300000000 34.8208 28.6382 0 0 0 -0.0341551 0.999417
117.000000000 34.7793 28.5014 0 0 0 -0.36939 0.929275
117.600000000 34.6867 28.4147 0 0 0 -0.622748 0.782422
118.100000000 34.5568 28.4258 0 0 0 -0.794101 0.607785
118.800000000 34.4541 28.4787 0 0 0 -0.953184 0.302391
119.400000000 34.3565 28.5907 0 0 0 -0.999098 0.0424745
120.200000000 34.1678 28.7569 0 0 0 0.970314 0.241847
121.600000000 33.4265 29.42 0 0 0 0.923402 0.383835
122.800000000 32.7045 29.9247 0 0 0 0.969251 0.246073
124.100000000 32.2928 30.3245 0 0 0 0.838067 0.545568
124.700000000 32.4095 30.3447 0 0 0 0.642729 0.766094
125.400000000 32.532 30.2903 0 0 0 0.346445 0.93807
126.000000000 32.5711 30.177 0 0 0 0.0594872 0.998229
127.200000000 33.1507 29.9175 0 0 0 -0.228647 0.973509
128.500000000 33.8526 29.3029 0 0 0 -0.372574 0.928002
129.900000000 34.5707 28.5418 0 0 0 -0.396511 0.91803
131.100000000 35.2031 27.8962 0 0 0 -0.379915 0.925022
132.400000000 35.8995 27.2043 0 0 0 -0.380045 0.924968
133.800000000 36.6514 26.4703 0 0 0 -0.380423 0.924812
135.000000000 37.2672 25.8099 0 0 0 -0.410309 0.911947
136.400000000 37.7732 24.9472 0 0 0 -0.556935 0.830556
137.900000000 37.9078 23.8702 0 0 0 -0.711398 0.702789
139.300000000 37.7954 22.8288 0 0 0 -0.746972 0.664856
140.600000000 37.7176 21.8521 0 0 0 -0.722336 0.691542
142.100000000 37.6066 20.8988 0 0 0 -0.815663 0.578528
143.700000000 36.9288 20.087 0 0 0 -0.924251 0.381786
145.000000000 36.2078 19.4181 0 0 0 -0.929303 0.369317
146.300000000 35.4582 18.7856 0 0 0 -0.946341 0.323171
147.600000000 34.6026 18.3298 0 0 0 -0.981538 0.191266
148.900000000 33.6372 18.0982 0 0 0 -0.997615 0.069022
150.200000000 32.6657 18.0524 0 0 0 0.999994 0.00341613
151.500000000 31.697 18.1542 0 0 0 0.997973 0.063645
152.800000000 30.7375 18.3448 0 0 0 0.99165 0.128962
154.000000000 29.8785 18.5852 0 0 0 0.990787 0.135433
155.400000000 28.8419 18.6921 0 0 0 0.999499 0.0316595
156.700000000 27.868 18.731 0 0 0 -0.999925 0.0122243
158.000000000 26.8852 18.6661 0 0 0 -0.999489 0.0319734
159.300000000 25.9219 18.6724 0 0 0 -0.999999 0.00114261
160.300000000 25.6145 18.757 0 0 0 0.951881 0.306469
160.900000000 25.7014 18.8556 0 0 0 0.822445 0.568845
161.400000000 25.7973 18.8728 0 0 0 0.658782 0.752334
162.000000000 25.9175 18.8331 0 0 0 0.412851 0.910799
162.700000000 25.9894 18.736 0 0 0 0.0796873 0.99682
163.300000000 26.0924 18.6235 0 0 0 -0.161295 0.986906
164.300000000 26.4507 18.2458 0 0 0 -0.400056 0.916491
165.700000000 26.8524 17.4032 0 0 0 -0.594864 0.803826
167.100000000 26.9422 16.3745 0 0 0 -0.694484 0.719508
168.500000000 26.8988 15.3232 0 0 0 -0.733014 0.680213
169.900000000 26.793 14.2756 0 0 0 -0.735543 0.677478
171.300000000 26.5501 13.2321 0 0 0 -0.794416 0.607374
172.700000000 26.0974 12.5078 0 0 0 -0.917882 0.396853
174.300000000 25.1611 12.0124 0 0 0 -0.989071 0.14744
175.700000000 24.406 12.0043 0 0 0 0.992385 0.123179
177.600000000 23.5294 12.5214 0 0 0 0.98569 0.168568
179.000000000 22.5839 12.6204 0 0 0 0.999782 0.020885
181.400000000 21.5746 12.5702 0 0 0 -0.99969 0.0248858
184.700000000 20.5676 12.5765 0 0 0 0.999993 0.00371713
188.400000000 19.6076 12.5342 0 0 0 -0.99983 0.0184201
192.200000000 18.6479 12.5145 0 0 0 -0.99997 0.00780311
195.600000000 17.6947 12.4939 0 0 0 -0.999984 0.00564042
199.400000000 16.7227 12.4826 0 0 0 -0.999984 0.00572611
203.300000000 15.7694 12.4713 0 0 0 -0.999983 0.00580859
207.100000000 14.7991 12.4597 0 0 0 -0.999983 0.00588866
211.200000000 13.8218 12.4479 0 0 0 -0.999982 0.0059663
215.600000000 12.8717 12.4362 0 0 0 -0.999982 0.00604127
219.700000000 11.9006 12.4142 0 0 0 -0.999981 0.00620015
224.000000000 10.9346 12.4219 0 0 0 0.999917 0.0128567
225.500000000 9.92543 12.6168 0 0 0 0.985357 0.170502
227.100000000 9.12897 13.2989 0 0 0 0.903486 0.428618
228.500000000 8.722 14.2125 0 0 0 0.801633 0.597816
229.900000000 8.63061 15.2606 0 0 0 0.708589 0.705621
231.300000000 8.7246 16.2658 0 0 0 0.633961 0.773365
232.600000000 9.01191 17.198 0 0 0 0.57141 0.820665
233.900000000 9.45138 18.09 0 0 0 0.504621 0.863341
235.200000000 10.0843 18.7985 0 0 0 0.42105 0.907037
236.600000000 10.817 19.5526 0 0 0 0.38479 0.923004
237.900000000 11.4972 20.2492 0 0 0 0.384802 0.922999
239.100000000 12.1283 20.8852 0 0 0 0.384812 0.922995
240.400000000 12.8159 21.5849 0 0 0 0.39038 0.920654
241.800000000 13.481 22.3894 0 0 0 0.455908 0.890027
243.200000000 13.8969 23.3389 0 0 0 0.59705 0.802204
244.600000000 13.9101 24.3993 0 0 0 0.704734 0.709472
245.900000000 13.8832 25.3508 0 0 0 0.755349 0.655323
247.200000000 13.7771 26.3245 0 0 0 0.73111 0.682259
248.600000000 13.7766 27.3698 0 0 0 0.691578 0.722302
249.800000000 13.8371 28.2896 0 0 0 0.675053 0.737769
251.300000000 14.043 29.2297 0 0 0 0.543823 0.8392
252.100000000 14.2216 29.2296 0 0 0 0.235687 0.971829
252.800000000 14.2997 29.1294 0 0 0 -0.0829473 0.996554
253.400000000 14.2462 29.0305 0 0 0 -0.370994 0.928635
254.000000000 14.1492 28.9644 0 0 0 -0.625152 0.780503
254.900000000 14.0172 28.6797 0 0 0 -0.829374 0.558693
256.400000000 13.3255 28.0189 0 0 0 -0.925941 0.377668
257.600000000 12.6603 27.3494 0 0 0 -0.940619 0.339465
259.000000000 11.7737 26.8232 0 0 0 -0.976531 0.215375
260.600000000 10.869 26.6907 0 0 0 -0.998509 0.0545924
263.500000000 9.88131 26.7012 0 0 0 0.999873 0.0159092
264.900000000 8.83363 26.7392 0 0 0 0.999548 0.0300759
266.200000000 7.86223 26.8008 0 0 0 0.999554 0.0298532
267.700000000 6.91187 26.8577 0 0 0 0.999786 0.020686
270.000000000 5.94418 26.8831 0 0 0 0.999828 0.018553
271.500000000 4.97008 27.1485 0 0 0 0.978421 0.20662
272.700000000 4.49169 27.6338 0 0 0 0.889608 0.456725
274.000000000 4.3565 28.3532 0 0 0 0.726929 0.686713
275.300000000 4.61483 29.0759 0 0 0 0.522598 0.852579
276.800000000 5.33752 29.7783 0 0 0 0.302506 0.953147
278.000000000 5.85592 29.9181 0 0 0 -0.0162134 0.999869
278.600000000 5.82735 29.8142 0 0 0 -0.306567 0.951849
279.300000000 5.7328 29.7116 0 0 0 -0.608075 0.793879
279.900000000 5.61879 29.6868 0 0 0 -0.805105 0.593132
280.600000000 5.39038 29.509 0 0 0 -0.915089 0.403252
282.100000000 4.50836 28.8916 0 0 0 -0.960608 0.277906
283.400000000 3.77858 28.2611 0 0 0 -0.926216 0.376993
285.200000000 3.05592 27.5031 0 0 0 -0.92091 0.389774
288.100000000 2.38588 26.8212 0 0 0 -0.922164 0.386798
291.700000000 1.72621 26.1487 0 0 0 -0.922081 0.386997
295.900000000 1.06305 25.472 0 0 0 -0.922044 0.387086
300.300000000 0.36848 24.7639 0 0 0 -0.92203 0.387119
304.100000000 -0.29243 24.0896 0 0 0 -0.922016 0.387152
308.000000000 -0.934961 23.3336 0 0 0 -0.861414 0.507904
308.800000000 -0.889399 23.0816 0 0 0 -0.685954 0.727645
310.400000000 -0.402023 22.1759 0 0 0 -0.484627 0.874721
311.800000000 0.261081 21.3657 0 0 0 -0.397408 0.917642
313.100000000 0.904656 20.6348 0 0 0 -0.403073 0.915168
314.300000000 1.09945 20.2046 0 0 0 -0.658982 0.752159
315.000000000 0.995771 20.0429 0 0 0 -0.83348 0.552549
316.500000000 0.315602 19.2721 0 0 0 -0.925642 0.3784
317.700000000 -0.369878 18.6964 0 0 0 -0.950344 0.3112
319.100000000 -1.27588 18.2744 0 0 0 -0.986216 0.165464
320.300000000 -1.85447 18.3371 0 0 0 0.991004 0.13383
321.700000000 -2.55401 18.8732 0 0 0 0.929792 0.368085
323.000000000 -3.20287 19.5791 0 0 0 0.927288 0.374348
324.400000000 -3.99817 20.191 0 0 0 0.957294 0.289117
325.700000000 -4.91092 20.6107 0 0 0 0.982905 0.184111
327.000000000 -5.85584 20.8278 0 0 0 0.995432 0.0954694
328.300000000 -6.81715 20.9713 0 0 0 0.997755 0.0669627
329.800000000 -7.61542 21.4213 0 0 0 0.941243 0.33773
331.200000000 -8.09488 22.1941 0 0 0 0.827912 0.560859
332.600000000 -8.20098 23.1918 0 0 0 0.710721 0.703474
333.900000000 -8.11002 24.1611 0 0 0 0.670726 0.741706
335.300000000 -8.02686 25.2104 0 0 0 0.68472 0.728807
336.400000000 -8.1402 25.5138 0 0 0 0.895676 0.444708
336.900000000 -8.20897 25.4375 0 0 0 0.977725 0.209888
337.800000000 -8.51708 25.3306 0 0 0 -0.995575 0.0939685
339.400000000 -9.47635 24.7888 0 0 0 -0.966311 0.257377
340.900000000 -10.5059 24.4716 0 0 0 -0.99759 0.0693872
342.300000000 -11.5164 24.5964 0 0 0 0.9972 0.0747839
343.600000000 -12.4856 24.7305 0 0 0 0.998682 0.0513285
345.000000000 -13.532 24.7299 0 0 0 -0.999914 0.0131523
346.400000000 -14.5632 24.6805 0 0 0 -0.999546 0.0301142
347.600000000 -15.4822 24.6532 0 0 0 -0.999978 0.00662282
349.200000000 -16.4494 24.2465 0 0 0 -0.963946 0.266098
350.500000000 -17.2664 23.7202 0 0 0 -0.964296 0.264826
351.700000000 -18.136 23.4751 0 0 0 -0.990504 0.137482
353.000000000 -19.1044 23.3664 0 0 0 -0.999907 0.0136131
354.400000000 -20.149 23.4795 0 0 0 0.997205 0.0747079
355.700000000 -21.0796 23.5871 0 0 0 0.997775 0.0666777
357.000000000 -22.0575 23.6503 0 0 0 0.999938 0.0111511
358.400000000 -22.7565 23.5545 0 0 0 -0.966529 0.256557
359.100000000 -22.6525 23.4642 0 0 0 -0.819361 0.573278
359.900000000 -22.5573 23.2094 0 0 0 -0.631557 0.77533
361.400000000 -22.0598 22.3797 0 0 0 -0.50418 0.863599
362.800000000 -21.896 21.5734 0 0 0 -0.738333 0.674436
364.100000000 -22.3093 20.8704 0 0 0 -0.878778 0.477231
364.900000000 -22.4545 20.8292 0 0 0 -0.984575 0.174965
366.600000000 -23.5637 20.8385 0 0 0 -0.999659 0.0261121
367.400000000 -23.6393 20.707 0 0 0 -0.935504 0.353316
368.100000000 -23.5192 20.645 0 0 0 -0.757141 0.653252
368.700000000 -23.4037 20.653 0 0 0 -0.530177 0.847887
369.300000000 -23.3086 20.7126 0 0 0 -0.268814 0.963192
369.900000000 -23.2322 20.7989 0 0 0 0.00255669 0.999997
371.300000000 -22.502 21.1321 0 0 0 0.230278 0.973125
372.800000000 -21.8608 21.8365 0 0 0 0.482414 0.875943
374.300000000 -21.674 22.7562 0 0 0 0.703849 0.71035
375.700000000 -21.9801 23.5711 0 0 0 0.865435 0.501021
376.800000000 -22.3654 23.8607 0 0 0 0.974603 0.223939
378.300000000 -23.2653 23.8453 0 0 0 0.999993 0.0038237
379.400000000 -23.6715 23.7235 0 0 0 -0.947575 0.319534
380.000000000 -23.5777 23.6557 0 0 0 -0.810398 0.585879
380.600000000 -23.5387 23.6008 0 0 0 -0.623141 0.78211
381.200000000 -23.2932 23.5492 0 0 0 -0.414647 0.909982
382.900000000 -22.3093 23.1046 0 0 0 -0.196099 0.980584
384.100000000 -21.5547 22.6333 0 0 0 -0.32289 0.946436
385.400000000 -20.8955 21.9349 0 0 0 -0.403149 0.915134
386.800000000 -20.16 21.2589 0 0 0 -0.320176 0.947358
388.200000000 -19.2416 20.8398 0 0 0 -0.143944 0.989586
389.400000000 -18.3139 20.6941 0 0 0 -0.0589053 0.998264
390.800000000 -17.274 20.6695 0 0 0 0.000670375 1
392.100000000 -16.3127 20.6994 0 0 0 0.0231832 0.999731
393.500000000 -15.8173 20.8436 0 0 0 0.359494 0.933148
394.000000000 -15.87 20.8961 0 0 0 0.577297 0.816534
394.600000000 -15.985 20.9204 0 0 0 0.7938 0.608179
395.300000000 -16.1734 20.895 0 0 0 0.943911 0.330201
396.300000000 -16.6463 20.9112 0 0 0 0.996231 0.0867397
397.700000000 -17.6494 20.8408 0 0 0 -0.999472 0.0324991
399.100000000 -18.6195 20.8422 0 0 0 0.998081 0.0619289
400.400000000 -19.2096 21.2415 0 0 0 0.941368 0.337381
401.700000000 -19.8675 22.0226 0 0 0 0.893531 0.449001
403.000000000 -20.2936 22.8953 0 0 0 0.822413 0.568891
404.400000000 -20.4299 23.9037 0 0 0 0.700351 0.713799
405.700000000 -20.2973 24.8642 0 0 0 0.66866 0.743569
407.100000000 -20.2606 25.8946 0 0 0 0.70367 0.710527
408.400000000 -20.2594 26.8742 0 0 0 0.713597 0.700556
409.700000000 -20.2502 27.8495 0 0 0 0.709059 0.705149
411.100000000 -20.3026 28.7896 0 0 0 0.784677 0.619905
412.000000000 -20.5526 29.0145 0 0 0 0.927147 0.374699
413.000000000 -21.0078 29.1767 0 0 0 0.992482 0.122391
414.300000000 -21.9718 29.2771 0 0 0 0.999293 0.0375853
415.300000000 -22.3414 29.1928 0 0 0 -0.972743 0.231885
416.000000000 -22.259 29.1225 0 0 0 -0.835178 0.549979
416.800000000 -22.2086 28.7789 0 0 0 -0.680423 0.73282
418.300000000 -21.9084 27.871 0 0 0 -0.576137 0.817353
419.600000000 -21.8748 27.0835 0 0 0 -0.763507 0.6458
421.200000000 -22.4107 26.2382 0 0 0 -0.917597 0.397513
422.300000000 -22.8295 26.0475 0 0 0 -0.995539 0.0943524
423.000000000 -22.9666 26.1602 0 0 0 0.983564 0.180559
424.600000000 -23.827 26.5346 0 0 0 0.992442 0.122716
426.000000000 -24.8474 26.5595 0 0 0 -0.999619 0.0275926
427.400000000 -25.9225 26.4433 0 0 0 -0.998974 0.0452935
428.600000000 -26.7936 26.3904 0 0 0 -0.999944 0.0105672
429.900000000 -27.7657 26.3883 0 0 0 0.999784 0.0207629
431.300000000 -28.8139 26.479 0 0 0 0.99865 0.0519442
432.700000000 -29.8301 26.6591 0 0 0 0.991942 0.126689
434.300000000 -30.7264 27.2656 0 0 0 0.932798 0.360399
435.600000000 -31.3789 27.9789 0 0 0 0.906418 0.422382
437.200000000 -31.8236 28.7755 0 0 0 0.738993 0.673713
438.100000000 -31.6157 29.0885 0 0 0 0.533522 0.845786
439.600000000 -30.9244 29.7822 0 0 0 0.307937 0.951407
441.100000000 -30.0779 30.0713 0 0 0 0.014837 0.99989
441.700000000 -30.0993 29.9591 0 0 0 -0.277226 0.960805
442.400000000 -30.1819 29.875 0 0 0 -0.58657 0.809899
442.900000000 -30.3199 29.8627 0 0 0 -0.765249 0.643734
444.000000000 -30.6401 29.4446 0 0 0 -0.914205 0.405252
445.400000000 -31.4297 28.7754 0 0 0 -0.936308 0.351179
446.700000000 -32.1656 28.0716 0 0 0 -0.917167 0.398503
448.000000000 -32.7514 27.3445 0 0 0 -0.902342 0.431022
449.300000000 -33.3002 26.5295 0 0 0 -0.872738 0.488189
450.600000000 -33.7198 25.6456 0 0 0 -0.834846 0.550483
451.900000000 -34.0218 24.7283 0 0 0 -0.793667 0.608352
453.200000000 -34.1827 23.7764 0 0 0 -0.746933 0.664899
455.000000000 -34.2088 22.8107 0 0 0 -0.699933 0.714209
458.900000000 -34.1456 21.8383 0 0 0 -0.685291 0.728269
462.100000000 -34.1671 20.8417 0 0 0 -0.727496 0.686111
463.400000000 -34.4248 19.8928 0 0 0 -0.839983 0.542613
464.900000000 -35.0816 19.149 0 0 0 -0.943849 0.330378
465.800000000 -35.3818 19.1041 0 0 0 -0.999596 0.0284356
466.800000000 -35.857 19.3373 0 0 0 0.977019 0.213153
468.100000000 -36.6783 19.8298 0 0 0 0.964588 0.263762
469.500000000 -37.6496 20.1601 0 0 0 0.994863 0.101233
471.100000000 -38.5308 20.0656 0 0 0 -0.969543 0.244922
471.700000000 -38.4465 19.9823 0 0 0 -0.853867 0.52049
472.200000000 -38.35 19.9512 0 0 0 -0.698999 0.715123
472.900000000 -38.2376 20.009 0 0 0 -0.410811 0.91172
473.500000000 -38.1643 20.1046 0 0 0 -0.122696 0.992444
474.100000000 -38.1711 20.2219 0 0 0 0.175872 0.984413
475.100000000 -37.8111 20.5925 0 0 0 0.40247 0.915433
476.400000000 -37.2734 21.4126 0 0 0 0.511622 0.859211
477.400000000 -37.2665 21.7064 0 0 0 0.769734 0.638365
478.000000000 -37.3647 21.6457 0 0 0 0.923764 0.382961
478.700000000 -37.4301 21.5306 0 0 0 0.999101 0.0423857
479.300000000 -37.4049 21.4147 0 0 0 -0.967006 0.254752
479.900000000 -37.3189 21.3329 0 0 0 -0.848545 0.529122
480.700000000 -37.2435 21.0018 0 0 0 -0.695376 0.718646
482.100000000 -36.922 20.1644 0 0 0 -0.49866 0.866798
483.700000000 -36.1724 19.4228 0 0 0 -0.360211 0.932871
486.500000000 -35.47 18.7563 0 0 0 -0.37443 0.927255
489.400000000 -34.7594 17.9634 0 0 0 -0.445807 0.895129
490.700000000 -34.3295 17.1191 0 0 0 -0.560978 0.827831
492.600000000 -34.1599 16.2198 0 0 0 -0.673491 0.739195
495.300000000 -34.177 15.13 0 0 0 -0.726205 0.687478
496.600000000 -34.2586 14.1588 0 0 0 -0.74648 0.665407
498.000000000 -34.4046 13.1185 0 0 0 -0.759267 0.65078
499.200000000 -34.6103 12.2412 0 0 0 -0.807111 0.5904
500.700000000 -35.1675 11.3542 0 0 0 -0.916867 0.399193
501.900000000 -35.845 10.7846 0 0 0 -0.926 0.377524
503.300000000 -36.5817 10.0365 0 0 0 -0.923186 0.384353
504.600000000 -37.3196 9.38112 0 0 0 -0.948985 0.315321
506.000000000 -38.2058 8.91808 0 0 0 -0.987856 0.155369
506.700000000 -38.258 9.04813 0 0 0 0.985798 0.167934
507.300000000 -38.1965 9.1474 0 0 0 0.895024 0.446018
507.900000000 -38.0893 9.19366 0 0 0 0.726154 0.687532
508.500000000 -37.9834 9.17479 0 0 0 0.494544 0.869153
509.100000000 -37.917 9.09397 0 0 0 0.220127 0.975471
509.600000000 -37.8759 9.02552 0 0 0 0.00343184 0.999994
510.400000000 -37.6683 8.83899 0 0 0 -0.283992 0.958827
511.900000000 -37.0638 8.07193 0 0 0 -0.450353 0.892851
513.300000000 -36.2897 7.49768 0 0 0 -0.246837 0.969057
514.700000000 -35.3666 7.21386 0 0 0 -0.0797599 0.996814
516.000000000 -34.3771 7.03985 0 0 0 -0.167552 0.985863
517.300000000 -33.8937 6.64285 0 0 0 -0.479139 0.877739
517.900000000 -33.9981 6.60159 0 0 0 -0.704226 0.709976
518.600000000 -34.1361 6.58451 0 0 0 -0.896004 0.444046
519.300000000 -34.2132 6.6963 0 0 0 -0.993458 0.114202
519.900000000 -34.2134 6.83419 0 0 0 0.98401 0.178115
520.500000000 -34.1614 6.93424 0 0 0 0.889334 0.457259
521.100000000 -34.0327 6.98278 0 0 0 0.718759 0.695259
522.000000000 -33.8579 7.27794 0 0 0 0.496342 0.868127
523.500000000 -33.0914 8.00348 0 0 0 0.337985 0.941152
524.900000000 -32.2599 8.56709 0 0 0 0.240634 0.970616
526.500000000 -31.3118 8.85609 0 0 0 0.0868359 0.996223
528.400000000 -30.2993 8.85723 0 0 0 -0.0235609 0.999722
529.600000000 -29.3986 8.78159 0 0 0 -0.0437484 0.999043
531.000000000 -28.3371 8.66231 0 0 0 -0.0495304 0.998773
532.600000000 -27.4519 8.59967 0 0 0 -0.0107105 0.999943
535.500000000 -26.4581 8.60779 0 0 0 0.010733 0.999942
538.000000000 -25.4453 8.61631 0 0 0 -0.017015 0.999855
539.400000000 -24.4222 8.57542 0 0 0 -0.0346673 0.999399
541.200000000 -23.4418 8.52313 0 0 0 -0.00353643 0.999994
543.900000000 -22.5191 8.54261 0 0 0 0.0154612 0.99988
547.700000000 -21.5228 8.60339 0 0 0 0.0254626 0.999676
551.600000000 -20.527 8.6353 0 0 0 0.00975331 0.999952
554.200000000 -19.5536 8.64942 0 0 0 0.00188349 0.999998
556.100000000 -18.5184 8.65483 0 0 0 -0.000138228 1
557.900000000 -17.5333 8.65884 0 0 0 -0.000356566 1
559.700000000 -16.5467 8.66279 0 0 0 -0.000570618 1
561.500000000 -15.5651 8.66308 0 0 0 -0.000440732 1
563.300000000 -14.5793 8.66349 0 0 0 -0.000319626 1
565.200000000 -13.537 8.66216 0 0 0 -0.000311131 1
567.100000000 -12.5001 8.66109 0 0 0 -0.00030595 1
568.500000000 -11.4858 8.52541 0 0 0 -0.130462 0.991453
570.000000000 -10.554 8.01102 0 0 0 -0.338456 0.940982
571.200000000 -9.98546 7.28559 0 0 0 -0.437546 0.899196
572.600000000 -9.49017 6.36517 0 0 0 -0.550102 0.835098
573.800000000 -9.05118 5.95866 0 0 0 -0.278224 0.960516
575.100000000 -8.31977 5.89309 0 0 0 0.00273278 0.999996
576.600000000 -7.36982 6.20621 0 0 0 0.153215 0.988193
577.900000000 -6.42943 6.28709 0 0 0 -0.0107137 0.999943
578.600000000 -6.35331 6.16581 0 0 0 -0.304734 0.952438
579.200000000 -6.44771 6.08211 0 0 0 -0.559626 0.828746
579.900000000 -6.52352 5.98168 0 0 0 -0.787959 0.615728
580.900000000 -6.8995 5.57715 0 0 0 -0.909751 0.415154
582.400000000 -7.70352 4.83577 0 0 0 -0.930123 0.367248
583.700000000 -8.36561 4.14801 0 0 0 -0.905873 0.423549
584.500000000 -8.3164 3.94972 0 0 0 -0.729137 0.684367
585.200000000 -8.19145 3.88556 0 0 0 -0.515856 0.856676
586.700000000 -7.48254 3.10739 0 0 0 -0.388234 0.921561
588.000000000 -6.9221 2.32706 0 0 0 -0.507264 0.861791
589.500000000 -6.70961 1.31651 0 0 0 -0.691038 0.722819
590.900000000 -7.0082 0.532333 0 0 0 -0.861897 0.507083
592.200000000 -7.50476 -0.265376 0 0 0 -0.873748 0.48638
593.500000000 -7.91523 -1.13666 0 0 0 -0.797747 0.602993
595.400000000 -7.94427 -2.16432 0 0 0 -0.698214 0.715889
596.400000000 -7.83166 -2.31646 0 0 0 -0.416681 0.909053
597.100000000 -7.74842 -2.22887 0 0 0 -0.0827791 0.996568
597.800000000 -7.55608 -2.1311 0 0 0 0.165294 0.986244
598.900000000 -7.22483 -1.72614 0 0 0 0.433707 0.901054
600.300000000 -6.87759 -0.792251 0 0 0 0.606827 0.794834
601.600000000 -6.79714 0.0908489 0 0 0 0.7096 0.704605
603.900000000 -6.86118 1.08356 0 0 0 0.73269 0.680563
606.600000000 -6.89408 2.13009 0 0 0 0.71862 0.695403
607.900000000 -6.90593 3.10338 0 0 0 0.701213 0.712952
609.200000000 -6.89114 4.053 0 0 0 0.705285 0.708924
610.900000000 -6.89417 4.98835 0 0 0 0.708284 0.705928
612.800000000 -6.89771 6.03218 0 0 0 0.708224 0.705988
614.800000000 -6.8613 7.10208 0 0 0 0.690518 0.723316
616.000000000 -6.84061 8.01684 0 0 0 0.671172 0.741301
617.700000000 -6.34111 8.96413 0 0 0 0.42974 0.902953
618.700000000 -5.94057 9.20421 0 0 0 0.179962 0.983674
619.400000000 -5.78539 9.11491 0 0 0 -0.092644 0.995699
621.000000000 -4.82362 8.79686 0 0 0 -0.111865 0.993723
622.400000000 -3.84277 8.69262 0 0 0 -0.0103416 0.999947
624.600000000 -2.87484 8.72141 0 0 0 0.0211194 0.999777
628.300000000 -1.86408 8.7693 0 0 0 0.0154044 0.999881
630.800000000 -0.80637 8.74581 0 0 0 -0.0175846 0.999845
632.200000000 0.166565 8.54543 0 0 0 -0.170921 0.985285
633.300000000 0.586644 8.11799 0 0 0 -0.422666 0.906285
634.600000000 0.795085 7.38809 0 0 0 -0.652568 0.75773
636.200000000 0.520566 6.42112 0 0 0 -0.827108 0.562043
637.500000000 0.1666 5.51102 0 0 0 -0.839596 0.543211
638.900000000 -0.0756895 4.57186 0 0 0 -0.751251 0.660017
641.100000000 -0.0257576 3.60406 0 0 0 -0.673888 0.738834
645.400000000 0.0748422 2.65336 0 0 0 -0.666629 0.74539
650.200000000 0.165637 1.68815 0 0 0 -0.681086 0.732203
655.000000000 0.162795 0.697977 0 0 0 -0.717277 0.696788
659.200000000 0.114916 -0.262629 0 0 0 -0.72705 0.686585
663.600000000 0.091094 -1.21929 0 0 0 -0.712245 0.701931
668.500000000 0.0865205 -2.18958 0 0 0 -0.707404 0.70681
673.300000000 0.0784091 -3.1452 0 0 0 -0.707148 0.707066
677.700000000 0.0491861 -4.09727 0 0 0 -0.722124 0.691764
679.300000000 -0.00574617 -5.14809 0 0 0 -0.730065 0.683378
680.700000000 -0.0429441 -6.19602 0 0 0 -0.710195 0.704005
681.900000000 -0.0445219 -7.10904 0 0 0 -0.703943 0.710256
683.200000000 -0.0202349 -8.08361 0 0 0 -0.704056 0.710145
684.600000000 -0.0675634 -9.11326 0 0 0 -0.753427 0.657532
686.200000000 -0.55133 -10.077 0 0 0 -0.897524 0.440966
687.000000000 -0.831301 -10.1299 0 0 0 -0.985982 0.166849
688.600000000 -1.81229 -10.145 0 0 0 0.999976 0.00696061
689.900000000 -2.77396 -10.0941 0 0 0 0.99955 0.0299802
691.600000000 -3.52963 -9.89008 0 0 0 0.93191 0.36269
692.300000000 -3.4076 -9.83662 0 0 0 0.755682 0.654939
693.000000000 -3.27641 -9.83585 0 0 0 0.488356 0.872645
693.900000000 -2.96196 -9.75688 0 0 0 0.203795 0.979014
694.900000000 -2.48545 -9.81413 0 0 0 -0.0511665 0.99869
696.100000000 -1.59494 -9.9285 0 0 0 -0.0474357 0.998874
703.800000000 -0.537916 -9.78948 0 0 0 0.155008 0.987913
705.300000000 0.213837 -9.19858 0 0 0 0.409952 0.912107
706.800000000 0.573157 -8.27077 0 0 0 0.631492 0.775382
708.100000000 0.544279 -7.3299 0 0 0 0.746692 0.66517
709.500000000 0.26757 -6.33806 0 0 0 0.775669 0.63114
710.800000000 0.228493 -5.35979 0 0 0 0.702732 0.711454
712.000000000 0.292149 -4.4603 0 0 0 0.668776 0.743464
713.300000000 0.396347 -3.48763 0 0 0 0.68487 0.728665
714.600000000 0.398288 -2.51629 0 0 0 0.71877 0.695247
715.900000000 0.376325 -1.54194 0 0 0 0.711034 0.703157
717.300000000 0.394951 -0.487649 0 0 0 0.701331 0.712835
718.600000000 0.395476 0.487287 0 0 0 0.708308 0.705903
719.700000000 0.260353 0.674141 0 0 0 0.900229 0.435416
720.500000000 0.192286 0.560495 0 0 0 0.994114 0.108337
721.200000000 0.198274 0.424229 0 0 0 -0.980681 0.195616
721.800000000 0.280144 0.404494 0 0 0 -0.893227 0.449606
722.400000000 0.368508 0.373824 0 0 0 -0.739181 0.673507
723.200000000 0.544499 0.192233 0 0 0 -0.521753 0.853097
724.800000000 1.23234 -0.590908 0 0 0 -0.342475 0.939527
725.700000000 1.40419 -0.577892 0 0 0 -0.0704904 0.997512
726.500000000 1.3816 -0.458794 0 0 0 0.242767 0.970085
727.300000000 1.40998 -0.258899 0 0 0 0.468443 0.883494
729.000000000 1.57668 0.490873 0 0 0 0.678028 0.735036
729.900000000 1.4587 0.483108 0 0 0 0.879168 0.476512
730.500000000 1.39924 0.422251 0 0 0 0.96421 0.265139
731.200000000 1.36932 0.304863 0 0 0 -0.999104 0.0423239
731.800000000 1.42062 0.224961 0 0 0 -0.943702 0.330798
732.400000000 1.5194 0.162608 0 0 0 -0.80687 0.590729
733.000000000 1.63552 0.142826 0 0 0 -0.600044 0.799967
734.000000000 1.9495 -0.202432 0 0 0 -0.363415 0.931627
735.200000000 2.45857 -0.293163 0 0 0 -0.08108 0.996708
736.600000000 2.77834 -0.174467 0 0 0 0.19589 0.980626
738.000000000 3.11461 0.197319 0 0 0 0.440779 0.897616
739.500000000 3.18612 0.593844 0 0 0 0.675933 0.736963
740.500000000 3.07887 0.56805 0 0 0 0.850102 0.526618
741.600000000 2.99536 0.491699 0 0 0 0.97022 0.242227
742.600000000 2.96934 0.372248 0 0 0 -0.999177 0.0405587
743.900000000 2.73712 0.16525 0 0 0 -0.957191 0.289455
745.200000000 2.63611 -0.0516272 0 0 0 -0.843444 0.537217
746.100000000 2.74533 -0.0534436 0 0 0 -0.662734 0.748855
747.100000000 2.85246 -0.0347603 0 0 0 -0.406707 0.913559
748.800000000 3.20985 -0.0791915 0 0 0 -0.132455 0.991189
749.700000000 3.24147 -0.0140838 0 0 0 0.145157 0.989409
750.500000000 3.18228 0.0697017 0 0 0 0.40998 0.912095
751.300000000 3.08214 0.130463 0 0 0 0.631574 0.775316
752.200000000 3.00983 0.31919 0 0 0 0.797057 0.603904
753.200000000 2.8565 0.34119 0 0 0 0.957666 0.287883
753.800000000 2.82447 0.22691 0 0 0 -0.999969 0.00789217
754.500000000 2.87002 0.132339 0 0 0 -0.936504 0.350657
755.200000000 2.98112 0.00919894 0 0 0 -0.768238 0.640165
756.000000000 3.09562 -0.176495 0 0 0 -0.559604 0.82876
757.500000000 3.51929 -1.19362 0 0 0 -0.582778 0.812632
758.900000000 3.74049 -2.19272 0 0 0 -0.648351 0.761342
760.600000000 3.81622 -3.18315 0 0 0 -0.695897 0.718142
763.700000000 3.79134 -4.10738 0 0 0 -0.718517 0.695509
768.000000000 3.76318 -5.0675 0 0 0 -0.713668 0.700484
772.800000000 3.74851 -6.02038 0 0 0 -0.708989 0.705219
777.800000000 3.74321 -7.00843 0 0 0 -0.70904 0.705169
782.700000000 3.73936 -7.98549 0 0 0 -0.709031 0.705177
785.800000000 3.83245 -8.9875 0 0 0 -0.641591 0.767047
787.300000000 4.21024 -9.98201 0 0 0 -0.471394 0.881922
788.600000000 4.98696 -10.6178 0 0 0 -0.32872 0.944428
790.000000000 5.72814 -11.3166 0 0 0 -0.369723 0.929142
791.300000000 6.48874 -11.9529 0 0 0 -0.38977 0.920912
792.600000000 7.19238 -12.6355 0 0 0 -0.369643 0.929174
793.900000000 7.97794 -13.2337 0 0 0 -0.267601 0.96353
795.500000000 8.91953 -13.4552 0 0 0 0.0116505 0.999932
797.000000000 9.90333 -13.1051 0 0 0 0.211245 0.977433
798.300000000 10.8245 -12.7687 0 0 0 0.139131 0.990274
799.600000000 11.7841 -12.668 0 0 0 0.00809884 0.999967
800.900000000 12.7543 -12.8102 0 0 0 -0.0966049 0.995323
802.000000000 13.2347 -12.6897 0 0 0 0.201487 0.979491
803.500000000 14.0314 -12.0077 0 0 0 0.38591 0.922536
804.800000000 14.6853 -11.2941 0 0 0 0.403045 0.91518
806.100000000 15.3836 -10.6041 0 0 0 0.366737 0.930325
807.700000000 16.0488 -10.1403 0 0 0 0.0577388 0.998332
808.300000000 16.1574 -10.2792 0 0 0 -0.213479 0.976948
809.000000000 16.0934 -10.4028 0 0 0 -0.518155 0.855287
809.700000000 15.9788 -10.4246 0 0 0 -0.776253 0.630422
810.200000000 15.8722 -10.377 0 0 0 -0.905874 0.423547
810.900000000 15.7804 -10.3047 0 0 0 -0.995827 0.0912579
811.600000000 15.5988 -10.1736 0 0 0 0.986573 0.163322
812.900000000 15.0532 -9.61534 0 0 0 0.915185 0.403034
814.100000000 14.5024 -8.88813 0 0 0 0.915681 0.401905
815.400000000 13.8207 -8.1931 0 0 0 0.924793 0.380472
816.700000000 13.1233 -7.51347 0 0 0 0.924792 0.380474
818.100000000 12.376 -6.77307 0 0 0 0.924791 0.380475
819.400000000 11.6825 -6.08741 0 0 0 0.924791 0.380477
820.800000000 11.3456 -5.48843 0 0 0 0.766733 0.641966
822.000000000 11.5306 -4.78186 0 0 0 0.586453 0.809983
823.300000000 11.8976 -3.89739 0 0 0 0.559391 0.828904
824.600000000 12.1314 -2.95736 0 0 0 0.643503 0.765444
826.000000000 12.1935 -1.90672 0 0 0 0.701798 0.712376
827.200000000 12.1875 -1.01416 0 0 0 0.725742 0.687967
828.600000000 12.0694 0.0347899 0 0 0 0.746257 0.665658
829.900000000 11.9385 1.00369 0 0 0 0.766471 0.642279
831.300000000 11.6419 2.01364 0 0 0 0.808274 0.588806
832.600000000 11.1888 2.83284 0 0 0 0.895096 0.445873
834.100000000 10.3506 3.42375 0 0 0 0.973931 0.226844
835.600000000 9.31352 3.58906 0 0 0 0.999889 0.0148834
836.900000000 8.40171 3.42443 0 0 0 -0.988601 0.150561
837.600000000 8.45268 3.30824 0 0 0 -0.885108 0.465385
838.200000000 8.5655 3.27297 0 0 0 -0.706801 0.707413
838.800000000 8.68852 3.30795 0 0 0 -0.466147 0.884707
839.400000000 8.84422 3.32277 0 0 0 -0.236667 0.971591
840.800000000 9.68013 3.32791 0 0 0 0.0443033 0.999018
842.100000000 10.6337 3.52823 0 0 0 0.116561 0.993184
843.500000000 11.6586 3.78682 0 0 0 0.0788727 0.996885
844.700000000 12.561 3.73039 0 0 0 -0.0374652 0.999298
846.100000000 13.6074 3.64092 0 0 0 -0.0478948 0.998852
847.400000000 14.5798 3.61269 0 0 0 -3.31215e-05 1
848.700000000 15.553 3.6422 0 0 0 0.0198158 0.999804
850.100000000 16.6061 3.63832 0 0 0 -0.00296604 0.999996
851.400000000 17.5783 3.60438 0 0 0 -0.0250531 0.999686
852.700000000 18.552 3.57472 0 0 0 -0.00493266 0.999988
853.900000000 19.456 3.57339 0 0 0 -0.00282324 0.999996
855.300000000 20.4997 3.56763 0 0 0 -0.00282512 0.999996
856.600000000 21.4834 3.56195 0 0 0 -0.00282736 0.999996
857.900000000 22.4559 3.55601 0 0 0 -0.00282857 0.999996
859.200000000 23.4297 3.55034 0 0 0 -0.00283165 0.999996
860.600000000 24.4834 3.54449 0 0 0 -0.00283633 0.999996
862.100000000 25.4143 3.85569 0 0 0 0.249239 0.968442
863.500000000 26.1105 4.54134 0 0 0 0.399292 0.916824
864.600000000 26.5197 4.78941 0 0 0 0.120549 0.992707
865.300000000 26.503 4.65221 0 0 0 -0.221536 0.975152
865.900000000 26.4311 4.55959 0 0 0 -0.494282 0.869301
866.500000000 26.3353 4.44433 0 0 0 -0.699029 0.715093
867.200000000 26.212 4.32343 0 0 0 -0.864767 0.502173
868.700000000 25.4671 3.59598 0 0 0 -0.93267 0.36073
870.100000000 24.7025 2.89494 0 0 0 -0.931061 0.364862
871.700000000 24.0549 2.15036 0 0 0 -0.892768 0.450517
873.100000000 23.6545 1.24144 0 0 0 -0.805256 0.592928
875.100000000 23.5859 0.328305 0 0 0 -0.716813 0.697265
878.900000000 23.6141 -0.610565 0 0 0 -0.687074 0.726588
883.400000000 23.6636 -1.59182 0 0 0 -0.689194 0.724577
886.800000000 23.7673 -2.5944 0 0 0 -0.65453 0.756036
888.300000000 24.1747 -3.42935 0 0 0 -0.423724 0.905792
889.400000000 24.7 -3.6808 0 0 0 -0.172708 0.984973
890.100000000 24.8641 -3.61049 0 0 0 0.0924987 0.995713
890.900000000 24.9349 -3.44084 0 0 0 0.407182 0.913347
891.500000000 24.8269 -3.39166 0 0 0 0.658784 0.752332
892.000000000 24.72 -3.40153 0 0 0 0.824079 0.566475
892.700000000 24.6267 -3.48481 0 0 0 0.968511 0.248972
893.300000000 24.6025 -3.60076 0 0 0 -0.998831 0.0483409
893.800000000 24.6275 -3.68976 0 0 0 -0.956009 0.293339
894.400000000 24.6898 -3.81124 0 0 0 -0.84235 0.538932
895.200000000 24.7992 -4.01436 0 0 0 -0.647696 0.761899
896.700000000 25.2621 -4.88179 0 0 0 -0.42936 0.903133
898.200000000 25.6985 -5.76622 0 0 0 -0.606403 0.795157
899.700000000 25.7189 -6.84074 0 0 0 -0.751175 0.660103
901.000000000 25.4949 -7.79883 0 0 0 -0.770561 0.637366
902.500000000 25.4039 -8.77281 0 0 0 -0.731769 0.681553
904.100000000 25.4991 -9.76099 0 0 0 -0.619341 0.785122
905.600000000 26.0402 -10.5622 0 0 0 -0.395248 0.918575
906.900000000 26.8241 -11.0441 0 0 0 -0.213546 0.976933
908.300000000 27.8288 -11.2561 0 0 0 -0.0442947 0.999019
909.100000000 27.9724 -11.1301 0 0 0 0.264954 0.964261
909.700000000 27.8938 -11.0305 0 0 0 0.536715 0.843764
910.200000000 27.7955 -11.0244 0 0 0 0.728366 0.685188
910.900000000 27.684 -11.076 0 0 0 0.919402 0.39332
911.500000000 27.6219 -11.1785 0 0 0 0.994505 0.104691
912.200000000 27.6288 -11.3339 0 0 0 -0.972879 0.231313
913.700000000 26.9263 -12.0596 0 0 0 -0.900431 0.434998
915.000000000 26.4218 -12.8968 0 0 0 -0.851207 0.52483
916.300000000 26.1901 -13.8296 0 0 0 -0.752609 0.658467
917.700000000 26.2637 -14.8745 0 0 0 -0.667769 0.744368
919.000000000 26.3609 -15.8396 0 0 0 -0.668466 0.743743
920.300000000 26.3892 -16.8124 0 0 0 -0.715578 0.698533
921.500000000 26.3399 -17.7136 0 0 0 -0.721433 0.692484
922.900000000 26.3399 -18.767 0 0 0 -0.705233 0.708975
924.100000000 26.3329 -19.6616 0 0 0 -0.70776 0.706453
925.400000000 26.3298 -20.6365 0 0 0 -0.707659 0.706554
926.800000000 26.3282 -21.6902 0 0 0 -0.707663 0.70655
928.100000000 26.3269 -22.664 0 0 0 -0.707667 0.706546
929.300000000 26.3522 -23.5665 0 0 0 -0.683655 0.729806
930.600000000 26.5202 -24.5229 0 0 0 -0.63707 0.770806
932.000000000 26.707 -25.5594 0 0 0 -0.654471 0.756087
933.500000000 26.6832 -26.3295 0 0 0 -0.837283 0.546769
934.100000000 26.5874 -26.2608 0 0 0 -0.960188 0.279353
934.800000000 26.5451 -26.1513 0 0 0 0.998024 0.0628334
935.300000000 26.5825 -26.0242 0 0 0 0.953138 0.302537
935.900000000 26.673 -25.9504 0 0 0 0.824034 0.566541
936.600000000 26.7954 -25.9348 0 0 0 0.584273 0.811557
937.200000000 26.8853 -25.9943 0 0 0 0.322837 0.946455
937.900000000 26.9455 -26.1209 0 0 0 -0.0168999 0.999857
938.500000000 26.9156 -26.2452 0 0 0 -0.306744 0.951792
939.100000000 26.8465 -26.3247 0 0 0 -0.564645 0.825334
939.700000000 26.7853 -26.4619 0 0 0 -0.74798 0.663721
940.800000000 26.4214 -26.849 0 0 0 -0.909602 0.415481
942.100000000 25.741 -27.4967 0 0 0 -0.923302 0.384074
943.500000000 25.0383 -28.2796 0 0 0 -0.905966 0.423351
944.800000000 24.3934 -29.0078 0 0 0 -0.92593 0.377696
946.200000000 23.6468 -29.5019 0 0 0 -0.984278 0.176626
946.700000000 23.6218 -29.4003 0 0 0 0.997797 0.0663451
947.400000000 23.6743 -29.275 0 0 0 0.916072 0.401014
948.100000000 23.7952 -29.2062 0 0 0 0.727071 0.686562
948.800000000 23.9276 -29.023 0 0 0 0.532685 0.846314
949.600000000 24.17 -28.9269 0 0 0 0.284066 0.958805
951.300000000 25.1124 -28.5051 0 0 0 0.308947 0.951079
952.600000000 25.4727 -27.9379 0 0 0 0.587512 0.809215
953.300000000 25.4035 -27.7158 0 0 0 0.761908 0.647685
954.900000000 24.8786 -26.8471 0 0 0 0.913611 0.406589
956.500000000 24.0107 -26.3419 0 0 0 0.986852 0.161626
958.600000000 23.0512 -26.2493 0 0 0 0.999667 0.0258195
962.500000000 22.0808 -26.2827 0 0 0 -0.999623 0.0274626
966.600000000 21.1296 -26.3378 0 0 0 -0.999456 0.0329747
970.600000000 20.1507 -26.3963 0 0 0 -0.999579 0.0290253
974.600000000 19.1867 -26.4354 0 0 0 -0.999959 0.0090644
979.400000000 18.2521 -26.4412 0 0 0 -0.999999 0.00169024
984.100000000 17.2382 -26.4875 0 0 0 -0.999599 0.028313
985.400000000 16.2189 -26.6591 0 0 0 -0.982209 0.187791
986.700000000 15.4093 -27.2043 0 0 0 -0.94222 0.334994
988.000000000 14.759 -27.9 0 0 0 -0.924676 0.380756
989.300000000 13.9973 -28.2005 0 0 0 -0.990728 0.13586
990.800000000 13.0019 -28.2313 0 0 0 0.997908 0.0646571
992.100000000 12.0613 -28.0395 0 0 0 0.99575 0.0920932
995.200000000 11.121 -27.9374 0 0 0 0.99958 0.0289649
998.100000000 10.2117 -27.9535 0 0 0 -0.999907 0.0136244
999.400000000 9.21439 -27.9957 0 0 0 -0.999626 0.0273518
1000.700000000 8.24509 -28.0529 0 0 0 -0.999455 0.0330152
1002.600000000 7.22784 -28.0801 0 0 0 -0.999898 0.0142864
1004.300000000 6.1864 -28.2311 0 0 0 -0.992041 0.125917
1005.700000000 5.37447 -28.7207 0 0 0 -0.938793 0.344483
1007.000000000 5.10091 -29.3648 0 0 0 -0.797781 0.602948
1008.100000000 5.16095 -29.969 0 0 0 -0.62556 0.780176
1009.700000000 5.74901 -30.8202 0 0 0 -0.385788 0.922588
1010.700000000 6.08667 -30.9382 0 0 0 -0.0780317 0.996951
1011.300000000 6.10579 -30.8261 0 0 0 0.202761 0.979228
1011.900000000 6.0287 -30.7453 0 0 0 0.482908 0.875671
1012.500000000 5.91412 -30.7033 0 0 0 0.720064 0.693908
1013.100000000 5.79502 -30.7449 0 0 0 0.892897 0.450262
1014.100000000 5.41428 -30.5958 0 0 0 0.986516 0.163663
1015.700000000 4.33896 -30.6531 0 0 0 -0.997812 0.0661193
1016.900000000 3.46432 -30.8151 0 0 0 -0.994041 0.109004
1018.300000000 2.41645 -30.9222 0 0 0 -0.999437 0.0335374
1019.600000000 1.44271 -30.941 0 0 0 0.999953 0.00966039
1020.900000000 0.48022 -30.9113 0 0 0 0.999212 0.0396857
1021.700000000 0.370938 -30.7594 0 0 0 0.942261 0.334878
1022.300000000 0.463875 -30.6856 0 0 0 0.80295 0.596046
1022.900000000 0.581088 -30.676 0 0 0 0.59469 0.803955
1023.600000000 0.752099 -30.6555 0 0 0 0.344408 0.93882
1024.400000000 1.10791 -30.6099 0 0 0 0.124178 0.99226
1025.700000000 1.96423 -30.1911 0 0 0 0.239933 0.970789
1027.200000000 2.72631 -29.5171 0 0 0 0.422924 0.906165
1028.500000000 3.39884 -28.8501 0 0 0 0.38449 0.923129
1029.800000000 4.16146 -28.2441 0 0 0 0.292794 0.956176
1031.100000000 5.0409 -27.8435 0 0 0 0.149676 0.988735
1032.400000000 6.00054 -27.6841 0 0 0 0.033454 0.99944
1033.700000000 6.96698 -27.7103 0 0 0 -0.0319606 0.999489
1035.000000000 7.93233 -27.8095 0 0 0 -0.0564766 0.998404
1036.300000000 8.89847 -27.914 0 0 0 -0.0544557 0.998516
1037.600000000 9.8779 -27.9908 0 0 0 -0.0319367 0.99949
1038.900000000 10.8499 -28.0347 0 0 0 -0.0263704 0.999652
1040.300000000 11.8583 -28.2298 0 0 0 -0.156072 0.987746
1041.700000000 12.6652 -28.7782 0 0 0 -0.348586 0.937277
1043.000000000 13.3267 -29.4939 0 0 0 -0.403178 0.915122
1044.700000000 13.8048 -30.2114 0 0 0 -0.664808 0.747014
1045.300000000 13.6805 -30.2651 0 0 0 -0.835376 0.549679
1046.300000000 13.2963 -30.5975 0 0 0 -0.94549 0.325652
1047.600000000 12.4206 -31.0081 0 0 0 -0.98539 0.170311
1048.600000000 12.0636 -31.0031 0 0 0 0.99016 0.139942
1049.100000000 12.0903 -30.9052 0 0 0 0.929914 0.367776
1050.100000000 11.9559 -30.4689 0 0 0 0.788172 0.615456
1051.700000000 12.1424 -29.4987 0 0 0 0.624148 0.781306
1053.100000000 12.1826 -28.5529 0 0 0 0.750461 0.660914
1054.400000000 11.8253 -27.9701 0 0 0 0.913575 0.406671
1055.100000000 11.6832 -27.9837 0 0 0 0.990929 0.134383
1056.600000000 10.6466 -27.8876 0 0 0 0.999635 0.0270324
1058.000000000 9.73353 -27.8829 0 0 0 -0.999935 0.0114126
1059.200000000 8.85205 -27.9266 0 0 0 -0.999472 0.0324878
1060.700000000 7.73182 -28.0156 0 0 0 -0.999071 0.0430909
1062.300000000 6.77218 -28.0567 0 0 0 -0.99993 0.0118435
1064.600000000 5.86029 -28.0557 0 0 0 -1 0.000497723
1067.800000000 4.75422 -28.0947 0 0 0 -0.999749 0.0223898
1069.100000000 3.78147 -28.1565 0 0 0 -0.999331 0.0365655
1071.000000000 2.82764 -28.1863 0 0 0 -0.99998 0.00631594
1074.400000000 1.86463 -28.1587 0 0 0 0.999578 0.0290623
1077.500000000 0.933476 -28.1206 0 0 0 -0.999993 0.00381164
1081.200000000 -0.0467346 -28.1237 0 0 0 -0.999993 0.00365503
1084.200000000 -1.07374 -28.1197 0 0 0 0.999996 0.00291853
1085.900000000 -2.00133 -28.1133 0 0 0 0.999996 0.00290701
1089.200000000 -2.95245 -28.1072 0 0 0 0.999996 0.00285886
1091.100000000 -3.99752 -28.0897 0 0 0 0.999996 0.00282259
1092.600000000 -4.93694 -28.1206 0 0 0 -0.999203 0.0399272
1094.000000000 -5.86293 -28.3916 0 0 0 -0.976069 0.217461
1095.200000000 -6.61651 -28.9027 0 0 0 -0.939667 0.342091
1096.600000000 -7.03809 -29.5486 0 0 0 -0.802802 0.596246
1097.500000000 -6.90432 -29.8843 0 0 0 -0.608006 0.793932
1099.100000000 -6.2767 -30.7199 0 0 0 -0.369064 0.929404
1100.600000000 -5.32173 -31.2109 0 0 0 -0.17271 0.984973
1101.400000000 -5.15216 -31.1216 0 0 0 0.142497 0.989795
1102.100000000 -5.23779 -31.0227 0 0 0 0.476866 0.878976
1102.700000000 -5.34958 -30.9888 0 0 0 0.715328 0.698789
1103.300000000 -5.48119 -30.9702 0 0 0 0.875945 0.48241
1104.200000000 -5.80579 -30.8355 0 0 0 0.975561 0.219729
1105.600000000 -6.77143 -30.668 0 0 0 0.999493 0.0318282
1107.000000000 -7.76447 -30.7115 0 0 0 0.999955 0.009518
1107.900000000 -7.97837 -30.5333 0 0 0 0.948067 0.31807
1109.000000000 -8.1829 -30.0508 0 0 0 0.816998 0.576641
1110.500000000 -8.19374 -28.9562 0 0 0 0.714343 0.699796
1112.700000000 -8.25525 -28.0968 0 0 0 0.687998 0.725712
1114.400000000 -7.92342 -27.2876 0 0 0 0.46205 0.886854
1115.700000000 -7.18885 -26.6122 0 0 0 0.373739 0.927534
1117.000000000 -6.55161 -25.9036 0 0 0 0.382402 0.923996
1118.300000000 -5.81056 -25.1261 0 0 0 0.452576 0.891726
1125.900000000 -5.33472 -24.2879 0 0 0 0.520582 0.853812
1127.300000000 -5.00217 -23.3727 0 0 0 0.585446 0.810711
1128.600000000 -4.77702 -22.3805 0 0 0 0.641449 0.767166
1129.800000000 -4.6761 -21.4195 0 0 0 0.694473 0.719519
1131.200000000 -4.73457 -20.3908 0 0 0 0.726307 0.68737
1132.600000000 -4.75089 -19.3832 0 0 0 0.706498 0.707715
1133.900000000 -4.73268 -18.4134 0 0 0 0.701358 0.712809
1135.100000000 -4.70826 -17.4961 0 0 0 0.698717 0.715398
1136.500000000 -4.67974 -16.4371 0 0 0 0.697047 0.717025
1137.800000000 -4.66676 -15.4809 0 0 0 0.701011 0.71315
1139.100000000 -4.55292 -14.5237 0 0 0 0.634569 0.772866
1140.700000000 -4.05941 -13.5899 0 0 0 0.422868 0.906191
1142.000000000 -3.28626 -12.9042 0 0 0 0.364087 0.931365
1143.300000000 -2.62307 -12.2755 0 0 0 0.34894 0.937145
1144.600000000 -1.86037 -11.5698 0 0 0 0.384666 0.923056
1145.900000000 -1.17669 -10.875 0 0 0 0.385962 0.922515
1147.200000000 -0.503415 -10.1592 0 0 0 0.407835 0.913056
1148.600000000 0.062 -9.27036 0 0 0 0.520798 0.85368
1150.100000000 0.261935 -8.25186 0 0 0 0.699351 0.714778
1151.500000000 0.056134 -7.22831 0 0 0 0.807301 0.59014
1152.900000000 -0.308659 -6.26472 0 0 0 0.789816 0.613343
1154.300000000 -0.327289 -5.25105 0 0 0 0.67334 0.739333
1155.900000000 -0.0196832 -4.29362 0 0 0 0.542622 0.839977
1156.800000000 0.189459 -4.13779 0 0 0 0.266175 0.963925
1157.500000000 0.235479 -4.27593 0 0 0 -0.0750124 0.997183
1158.100000000 0.189348 -4.37129 0 0 0 -0.362167 0.932113
1159.000000000 0.219862 -4.65587 0 0 0 -0.634493 0.772929
1159.800000000 0.101126 -4.88584 0 0 0 -0.822909 0.568173
1161.300000000 -0.440951 -5.63928 0 0 0 -0.856035 0.516919
1163.000000000 -0.554633 -6.47857 0 0 0 -0.670038 0.742327
1164.500000000 -0.287433 -6.89009 0 0 0 -0.434358 0.90074
1165.900000000 0.0017428 -6.98073 0 0 0 -0.173287 0.984871
1166.900000000 0.0378555 -6.88378 0 0 0 0.118854 0.992912
1167.700000000 -0.0283976 -6.78481 0 0 0 0.358763 0.933429
1168.500000000 -0.132765 -6.72605 0 0 0 0.621931 0.783072
1169.100000000 -0.211607 -6.73497 0 0 0 0.80075 0.598998
1169.800000000 -0.309115 -6.79328 0 0 0 0.941192 0.337872
1170.600000000 -0.358425 -6.9179 0 0 0 0.999988 0.00482471
1171.400000000 -0.31794 -7.0465 0 0 0 -0.944605 0.32821
1172.100000000 -0.272483 -7.16983 0 0 0 -0.830369 0.557214
1173.400000000 -0.275214 -7.79559 0 0 0 -0.669163 0.743116
1175.400000000 0.133273 -8.74748 0 0 0 -0.456168 0.889894
1176.400000000 0.378125 -8.79633 0 0 0 -0.19954 0.97989
1177.100000000 0.385048 -8.67751 0 0 0 0.109268 0.994012
1177.700000000 0.323502 -8.58619 0 0 0 0.366709 0.930336
1178.300000000 0.233428 -8.52668 0 0 0 0.606717 0.794918
1179.000000000 0.134935 -8.5376 0 0 0 0.832503 0.55402
1179.600000000 0.0409073 -8.61502 0 0 0 0.953783 0.300497
1180.200000000 -0.0229492 -8.70991 0 0 0 0.999536 0.030455
1181.000000000 -0.198826 -8.85658 0 0 0 -0.966946 0.25498
1181.900000000 -0.237241 -9.09294 0 0 0 -0.833509 0.552506
1183.500000000 -0.360145 -10.1417 0 0 0 -0.749132 0.662421
1184.900000000 -0.517092 -10.4753 0 0 0 -0.920627 0.390444
1185.700000000 -0.561581 -10.3887 0 0 0 -0.993166 0.116708
1187.400000000 -1.532 -10.205 0 0 0 0.997247 0.0741556
1189.100000000 -2.08512 -10.2385 0 0 0 -0.978346 0.206974
1190.100000000 -2.05561 -10.3171 0 0 0 -0.867198 0.497963
1191.100000000 -1.90088 -10.3453 0 0 0 -0.700802 0.713356
1192.200000000 -1.907 -10.3747 0 0 0 -0.451481 0.892281
1192.900000000 -1.73592 -10.2175 0 0 0 -0.19261 0.981275
1193.500000000 -1.72556 -10.1576 0 0 0 0.0467714 0.998906
1194.300000000 -1.77338 -10.0201 0 0 0 0.376756 0.926313
1194.900000000 -1.88249 -9.95791 0 0 0 0.633456 0.773779
1195.400000000 -1.97706 -9.9586 0 0 0 0.805848 0.592123
1196.100000000 -2.08938 -10.0346 0 0 0 0.960028 0.279903
1197.400000000 -2.79543 -9.97625 0 0 0 0.999986 0.00535939
1199.100000000 -3.68703 -10.15 0 0 0 -0.996727 0.0808455
1200.800000000 -4.19153 -10.0874 0 0 0 0.982163 0.188029
1201.700000000 -4.11524 -9.99299 0 0 0 0.884011 0.467465
1202.500000000 -4.0178 -9.91419 0 0 0 0.709995 0.704207
1203.100000000 -3.92781 -9.91796 0 0 0 0.535236 0.844703
1203.900000000 -3.80307 -9.93456 0 0 0 0.269184 0.963089
1205.700000000 -2.97487 -9.80935 0 0 0 0.0194144 0.999812
1206.900000000 -2.69062 -9.91573 0 0 0 -0.261711 0.965146
1207.800000000 -2.78672 -10.0035 0 0 0 -0.561998 0.827139
1208.500000000 -2.9018 -10.0308 0 0 0 -0.765426 0.643524
1209.100000000 -2.93637 -10.0211 0 0 0 -0.895829 0.4444
1209.800000000 -3.03594 -9.91484 0 0 0 -0.982638 0.185533
1211.700000000 -4.11354 -9.8465 0 0 0 -0.999985 0.00551784
1213.000000000 -4.4795 -9.72109 0 0 0 0.945736 0.324937
1213.500000000 -4.43205 -9.66242 0 0 0 0.838578 0.544781
1214.200000000 -4.28779 -9.63819 0 0 0 0.60591 0.795533
1214.800000000 -4.18187 -9.68825 0 0 0 0.348434 0.937333
1215.300000000 -4.12371 -9.76514 0 0 0 0.119411 0.992845
1216.000000000 -4.04783 -9.88608 0 0 0 -0.190915 0.981607
1217.500000000 -3.1055 -10.3087 0 0 0 -0.134322 0.990938
1218.600000000 -2.79685 -10.2647 0 0 0 0.172064 0.985086
1219.400000000 -2.87621 -10.1606 0 0 0 0.479678 0.877445
1220.100000000 -2.97964 -10.1192 0 0 0 0.708251 0.705961
1221.000000000 -3.1336 -9.91966 0 0 0 0.862495 0.506066
1222.000000000 -3.37881 -9.80681 0 0 0 0.971624 0.236532
1222.700000000 -3.36637 -9.92799 0 0 0 -0.998879 0.0473402
1223.400000000 -3.33964 -10.0292 0 0 0 -0.944594 0.328242
1224.100000000 -3.27629 -10.0932 0 0 0 -0.815282 0.579064
1224.800000000 -3.15654 -10.0959 0 0 0 -0.631534 0.775349
1225.500000000 -3.06241 -10.0392 0 0 0 -0.401849 0.915706
1226.200000000 -3.00794 -9.97234 0 0 0 -0.150604 0.988594
1227.700000000 -2.05394 -10.0369 0 0 0 -0.00514302 0.999987
1229.100000000 -1.74182 -9.9168 0 0 0 0.295978 0.955195
1230.000000000 -1.82429 -9.83757 0 0 0 0.555514 0.831507
1231.000000000 -1.9552 -9.83988 0 0 0 0.78463 0.619965
1232.000000000 -2.05687 -9.89533 0 0 0 0.93657 0.350479
1232.700000000 -2.10758 -10.009 0 0 0 0.998957 0.0456585
1233.300000000 -2.08515 -10.112 0 0 0 -0.975545 0.219799
1233.900000000 -2.0153 -10.189 0 0 0 -0.88275 0.469843
1234.400000000 -2.01242 -10.2793 0 0 0 -0.754018 0.656853
1235.000000000 -1.9227 -10.2603 0 0 0 -0.55356 0.832809
1235.300000000 -1.77234 -10.1774 0 0 0 -0.442828 0.896606
1236.300000000 -1.73276 -10.0585 0 0 0 -0.0239559 0.999713
1237.900000000 -0.781568 -9.8041 0 0 0 0.181338 0.983421
1239.600000000 0.0806539 -9.37625 0 0 0 0.238006 0.971264
1241.100000000 0.483921 -9.02166 0 0 0 0.503533 0.863976
1241.900000000 0.344385 -9.00179 0 0 0 0.767001 0.641645
1242.500000000 0.253073 -9.04239 0 0 0 0.910162 0.414253
1243.000000000 0.20176 -9.12686 0 0 0 0.980568 0.196178
1243.700000000 0.195813 -9.2473 0 0 0 -0.992454 0.122616
1245.200000000 -0.507135 -9.75341 0 0 0 -0.971293 0.237888
1246.600000000 -1.21807 -9.93549 0 0 0 0.998724 0.0505042
1247.300000000 -1.18485 -9.79085 0 0 0 0.92297 0.384871
1247.900000000 -1.09249 -9.73135 0 0 0 0.801873 0.597495
1248.400000000 -0.983613 -9.6919 0 0 0 0.606571 0.795029
1249.100000000 -0.832427 -9.7084 0 0 0 0.335458 0.942055
1250.000000000 -0.557512 -9.71916 0 0 0 0.0196016 0.999808
1252.000000000 0.434127 -9.70247 0 0 0 0.185767 0.982594
1252.700000000 0.490882 -9.57956 0 0 0 0.418084 0.908408
1253.500000000 0.377666 -9.4954 0 0 0 0.683241 0.730193
1254.300000000 0.232106 -9.35805 0 0 0 0.834601 0.550855
1255.700000000 -0.113273 -8.3735 0 0 0 0.808555 0.588421
1256.800000000 -0.0897363 -8.03345 0 0 0 0.556817 0.830635
1257.400000000 0.0178933 -8.10386 0 0 0 0.291384 0.956606
1258.000000000 0.0680218 -8.21184 0 0 0 0.000232548 1
1258.700000000 0.0313059 -8.34414 0 0 0 -0.337305 0.941395
1259.300000000 -0.019895 -8.47402 0 0 0 -0.570093 0.82158
1260.600000000 -0.102847 -9.29362 0 0 0 -0.752461 0.658637
1262.100000000 -0.550187 -10.0937 0 0 0 -0.904823 0.425788
1263.600000000 -1.33708 -10.5715 0 0 0 -0.984035 0.177975
1265.100000000 -2.21796 -10.691 0 0 0 -0.999483 0.0321579
1266.800000000 -3.22771 -10.6172 0 0 0 0.998195 0.0600638
1268.200000000 -4.24956 -10.4303 0 0 0 0.995161 0.0982603
1269.400000000 -5.13446 -10.3309 0 0 0 0.999338 0.0363738
1271.200000000 -6.109 -10.3126 0 0 0 0.999997 0.00230207
1275.100000000 -7.09778 -10.335 0 0 0 -0.999852 0.0171949
1278.900000000 -8.07838 -10.3494 0 0 0 -0.999986 0.00537948
1282.600000000 -9.03549 -10.3504 0 0 0 -1 0.000896113
1286.200000000 -9.97752 -10.3509 0 0 0 -1 0.000817685
1289.200000000 -11.0497 -10.3512 0 0 0 0.999999 0.00108237
1290.500000000 -12.0223 -10.3218 0 0 0 0.999697 0.0246172
1291.700000000 -12.898 -10.2404 0 0 0 0.995943 0.0899898
1293.200000000 -13.7566 -9.75251 0 0 0 0.942896 0.333087
1294.500000000 -14.4289 -9.04676 0 0 0 0.91536 0.402637
1295.900000000 -15.1554 -8.28526 0 0 0 0.922119 0.386906
1297.100000000 -15.7967 -7.64816 0 0 0 0.926184 0.377073
1299.000000000 -16.551 -7.09444 0 0 0 0.999389 0.0349594
1299.800000000 -16.8193 -7.21794 0 0 0 -0.977107 0.212747
1301.300000000 -17.589 -8.01554 0 0 0 -0.922073 0.387017
1302.700000000 -18.3131 -8.75319 0 0 0 -0.921089 0.389353
1304.000000000 -18.9979 -9.42814 0 0 0 -0.92026 0.391307
1304.800000000 -18.9941 -9.66749 0 0 0 -0.769793 0.638294
1305.700000000 -18.8497 -9.97936 0 0 0 -0.561961 0.827164
1307.300000000 -18.1808 -10.8447 0 0 0 -0.441478 0.897272
1308.600000000 -17.8473 -11.6921 0 0 0 -0.596962 0.802269
1310.100000000 -17.8158 -12.712 0 0 0 -0.767516 0.64103
1311.500000000 -18.2406 -13.6224 0 0 0 -0.858392 0.512994
1312.900000000 -18.7004 -14.5548 0 0 0 -0.811218 0.584744
1314.200000000 -18.8161 -15.5294 0 0 0 -0.712643 0.701527
1315.500000000 -18.731 -16.5006 0 0 0 -0.660567 0.750767
1316.500000000 -18.5468 -16.8197 0 0 0 -0.416968 0.908921
1317.300000000 -18.3277 -16.779 0 0 0 -0.114976 0.993368
1318.800000000 -17.3609 -16.7123 0 0 0 0.064288 0.997931
1320.100000000 -16.3935 -16.6102 0 0 0 0.041718 0.999129
1321.600000000 -15.3994 -16.6869 0 0 0 -0.142738 0.98976
1322.200000000 -15.448 -16.7791 0 0 0 -0.419804 0.907615
1322.800000000 -15.5517 -16.8325 0 0 0 -0.665835 0.746099
1323.300000000 -15.6584 -16.7987 0 0 0 -0.826774 0.562535
1324.000000000 -15.7541 -16.7539 0 0 0 -0.968537 0.24887
1324.900000000 -16.1988 -16.681 0 0 0 -0.999885 0.0151741
1326.200000000 -17.4538 -16.5648 0 0 0 0.996644 0.0818532
1328.200000000 -18.3125 -16.5421 0 0 0 -0.988134 0.153594
1329.800000000 -19.1067 -17.2255 0 0 0 -0.926056 0.377387
1331.100000000 -19.8083 -17.911 0 0 0 -0.919882 0.392195
1332.400000000 -20.4878 -18.6086 0 0 0 -0.9238 0.382876
1333.900000000 -21.1247 -19.4017 0 0 0 -0.859209 0.511624
1335.500000000 -21.2344 -20.4366 0 0 0 -0.686276 0.727342
1336.900000000 -21.0265 -21.4624 0 0 0 -0.632348 0.774684
1338.400000000 -20.9109 -22.5772 0 0 0 -0.691505 0.722372
1339.700000000 -20.8941 -23.5413 0 0 0 -0.711153 0.703037
1341.000000000 -21.0254 -24.5253 0 0 0 -0.745957 0.665994
1342.300000000 -21.1286 -25.521 0 0 0 -0.729881 0.683574
1343.600000000 -21.1231 -26.4751 0 0 0 -0.694153 0.719827
1344.900000000 -21.0086 -27.4145 0 0 0 -0.630998 0.775785
1346.200000000 -20.5324 -28.0638 0 0 0 -0.417023 0.908896
1347.500000000 -19.8136 -28.7312 0 0 0 -0.367204 0.930141
1348.700000000 -19.1665 -29.3618 0 0 0 -0.383938 0.923359
1350.100000000 -18.4366 -30.1214 0 0 0 -0.388176 0.921585
1351.500000000 -17.6809 -30.8059 0 0 0 -0.308485 0.951229
1352.700000000 -17.1414 -30.9516 0 0 0 -0.000346546 1
1353.300000000 -17.1162 -30.8593 0 0 0 0.266304 0.963889
1354.000000000 -17.2032 -30.7601 0 0 0 0.581248 0.813727
1354.600000000 -17.2636 -30.7087 0 0 0 0.784556 0.620057
1355.100000000 -17.4492 -30.7343 0 0 0 0.902556 0.430573
1356.600000000 -18.2075 -30.2631 0 0 0 0.985617 0.168992
1357.900000000 -19.1647 -30.0913 0 0 0 0.998305 0.058198
1359.200000000 -20.2293 -30.1446 0 0 0 -0.999922 0.0125179
1360.600000000 -21.2691 -30.0745 0 0 0 0.998555 0.0537419
1362.000000000 -22.313 -29.9364 0 0 0 0.998779 0.0494008
1363.400000000 -23.3652 -29.9097 0 0 0 0.999999 0.00148448
1364.800000000 -24.4212 -29.9279 0 0 0 -0.999932 0.0116979
1366.000000000 -24.7799 -29.7734 0 0 0 0.947081 0.320994
1366.700000000 -24.854 -29.5335 0 0 0 0.847681 0.530506
1367.600000000 -24.7974 -29.1564 0 0 0 0.678101 0.734968
1369.100000000 -24.6158 -28.1459 0 0 0 0.623228 0.78204
1370.200000000 -24.6416 -27.5812 0 0 0 0.8068 0.590824
1371.800000000 -25.3699 -26.7636 0 0 0 0.919331 0.393485
1373.000000000 -25.9736 -26.144 0 0 0 0.931304 0.364242
1374.400000000 -26.7305 -25.4114 0 0 0 0.925346 0.379125
1375.600000000 -27.3626 -24.7815 0 0 0 0.923277 0.384135
1377.000000000 -28.0554 -24.0514 0 0 0 0.897585 0.440842
1377.600000000 -27.9685 -23.9786 0 0 0 0.738696 0.674038
1378.300000000 -27.8323 -24.002 0 0 0 0.467531 0.883977
1379.000000000 -27.7532 -24.05 0 0 0 0.139968 0.990156
1379.600000000 -27.5991 -24.1802 0 0 0 -0.0846112 0.996414
1380.700000000 -27.1793 -24.5478 0 0 0 -0.357164 0.934042
1382.100000000 -26.4698 -25.3161 0 0 0 -0.403045 0.91518
1383.500000000 -25.7548 -26.0856 0 0 0 -0.395899 0.918294
1384.700000000 -25.1342 -26.7532 0 0 0 -0.409742 0.912201
1386.200000000 -24.5945 -27.6754 0 0 0 -0.563749 0.825946
1387.500000000 -24.4544 -28.6464 0 0 0 -0.689594 0.724196
1388.700000000 -24.6068 -29.5256 0 0 0 -0.795008 0.606599
1390.200000000 -25.1825 -30.3001 0 0 0 -0.926833 0.375474
1391.200000000 -25.5554 -30.4266 0 0 0 -0.996154 0.0876172
1392.600000000 -26.5831 -30.4313 0 0 0 0.999822 0.0188504
1393.900000000 -27.5338 -30.277 0 0 0 0.99286 0.119289
1395.200000000 -27.8191 -30.0507 0 0 0 0.887306 0.461182
1395.800000000 -27.7315 -30.0045 0 0 0 0.716837 0.697241
1396.400000000 -27.5722 -29.9736 0 0 0 0.501846 0.864957
1397.100000000 -27.4197 -29.9648 0 0 0 0.233565 0.972341
1398.300000000 -26.6977 -29.9069 0 0 0 0.00154805 0.999999
1399.700000000 -25.6537 -30.0239 0 0 0 -0.0792805 0.996852
1401.300000000 -24.7269 -29.8251 0 0 0 0.215852 0.976426
1402.600000000 -24.1975 -29.2796 0 0 0 0.469512 0.882926
1404.100000000 -24.034 -28.3573 0 0 0 0.694327 0.71966
1405.600000000 -24.359 -27.4733 0 0 0 0.864172 0.503197
1407.100000000 -25.0938 -26.8363 0 0 0 0.962792 0.270243
1408.600000000 -26.1286 -26.5534 0 0 0 0.997728 0.067372
1409.900000000 -27.0959 -26.5619 0 0 0 -0.999129 0.0417389
1411.100000000 -27.9826 -26.7051 0 0 0 -0.995192 0.0979435
1412.500000000 -28.9942 -26.9712 0 0 0 -0.989651 0.143495
1413.800000000 -29.9179 -27.2963 0 0 0 -0.984397 0.175963
1415.100000000 -30.8073 -27.735 0 0 0 -0.968411 0.249359
1416.200000000 -31.4547 -28.2491 0 0 0 -0.927864 0.372918
1417.500000000 -31.8241 -28.8772 0 0 0 -0.792364 0.610049
1418.400000000 -31.6886 -29.2281 0 0 0 -0.599774 0.800169
1419.700000000 -31.4253 -30.1647 0 0 0 -0.610094 0.792329
1421.100000000 -31.2147 -31.1727 0 0 0 -0.659304 0.751876
1421.700000000 -31.3175 -31.2304 0 0 0 -0.83356 0.552428
1422.400000000 -31.4229 -31.1428 0 0 0 -0.971095 0.238693
1423.000000000 -31.443 -31.0312 0 0 0 0.998519 0.0543952
1423.500000000 -31.4015 -30.922 0 0 0 0.955535 0.294877
1424.200000000 -31.3381 -30.8144 0 0 0 0.805522 0.592567
1425.500000000 -31.4025 -29.887 0 0 0 0.709382 0.704824
1427.000000000 -31.225 -28.8475 0 0 0 0.622096 0.782941
1428.300000000 -30.9493 -27.9391 0 0 0 0.548535 0.836128
1429.700000000 -30.4184 -27.0104 0 0 0 0.431186 0.902263
1431.000000000 -29.6642 -26.3699 0 0 0 0.379722 0.925101
1432.200000000 -29.0933 -25.6578 0 0 0 0.46835 0.883543
1433.800000000 -28.7391 -24.5665 0 0 0 0.629271 0.777186
1435.200000000 -28.7898 -23.5487 0 0 0 0.759326 0.650711
1437.100000000 -28.9394 -22.6329 0 0 0 0.759515 0.65049
1440.500000000 -28.9988 -21.6723 0 0 0 0.719019 0.69499
1443.800000000 -29.0172 -20.6883 0 0 0 0.710046 0.704156
1445.900000000 -29.0011 -19.6966 0 0 0 0.688519 0.725218
1447.700000000 -28.9661 -18.6995 0 0 0 0.698954 0.715167
1450.600000000 -28.9587 -17.7391 0 0 0 0.705249 0.70896
1454.300000000 -29.0476 -16.718 0 0 0 0.754462 0.656343
1455.600000000 -29.3608 -15.8194 0 0 0 0.850195 0.526468
1457.000000000 -30.0245 -15.0205 0 0 0 0.926808 0.375536
1458.400000000 -30.7946 -14.3047 0 0 0 0.928722 0.370776
1459.700000000 -31.4882 -13.6351 0 0 0 0.922658 0.38562
1461.000000000 -32.1773 -12.9472 0 0 0 0.924507 0.381166
1462.400000000 -32.8896 -12.1706 0 0 0 0.910856 0.412725
1463.700000000 -33.4617 -11.3861 0 0 0 0.87928 0.476306
1465.100000000 -33.9402 -10.4121 0 0 0 0.836078 0.548611
1466.400000000 -34.2 -9.42163 0 0 0 0.796077 0.605195
1467.800000000 -34.3696 -8.39518 0 0 0 0.747682 0.664057
1469.300000000 -34.5023 -7.43891 0 0 0 0.744485 0.667639
1470.700000000 -34.9007 -6.56776 0 0 0 0.873457 0.486902
1472.100000000 -35.5927 -5.805 0 0 0 0.924173 0.381973
1473.500000000 -36.3381 -5.06219 0 0 0 0.924167 0.381989
1474.800000000 -37.0242 -4.37942 0 0 0 0.928757 0.37069
1475.600000000 -37.2334 -4.36806 0 0 0 0.997573 0.0696344
1476.200000000 -37.3109 -4.50425 0 0 0 -0.983047 0.183356
1477.500000000 -37.8985 -5.06284 0 0 0 -0.911432 0.41145
1478.800000000 -38.39 -5.90399 0 0 0 -0.84202 0.539446
1480.100000000 -38.6167 -6.85129 0 0 0 -0.757047 0.65336
1481.600000000 -38.5404 -7.80532 0 0 0 -0.576997 0.816746
1482.300000000 -38.4352 -7.71799 0 0 0 -0.260265 0.965537
1482.900000000 -38.4081 -7.59346 0 0 0 0.0366356 0.999329
1483.800000000 -38.1531 -7.36198 0 0 0 0.313884 0.949461
1485.100000000 -37.4789 -6.6636 0 0 0 0.414389 0.9101
1486.500000000 -36.75 -5.91447 0 0 0 0.376754 0.926314
1488.000000000 -36.3703 -5.23198 0 0 0 0.614488 0.788926
1489.600000000 -36.5363 -4.21727 0 0 0 0.78827 0.61533
1490.900000000 -36.7603 -3.25386 0 0 0 0.789599 0.613623
1492.100000000 -36.9043 -2.3612 0 0 0 0.739963 0.672648
1493.700000000 -36.7978 -1.37898 0 0 0 0.578458 0.815712
1494.800000000 -36.3906 -0.927723 0 0 0 0.367851 0.929885
1496.300000000 -35.4441 -0.488422 0 0 0 0.14738 0.98908
1497.700000000 -34.5169 -0.20023 0 0 0 0.22699 0.973897
1499.000000000 -34.0395 0.341848 0 0 0 0.498228 0.867046
1499.800000000 -34.1499 0.42022 0 0 0 0.750013 0.661423
1500.400000000 -34.2593 0.44098 0 0 0 0.89106 0.453885
1501.200000000 -34.4608 0.480208 0 0 0 0.989701 0.143152
1501.800000000 -34.4855 0.383576 0 0 0 -0.990589 0.136874
1502.300000000 -34.4212 0.307029 0 0 0 -0.925455 0.378857
1502.900000000 -34.3185 0.253493 0 0 0 -0.772148 0.635443
1503.600000000 -34.2035 0.285817 0 0 0 -0.506842 0.862039
1504.100000000 -34.1234 0.346763 0 0 0 -0.276281 0.961077
1504.700000000 -34.096 0.424169 0 0 0 0.020724 0.999785
1505.400000000 -34.0713 0.417332 0 0 0 0.326568 0.945174
1506.000000000 -34.0693 0.499473 0 0 0 0.546749 0.837297
1507.800000000 -33.9542 1.55223 0 0 0 0.683059 0.730363
1509.600000000 -33.5549 2.52313 0 0 0 0.465304 0.885151
1511.600000000 -32.9371 3.2531 0 0 0 0.394916 0.918717
1520.900000000 -32.4137 4.00614 0 0 0 0.67227 0.740306
1521.500000000 -32.5415 4.10884 0 0 0 0.813669 0.581328
1523.100000000 -33.1835 4.9224 0 0 0 0.897222 0.44158
1524.500000000 -33.7886 5.80089 0 0 0 0.887255 0.461279
1525.800000000 -34.3097 6.62817 0 0 0 0.868872 0.495036
1527.200000000 -34.6055 7.44883 0 0 0 0.798777 0.601627
1528.600000000 -34.6438 7.85172 0 0 0 0.593656 0.804719
1529.400000000 -34.498 7.83614 0 0 0 0.320844 0.947132
1530.100000000 -34.449 7.72611 0 0 0 0.0510946 0.998694
1530.800000000 -34.4363 7.72376 0 0 0 -0.224641 0.974442
1531.500000000 -34.475 7.58848 0 0 0 -0.482938 0.875655
1532.200000000 -34.5128 7.41247 0 0 0 -0.668066 0.744102
1533.200000000 -34.4603 6.39853 0 0 0 -0.680609 0.732647
1535.400000000 -34.5528 5.68453 0 0 0 -0.915082 0.403267
1536.100000000 -34.6335 5.74237 0 0 0 -0.997016 0.0771956
1536.700000000 -34.6133 5.866 0 0 0 0.975796 0.218684
1537.400000000 -34.553 5.91447 0 0 0 0.843777 0.536694
1538.000000000 -34.4188 5.93658 0 0 0 0.652046 0.758179
1539.700000000 -34.0196 6.74106 0 0 0 0.572994 0.81956
1541.400000000 -33.9044 7.494 0 0 0 0.824641 0.565657
1542.000000000 -33.9887 7.45516 0 0 0 0.929162 0.369673
1543.000000000 -34.25 7.45112 0 0 0 0.996202 0.0870723
1544.000000000 -34.4703 7.28682 0 0 0 -0.981704 0.190413
1545.600000000 -34.5805 7.12883 0 0 0 -0.875483 0.483249
1546.700000000 -34.5117 7.03659 0 0 0 -0.6951 0.718913
1547.600000000 -34.4124 7.07737 0 0 0 -0.448771 0.893647
1548.300000000 -34.3553 7.13141 0 0 0 -0.228507 0.973542
1549.300000000 -34.1631 7.18415 0 0 0 0.0658081 0.997832
1550.600000000 -33.8249 7.42073 0 0 0 0.384785 0.923006
1552.300000000 -33.3634 8.46024 0 0 0 0.57898 0.815342
1554.500000000 -32.7575 9.22405 0 0 0 0.316828 0.948483
1555.400000000 -32.7128 9.16245 0 0 0 0.0249177 0.99969
1556.200000000 -32.7107 9.12491 0 0 0 -0.237294 0.971438
1557.900000000 -31.9117 8.32632 0 0 0 -0.427267 0.904125
1558.900000000 -31.9817 8.13178 0 0 0 -0.678225 0.734854
1559.700000000 -32.1056 8.13477 0 0 0 -0.871032 0.491226
1560.500000000 -32.1978 8.27378 0 0 0 -0.981831 0.189756
1561.100000000 -32.2162 8.285 0 0 0 0.997848 0.0655734
1561.800000000 -32.1776 8.40095 0 0 0 0.933823 0.357735
1562.600000000 -32.1473 8.59245 0 0 0 0.804679 0.59371
1564.000000000 -32.0649 9.23283 0 0 0 0.598389 0.801206
1564.900000000 -31.9061 9.3212 0 0 0 0.328848 0.944383
1565.700000000 -31.7412 9.2875 0 0 0 0.0611697 0.998127
1567.200000000 -31.0318 9.013 0 0 0 -0.170932 0.985283
1569.000000000 -30.5052 8.58713 0 0 0 -0.469649 0.882853
1569.900000000 -30.6003 8.59421 0 0 0 -0.692541 0.721379
1570.800000000 -30.7188 8.64591 0 0 0 -0.872438 0.488724
1571.700000000 -30.7979 8.65799 0 0 0 -0.979385 0.202001
1572.400000000 -30.8212 8.81948 0 0 0 0.997744 0.0671387
1573.100000000 -30.7928 8.87861 0 0 0 0.933713 0.358022
1573.900000000 -30.6511 8.99554 0 0 0 0.763279 0.646069
1574.700000000 -30.4873 9.06118 0 0 0 0.561179 0.827694
1575.700000000 -30.2274 9.25805 0 0 0 0.304855 0.952399
1576.700000000 -29.806 9.38884 0 0 0 0.0685727 0.997646
1578.000000000 -29.2511 9.1664 0 0 0 -0.212434 0.977175
1579.500000000 -28.77 8.68712 0 0 0 -0.46865 0.883384
1580.800000000 -28.7556 8.36052 0 0 0 -0.702762 0.711425
1581.600000000 -28.8731 8.39136 0 0 0 -0.863477 0.504388
1582.400000000 -28.9524 8.42627 0 0 0 -0.965174 0.26161
1583.100000000 -28.9885 8.5488 0 0 0 0.999298 0.0374622
1583.700000000 -28.9656 8.65639 0 0 0 0.953255 0.302169
1584.400000000 -28.8952 8.73692 0 0 0 0.806883 0.590712
1585.000000000 -28.7773 8.73368 0 0 0 0.609179 0.793033
1585.600000000 -28.6089 8.66656 0 0 0 0.365335 0.930876
1586.300000000 -28.5849 8.57547 0 0 0 0.0532146 0.998583
1587.700000000 -27.6152 8.62428 0 0 0 0.0523518 0.998629
1589.100000000 -27.336 8.78771 0 0 0 0.335111 0.942179
1590.200000000 -27.3352 8.8523 0 0 0 0.594122 0.804375
1591.000000000 -27.4869 8.93242 0 0 0 0.771478 0.636256
1591.800000000 -27.5598 8.91041 0 0 0 0.913248 0.407404
1592.500000000 -27.6207 8.80737 0 0 0 0.992532 0.121984
1593.100000000 -27.6173 8.71217 0 0 0 -0.988193 0.153216
1593.700000000 -27.5554 8.60621 0 0 0 -0.90917 0.416426
1594.400000000 -27.4464 8.55684 0 0 0 -0.730269 0.68316
1595.000000000 -27.3406 8.58166 0 0 0 -0.516787 0.856114
1595.600000000 -27.2716 8.64294 0 0 0 -0.263805 0.964576
1596.200000000 -27.2607 8.74945 0 0 0 0.00914823 0.999958
1597.800000000 -26.3137 9.13087 0 0 0 0.198772 0.980046
1599.300000000 -25.826 9.47134 0 0 0 0.466459 0.884543
1600.200000000 -25.9679 9.5209 0 0 0 0.722806 0.691051
1600.900000000 -26.0562 9.45728 0 0 0 0.891602 0.45282
1601.500000000 -26.1194 9.42322 0 0 0 0.975824 0.218558
1602.300000000 -26.1309 9.29024 0 0 0 -0.993653 0.112491
1603.000000000 -26.0733 9.18028 0 0 0 -0.919379 0.393374
1603.700000000 -25.9803 9.12949 0 0 0 -0.767632 0.640891
1604.400000000 -25.8487 9.14272 0 0 0 -0.552584 0.833457
1606.000000000 -25.2283 8.50326 0 0 0 -0.352473 0.935822
1607.200000000 -24.8466 8.35053 0 0 0 -0.126784 0.99193
1608.400000000 -24.8377 8.51263 0 0 0 0.259195 0.965825
1610.100000000 -24.1463 9.19937 0 0 0 0.45479 0.890599
1611.400000000 -24.1332 9.51291 0 0 0 0.732158 0.681134
1612.100000000 -24.2247 9.49318 0 0 0 0.888009 0.459826
1612.700000000 -24.2879 9.4267 0 0 0 0.973292 0.229572
1613.500000000 -24.303 9.29479 0 0 0 -0.995318 0.0966578
1614.300000000 -24.2955 9.14303 0 0 0 -0.927624 0.373515
1615.300000000 -24.3859 8.83848 0 0 0 -0.802999 0.59598
1616.400000000 -24.2763 8.55264 0 0 0 -0.589607 0.80769
1617.100000000 -24.1384 8.48542 0 0 0 -0.362099 0.93214
1618.000000000 -23.9439 8.54347 0 0 0 -0.0364031 0.999337
