0.100000000 0.2 0 0 0 0 0 1
6.200000000 0.986598 -0.132876 0 0 0 -0.343478 0.939161
6.800000000 0.887144 -0.196513 0 0 0 -0.605683 0.795706
7.400000000 0.75044 -0.195387 0 0 0 -0.813425 0.581669
8.100000000 0.654899 -0.105724 0 0 0 -0.963729 0.266884
8.700000000 0.626779 0.00919623 0 0 0 0.999555 0.0298441
9.300000000 0.668505 0.119868 0 0 0 0.946095 0.323888
9.900000000 0.765947 0.187221 0 0 0 0.808124 0.589012
10.500000000 0.883627 0.188308 0 0 0 0.597974 0.801516
11.100000000 0.981601 0.122774 0 0 0 0.334418 0.942425
11.700000000 1.02561 0.0131473 0 0 0 0.0409702 0.99916
12.300000000 1.00003 -0.102225 0 0 0 -0.256134 0.966641
15.000000000 1.14521 -0.0585624 0 0 0 0.108642 0.994081
15.600000000 1.10671 0.0541389 0 0 0 0.39596 0.918268
16.200000000 0.980631 0.116135 0 0 0 0.649637 0.760244
16.800000000 0.873411 0.099141 0 0 0 0.845289 0.534309
17.900000000 0.394397 0.519268 0 0 0 0.939205 0.343356
19.200000000 -0.342062 1.16759 0 0 0 0.932735 0.360562
20.600000000 -1.04159 1.95829 0 0 0 0.900513 0.434829
22.000000000 -1.60573 2.83736 0 0 0 0.86352 0.504315
23.300000000 -1.99545 3.73512 0 0 0 0.821849 0.569705
24.500000000 -2.33328 4.57584 0 0 0 0.814651 0.579952
25.900000000 -2.71034 5.52814 0 0 0 0.818611 0.574348
27.300000000 -2.78762 6.46135 0 0 0 0.680763 0.732504
27.900000000 -2.68144 6.42776 0 0 0 0.440312 0.897845
28.500000000 -2.63531 6.35808 0 0 0 0.158154 0.987414
29.100000000 -2.60262 6.22162 0 0 0 -0.134406 0.990926
29.700000000 -2.64681 6.11788 0 0 0 -0.417044 0.908886
30.300000000 -2.77984 6.06204 0 0 0 -0.663567 0.748117
30.900000000 -2.90655 6.0731 0 0 0 -0.852612 0.522545
31.500000000 -2.98732 6.14736 0 0 0 -0.967811 0.25168
32.100000000 -3.02163 6.25971 0 0 0 0.999081 0.0428638
32.600000000 -2.99891 6.37201 0 0 0 0.958822 0.284009
33.300000000 -2.89739 6.46332 0 0 0 0.80643 0.59133
33.900000000 -2.71915 6.47982 0 0 0 0.617821 0.786319
35.500000000 -2.23276 7.44153 0 0 0 0.502522 0.864564
37.000000000 -1.81433 8.42796 0 0 0 0.627411 0.778689
38.300000000 -1.93143 9.32523 0 0 0 0.763941 0.645286
39.700000000 -2.20598 10.3299 0 0 0 0.799563 0.600582
41.100000000 -2.34404 11.3074 0 0 0 0.733956 0.679197
43.400000000 -2.31229 12.2951 0 0 0 0.686045 0.727559
47.500000000 -2.24567 13.2909 0 0 0 0.683498 0.729952
51.200000000 -2.21186 14.2497 0 0 0 0.6994 0.714731
55.000000000 -2.2042 15.2493 0 0 0 0.715444 0.69867
56.600000000 -2.30106 16.2705 0 0 0 0.757767 0.652526
58.000000000 -2.52914 17.297 0 0 0 0.800365 0.599512
59.300000000 -2.83059 18.1965 0 0 0 0.788203 0.615415
60.700000000 -2.95583 19.1803 0 0 0 0.72227 0.691611
61.800000000 -2.79995 19.4373 0 0 0 0.437521 0.899208
62.500000000 -2.7446 19.3661 0 0 0 0.106653 0.994296
63.100000000 -2.72428 19.2168 0 0 0 -0.185682 0.98261
63.700000000 -2.82473 19.1268 0 0 0 -0.463985 0.885843
64.400000000 -2.89338 19.0597 0 0 0 -0.727071 0.686562
65.000000000 -3.00221 19.0527 0 0 0 -0.889519 0.456898
65.600000000 -3.0835 19.1453 0 0 0 -0.983919 0.178617
66.200000000 -3.09651 19.2607 0 0 0 0.993264 0.115876
66.900000000 -3.04563 19.376 0 0 0 0.896665 0.442709
67.500000000 -2.96336 19.4513 0 0 0 0.737875 0.674938
68.400000000 -2.76126 19.827 0 0 0 0.562048 0.827104
69.800000000 -2.27428 20.7158 0 0 0 0.510383 0.859947
71.200000000 -2.01877 21.6356 0 0 0 0.656654 0.754192
72.600000000 -2.1151 22.6603 0 0 0 0.758878 0.651233
73.900000000 -2.19972 23.6406 0 0 0 0.735747 0.677256
75.900000000 -2.23709 24.654 0 0 0 0.712264 0.701912
79.000000000 -2.2463 25.5953 0 0 0 0.708918 0.705291
82.700000000 -2.25083 26.5657 0 0 0 0.708959 0.705249
86.000000000 -2.26567 27.5519 0 0 0 0.718719 0.695301
87.600000000 -2.3395 28.5899 0 0 0 0.738383 0.674382
89.000000000 -2.61549 29.6012 0 0 0 0.827071 0.562097
89.700000000 -2.77077 29.6119 0 0 0 0.955794 0.294036
90.500000000 -2.9121 29.4996 0 0 0 -0.998978 0.0451902
91.100000000 -2.91311 29.3818 0 0 0 -0.948479 0.31684
91.700000000 -2.81705 29.3226 0 0 0 -0.812509 0.582949
92.300000000 -2.70863 29.3295 0 0 0 -0.602586 0.798054
92.900000000 -2.61947 29.3842 0 0 0 -0.339866 0.940474
93.400000000 -2.55394 29.4836 0 0 0 -0.0972635 0.995259
94.000000000 -2.55266 29.5874 0 0 0 0.1811 0.983465
94.700000000 -2.4588 29.782 0 0 0 0.436126 0.899885
96.300000000 -2.14978 30.7975 0 0 0 0.663469 0.748204
97.600000000 -2.20594 31.7635 0 0 0 0.737888 0.674923
99.200000000 -2.23721 32.6916 0 0 0 0.718103 0.695937
101.900000000 -2.26385 33.694 0 0 0 0.706269 0.707944
104.900000000 -2.26141 34.6671 0 0 0 0.706269 0.707944
108.500000000 -2.25903 35.6239 0 0 0 0.706272 0.707941
112.200000000 -2.2556 36.5998 0 0 0 0.706297 0.707916
115.900000000 -2.25332 37.5683 0 0 0 0.706178 0.708034
119.100000000 -2.25072 38.5797 0 0 0 0.706059 0.708153
120.400000000 -2.24874 39.5534 0 0 0 0.714752 0.699378
121.700000000 -2.39346 40.5128 0 0 0 0.725072 0.688673
123.000000000 -2.55986 41.46 0 0 0 0.795364 0.606132
124.300000000 -2.80616 42.3969 0 0 0 0.781357 0.624084
125.600000000 -2.89955 43.366 0 0 0 0.717613 0.696442
126.700000000 -2.79542 43.7652 0 0 0 0.46484 0.885395
127.300000000 -2.70502 43.6692 0 0 0 0.187145 0.982332
127.900000000 -2.69588 43.5828 0 0 0 -0.106834 0.994277
128.500000000 -2.74697 43.4734 0 0 0 -0.391605 0.920133
129.100000000 -2.84756 43.4075 0 0 0 -0.642751 0.766075
129.700000000 -2.94523 43.4206 0 0 0 -0.837936 0.545769
131.500000000 -3.86591 42.7034 0 0 0 -0.952477 0.30461
132.500000000 -4.20206 42.6042 0 0 0 -0.999784 0.0207646
133.200000000 -4.18208 42.7293 0 0 0 0.947672 0.319246
133.800000000 -4.09318 42.8069 0 0 0 0.813622 0.581394
134.400000000 -4.02714 42.9029 0 0 0 0.636938 0.770915
135.300000000 -3.70214 43.1899 0 0 0 0.434037 0.900895
136.700000000 -2.93825 43.8455 0 0 0 0.328926 0.944356
138.100000000 -2.25998 44.6261 0 0 0 0.477365 0.878705
139.600000000 -2.01204 45.5973 0 0 0 0.675129 0.737699
140.900000000 -2.10956 46.5736 0 0 0 0.756079 0.65448
142.300000000 -2.24404 47.6052 0 0 0 0.751445 0.659795
143.600000000 -2.30926 48.5868 0 0 0 0.708085 0.706127
145.000000000 -2.21119 49.6351 0 0 0 0.66017 0.751116
146.300000000 -2.13738 50.606 0 0 0 0.694359 0.719629
147.600000000 -2.1337 51.5696 0 0 0 0.711114 0.703076
148.900000000 -2.37776 52.5507 0 0 0 0.78204 0.623228
150.200000000 -2.71415 53.4194 0 0 0 0.861565 0.507647
151.200000000 -3.06291 53.6653 0 0 0 0.971072 0.238785
151.800000000 -3.15447 53.5872 0 0 0 -0.999888 0.0149936
152.500000000 -3.13038 53.4654 0 0 0 -0.938514 0.34524
153.100000000 -3.03058 53.412 0 0 0 -0.79351 0.608557
153.700000000 -2.8339 53.414 0 0 0 -0.58015 0.814509
154.400000000 -2.74748 53.5005 0 0 0 -0.265682 0.964061
155.200000000 -2.57565 53.5949 0 0 0 0.0534823 0.998569
156.100000000 -2.24355 53.8416 0 0 0 0.303327 0.952886
157.500000000 -1.58002 54.5853 0 0 0 0.41123 0.911532
158.900000000 -0.861287 55.3455 0 0 0 0.387393 0.921915
160.200000000 -0.165588 56.0378 0 0 0 0.380965 0.924589
161.500000000 0.521457 56.7191 0 0 0 0.380967 0.924589
162.900000000 1.21709 57.4996 0 0 0 0.416832 0.908984
164.300000000 2.03981 58.0666 0 0 0 0.229532 0.973301
165.800000000 3.04063 58.2463 0 0 0 0.00954526 0.999954
167.400000000 4.02554 58.1054 0 0 0 -0.0824267 0.996597
170.100000000 4.96654 57.961 0 0 0 -0.028273 0.9996
170.900000000 5.13991 58.1235 0 0 0 0.263948 0.964537
172.300000000 5.74995 58.8335 0 0 0 0.480991 0.876725
173.700000000 6.05458 59.8025 0 0 0 0.634044 0.773297
174.700000000 5.97236 60.1088 0 0 0 0.852712 0.522382
175.300000000 5.88757 60.0263 0 0 0 0.968569 0.248747
175.900000000 5.86661 59.9106 0 0 0 -0.998763 0.049728
176.500000000 5.91249 59.8214 0 0 0 -0.939458 0.342664
177.200000000 6.01154 59.7951 0 0 0 -0.764601 0.644504
177.800000000 6.11879 59.809 0 0 0 -0.539975 0.841681
178.800000000 6.52817 59.4176 0 0 0 -0.33271 0.943029
180.000000000 7.21951 58.8103 0 0 0 -0.336132 0.941815
181.300000000 8.02682 58.2549 0 0 0 -0.265583 0.964088
182.800000000 9.0221 57.8926 0 0 0 -0.115013 0.993364
184.700000000 10.1274 57.8463 0 0 0 0.0189595 0.99982
186.000000000 11.0884 57.9855 0 0 0 0.0997857 0.995009
187.400000000 12.0483 58.1033 0 0 0 0.0344454 0.999407
189.600000000 12.9874 58.096 0 0 0 -0.0170086 0.999855
193.500000000 13.8916 58.0509 0 0 0 -0.0235879 0.999722
198.100000000 14.9078 58.0275 0 0 0 -0.00667937 0.999978
201.800000000 15.8688 58.0135 0 0 0 -0.000907621 1
205.500000000 16.8241 58.0108 0 0 0 -0.0009323 1
209.100000000 17.7689 58.0068 0 0 0 -0.000939879 1
210.800000000 18.1344 58.13 0 0 0 0.312018 0.950076
211.300000000 18.064 58.2016 0 0 0 0.536648 0.843806
212.100000000 17.9331 58.3677 0 0 0 0.776253 0.630422
213.100000000 17.6842 58.5793 0 0 0 0.941498 0.337018
213.700000000 17.6466 58.4719 0 0 0 0.998973 0.0453111
214.300000000 17.6811 58.3579 0 0 0 -0.967905 0.251316
214.900000000 17.7361 58.2759 0 0 0 -0.849496 0.527594
215.600000000 17.8316 58.285 0 0 0 -0.616664 0.787227
216.300000000 18.0979 58.0835 0 0 0 -0.428575 0.903506
217.800000000 18.9203 57.4127 0 0 0 -0.347217 0.937785
219.200000000 19.6392 56.7291 0 0 0 -0.38681 0.922159
221.200000000 20.2783 56.0636 0 0 0 -0.386826 0.922153
224.900000000 20.9562 55.3521 0 0 0 -0.3947 0.91881
228.300000000 21.5527 54.5348 0 0 0 -0.497159 0.86766
229.900000000 21.8548 53.4993 0 0 0 -0.618285 0.785954
233.000000000 21.9497 52.633 0 0 0 -0.70083 0.713328
237.600000000 21.9853 51.6181 0 0 0 -0.635119 0.772414
239.100000000 22.5226 50.944 0 0 0 -0.400718 0.916201
240.800000000 23.231 50.2466 0 0 0 -0.349702 0.936861
243.700000000 23.6609 49.6895 0 0 0 -0.605851 0.795578
244.500000000 23.5181 49.5562 0 0 0 -0.82099 0.570943
245.600000000 23.0704 49.1572 0 0 0 -0.936057 0.351849
246.800000000 22.361 48.6017 0 0 0 -0.939788 0.341759
248.200000000 21.6259 47.8591 0 0 0 -0.920741 0.390175
249.400000000 20.9997 47.218 0 0 0 -0.920398 0.390983
250.800000000 20.2542 46.4758 0 0 0 -0.924995 0.379979
252.100000000 19.5603 45.7808 0 0 0 -0.925656 0.378366
253.400000000 18.8598 45.1037 0 0 0 -0.925654 0.378371
254.700000000 18.1826 44.433 0 0 0 -0.926724 0.375744
256.300000000 17.4273 43.7261 0 0 0 -0.92963 0.368494
259.900000000 16.6551 43.1081 0 0 0 -0.959785 0.280736
261.300000000 15.685 42.7528 0 0 0 -0.99128 0.131772
262.800000000 14.7569 42.4605 0 0 0 -0.981427 0.191838
264.200000000 13.9405 41.906 0 0 0 -0.940579 0.339574
265.500000000 13.2459 41.1742 0 0 0 -0.916793 0.399362
267.800000000 12.6532 40.5474 0 0 0 -0.918472 0.395486
271.000000000 11.9993 39.8759 0 0 0 -0.9223 0.386474
274.600000000 11.2998 39.1702 0 0 0 -0.922997 0.384808
278.300000000 10.6079 38.4817 0 0 0 -0.922997 0.384808
279.800000000 10.4449 38.1319 0 0 0 -0.757703 0.6526
280.700000000 10.6405 37.9154 0 0 0 -0.503854 0.863789
282.200000000 11.3989 37.2745 0 0 0 -0.331885 0.94332
283.900000000 12.1504 36.5926 0 0 0 -0.372318 0.928105
287.400000000 12.8073 35.9539 0 0 0 -0.381293 0.924454
292.200000000 13.4874 35.2684 0 0 0 -0.381294 0.924454
296.900000000 14.1752 34.5933 0 0 0 -0.373216 0.927744
302.000000000 14.9415 33.9892 0 0 0 -0.287858 0.957673
305.200000000 15.8625 33.5993 0 0 0 -0.135609 0.990762
307.300000000 16.7801 33.5065 0 0 0 -0.025145 0.999684
309.800000000 17.4121 33.6464 0 0 0 0.27564 0.961261
310.600000000 17.5642 33.9153 0 0 0 0.518094 0.855323
311.900000000 17.6628 34.717 0 0 0 0.70824 0.705971
313.200000000 17.4693 35.6792 0 0 0 0.776271 0.6304
314.500000000 17.3419 36.6445 0 0 0 0.736372 0.676577
315.500000000 17.4441 36.9502 0 0 0 0.484266 0.874921
316.100000000 17.4792 36.8782 0 0 0 0.208624 0.977996
316.600000000 17.4737 36.8936 0 0 0 -0.0415327 0.999137
317.700000000 17.884 36.539 0 0 0 -0.339448 0.940625
319.200000000 18.6204 35.7167 0 0 0 -0.416425 0.90917
320.600000000 19.2778 35.0033 0 0 0 -0.390502 0.920602
323.100000000 20.0152 34.3185 0 0 0 -0.359019 0.93333
326.700000000 20.8656 33.7835 0 0 0 -0.233632 0.972325
328.300000000 21.7947 33.5957 0 0 0 -0.077404 0.997
331.000000000 22.8125 33.4889 0 0 0 0.000442456 1
335.900000000 23.7911 33.5401 0 0 0 0.0246852 0.999695
340.800000000 24.7557 33.5811 0 0 0 0.0314838 0.999504
345.500000000 25.7006 33.6198 0 0 0 0.0141859 0.999899
350.300000000 26.6795 33.634 0 0 0 0.00488726 0.999988
355.000000000 27.6419 33.6362 0 0 0 0.000693967 1
359.800000000 28.5842 33.6379 0 0 0 0.000690494 1
364.800000000 29.5732 33.6396 0 0 0 0.000686598 1
369.700000000 30.5352 33.6516 0 0 0 0.00068219 1
374.600000000 31.4943 33.6431 0 0 0 0.000680844 1
379.500000000 32.4624 33.6446 0 0 0 0.000679372 1
382.300000000 33.4115 33.9566 0 0 0 0.282387 0.959301
383.700000000 34.1334 34.6574 0 0 0 0.472493 0.881334
385.200000000 34.4298 35.5934 0 0 0 0.644197 0.76486
387.900000000 34.3831 36.6017 0 0 0 0.729887 0.683567
392.700000000 34.3207 37.5685 0 0 0 0.732098 0.681199
396.300000000 34.2357 38.5608 0 0 0 0.732097 0.6812
397.700000000 34.195 39.5846 0 0 0 0.709454 0.704752
399.000000000 34.1985 40.5684 0 0 0 0.700725 0.713431
400.300000000 34.1963 41.5423 0 0 0 0.706771 0.707443
401.600000000 34.23 42.5243 0 0 0 0.6892 0.724571
403.000000000 34.2474 43.5774 0 0 0 0.701446 0.712723
404.200000000 34.2792 44.4712 0 0 0 0.709928 0.704274
405.500000000 34.2648 45.445 0 0 0 0.707207 0.707007
406.900000000 34.2668 46.4976 0 0 0 0.706668 0.707545
408.300000000 34.2683 47.5514 0 0 0 0.706676 0.707538
409.600000000 34.2697 48.5252 0 0 0 0.706684 0.70753
410.900000000 34.2711 49.4977 0 0 0 0.706705 0.707509
412.300000000 34.2725 50.5515 0 0 0 0.706729 0.707484
413.600000000 34.2736 51.5255 0 0 0 0.706714 0.707499
414.900000000 34.2748 52.4995 0 0 0 0.7067 0.707513
416.200000000 34.276 53.4734 0 0 0 0.706695 0.707519
417.700000000 34.0784 54.4228 0 0 0 0.814175 0.580619
419.100000000 33.5377 55.1709 0 0 0 0.914913 0.403651
420.400000000 32.8397 55.8495 0 0 0 0.926437 0.37645
421.800000000 32.1596 56.5935 0 0 0 0.922882 0.385084
423.000000000 31.5151 57.2317 0 0 0 0.922943 0.384937
430.300000000 30.707 57.8008 0 0 0 0.965132 0.261765
431.700000000 29.6576 58.1472 0 0 0 0.993558 0.113324
433.400000000 28.6642 58.1994 0 0 0 -0.999963 0.00862025
435.900000000 27.6029 58.1496 0 0 0 0.999573 0.0292166
437.200000000 26.6424 58.3119 0 0 0 0.992715 0.12049
438.400000000 25.7818 58.5479 0 0 0 0.991881 0.127171
439.800000000 24.7745 58.6981 0 0 0 0.998892 0.0470692
441.400000000 23.7679 58.7323 0 0 0 -0.999928 0.0120341
444.700000000 22.8367 58.6905 0 0 0 -0.999542 0.0302743
448.500000000 21.7976 58.6273 0 0 0 -0.999765 0.0216822
450.100000000 20.9059 58.6161 0 0 0 -0.99999 0.00437828
452.000000000 19.8742 58.6133 0 0 0 -0.999998 0.00221532
455.300000000 18.9341 58.6091 0 0 0 -0.999997 0.00223879
458.400000000 17.9842 58.608 0 0 0 -0.999934 0.0115294
461.100000000 17.5146 58.461 0 0 0 -0.948842 0.315752
462.000000000 17.5957 58.3823 0 0 0 -0.825241 0.564781
463.400000000 17.696 58.0403 0 0 0 -0.632858 0.774268
464.400000000 17.717 58.0331 0 0 0 -0.403332 0.915054
465.400000000 17.9189 58.0602 0 0 0 -0.160396 0.987053
467.700000000 18.9578 58.0954 0 0 0 0.00719661 0.999974
469.000000000 19.2222 58.0223 0 0 0 -0.335408 0.942073
469.600000000 19.1383 57.9634 0 0 0 -0.583213 0.812319
470.200000000 19.1273 57.9612 0 0 0 -0.786398 0.61772
470.800000000 19.0011 57.9992 0 0 0 -0.926014 0.377489
471.600000000 18.631 57.8554 0 0 0 -0.990779 0.135486
472.600000000 18.2008 57.9371 0 0 0 0.99522 0.0976571
474.300000000 17.7108 58.2676 0 0 0 0.919778 0.392439
474.900000000 17.7836 58.3175 0 0 0 0.788461 0.615085
475.600000000 17.8995 58.3323 0 0 0 0.553413 0.832907
476.300000000 18.047 58.2386 0 0 0 0.269766 0.962926
476.900000000 18.0966 58.1589 0 0 0 0.0272129 0.99963
477.800000000 18.4809 58.0523 0 0 0 -0.210266 0.977644
479.600000000 19.1502 57.2893 0 0 0 -0.473372 0.880863
481.600000000 19.3881 56.7016 0 0 0 -0.707425 0.706788
482.500000000 19.2961 56.669 0 0 0 -0.871273 0.490798
483.400000000 19.1861 56.703 0 0 0 -0.974256 0.225444
484.200000000 19.167 56.8311 0 0 0 0.99916 0.0409842
484.900000000 19.1756 56.921 0 0 0 0.946109 0.323847
485.500000000 19.2198 56.9955 0 0 0 0.838256 0.545276
486.300000000 19.3688 57.0157 0 0 0 0.609353 0.792899
486.900000000 19.4592 56.9683 0 0 0 0.384572 0.923095
487.600000000 19.5075 56.8488 0 0 0 0.0921059 0.995749
488.300000000 19.653 56.7497 0 0 0 -0.153306 0.988179
490.000000000 20.4445 56.1646 0 0 0 -0.34102 0.940056
491.400000000 20.5671 55.8677 0 0 0 -0.602379 0.79821
492.400000000 20.4901 55.8073 0 0 0 -0.775372 0.631505
494.300000000 20.5621 55.0294 0 0 0 -0.57316 0.819443
495.200000000 20.66 55.0444 0 0 0 -0.297199 0.954816
495.900000000 20.6801 55.0757 0 0 0 -0.0406475 0.999174
497.700000000 21.6325 55.0912 0 0 0 -0.0769896 0.997032
498.900000000 21.9331 54.9493 0 0 0 -0.386981 0.922088
499.700000000 21.9198 54.9348 0 0 0 -0.61069 0.79187
501.500000000 21.672 53.7574 0 0 0 -0.776665 0.629914
503.500000000 21.6826 53.0718 0 0 0 -0.551318 0.834295
504.900000000 22.0666 52.804 0 0 0 -0.331541 0.943441
506.500000000 22.402 52.7907 0 0 0 -0.0392024 0.999231
507.200000000 22.3783 52.8107 0 0 0 0.195348 0.980734
507.900000000 22.3274 52.9031 0 0 0 0.417157 0.908835
508.800000000 22.1712 52.9469 0 0 0 0.717555 0.696502
509.500000000 22.0841 52.9096 0 0 0 0.888716 0.458459
510.100000000 22.0427 52.8357 0 0 0 0.974989 0.222253
510.900000000 21.9897 52.7427 0 0 0 -0.995625 0.093434
511.700000000 21.9023 52.5954 0 0 0 -0.931487 0.363776
512.900000000 21.7661 52.1303 0 0 0 -0.802363 0.596836
514.700000000 21.8444 51.4301 0 0 0 -0.610766 0.791811
515.800000000 22.0053 51.4086 0 0 0 -0.392674 0.919678
517.900000000 22.9566 50.9149 0 0 0 -0.226421 0.974029
519.100000000 23.1071 50.9068 0 0 0 0.0877932 0.996139
519.900000000 23.0436 51.0073 0 0 0 0.360001 0.932952
520.700000000 22.971 51.0511 0 0 0 0.590239 0.807229
521.500000000 22.8694 51.0567 0 0 0 0.777986 0.628282
522.200000000 22.7748 51.0014 0 0 0 0.917071 0.398723
523.000000000 22.7129 50.8912 0 0 0 0.997871 0.0652249
523.700000000 22.7431 50.7941 0 0 0 -0.97217 0.234277
524.500000000 22.8021 50.7851 0 0 0 -0.836908 0.547344
525.300000000 22.856 50.5201 0 0 0 -0.67441 0.738357
526.600000000 23.2799 49.9149 0 0 0 -0.462565 0.886585
528.200000000 24.0548 49.285 0 0 0 -0.260533 0.965465
529.900000000 24.9816 48.9574 0 0 0 -0.103238 0.994657
533.600000000 26.0263 48.9286 0 0 0 0.00843348 0.999964
534.900000000 26.9981 48.9798 0 0 0 0.0376977 0.999289
536.100000000 27.8848 49.0697 0 0 0 0.0594573 0.998231
537.500000000 28.8478 49.3323 0 0 0 0.0950068 0.995477
538.900000000 29.7945 49.7495 0 0 0 0.275873 0.961194
540.200000000 30.4258 50.4156 0 0 0 0.408045 0.912962
541.500000000 31.0889 51.1308 0 0 0 0.389461 0.921043
542.900000000 31.8393 51.8682 0 0 0 0.377508 0.926006
544.200000000 32.5318 52.5535 0 0 0 0.384658 0.923059
545.500000000 33.2126 53.2505 0 0 0 0.384657 0.92306
546.800000000 33.9034 53.9375 0 0 0 0.384656 0.92306
548.000000000 34.5342 54.5845 0 0 0 0.384655 0.92306
549.400000000 35.275 55.3215 0 0 0 0.384655 0.923061
550.700000000 35.9658 56.0185 0 0 0 0.384654 0.923061
551.900000000 36.5967 56.6555 0 0 0 0.384653 0.923061
553.300000000 37.4069 57.3613 0 0 0 0.345063 0.938579
554.500000000 38.1818 57.8264 0 0 0 0.224209 0.974541
555.900000000 39.1507 58.1067 0 0 0 0.0775668 0.996987
557.200000000 40.1534 58.1151 0 0 0 -0.0369681 0.999316
558.600000000 41.0776 58.019 0 0 0 0.0562423 0.998417
559.500000000 41.3175 58.2032 0 0 0 0.345252 0.93851
560.200000000 41.2277 58.3027 0 0 0 0.63185 0.775091
560.800000000 41.11 58.2912 0 0 0 0.832686 0.553745
561.300000000 41.0193 58.2353 0 0 0 0.943597 0.331097
561.900000000 40.9959 58.1452 0 0 0 0.999298 0.0374538
562.600000000 41.0423 58.0299 0 0 0 -0.951367 0.30806
563.200000000 41.1067 57.9688 0 0 0 -0.817837 0.57545
563.800000000 41.2148 57.9735 0 0 0 -0.611247 0.79144
564.400000000 41.3327 58.0006 0 0 0 -0.358812 0.93341
565.000000000 41.4891 58.0402 0 0 0 -0.117117 0.993118
566.500000000 42.5382 58.1021 0 0 0 0.0445318 0.999008
567.800000000 43.4842 58.0634 0 0 0 -0.0246433 0.999696
569.000000000 44.4029 58.0102 0 0 0 -0.0343695 0.999409
570.400000000 45.4445 57.9919 0 0 0 0.00463524 0.999989
571.700000000 46.4181 57.9961 0 0 0 0.000970079 1
573.100000000 47.4649 57.9541 0 0 0 -0.0353329 0.999376
574.400000000 48.4456 57.8966 0 0 0 -0.0237901 0.999717
575.600000000 49.339 57.873 0 0 0 -0.00500936 0.999987
576.900000000 50.3127 57.8794 0 0 0 0.00729401 0.999973
578.300000000 51.3635 57.9299 0 0 0 0.0358156 0.999358
579.700000000 52.4038 57.9937 0 0 0 0.0368945 0.999319
581.000000000 53.3875 58.0441 0 0 0 -0.000151572 1
582.300000000 54.3612 58.0331 0 0 0 -0.00381944 0.999993
583.600000000 55.3349 58.0253 0 0 0 -0.00381944 0.999993
585.100000000 56.2126 57.7802 0 0 0 -0.237845 0.971303
586.500000000 56.907 57.1172 0 0 0 -0.39788 0.917437
587.800000000 57.5061 56.3423 0 0 0 -0.461956 0.886903
589.100000000 57.8928 55.4544 0 0 0 -0.592289 0.805726
590.700000000 57.9674 54.4798 0 0 0 -0.707462 0.706751
594.000000000 57.8883 53.4833 0 0 0 -0.739817 0.672808
598.500000000 57.8068 52.5186 0 0 0 -0.733763 0.679406
602.200000000 57.7818 51.4894 0 0 0 -0.688555 0.725184
603.700000000 58.1804 50.6392 0 0 0 -0.466856 0.884334
605.300000000 58.9549 50.0716 0 0 0 -0.171906 0.985113
605.900000000 58.9677 50.1875 0 0 0 0.124749 0.992188
606.600000000 58.8859 50.2983 0 0 0 0.457951 0.888977
607.200000000 58.7836 50.3454 0 0 0 0.700208 0.713939
607.800000000 58.6701 50.3127 0 0 0 0.879918 0.475126
608.400000000 58.5948 50.2215 0 0 0 0.981027 0.193872
609.100000000 58.4302 50.1147 0 0 0 -0.996936 0.0782178
609.900000000 58.1934 49.8849 0 0 0 -0.948486 0.316818
611.200000000 57.5357 49.1751 0 0 0 -0.90043 0.435001
612.500000000 56.9053 48.4644 0 0 0 -0.917669 0.397345
613.900000000 56.2262 47.768 0 0 0 -0.92428 0.381716
615.600000000 55.5197 47.0746 0 0 0 -0.92428 0.381716
618.000000000 54.8456 46.4035 0 0 0 -0.92428 0.381716
621.500000000 54.1628 45.7238 0 0 0 -0.92428 0.381716
