0.300000000 0.2 0 0 0 0 0 1
31.200000000 0.980045 -0.134583 0 0 0 -0.34365 0.939098
31.800000000 0.881432 -0.1984 0 0 0 -0.605428 0.7959
32.400000000 0.748346 -0.19379 0 0 0 -0.813304 0.581839
33.000000000 0.659 -0.127721 0 0 0 -0.948942 0.31545
33.600000000 0.619993 -0.0119499 0 0 0 -0.99978 0.020981
34.200000000 0.651444 0.0986957 0 0 0 0.961209 0.275821
34.800000000 0.742675 0.171178 0 0 0 0.837053 0.547122
35.500000000 0.879773 0.180732 0 0 0 0.598646 0.801013
36.200000000 0.990017 0.0988462 0 0 0 0.287025 0.957923
36.800000000 1.02355 -0.00339271 0 0 0 -0.00902711 0.999959
37.400000000 0.993426 -0.121363 0 0 0 -0.303681 0.952774
46.000000000 1.19838 -0.101597 0 0 0 0.0396233 0.999215
46.700000000 1.1533 0.00527832 0 0 0 0.380548 0.924761
47.200000000 1.03542 0.0849711 0 0 0 0.589249 0.807951
47.800000000 0.946242 0.13097 0 0 0 0.787069 0.616866
48.900000000 0.549092 0.506365 0 0 0 0.929463 0.368915
50.200000000 -0.178154 1.17492 0 0 0 0.933607 0.358299
51.500000000 -0.848765 1.87174 0 0 0 0.908978 0.416843
52.800000000 -1.4134 2.66255 0 0 0 0.877996 0.478668
54.100000000 -1.88069 3.51738 0 0 0 0.852135 0.523322
55.500000000 -2.27516 4.49069 0 0 0 0.82547 0.564447
56.800000000 -2.64417 5.39344 0 0 0 0.836471 0.548011
58.000000000 -2.92331 6.24467 0 0 0 0.788894 0.61453
58.800000000 -2.86434 6.46867 0 0 0 0.588423 0.808553
59.500000000 -2.79931 6.42072 0 0 0 0.279348 0.96019
60.000000000 -2.73715 6.29112 0 0 0 0.0383656 0.999264
60.700000000 -2.77576 6.17478 0 0 0 -0.301059 0.953606
61.300000000 -2.85545 6.09533 0 0 0 -0.565418 0.824804
61.900000000 -2.95291 6.0768 0 0 0 -0.780916 0.624636
62.400000000 -3.03824 6.11562 0 0 0 -0.909715 0.415234
63.100000000 -3.10604 6.22888 0 0 0 -0.996501 0.0835838
63.600000000 -3.09904 6.32693 0 0 0 0.986746 0.162273
64.300000000 -3.05535 6.45411 0 0 0 0.876945 0.480591
64.800000000 -2.95442 6.483 0 0 0 0.741962 0.670442
66.000000000 -2.6785 7.04095 0 0 0 0.512972 0.858406
67.300000000 -2.23345 7.9143 0 0 0 0.535379 0.844612
68.900000000 -2.01332 8.90107 0 0 0 0.672952 0.739686
70.300000000 -2.0729 9.93196 0 0 0 0.743041 0.669246
71.600000000 -2.20793 10.8904 0 0 0 0.748831 0.662761
73.300000000 -2.26064 11.92 0 0 0 0.712871 0.701295
76.600000000 -2.22897 12.8906 0 0 0 0.688412 0.72532
81.300000000 -2.19696 13.875 0 0 0 0.699765 0.714373
85.700000000 -2.18811 14.8432 0 0 0 0.705222 0.708987
88.900000000 -2.18178 15.815 0 0 0 0.705216 0.708992
90.300000000 -2.27545 16.8452 0 0 0 0.782859 0.622199
91.500000000 -2.60939 17.6782 0 0 0 0.828071 0.560624
93.100000000 -2.74898 18.3652 0 0 0 0.582513 0.812822
93.600000000 -2.68199 18.3246 0 0 0 0.366594 0.930381
94.200000000 -2.61403 18.2142 0 0 0 0.0799728 0.996797
94.900000000 -2.61878 18.0889 0 0 0 -0.261397 0.965231
95.600000000 -2.71899 17.9818 0 0 0 -0.571779 0.820408
96.100000000 -2.79639 17.9654 0 0 0 -0.754664 0.656111
96.800000000 -2.92227 18.0185 0 0 0 -0.931958 0.362567
97.500000000 -2.98181 18.1398 0 0 0 -0.999595 0.0284474
98.000000000 -2.96438 18.2354 0 0 0 0.976285 0.216489
98.600000000 -2.89325 18.3394 0 0 0 0.87096 0.491354
99.300000000 -2.75716 18.3675 0 0 0 0.69808 0.71602
100.800000000 -2.43523 19.3962 0 0 0 0.545006 0.838432
102.100000000 -2.17153 20.2573 0 0 0 0.61809 0.786107
104.500000000 -2.06551 21.2453 0 0 0 0.690937 0.722915
107.700000000 -2.10505 22.317 0 0 0 0.725682 0.68803
109.000000000 -2.17203 23.2875 0 0 0 0.736613 0.676315
111.000000000 -2.21531 24.232 0 0 0 0.715909 0.698193
114.500000000 -2.22608 25.1911 0 0 0 0.709002 0.705206
118.400000000 -2.22946 26.179 0 0 0 0.708107 0.706105
122.600000000 -2.23259 27.1457 0 0 0 0.707986 0.706226
125.300000000 -2.24764 28.1394 0 0 0 0.725603 0.688113
126.700000000 -2.44979 29.1448 0 0 0 0.827276 0.561795
127.900000000 -2.83615 29.5435 0 0 0 0.961586 0.274503
128.500000000 -2.90389 29.4533 0 0 0 -0.999999 0.0016524
129.200000000 -2.86747 29.3208 0 0 0 -0.939624 0.342207
129.800000000 -2.76729 29.2525 0 0 0 -0.796824 0.604212
130.500000000 -2.65866 29.2658 0 0 0 -0.540775 0.841167
131.100000000 -2.56902 29.3251 0 0 0 -0.268044 0.963407
131.700000000 -2.53899 29.4227 0 0 0 0.0303475 0.999539
132.300000000 -2.47842 29.57 0 0 0 0.277865 0.96062
133.200000000 -2.29735 29.9561 0 0 0 0.50818 0.861251
134.600000000 -2.10309 30.8914 0 0 0 0.67562 0.73725
136.000000000 -2.14496 31.9436 0 0 0 0.738946 0.673764
137.500000000 -2.21426 32.9674 0 0 0 0.727163 0.686465
139.700000000 -2.24131 33.9045 0 0 0 0.711293 0.702896
143.400000000 -2.24205 34.8785 0 0 0 0.708364 0.705848
147.000000000 -2.241 35.8183 0 0 0 0.708854 0.705355
150.800000000 -2.25964 36.7862 0 0 0 0.707482 0.706732
154.800000000 -2.24238 37.7782 0 0 0 0.694995 0.719014
158.000000000 -2.23199 38.8002 0 0 0 0.702366 0.711816
159.300000000 -2.26089 39.7504 0 0 0 0.730924 0.682459
160.700000000 -2.33038 40.8105 0 0 0 0.773711 0.633539
161.900000000 -2.62221 41.6665 0 0 0 0.819746 0.572727
163.300000000 -2.85474 42.6826 0 0 0 0.75339 0.657574
164.900000000 -2.80801 43.5468 0 0 0 0.507965 0.861378
165.500000000 -2.77732 43.4887 0 0 0 0.233268 0.972413
166.200000000 -2.75797 43.4232 0 0 0 -0.108139 0.994136
166.800000000 -2.74706 43.4332 0 0 0 -0.390935 0.920418
167.300000000 -2.80366 43.367 0 0 0 -0.593586 0.804771
168.000000000 -2.88108 43.2807 0 0 0 -0.813949 0.580936
169.200000000 -3.35526 42.7491 0 0 0 -0.925266 0.379318
170.700000000 -4.16538 42.2179 0 0 0 -0.983863 0.178922
171.400000000 -4.17722 42.3503 0 0 0 0.986503 0.163742
172.100000000 -4.10541 42.2601 0 0 0 0.872461 0.488685
172.700000000 -3.99298 42.3161 0 0 0 0.692518 0.7214
173.300000000 -3.91855 42.3876 0 0 0 0.502603 0.864517
174.700000000 -3.2689 43.0793 0 0 0 0.36002 0.932945
176.000000000 -2.60193 43.7947 0 0 0 0.43655 0.89968
177.400000000 -2.13976 44.711 0 0 0 0.585435 0.810719
178.900000000 -2.05855 45.7954 0 0 0 0.727983 0.685595
180.300000000 -2.16883 46.8536 0 0 0 0.753844 0.657053
181.500000000 -2.25937 47.7231 0 0 0 0.725502 0.68822
182.900000000 -2.28917 48.7714 0 0 0 0.710455 0.703743
184.200000000 -2.28686 49.7548 0 0 0 0.704553 0.709651
185.500000000 -2.28177 50.7285 0 0 0 0.704506 0.709698
186.800000000 -2.30343 51.6992 0 0 0 0.726688 0.686967
188.000000000 -2.36426 52.6149 0 0 0 0.757313 0.653052
189.500000000 -2.75754 53.6107 0 0 0 0.869401 0.494106
190.900000000 -3.45106 54.3538 0 0 0 0.929747 0.368199
192.200000000 -4.16203 55.0201 0 0 0 0.925758 0.378117
193.200000000 -4.32706 55.3719 0 0 0 0.785245 0.619186
194.000000000 -4.13877 55.468 0 0 0 0.54363 0.839325
195.500000000 -3.50292 56.1441 0 0 0 0.340508 0.940242
196.700000000 -2.82039 56.7354 0 0 0 0.366761 0.930315
198.000000000 -2.13193 57.4248 0 0 0 0.390329 0.920676
199.500000000 -1.28106 58.0524 0 0 0 0.225913 0.974147
201.000000000 -0.308969 58.2144 0 0 0 0.0206829 0.999786
203.300000000 0.652626 58.1451 0 0 0 -0.0522698 0.998633
207.900000000 1.63294 58.0394 0 0 0 -0.0463932 0.998923
212.600000000 2.61811 57.9973 0 0 0 -0.0149481 0.999888
216.300000000 3.58083 57.9754 0 0 0 -0.00402028 0.999992
220.000000000 4.54891 57.9689 0 0 0 -0.00362781 0.999993
223.200000000 5.41426 58.1299 0 0 0 0.29334 0.956008
223.900000000 5.43335 58.2979 0 0 0 0.538811 0.842427
225.400000000 5.61383 59.3708 0 0 0 0.674745 0.738051
226.200000000 5.50882 59.4991 0 0 0 0.847123 0.531398
226.800000000 5.41231 59.4188 0 0 0 0.978125 0.20802
227.400000000 5.40813 59.3015 0 0 0 -0.995908 0.0903741
227.900000000 5.44268 59.1968 0 0 0 -0.942783 0.333406
228.600000000 5.54068 59.1507 0 0 0 -0.770898 0.636959
229.200000000 5.67712 59.0174 0 0 0 -0.596513 0.802603
230.800000000 6.37716 58.3023 0 0 0 -0.359214 0.933255
232.200000000 7.19613 57.818 0 0 0 -0.177121 0.984189
233.600000000 8.18947 57.7125 0 0 0 0.0232771 0.999729
234.800000000 9.07165 57.8982 0 0 0 0.103152 0.994666
236.200000000 10.0436 58.0272 0 0 0 0.0421943 0.999109
238.500000000 11.0244 58.0402 0 0 0 -0.00336148 0.999994
243.000000000 12.0189 58.0222 0 0 0 -0.00753422 0.999972
247.400000000 12.9732 58.0145 0 0 0 -0.00428251 0.999991
251.900000000 13.9559 58.0065 0 0 0 -0.00444194 0.99999
256.100000000 14.9309 57.9981 0 0 0 -0.00456654 0.99999
259.600000000 15.8817 57.9894 0 0 0 -0.00462379 0.999989
263.300000000 16.8374 57.9803 0 0 0 -0.00467585 0.999989
267.000000000 17.8046 57.9694 0 0 0 -0.00455082 0.99999
268.200000000 18.0367 58.0987 0 0 0 0.337706 0.941252
268.700000000 17.958 58.164 0 0 0 0.559606 0.828759
269.500000000 17.8345 58.3427 0 0 0 0.786422 0.617689
271.200000000 17.3245 59.2317 0 0 0 0.830618 0.556843
272.100000000 17.3987 59.4437 0 0 0 0.591797 0.806087
272.700000000 17.481 59.3859 0 0 0 0.331458 0.94347
273.300000000 17.5961 59.2989 0 0 0 0.075935 0.997113
273.900000000 17.7431 59.2315 0 0 0 -0.154742 0.987955
275.300000000 18.3457 58.6495 0 0 0 -0.404711 0.914445
276.600000000 18.9872 57.9166 0 0 0 -0.406534 0.913636
278.300000000 19.6927 57.1992 0 0 0 -0.381315 0.924445
281.300000000 20.3628 56.5188 0 0 0 -0.383606 0.923497
284.300000000 21.0268 55.8422 0 0 0 -0.396109 0.918203
287.300000000 21.61 55.0155 0 0 0 -0.504227 0.863571
288.900000000 21.9128 54.1157 0 0 0 -0.631666 0.775241
292.000000000 21.9756 53.124 0 0 0 -0.703744 0.710454
296.800000000 21.9335 52.1635 0 0 0 -0.725142 0.6886
301.000000000 21.8762 51.2276 0 0 0 -0.731998 0.681307
302.700000000 22.0824 50.5795 0 0 0 -0.515505 0.856887
304.200000000 22.779 49.8471 0 0 0 -0.373681 0.927557
306.200000000 23.4952 49.1235 0 0 0 -0.40846 0.912776
307.700000000 24.0176 48.2667 0 0 0 -0.562986 0.826467
308.400000000 23.9333 48.0753 0 0 0 -0.755045 0.655672
309.500000000 23.5772 47.6545 0 0 0 -0.907026 0.421074
310.800000000 22.8609 47.0435 0 0 0 -0.932783 0.360437
312.100000000 22.1603 46.3465 0 0 0 -0.923935 0.38255
313.500000000 21.4161 45.6031 0 0 0 -0.923935 0.38255
314.800000000 20.7322 44.9092 0 0 0 -0.923935 0.382549
316.000000000 20.0988 44.275 0 0 0 -0.923935 0.382548
317.400000000 19.4093 43.4973 0 0 0 -0.911235 0.411887
318.700000000 18.8737 42.6677 0 0 0 -0.849375 0.52779
320.000000000 18.6199 41.7709 0 0 0 -0.759412 0.65061
321.800000000 18.6126 40.8394 0 0 0 -0.699566 0.714568
324.500000000 18.6149 39.7425 0 0 0 -0.724587 0.689183
325.900000000 18.4185 38.7592 0 0 0 -0.810314 0.585996
328.300000000 17.853 37.9601 0 0 0 -0.904897 0.425631
332.400000000 17.1734 37.389 0 0 0 -0.9944 0.105682
333.000000000 17.1637 37.516 0 0 0 0.982102 0.188349
333.600000000 17.2293 37.6132 0 0 0 0.884749 0.466068
334.200000000 17.3379 37.6573 0 0 0 0.710744 0.70345
334.800000000 17.4541 37.6335 0 0 0 0.475183 0.879887
335.400000000 17.5155 37.561 0 0 0 0.198526 0.980096
336.000000000 17.5096 37.5361 0 0 0 -0.0889979 0.996032
337.200000000 18.0062 37.0742 0 0 0 -0.381299 0.924452
338.600000000 18.4885 36.3092 0 0 0 -0.449355 0.893353
341.000000000 19.1316 35.5911 0 0 0 -0.399956 0.916534
345.900000000 19.8169 34.889 0 0 0 -0.389255 0.92113
350.800000000 20.5087 34.2319 0 0 0 -0.354113 0.935203
354.800000000 21.3752 33.6905 0 0 0 -0.226226 0.974075
356.400000000 22.2792 33.4907 0 0 0 -0.0837072 0.99649
359.100000000 23.3089 33.3952 0 0 0 -0.00628947 0.99998
364.000000000 24.2715 33.4271 0 0 0 0.0200785 0.999798
369.000000000 25.2581 33.4729 0 0 0 0.0292165 0.999573
373.700000000 26.1984 33.5064 0 0 0 0.00900818 0.999959
378.700000000 27.1851 33.5096 0 0 0 -0.000618886 1
381.000000000 27.9429 33.816 0 0 0 0.287195 0.957872
382.300000000 28.6776 34.4563 0 0 0 0.398609 0.917121
385.200000000 29.3564 35.1551 0 0 0 0.38735 0.921933
389.800000000 30.0273 35.8246 0 0 0 0.380916 0.92461
394.100000000 30.7274 36.5298 0 0 0 0.380901 0.924616
398.300000000 31.4349 37.2324 0 0 0 0.380885 0.924623
402.400000000 32.1325 37.9255 0 0 0 0.380868 0.924629
406.500000000 32.8186 38.6071 0 0 0 0.380851 0.924637
411.000000000 33.5116 39.3256 0 0 0 0.416482 0.909144
413.000000000 34.0509 40.1951 0 0 0 0.539445 0.842021
414.200000000 34.2661 41.0624 0 0 0 0.649595 0.76028
415.600000000 34.2018 42.1261 0 0 0 0.73701 0.675882
416.900000000 34.2038 43.1445 0 0 0 0.734592 0.678509
418.200000000 34.1706 44.1279 0 0 0 0.707593 0.70662
419.400000000 34.1712 45.0217 0 0 0 0.700133 0.714013
420.800000000 34.2052 46.0739 0 0 0 0.704524 0.70968
422.200000000 34.2135 47.1276 0 0 0 0.70725 0.706964
423.500000000 34.215 48.1013 0 0 0 0.702298 0.711883
424.800000000 34.2282 49.0749 0 0 0 0.702288 0.711893
426.100000000 34.2416 50.0487 0 0 0 0.702299 0.711882
427.400000000 34.2551 51.0225 0 0 0 0.702335 0.711847
428.700000000 34.2684 51.9964 0 0 0 0.702358 0.711824
429.900000000 34.2809 52.9003 0 0 0 0.70238 0.711802
431.200000000 34.294 53.8742 0 0 0 0.702404 0.711779
432.500000000 34.292 54.848 0 0 0 0.714809 0.69932
434.000000000 34.1098 55.8268 0 0 0 0.805313 0.59285
435.500000000 33.5079 56.6534 0 0 0 0.912357 0.409396
436.800000000 32.8232 57.3442 0 0 0 0.93873 0.344654
438.100000000 31.9567 57.8278 0 0 0 0.971479 0.237126
439.400000000 31.1129 58.0469 0 0 0 0.998085 0.0618643
446.700000000 30.5193 57.8425 0 0 0 -0.975175 0.221436
448.200000000 29.8444 57.1669 0 0 0 -0.914768 0.40398
450.400000000 29.0208 56.5869 0 0 0 -0.97166 0.236385
451.900000000 28.0975 56.4012 0 0 0 -0.998591 0.0530604
454.200000000 27.0913 56.3794 0 0 0 0.999606 0.0280712
456.600000000 26.1618 56.4829 0 0 0 0.998578 0.0533114
460.500000000 25.1904 56.5584 0 0 0 0.999635 0.0270047
464.800000000 24.2098 56.5851 0 0 0 0.999944 0.0105483
469.500000000 23.2789 56.5987 0 0 0 0.999976 0.00696627
474.400000000 22.3105 56.6125 0 0 0 0.999976 0.00697104
479.200000000 21.356 56.6193 0 0 0 -0.999996 0.00296633
483.800000000 20.3687 56.6261 0 0 0 0.999589 0.0286722
484.600000000 20.3187 56.7587 0 0 0 0.931224 0.364449
485.100000000 20.4494 56.8039 0 0 0 0.821032 0.570882
485.800000000 20.5409 56.8313 0 0 0 0.589675 0.807641
486.400000000 20.6721 56.7616 0 0 0 0.340924 0.940091
487.000000000 20.6954 56.6833 0 0 0 0.066261 0.997802
487.700000000 20.7324 56.5448 0 0 0 -0.238167 0.971224
489.000000000 21.2181 55.9352 0 0 0 -0.463205 0.886251
490.500000000 21.6634 55.0051 0 0 0 -0.535133 0.844768
491.900000000 22.1235 54.1245 0 0 0 -0.52947 0.848328
493.600000000 22.1342 53.6055 0 0 0 -0.745612 0.666381
495.000000000 21.8448 52.6928 0 0 0 -0.816791 0.576934
497.300000000 21.6723 51.7943 0 0 0 -0.622639 0.78251
498.100000000 21.7702 51.7952 0 0 0 -0.348521 0.937301
498.800000000 21.8371 51.8833 0 0 0 -0.0054793 0.999985
499.500000000 22.0159 52.0623 0 0 0 0.23321 0.972427
501.000000000 22.6948 52.8097 0 0 0 0.426482 0.904496
502.300000000 23.3835 53.5272 0 0 0 0.383666 0.923472
503.600000000 24.0765 54.1921 0 0 0 0.366861 0.930276
504.800000000 24.725 54.8213 0 0 0 0.37541 0.926859
506.200000000 25.4701 55.5543 0 0 0 0.383923 0.923365
507.500000000 26.1638 56.249 0 0 0 0.381011 0.924571
508.700000000 26.8145 56.8653 0 0 0 0.356568 0.934269
510.000000000 27.5738 57.4748 0 0 0 0.31604 0.948746
511.400000000 28.5077 57.9141 0 0 0 0.162584 0.986695
512.800000000 29.4523 58.0345 0 0 0 0.0232224 0.99973
515.000000000 30.3802 58.015 0 0 0 -0.0437005 0.999045
519.100000000 31.3479 57.9154 0 0 0 -0.0437713 0.999042
523.300000000 32.3095 57.8517 0 0 0 -0.0190216 0.999819
527.800000000 33.2743 57.8311 0 0 0 -0.00841893 0.999965
532.300000000 34.2455 57.8193 0 0 0 -0.00624871 0.99998
536.900000000 35.2374 57.8071 0 0 0 -0.00630548 0.99998
541.500000000 36.2123 57.7948 0 0 0 -0.006433 0.999979
546.100000000 37.1755 57.7825 0 0 0 -0.00660734 0.999978
550.900000000 38.1152 57.7701 0 0 0 -0.00674031 0.999977
552.900000000 39.1986 57.7557 0 0 0 -0.00680178 0.999977
554.200000000 40.1722 57.7428 0 0 0 -0.00691169 0.999976
555.500000000 41.1459 57.7296 0 0 0 -0.00702799 0.999975
556.800000000 42.1188 57.7591 0 0 0 0.0257521 0.999668
558.400000000 42.8553 57.9351 0 0 0 0.355551 0.934657
559.000000000 42.7543 57.9966 0 0 0 0.615887 0.787834
559.600000000 42.668 58.1558 0 0 0 0.773633 0.633634
560.500000000 42.3978 58.4318 0 0 0 0.912976 0.408013
562.000000000 41.6629 59.0986 0 0 0 0.905457 0.424438
563.200000000 41.5199 59.5512 0 0 0 0.700634 0.713521
563.800000000 41.634 59.5144 0 0 0 0.46254 0.886598
564.400000000 41.7139 59.4287 0 0 0 0.184338 0.982863
565.000000000 41.7327 59.314 0 0 0 -0.109965 0.993935
565.800000000 42.0306 59.0889 0 0 0 -0.318881 0.947795
567.300000000 42.7299 58.2835 0 0 0 -0.406101 0.913828
568.700000000 43.5662 57.6687 0 0 0 -0.24729 0.968942
570.100000000 44.4973 57.4968 0 0 0 -0.0258945 0.999665
571.500000000 45.5386 57.6129 0 0 0 0.0701019 0.99754
572.800000000 46.5047 57.7233 0 0 0 0.0444475 0.999012
574.000000000 47.4087 57.7529 0 0 0 -0.00818555 0.999966
575.400000000 48.4594 57.6993 0 0 0 -0.0185401 0.999828
576.800000000 49.5031 57.694 0 0 0 0.00211041 0.999998
578.100000000 50.4869 57.691 0 0 0 -0.00662026 0.999978
579.400000000 51.4607 57.678 0 0 0 -0.00664554 0.999978
580.600000000 52.3645 57.6657 0 0 0 -0.00667117 0.999978
581.900000000 53.0255 57.4004 0 0 0 -0.278779 0.960355
583.400000000 53.7816 56.6197 0 0 0 -0.412623 0.910902
584.700000000 54.442 55.8939 0 0 0 -0.396159 0.918182
586.000000000 55.1229 55.1972 0 0 0 -0.382821 0.923823
587.300000000 55.8237 54.52 0 0 0 -0.379971 0.924998
588.700000000 56.5427 53.7607 0 0 0 -0.408246 0.912872
590.100000000 57.1925 52.925 0 0 0 -0.455502 0.890235
591.400000000 57.6907 52.0932 0 0 0 -0.524668 0.851307
592.800000000 57.9491 51.1062 0 0 0 -0.656412 0.754403
594.800000000 57.9279 50.1136 0 0 0 -0.73392 0.679236
598.800000000 57.8315 49.0951 0 0 0 -0.723206 0.690633
599.400000000 57.9374 49.0469 0 0 0 -0.516118 0.856518
600.100000000 58.0436 49.1392 0 0 0 -0.198963 0.980007
600.800000000 58.1702 49.2343 0 0 0 0.0895534 0.995982
601.900000000 58.5215 49.5942 0 0 0 0.387502 0.921869
603.300000000 59.2582 50.2497 0 0 0 0.296273 0.955103
604.400000000 59.6521 50.3381 0 0 0 -0.0369921 0.999316
605.000000000 59.6189 50.2256 0 0 0 -0.326287 0.945271
605.600000000 59.5286 50.1507 0 0 0 -0.587319 0.809355
606.200000000 59.422 50.1387 0 0 0 -0.797477 0.60335
606.900000000 59.3579 50.1841 0 0 0 -0.954819 0.297187
607.800000000 58.9563 50.2397 0 0 0 -0.997983 0.0634758
609.200000000 57.8962 50.3307 0 0 0 0.989844 0.142157
610.800000000 57.1376 50.4289 0 0 0 -0.990543 0.137205
612.200000000 56.5567 49.8522 0 0 0 -0.919928 0.392086
613.600000000 55.9082 49.2082 0 0 0 -0.916578 0.399856
617.000000000 55.2298 48.5116 0 0 0 -0.924449 0.381306
621.700000000 54.5291 47.8194 0 0 0 -0.925103 0.379716
626.500000000 53.8351 47.1435 0 0 0 -0.92511 0.3797
631.200000000 53.1683 46.4746 0 0 0 -0.925117 0.379683
636.100000000 52.4692 45.7938 0 0 0 -0.925139 0.379629
641.000000000 51.7786 45.1017 0 0 0 -0.925159 0.379579
645.900000000 51.0755 44.4174 0 0 0 -0.925179 0.379531
650.800000000 50.3759 43.7169 0 0 0 -0.925187 0.37951
655.700000000 49.6725 43.0224 0 0 0 -0.925197 0.379488
660.500000000 48.9853 42.3441 0 0 0 -0.925204 0.379469
665.200000000 48.3208 41.6881 0 0 0 -0.925213 0.379449
670.100000000 47.6199 41.0061 0 0 0 -0.925222 0.379427
673.500000000 46.9481 40.2734 0 0 0 -0.903853 0.427843
674.900000000 46.4212 39.3267 0 0 0 -0.846702 0.532068
676.400000000 46.332 38.514 0 0 0 -0.656519 0.754309
677.500000000 46.6752 38.0198 0 0 0 -0.449521 0.89327
678.800000000 47.4019 37.4001 0 0 0 -0.301492 0.953469
680.200000000 48.3563 36.9741 0 0 0 -0.153291 0.988181
681.500000000 49.3133 36.8094 0 0 0 -0.0475442 0.998869
682.500000000 49.5956 36.9246 0 0 0 0.282021 0.959408
683.100000000 49.5055 37.0004 0 0 0 0.553001 0.833181
683.700000000 49.3683 37.007 0 0 0 0.774072 0.633097
684.400000000 49.2744 36.95 0 0 0 0.944415 0.328755
685.000000000 49.2318 36.8593 0 0 0 0.999387 0.0350067
685.700000000 49.0053 36.7152 0 0 0 -0.98133 0.192334
687.300000000 48.1973 36.0073 0 0 0 -0.910729 0.413005
688.400000000 48.0353 35.4681 0 0 0 -0.774128 0.633029
689.200000000 48.0538 35.4624 0 0 0 -0.53665 0.843805
690.700000000 48.8141 34.5842 0 0 0 -0.384307 0.923205
692.000000000 49.5089 33.871 0 0 0 -0.374671 0.927158
693.300000000 50.2765 33.2968 0 0 0 -0.269461 0.963011
694.700000000 51.1895 33.0307 0 0 0 -0.068193 0.997672
696.000000000 52.1457 33.1417 0 0 0 0.0855675 0.996332
697.300000000 53.1089 33.2871 0 0 0 0.0647365 0.997902
698.700000000 54.1749 33.2987 0 0 0 0.00467148 0.999989
700.200000000 55.1175 33.1409 0 0 0 -0.200021 0.979792
701.700000000 55.8877 32.4696 0 0 0 -0.389669 0.920955
703.000000000 56.5257 31.6966 0 0 0 -0.392443 0.919776
704.200000000 57.1394 31.0432 0 0 0 -0.418628 0.908158
705.600000000 57.6608 30.1691 0 0 0 -0.545552 0.838077
707.100000000 57.8286 29.2212 0 0 0 -0.698461 0.715648
709.600000000 57.7082 28.2447 0 0 0 -0.754412 0.656402
713.800000000 57.5842 27.3104 0 0 0 -0.74839 0.663259
717.700000000 57.5136 26.3518 0 0 0 -0.716623 0.69746
718.500000000 57.6372 26.2643 0 0 0 -0.445945 0.89506
719.100000000 57.7419 26.3368 0 0 0 -0.182368 0.98323
720.500000000 58.7394 26.2003 0 0 0 -0.0426762 0.999089
721.900000000 59.7927 26.1923 0 0 0 0.014411 0.999896
722.800000000 59.931 26.3477 0 0 0 0.356362 0.934348
723.400000000 59.8295 26.3993 0 0 0 0.6177 0.786414
724.100000000 59.6952 26.403 0 0 0 0.849542 0.527521
724.700000000 59.6196 26.3018 0 0 0 0.967516 0.252809
725.200000000 59.5243 26.1988 0 0 0 0.999376 0.0353349
726.200000000 59.1486 26.0042 0 0 0 -0.9682 0.250177
727.700000000 58.4935 25.2141 0 0 0 -0.881936 0.471369
729.000000000 57.8575 24.4994 0 0 0 -0.914294 0.405051
730.200000000 57.3001 23.7863 0 0 0 -0.885154 0.465299
731.700000000 56.8955 22.8257 0 0 0 -0.781721 0.623628
733.000000000 56.9265 21.8474 0 0 0 -0.665859 0.746078
734.400000000 57.2377 21.0464 0 0 0 -0.447284 0.894392
735.100000000 57.3166 21.1583 0 0 0 -0.112955 0.9936
735.700000000 57.2975 21.2847 0 0 0 0.184956 0.982747
736.400000000 57.2106 21.3877 0 0 0 0.511123 0.859508
736.900000000 57.1118 21.3897 0 0 0 0.707355 0.706859
737.600000000 57.0154 21.3647 0 0 0 0.907125 0.420861
738.200000000 56.9114 21.3184 0 0 0 0.986004 0.166723
739.200000000 56.413 21.2471 0 0 0 -0.994735 0.102485
740.600000000 55.7278 20.7137 0 0 0 -0.937805 0.347163
741.900000000 55.1016 19.9539 0 0 0 -0.918676 0.395012
743.100000000 54.4387 19.3706 0 0 0 -0.928712 0.370801
744.500000000 53.5315 18.821 0 0 0 -0.976222 0.216774
745.900000000 52.6479 18.6697 0 0 0 0.999939 0.0110393
746.600000000 52.6775 18.7463 0 0 0 0.936944 0.349481
747.200000000 52.7931 18.8436 0 0 0 0.795489 0.605969
747.900000000 52.884 18.852 0 0 0 0.542883 0.839809
748.500000000 53.0076 18.8041 0 0 0 0.274919 0.961467
749.000000000 53.0216 18.7003 0 0 0 0.0337637 0.99943
749.800000000 53.1553 18.5067 0 0 0 -0.281948 0.95943
750.900000000 53.4867 17.9903 0 0 0 -0.500153 0.865937
752.400000000 53.786 16.9903 0 0 0 -0.657323 0.753609
753.700000000 53.7487 16.0174 0 0 0 -0.746137 0.665793
755.000000000 53.3921 15.0711 0 0 0 -0.814007 0.580855
756.400000000 52.8628 14.1764 0 0 0 -0.895056 0.445954
757.600000000 52.1931 13.5434 0 0 0 -0.944807 0.327628
759.100000000 51.4163 12.8732 0 0 0 -0.933017 0.359833
760.400000000 50.6715 12.2406 0 0 0 -0.92798 0.372629
761.600000000 50.0615 11.5931 0 0 0 -0.930207 0.367036
763.000000000 49.2949 10.8715 0 0 0 -0.931913 0.362681
764.500000000 48.704 10.5016 0 0 0 -0.997701 0.0677707
765.200000000 48.6733 10.6432 0 0 0 0.969242 0.24611
766.100000000 48.4943 10.9646 0 0 0 0.867074 0.498179
767.700000000 48.312 12.0218 0 0 0 0.715715 0.698393
769.100000000 48.461 12.9313 0 0 0 0.565629 0.82466
769.600000000 48.5415 12.9025 0 0 0 0.346998 0.937866
770.200000000 48.6052 12.7796 0 0 0 0.0606874 0.998157
770.900000000 48.5939 12.6477 0 0 0 -0.279759 0.96007
771.400000000 48.5091 12.5684 0 0 0 -0.505606 0.862764
772.000000000 48.4079 12.5345 0 0 0 -0.734886 0.67819
773.000000000 48.1023 12.1909 0 0 0 -0.894811 0.446444
774.300000000 47.4281 11.5159 0 0 0 -0.946664 0.322224
775.500000000 46.959 11.3308 0 0 0 0.999999 0.0016661
776.000000000 46.9652 11.4653 0 0 0 0.9698 0.243902
776.700000000 47.083 11.5543 0 0 0 0.830611 0.556852
777.300000000 47.1596 11.5654 0 0 0 0.631246 0.775583
777.900000000 47.2711 11.5287 0 0 0 0.378161 0.92574
778.400000000 47.3456 11.4389 0 0 0 0.142572 0.989784
779.100000000 47.3643 11.3004 0 0 0 -0.187859 0.982196
780.300000000 47.863 10.8175 0 0 0 -0.426394 0.904537
781.700000000 48.3958 9.98468 0 0 0 -0.444539 0.89576
783.000000000 49.0595 9.28448 0 0 0 -0.384508 0.923121
784.300000000 49.746 8.59034 0 0 0 -0.384564 0.923098
785.600000000 50.4344 7.90323 0 0 0 -0.384748 0.923021
786.900000000 51.1152 7.23452 0 0 0 -0.385141 0.922858
788.200000000 51.8065 6.53859 0 0 0 -0.385161 0.922849
789.600000000 52.5451 5.7892 0 0 0 -0.38519 0.922837
790.900000000 53.2311 5.08728 0 0 0 -0.385222 0.922824
792.300000000 53.9663 4.33417 0 0 0 -0.385247 0.922814
793.700000000 54.7121 3.59061 0 0 0 -0.385249 0.922813
795.100000000 55.4517 2.84243 0 0 0 -0.385251 0.922812
796.400000000 56.1319 2.14497 0 0 0 -0.385253 0.922811
797.700000000 56.7532 1.42219 0 0 0 -0.436889 0.899516
799.200000000 57.1535 0.673429 0 0 0 -0.678179 0.734897
800.000000000 56.9893 0.426999 0 0 0 -0.847902 0.530153
801.500000000 56.2626 -0.326394 0 0 0 -0.93034 0.366699
802.800000000 55.5743 -0.984025 0 0 0 -0.930934 0.365188
804.000000000 54.8988 -1.61593 0 0 0 -0.923354 0.38395
805.500000000 54.1155 -2.33132 0 0 0 -0.957041 0.289952
807.000000000 53.1776 -2.5368 0 0 0 -0.99933 0.0366051
808.900000000 52.2451 -2.49181 0 0 0 0.998956 0.0456923
812.200000000 51.3161 -2.3854 0 0 0 0.998357 0.0572944
814.900000000 50.2452 -2.33246 0 0 0 -0.999444 0.0333552
816.200000000 49.2789 -2.55601 0 0 0 -0.992496 0.122277
817.500000000 48.8344 -2.81659 0 0 0 -0.889391 0.457147
818.000000000 48.9266 -2.8533 0 0 0 -0.747861 0.663855
818.700000000 49.0632 -2.82172 0 0 0 -0.475859 0.879522
819.300000000 49.1385 -2.73008 0 0 0 -0.194671 0.980869
819.900000000 49.1437 -2.61175 0 0 0 0.103303 0.99465
820.600000000 49.0664 -2.48817 0 0 0 0.438645 0.89866
821.100000000 48.9556 -2.45617 0 0 0 0.646854 0.762614
821.800000000 48.8583 -2.48247 0 0 0 0.869425 0.494065
822.500000000 48.6841 -2.49735 0 0 0 0.959819 0.280621
824.000000000 47.6799 -2.2224 0 0 0 0.998425 0.0561021
825.400000000 46.6623 -2.26307 0 0 0 -0.999166 0.0408243
827.300000000 45.7146 -2.29935 0 0 0 -0.999992 0.0040836
830.200000000 44.7307 -2.29508 0 0 0 0.999994 0.00347462
834.500000000 43.7657 -2.26629 0 0 0 0.999885 0.0151604
838.500000000 42.8261 -2.24674 0 0 0 0.999963 0.00859025
842.600000000 41.85 -2.2296 0 0 0 0.999963 0.00862311
847.000000000 40.8768 -2.21239 0 0 0 0.999963 0.00865254
850.600000000 39.9141 -2.20012 0 0 0 -1 0.000494002
852.200000000 38.8958 -2.29881 0 0 0 -0.9962 0.0870962
853.500000000 37.9226 -2.42755 0 0 0 -0.998614 0.0526358
854.900000000 37.0344 -2.52013 0 0 0 -0.999999 0.00151805
855.600000000 36.8846 -2.38713 0 0 0 0.966657 0.256074
856.200000000 36.9525 -2.33855 0 0 0 0.850354 0.526212
856.900000000 37.026 -2.30677 0 0 0 0.620461 0.784237
857.500000000 37.1861 -2.32065 0 0 0 0.368315 0.929701
858.200000000 37.3187 -2.45083 0 0 0 0.0671549 0.997743
858.900000000 37.4713 -2.553 0 0 0 -0.195693 0.980665
860.000000000 37.9135 -3.00811 0 0 0 -0.41825 0.908332
861.300000000 38.1838 -3.72678 0 0 0 -0.638047 0.769998
862.000000000 38.0603 -3.72552 0 0 0 -0.858519 0.512781
862.600000000 37.9806 -3.6478 0 0 0 -0.970608 0.240666
863.400000000 37.7876 -3.53789 0 0 0 0.997298 0.0734597
864.200000000 37.532 -3.31909 0 0 0 0.952298 0.305171
865.700000000 36.7925 -2.51114 0 0 0 0.914294 0.405052
867.200000000 36.102 -1.75934 0 0 0 0.916089 0.400976
869.900000000 35.4248 -1.0493 0 0 0 0.920095 0.391695
872.700000000 34.7356 -0.333386 0 0 0 0.920106 0.391669
876.900000000 34.1402 0.373479 0 0 0 0.897174 0.441678
878.500000000 33.6557 1.2304 0 0 0 0.823726 0.566988
880.500000000 33.5115 2.26454 0 0 0 0.737647 0.675187
885.000000000 33.5289 3.19916 0 0 0 0.692519 0.721399
889.400000000 33.5961 4.15169 0 0 0 0.680695 0.732567
892.000000000 33.9541 5.07227 0 0 0 0.442748 0.896646
893.400000000 34.6363 5.76081 0 0 0 0.356794 0.934183
896.300000000 35.3127 6.36328 0 0 0 0.369515 0.929225
906.900000000 36.0129 7.02996 0 0 0 0.370978 0.928642
911.100000000 36.7193 7.70284 0 0 0 0.370926 0.928662
915.400000000 37.4123 8.36343 0 0 0 0.37087 0.928685
920.100000000 38.1072 9.01454 0 0 0 0.370842 0.928696
924.800000000 38.8437 9.71509 0 0 0 0.370819 0.928705
929.400000000 39.551 10.3773 0 0 0 0.370785 0.928719
934.100000000 40.2381 11.0399 0 0 0 0.370749 0.928733
938.000000000 40.9401 11.6969 0 0 0 0.37071 0.928749
940.500000000 41.648 12.3787 0 0 0 0.370693 0.928755
943.500000000 42.3634 13.0582 0 0 0 0.370675 0.928763
946.700000000 43.0595 13.719 0 0 0 0.37066 0.928768
949.200000000 43.7978 14.4294 0 0 0 0.370602 0.928792
952.200000000 44.5286 15.1232 0 0 0 0.370542 0.928816
955.200000000 45.2226 15.7815 0 0 0 0.370482 0.92884
956.600000000 45.9486 16.4704 0 0 0 0.370422 0.928864
957.900000000 46.6604 17.1356 0 0 0 0.370355 0.92889
959.800000000 47.2735 17.796 0 0 0 0.420966 0.907077
961.200000000 47.7437 18.6799 0 0 0 0.561507 0.827472
962.700000000 47.9111 19.6828 0 0 0 0.682626 0.730768
965.200000000 47.8404 20.6759 0 0 0 0.735299 0.677742
967.000000000 47.5148 21.4079 0 0 0 0.890529 0.454927
968.600000000 46.6035 22.0715 0 0 0 0.954218 0.299114
969.900000000 45.9263 22.6288 0 0 0 0.935215 0.35408
970.700000000 45.9232 22.63 0 0 0 0.999917 0.0128653
971.200000000 45.9156 22.6447 0 0 0 -0.970653 0.240486
971.900000000 45.9128 22.6558 0 0 0 -0.835349 0.54972
973.400000000 45.4911 21.6791 0 0 0 -0.874094 0.485757
974.700000000 44.8127 20.8989 0 0 0 -0.913853 0.406044
976.000000000 44.2657 20.1501 0 0 0 -0.907034 0.421057
976.800000000 44.3184 20.0048 0 0 0 -0.715577 0.698534
977.300000000 44.332 20.019 0 0 0 -0.51052 0.859866
978.000000000 44.5149 20.0655 0 0 0 -0.226845 0.973931
979.400000000 45.4611 19.7902 0 0 0 -0.132922 0.991127
980.700000000 46.3907 19.5257 0 0 0 -0.173854 0.984771
982.100000000 47.3292 19.0733 0 0 0 -0.248109 0.968732
982.900000000 47.3485 18.9048 0 0 0 -0.552541 0.833486
983.500000000 47.2229 18.8832 0 0 0 -0.771251 0.636532
984.100000000 47.1543 18.9086 0 0 0 -0.923844 0.382769
984.700000000 47.1479 18.8967 0 0 0 -0.996078 0.0884829
985.400000000 46.9234 19.0595 0 0 0 0.987691 0.156417
986.900000000 46.2743 19.5775 0 0 0 0.906891 0.421366
988.200000000 45.7414 20.5392 0 0 0 0.862583 0.505916
989.800000000 45.1156 21.076 0 0 0 0.96563 0.259921
994.100000000 44.1419 21.2543 0 0 0 0.999396 0.0347486
998.900000000 43.1693 21.1885 0 0 0 -0.999135 0.0415724
1003.400000000 42.2315 21.0993 0 0 0 -0.999087 0.042733
1008.000000000 41.2819 21.0515 0 0 0 -0.999934 0.0115055
1012.900000000 40.3042 21.0577 0 0 0 0.999974 0.00721723
1017.800000000 39.3413 21.0814 0 0 0 0.999888 0.0149762
1022.500000000 38.3934 21.1105 0 0 0 0.999878 0.0156084
1027.400000000 37.4129 21.1402 0 0 0 0.999875 0.0157812
1030.900000000 36.436 21.3774 0 0 0 0.965058 0.262035
1033.800000000 35.7069 22.0305 0 0 0 0.927717 0.373284
1043.700000000 35.0116 22.7282 0 0 0 0.920302 0.391209
1047.300000000 34.3827 23.3943 0 0 0 0.917987 0.396611
1050.800000000 33.7146 24.1034 0 0 0 0.917972 0.396646
1054.400000000 33.0517 24.8174 0 0 0 0.917956 0.396681
1057.200000000 32.3921 25.5177 0 0 0 0.917941 0.396717
1060.100000000 31.7519 26.1974 0 0 0 0.917925 0.396753
1063.100000000 31.0826 26.8981 0 0 0 0.91791 0.39679
1066.200000000 30.42 27.6123 0 0 0 0.917893 0.396827
1069.400000000 29.7375 28.3271 0 0 0 0.917877 0.396866
1072.700000000 29.0379 29.081 0 0 0 0.91786 0.396905
1075.900000000 28.335 29.818 0 0 0 0.917842 0.396945
1079.100000000 27.686 30.518 0 0 0 0.917825 0.396986
1082.200000000 27.0185 31.2279 0 0 0 0.917807 0.397026
1085.700000000 26.3583 31.9302 0 0 0 0.917789 0.397067
1089.500000000 25.6839 32.6478 0 0 0 0.917734 0.397196
1092.000000000 25.0317 33.3569 0 0 0 0.928436 0.371492
1093.300000000 24.1507 33.942 0 0 0 0.968023 0.250861
1094.800000000 23.2312 34.3394 0 0 0 0.996255 0.0864672
1097.200000000 22.2624 34.2572 0 0 0 -0.999873 0.0159526
1098.800000000 21.3152 34.0326 0 0 0 -0.986326 0.164806
1099.600000000 21.3266 34.0161 0 0 0 -0.875646 0.482954
1100.200000000 21.3316 34.0096 0 0 0 -0.694726 0.719274
1100.800000000 21.3418 34.0123 0 0 0 -0.448143 0.893962
1101.300000000 21.3487 34.0217 0 0 0 -0.244413 0.969671
1102.800000000 22.2606 33.9433 0 0 0 0.0402856 0.999188
1104.400000000 23.1724 34.0488 0 0 0 0.0315977 0.999501
1106.500000000 24.1928 33.8527 0 0 0 -0.189826 0.981818
1108.400000000 25.1103 33.4069 0 0 0 -0.135359 0.990797
1109.900000000 25.7411 33.5201 0 0 0 0.15756 0.987509
1111.000000000 25.9931 33.8311 0 0 0 0.405351 0.914161
1112.600000000 26.7752 34.3744 0 0 0 0.206544 0.978437
1113.900000000 27.3622 34.3658 0 0 0 -0.108847 0.994059
1114.800000000 27.594 34.1213 0 0 0 -0.375149 0.926964
1116.300000000 27.8379 33.5066 0 0 0 -0.579458 0.815002
1117.800000000 27.915 32.8927 0 0 0 -0.799415 0.60078
1119.000000000 27.3537 32.3601 0 0 0 -0.921367 0.388693
1120.400000000 26.6363 31.6797 0 0 0 -0.93475 0.355306
1123.000000000 25.9162 31.0545 0 0 0 -0.932222 0.361887
1127.400000000 25.1893 30.3896 0 0 0 -0.932291 0.36171
1131.600000000 24.5011 29.7608 0 0 0 -0.932437 0.361333
1136.000000000 23.7787 29.1015 0 0 0 -0.932585 0.360949
1140.000000000 23.0869 28.4716 0 0 0 -0.932653 0.360775
1144.400000000 22.3679 27.8271 0 0 0 -0.93272 0.3606
1148.700000000 21.636 27.1521 0 0 0 -0.93277 0.360472
1153.000000000 20.9201 26.5016 0 0 0 -0.932838 0.360296
1157.400000000 20.219 25.8556 0 0 0 -0.932907 0.360117
1161.900000000 19.5019 25.2148 0 0 0 -0.932976 0.359939
1166.500000000 18.7656 24.5473 0 0 0 -0.933044 0.359762
1171.000000000 18.0474 23.8967 0 0 0 -0.933112 0.359587
1175.600000000 17.3371 23.2633 0 0 0 -0.93316 0.359461
1180.100000000 16.6393 22.6322 0 0 0 -0.933209 0.359334
1185.000000000 15.9113 21.974 0 0 0 -0.933383 0.358881
1189.700000000 15.2049 21.3368 0 0 0 -0.933544 0.358462
1193.600000000 14.4727 20.6678 0 0 0 -0.933706 0.35804
1195.600000000 13.6978 19.9808 0 0 0 -0.933757 0.357908
1197.000000000 12.9154 19.2775 0 0 0 -0.933923 0.357474
1198.300000000 12.1948 18.6217 0 0 0 -0.934096 0.357023
1199.600000000 11.4679 17.9715 0 0 0 -0.934275 0.356553
1201.000000000 10.7026 17.2233 0 0 0 -0.932466 0.361258
1202.700000000 10.0699 16.4052 0 0 0 -0.874075 0.485792
1204.000000000 9.74087 15.4985 0 0 0 -0.787384 0.616462
1205.300000000 9.54843 14.5028 0 0 0 -0.710599 0.703597
1206.600000000 9.62816 13.5335 0 0 0 -0.663783 0.747925
1208.100000000 9.99697 12.6884 0 0 0 -0.440607 0.8977
1209.500000000 10.7304 11.9338 0 0 0 -0.386808 0.92216
1210.700000000 11.3717 11.2762 0 0 0 -0.40358 0.914944
1212.000000000 11.9888 10.5401 0 0 0 -0.414936 0.909851
1213.400000000 12.7136 9.77736 0 0 0 -0.376885 0.92626
1214.700000000 13.4203 9.46704 0 0 0 -0.132685 0.991158
1216.900000000 14.4345 9.44701 0 0 0 0.0300912 0.999547
1220.200000000 15.4926 9.34282 0 0 0 -0.204881 0.978787
1221.700000000 16.122 8.64088 0 0 0 -0.411808 0.911271
1223.000000000 16.7721 7.90703 0 0 0 -0.416475 0.909147
1224.300000000 17.3949 7.16674 0 0 0 -0.406693 0.913565
1225.600000000 18.0566 6.45144 0 0 0 -0.408351 0.912825
1226.900000000 18.7057 5.72484 0 0 0 -0.411906 0.911227
1228.200000000 19.3542 4.98838 0 0 0 -0.411937 0.911213
1229.500000000 19.9708 4.24302 0 0 0 -0.450152 0.892952
1230.800000000 20.4281 3.38281 0 0 0 -0.550254 0.834998
1232.300000000 20.5757 2.30718 0 0 0 -0.704709 0.709496
1233.700000000 20.4101 1.26886 0 0 0 -0.778898 0.627151
1235.000000000 20.2341 0.312095 0 0 0 -0.755087 0.655624
1236.500000000 20.271 -0.642624 0 0 0 -0.609886 0.792489
1238.000000000 20.8778 -1.40075 0 0 0 -0.382402 0.923996
1239.300000000 21.699 -1.93287 0 0 0 -0.230847 0.97299
1240.600000000 22.6301 -2.18037 0 0 0 -0.0823425 0.996604
1248.600000000 23.5811 -2.09608 0 0 0 0.149854 0.988708
1250.100000000 24.3986 -1.4752 0 0 0 0.366067 0.930588
1251.900000000 25.2004 -0.94086 0 0 0 0.232705 0.972547
1253.500000000 26.2507 -0.73348 0 0 0 0.0294663 0.999566
1254.700000000 27.1225 -0.847571 0 0 0 -0.0808042 0.99673
1256.100000000 28.162 -1.01831 0 0 0 -0.0699123 0.997553
1257.300000000 29.0597 -1.13376 0 0 0 -0.0548729 0.998493
1259.000000000 30.0834 -1.19881 0 0 0 -0.0315218 0.999503
1261.100000000 31.0438 -1.25318 0 0 0 -0.0304411 0.999537
1263.400000000 32.0655 -1.31616 0 0 0 -0.0304437 0.999536
1265.600000000 33.0412 -1.37525 0 0 0 -0.0304379 0.999537
1268.500000000 33.9909 -1.43271 0 0 0 -0.0304341 0.999537
1270.800000000 34.6925 -1.36082 0 0 0 0.291889 0.956452
1271.300000000 34.6206 -1.28636 0 0 0 0.518925 0.85482
1271.900000000 34.5135 -1.27511 0 0 0 0.748365 0.663287
1272.900000000 34.18 -0.978408 0 0 0 0.908315 0.418286
1274.500000000 33.3228 -0.426035 0 0 0 0.953722 0.300689
1276.000000000 32.7413 0.379179 0 0 0 0.851465 0.524411
1277.600000000 32.5302 1.29658 0 0 0 0.74245 0.669902
1280.500000000 32.684 2.21314 0 0 0 0.517858 0.855466
1281.100000000 32.7835 2.11536 0 0 0 0.246419 0.969163
1281.700000000 32.7983 2.03317 0 0 0 -0.046367 0.998924
1282.400000000 32.7622 1.89827 0 0 0 -0.380756 0.924676
1283.000000000 32.6542 1.84395 0 0 0 -0.633432 0.773798
1283.700000000 32.536 1.67323 0 0 0 -0.812305 0.583233
1285.000000000 32.0012 1.18511 0 0 0 -0.945967 0.324264
1286.500000000 31.0499 0.713008 0 0 0 -0.966644 0.256124
1287.800000000 30.3028 0.103036 0 0 0 -0.932933 0.360049
1289.100000000 29.579 -0.556249 0 0 0 -0.936586 0.350438
1290.500000000 28.7603 -1.21399 0 0 0 -0.946398 0.323002
1291.900000000 27.9088 -1.81923 0 0 0 -0.954696 0.297584
1293.200000000 27.0546 -2.29005 0 0 0 -0.977936 0.208906
1294.600000000 26.0624 -2.53036 0 0 0 -0.998045 0.0625043
1296.500000000 25.0683 -2.45319 0 0 0 0.999588 0.0287095
1300.200000000 24.1622 -2.38893 0 0 0 0.998122 0.0612598
1304.400000000 23.2167 -2.27568 0 0 0 0.998167 0.0605129
1308.700000000 22.2327 -2.18676 0 0 0 0.99915 0.0412196
1313.000000000 21.2651 -2.11607 0 0 0 0.999369 0.0355221
1317.300000000 20.3312 -2.04926 0 0 0 0.999353 0.035964
1321.900000000 19.3423 -1.97794 0 0 0 0.999337 0.0364091
1326.600000000 18.3685 -1.90657 0 0 0 0.999321 0.0368555
1330.700000000 17.3125 -1.81874 0 0 0 0.999313 0.037056
1332.000000000 16.3415 -1.74636 0 0 0 0.999306 0.0372549
1333.200000000 15.438 -1.67855 0 0 0 0.999307 0.037236
1334.500000000 14.4659 -1.62092 0 0 0 0.999806 0.0197005
1335.900000000 13.4237 -1.56751 0 0 0 0.999632 0.02713
1337.200000000 12.441 -1.51303 0 0 0 0.999291 0.0376458
1338.500000000 11.4699 -1.43939 0 0 0 0.999291 0.0376381
1339.800000000 10.4988 -1.36571 0 0 0 0.999292 0.0376298
1341.200000000 9.73326 -1.60487 0 0 0 -0.970856 0.239662
1342.600000000 8.864 -2.20295 0 0 0 -0.956727 0.290988
1343.900000000 7.97743 -2.58213 0 0 0 -0.989193 0.146618
1345.200000000 7.04976 -2.63013 0 0 0 0.99948 0.0322602
1346.600000000 6.0349 -2.41016 0 0 0 0.994266 0.106939
1347.900000000 5.06898 -2.29016 0 0 0 0.99908 0.0428877
1349.200000000 4.09638 -2.23959 0 0 0 0.999961 0.0087876
1350.600000000 3.12591 -2.33204 0 0 0 -0.989848 0.142132
1352.100000000 2.35622 -2.91333 0 0 0 -0.918944 0.394388
1353.500000000 1.93738 -3.77277 0 0 0 -0.809201 0.587531
1354.400000000 2.04351 -4.01595 0 0 0 -0.580289 0.814411
1355.100000000 2.22986 -4.1076 0 0 0 -0.347374 0.937726
1355.700000000 2.27751 -4.00904 0 0 0 -0.0563969 0.998408
1356.400000000 2.23379 -3.91095 0 0 0 0.291111 0.956689
1357.000000000 2.15124 -3.8366 0 0 0 0.56074 0.827992
1357.700000000 2.0369 -3.68964 0 0 0 0.763679 0.645597
1358.600000000 1.76129 -3.31628 0 0 0 0.894734 0.446599
1360.000000000 1.03854 -2.61163 0 0 0 0.92564 0.378406
1367.900000000 0.349189 -1.91732 0 0 0 0.917137 0.398572
1369.200000000 -0.289786 -1.18184 0 0 0 0.906727 0.421718
1370.600000000 -0.953751 -0.363634 0 0 0 0.891756 0.452517
1371.900000000 -1.42772 0.485754 0 0 0 0.844458 0.535622
1373.500000000 -1.5354 1.52882 0 0 0 0.674684 0.738107
1375.400000000 -1.14513 2.42291 0 0 0 0.487765 0.872975
1376.500000000 -0.890963 2.55572 0 0 0 0.169326 0.98556
1377.200000000 -0.87526 2.45817 0 0 0 -0.174757 0.984612
1377.800000000 -0.927733 2.34633 0 0 0 -0.453737 0.891136
1379.200000000 -0.62518 1.44161 0 0 0 -0.579116 0.815245
1381.000000000 -0.328404 0.926787 0 0 0 -0.313422 0.949614
1381.900000000 -0.30198 1.07434 0 0 0 0.00946499 0.999955
1382.600000000 -0.31521 1.1191 0 0 0 0.280145 0.959958
1383.300000000 -0.411281 1.19575 0 0 0 0.524143 0.85163
1384.000000000 -0.516149 1.27028 0 0 0 0.716045 0.698054
1385.500000000 -0.681694 2.28275 0 0 0 0.787632 0.616146
1386.700000000 -0.882751 2.54297 0 0 0 0.94505 0.326925
1387.400000000 -0.924311 2.41375 0 0 0 -0.999992 0.00405668
1387.900000000 -0.897122 2.31523 0 0 0 -0.96782 0.251645
1388.600000000 -0.808612 2.2249 0 0 0 -0.822612 0.568603
1389.100000000 -0.690785 2.18897 0 0 0 -0.666141 0.745826
1390.200000000 -0.394772 1.76498 0 0 0 -0.420941 0.907088
1391.900000000 0.47653 1.16996 0 0 0 -0.360348 0.932818
1393.400000000 0.967465 0.319072 0 0 0 -0.577831 0.816156
1394.800000000 0.941579 -0.535864 0 0 0 -0.775757 0.631032
1395.700000000 0.827984 -0.550049 0 0 0 -0.923761 0.38297
1396.500000000 0.765994 -0.459572 0 0 0 -0.993666 0.112369
1397.300000000 0.635303 -0.352082 0 0 0 0.99295 0.118538
1398.600000000 0.329151 -0.0601257 0 0 0 0.918568 0.395263
1399.700000000 0.30036 0.184647 0 0 0 0.780295 0.625412
