0.100000000 0.2 0 0 0 0 0 1
18.000000000 1.25229 0.000305131 0 0 0 -1.07929e-05 1
19.300000000 2.21078 0.0415156 0 0 0 0.0650854 0.99788
21.800000000 3.06759 0.223522 0 0 0 -0.251892 0.967755
22.500000000 2.96879 0.202017 0 0 0 -0.56939 0.822068
23.100000000 2.84981 0.202161 0 0 0 -0.786867 0.617122
23.700000000 2.73653 0.255108 0 0 0 -0.933801 0.357793
24.400000000 2.68908 0.317573 0 0 0 -0.999872 0.0159743
25.000000000 2.72355 0.441897 0 0 0 0.960194 0.279335
25.600000000 2.81488 0.516759 0 0 0 0.834702 0.550701
26.200000000 2.93329 0.52846 0 0 0 0.6346 0.772841
26.800000000 3.02427 0.465119 0 0 0 0.376778 0.926304
27.300000000 3.07796 0.374025 0 0 0 0.136921 0.990582
30.300000000 3.11808 0.218113 0 0 0 -0.186017 0.982547
30.800000000 3.06058 0.207526 0 0 0 -0.4206 0.907246
31.500000000 2.97816 0.17707 0 0 0 -0.690673 0.723167
32.200000000 2.82463 0.197098 0 0 0 -0.847751 0.530395
33.700000000 2.09953 -0.479747 0 0 0 -0.939577 0.342339
35.000000000 1.46615 -1.27289 0 0 0 -0.885176 0.465256
36.400000000 1.17637 -2.30857 0 0 0 -0.7722 0.635379
37.600000000 1.2567 -2.66814 0 0 0 -0.510797 0.859701
38.200000000 1.34674 -2.66395 0 0 0 -0.235015 0.971992
38.700000000 1.37304 -2.56691 0 0 0 0.0128309 0.999918
39.700000000 1.69891 -2.28265 0 0 0 0.31414 0.949377
41.000000000 2.36341 -1.59045 0 0 0 0.422541 0.906344
42.400000000 2.93711 -0.736197 0 0 0 0.493755 0.869601
43.600000000 3.32495 0.103668 0 0 0 0.558445 0.829542
44.900000000 3.5875 1.0271 0 0 0 0.615089 0.788457
46.300000000 3.7453 2.03743 0 0 0 0.663288 0.748365
47.600000000 3.78502 3.01396 0 0 0 0.704683 0.709522
48.800000000 3.75373 3.92805 0 0 0 0.716715 0.697366
50.200000000 3.74973 4.98173 0 0 0 0.709181 0.705026
51.500000000 3.74446 5.95528 0 0 0 0.705372 0.708837
52.800000000 3.7398 6.92862 0 0 0 0.705372 0.708838
54.100000000 3.72722 7.86342 0 0 0 0.675014 0.737805
55.600000000 4.11731 8.80881 0 0 0 0.501255 0.865299
56.900000000 4.76432 9.53847 0 0 0 0.379515 0.925186
58.200000000 5.45588 10.2151 0 0 0 0.362939 0.931813
59.600000000 6.26198 10.8509 0 0 0 0.254982 0.966946
60.900000000 7.15431 11.0475 0 0 0 0.0863683 0.996263
61.800000000 7.38115 10.9775 0 0 0 -0.253071 0.967448
62.400000000 7.38992 10.8892 0 0 0 -0.523774 0.851857
62.900000000 7.27745 10.8471 0 0 0 -0.714691 0.69944
63.600000000 7.18047 10.8937 0 0 0 -0.908827 0.417173
64.200000000 7.04588 10.9971 0 0 0 -0.990675 0.136249
64.800000000 7.03224 11.133 0 0 0 0.989279 0.146039
65.800000000 6.64879 11.4666 0 0 0 0.920744 0.390168
67.200000000 6.18763 12.3079 0 0 0 0.820497 0.571651
68.400000000 6.04609 13.1726 0 0 0 0.733278 0.679929
69.800000000 6.09947 14.2065 0 0 0 0.678381 0.73471
71.100000000 6.17073 15.2056 0 0 0 0.684313 0.729188
72.700000000 6.09065 16.0229 0 0 0 0.853631 0.520878
73.300000000 6.00452 15.9381 0 0 0 0.969433 0.245357
74.000000000 5.9825 15.8121 0 0 0 -0.994729 0.102535
74.600000000 6.03357 15.7142 0 0 0 -0.920232 0.391374
75.200000000 6.15626 15.6511 0 0 0 -0.765447 0.643499
75.900000000 6.27361 15.6523 0 0 0 -0.513841 0.857885
77.500000000 7.0789 14.9392 0 0 0 -0.333941 0.942594
78.800000000 7.6005 14.6739 0 0 0 -0.0626674 0.998034
79.600000000 7.84214 14.8061 0 0 0 0.199663 0.979865
81.200000000 8.58908 15.5692 0 0 0 0.441582 0.897221
82.500000000 9.06187 16.4156 0 0 0 0.524981 0.851114
83.700000000 9.38902 17.262 0 0 0 0.5923 0.805718
85.100000000 9.68241 18.28 0 0 0 0.566397 0.824132
86.300000000 10.148 19.0523 0 0 0 0.483681 0.875244
87.600000000 10.6029 19.8916 0 0 0 0.556795 0.83065
89.100000000 10.7602 20.9544 0 0 0 0.701651 0.71252
90.500000000 10.6 21.8538 0 0 0 0.82953 0.558463
91.000000000 10.5187 21.7864 0 0 0 0.941906 0.335875
91.700000000 10.4743 21.6871 0 0 0 -0.999967 0.00807718
92.300000000 10.5035 21.5793 0 0 0 -0.953103 0.302646
93.000000000 10.6155 21.4813 0 0 0 -0.797952 0.602721
93.700000000 10.724 21.4005 0 0 0 -0.574605 0.818431
94.900000000 11.2196 20.864 0 0 0 -0.366419 0.93045
96.200000000 11.9442 20.2457 0 0 0 -0.361368 0.932423
97.500000000 12.2963 19.5787 0 0 0 -0.5994 0.80045
98.900000000 12.346 18.5879 0 0 0 -0.706525 0.707688
100.200000000 12.2899 17.6162 0 0 0 -0.729366 0.684124
101.100000000 12.4383 17.4091 0 0 0 -0.47158 0.881824
101.800000000 12.5916 17.3949 0 0 0 -0.226319 0.974053
103.100000000 13.4239 17.3314 0 0 0 0.0214794 0.999769
104.400000000 14.3566 17.5504 0 0 0 0.118882 0.992908
105.800000000 15.3483 17.7181 0 0 0 0.060641 0.99816
107.300000000 16.4216 17.9158 0 0 0 0.120135 0.992758
108.600000000 17.3557 18.2144 0 0 0 0.16973 0.985491
110.000000000 18.3046 18.6013 0 0 0 0.154304 0.988023
111.300000000 19.3198 18.7123 0 0 0 0.0489126 0.998803
112.700000000 19.9739 18.6179 0 0 0 -0.279836 0.960048
113.300000000 19.8918 18.5263 0 0 0 -0.547493 0.83681
113.900000000 19.7758 18.503 0 0 0 -0.76741 0.641157
114.600000000 19.6451 18.5669 0 0 0 -0.938797 0.34447
115.100000000 19.5814 18.6597 0 0 0 -0.993354 0.115098
115.700000000 19.5393 18.7607 0 0 0 0.986745 0.16228
116.400000000 19.5912 18.8683 0 0 0 0.877428 0.479708
117.000000000 19.7014 18.9094 0 0 0 0.699813 0.714326
117.600000000 19.8258 18.8824 0 0 0 0.461591 0.887093
118.200000000 19.9059 18.7962 0 0 0 0.183414 0.983036
118.800000000 19.9363 18.6801 0 0 0 -0.110564 0.993869
119.700000000 20.2511 18.4092 0 0 0 -0.33992 0.940454
121.000000000 20.8968 17.7024 0 0 0 -0.408948 0.912557
122.400000000 21.6392 16.9561 0 0 0 -0.377569 0.925982
123.700000000 22.3911 16.3351 0 0 0 -0.318023 0.948083
125.000000000 23.2223 15.8196 0 0 0 -0.248038 0.96875
126.300000000 24.1179 15.4379 0 0 0 -0.179708 0.98372
127.700000000 25.118 15.1631 0 0 0 -0.108398 0.994108
129.000000000 26.085 14.959 0 0 0 -0.122282 0.992495
130.400000000 26.9238 14.5356 0 0 0 -0.325857 0.945419
131.700000000 27.2741 13.876 0 0 0 -0.576752 0.816919
133.100000000 27.2884 13.01 0 0 0 -0.770763 0.637122
134.500000000 26.9588 12.4222 0 0 0 -0.939194 0.343386
135.200000000 26.8003 12.4747 0 0 0 -0.997942 0.0641255
135.800000000 26.659 12.569 0 0 0 0.986971 0.1609
137.800000000 26.1111 12.6548 0 0 0 -0.991452 0.130475
139.200000000 25.2439 12.301 0 0 0 -0.987699 0.156369
141.400000000 24.2039 12.1898 0 0 0 -0.999719 0.023699
144.000000000 23.1588 12.2259 0 0 0 0.99964 0.0268323
145.300000000 22.1977 12.2901 0 0 0 0.999358 0.0358398
146.500000000 21.2465 12.3519 0 0 0 0.999436 0.0335769
148.000000000 20.6592 12.2631 0 0 0 -0.951173 0.308659
148.600000000 20.7538 12.1922 0 0 0 -0.817476 0.575963
149.200000000 20.8719 12.1871 0 0 0 -0.61076 0.791816
149.800000000 20.9634 12.2498 0 0 0 -0.349588 0.936904
150.400000000 21.0548 12.2849 0 0 0 -0.0907004 0.995878
152.200000000 22.0719 12.5049 0 0 0 0.0351384 0.999382
153.500000000 23.0582 12.4771 0 0 0 -0.0351948 0.99938
154.900000000 24.1008 12.4214 0 0 0 -0.00968933 0.999953
156.200000000 25.0842 12.4196 0 0 0 0.00779136 0.99997
157.500000000 26.0505 12.5027 0 0 0 0.0899046 0.99595
158.800000000 26.8614 12.8932 0 0 0 0.272365 0.962194
160.100000000 27.5665 13.5391 0 0 0 0.387818 0.921736
161.500000000 28.2842 14.3082 0 0 0 0.392712 0.919661
162.700000000 28.9286 14.9479 0 0 0 0.382355 0.924016
164.100000000 29.6631 15.6924 0 0 0 0.382356 0.924015
165.400000000 30.3575 16.3801 0 0 0 0.382352 0.924017
166.700000000 31.0478 17.0689 0 0 0 0.382362 0.924013
168.100000000 31.7921 17.8022 0 0 0 0.382387 0.924002
169.400000000 32.4824 18.491 0 0 0 0.382389 0.924001
170.800000000 33.2226 19.2298 0 0 0 0.382395 0.923999
172.200000000 33.9671 19.9731 0 0 0 0.382403 0.923996
173.500000000 34.6573 20.662 0 0 0 0.382413 0.923991
174.900000000 35.4017 21.4054 0 0 0 0.382427 0.923986
176.200000000 36.0919 22.0943 0 0 0 0.382442 0.923979
177.600000000 36.8362 22.8378 0 0 0 0.382461 0.923972
178.900000000 37.4191 23.6064 0 0 0 0.483308 0.875451
180.200000000 37.7621 24.5169 0 0 0 0.611943 0.790902
181.400000000 37.7934 25.4087 0 0 0 0.709817 0.704386
182.800000000 37.6867 26.4511 0 0 0 0.74571 0.666271
184.400000000 37.8999 27.3249 0 0 0 0.517705 0.855559
185.700000000 38.492 28.0173 0 0 0 0.397451 0.917623
187.100000000 39.2417 28.7554 0 0 0 0.376989 0.926218
188.300000000 39.8479 29.381 0 0 0 0.406024 0.913862
189.000000000 39.7882 29.4869 0 0 0 0.669762 0.742576
189.500000000 39.6923 29.4636 0 0 0 0.832313 0.554306
190.300000000 39.4387 29.5363 0 0 0 0.955825 0.293936
191.700000000 38.5389 29.8158 0 0 0 0.995597 0.0937335
193.100000000 37.4869 29.8429 0 0 0 -0.999883 0.0152723
194.500000000 36.436 29.7586 0 0 0 -0.9991 0.0424259
195.800000000 35.4571 29.7157 0 0 0 0.999961 0.00877979
197.200000000 34.4138 29.7418 0 0 0 0.99999 0.00458048
198.500000000 33.4304 29.7421 0 0 0 0.999998 0.00174383
200.000000000 32.8539 29.6142 0 0 0 -0.943959 0.330063
200.600000000 32.9512 29.5389 0 0 0 -0.804262 0.594275
201.300000000 33.0724 29.3886 0 0 0 -0.620857 0.783924
203.000000000 33.6752 28.5848 0 0 0 -0.477631 0.87856
204.100000000 33.8084 27.9996 0 0 0 -0.687847 0.725856
205.500000000 33.4813 27.2368 0 0 0 -0.862417 0.506199
206.900000000 32.8077 26.6493 0 0 0 -0.961078 0.276279
208.400000000 31.7801 26.3372 0 0 0 -0.996504 0.0835439
209.700000000 30.8175 26.3521 0 0 0 0.998757 0.0498478
210.900000000 29.9031 26.5838 0 0 0 0.984981 0.17266
212.300000000 28.9863 27.0832 0 0 0 0.955591 0.294695
213.700000000 28.2223 27.7859 0 0 0 0.904056 0.427413
214.800000000 28.0818 28.2215 0 0 0 0.725279 0.688455
215.400000000 28.2071 28.2024 0 0 0 0.494688 0.869071
215.900000000 28.2926 28.1422 0 0 0 0.270942 0.962596
216.600000000 28.3317 28.0324 0 0 0 -0.0698785 0.997556
217.100000000 28.293 27.9435 0 0 0 -0.309724 0.950826
217.800000000 28.261 27.8568 0 0 0 -0.615352 0.788253
218.500000000 28.1168 27.6862 0 0 0 -0.795798 0.605562
219.700000000 27.6726 27.2394 0 0 0 -0.934639 0.355599
221.100000000 26.8101 26.7863 0 0 0 -0.979601 0.200951
222.500000000 25.819 26.5326 0 0 0 -0.996033 0.0889871
224.000000000 24.8582 26.5047 0 0 0 0.999788 0.0205738
225.400000000 23.8081 26.5915 0 0 0 0.99902 0.0442507
227.000000000 22.8382 26.659 0 0 0 0.999668 0.0257796
229.200000000 21.9356 26.6755 0 0 0 0.999977 0.00684284
232.300000000 20.9355 26.6788 0 0 0 1 6.37047e-05
235.300000000 19.973 26.68 0 0 0 -1 0.000183003
238.700000000 19.0114 26.6678 0 0 0 -0.999932 0.0116955
242.500000000 18.0173 26.6555 0 0 0 -0.999991 0.00417721
246.000000000 17.058 26.6396 0 0 0 -0.999994 0.0034442
249.500000000 16.0913 26.627 0 0 0 0.999987 0.00500955
251.500000000 15.0565 26.7026 0 0 0 0.998533 0.0541394
253.100000000 14.1362 27.0932 0 0 0 0.948558 0.316605
254.300000000 13.8171 27.6601 0 0 0 0.829473 0.558547
255.700000000 13.8507 28.4725 0 0 0 0.632878 0.774251
257.200000000 14.3741 29.2735 0 0 0 0.405232 0.914214
258.700000000 15.0657 29.6509 0 0 0 0.0661164 0.997812
259.400000000 15.0476 29.5162 0 0 0 -0.273284 0.961934
260.100000000 14.9523 29.4137 0 0 0 -0.576853 0.816848
260.700000000 14.8417 29.3702 0 0 0 -0.781465 0.623949
261.600000000 14.5761 29.0356 0 0 0 -0.907797 0.41941
262.900000000 13.8334 28.4805 0 0 0 -0.947818 0.318811
264.300000000 13.0684 27.761 0 0 0 -0.923935 0.382549
265.600000000 12.3446 27.1211 0 0 0 -0.947844 0.318734
266.900000000 11.5021 26.7391 0 0 0 -0.987672 0.156537
268.900000000 10.5267 26.6308 0 0 0 -0.999774 0.0212642
271.100000000 9.47643 26.6407 0 0 0 0.999943 0.0107146
273.100000000 8.453 26.6712 0 0 0 0.999776 0.0211863
274.500000000 7.40183 26.7215 0 0 0 0.999724 0.023475
275.800000000 6.42942 26.7702 0 0 0 0.999561 0.0296428
277.200000000 5.39534 26.8617 0 0 0 0.996235 0.0866955
278.600000000 4.49925 27.2405 0 0 0 0.961906 0.273382
279.900000000 3.79858 27.8998 0 0 0 0.91496 0.403544
281.300000000 3.27733 28.7885 0 0 0 0.833425 0.552633
282.700000000 3.23152 29.5583 0 0 0 0.628851 0.777526
283.600000000 3.47697 29.795 0 0 0 0.385042 0.922899
284.400000000 3.69654 29.817 0 0 0 0.0999354 0.994994
285.100000000 3.68508 29.6994 0 0 0 -0.243404 0.969925
285.700000000 3.60913 29.6092 0 0 0 -0.51517 0.857088
286.300000000 3.52605 29.494 0 0 0 -0.715028 0.699096
287.100000000 3.33567 29.3122 0 0 0 -0.88128 0.472595
288.500000000 2.60456 28.6537 0 0 0 -0.937691 0.34747
289.800000000 1.89511 27.9906 0 0 0 -0.92359 0.383381
291.200000000 1.16911 27.2292 0 0 0 -0.921061 0.389418
292.500000000 0.48911 26.5326 0 0 0 -0.922471 0.386066
293.800000000 -0.19859 25.844 0 0 0 -0.922486 0.386032
295.000000000 -0.823572 25.2027 0 0 0 -0.919639 0.392765
296.500000000 -1.44512 24.4005 0 0 0 -0.854697 0.519127
297.300000000 -1.36041 24.1898 0 0 0 -0.664248 0.747512
298.100000000 -1.14677 23.9322 0 0 0 -0.463872 0.885902
299.600000000 -0.417896 23.1924 0 0 0 -0.423786 0.905762
300.900000000 0.0132617 22.3307 0 0 0 -0.565721 0.824597
302.100000000 0.264633 21.4468 0 0 0 -0.650714 0.759323
303.600000000 0.689531 20.5131 0 0 0 -0.463837 0.88592
304.600000000 1.0756 20.2242 0 0 0 -0.224783 0.974409
305.200000000 1.09413 20.341 0 0 0 0.0731709 0.997319
305.900000000 1.02924 20.4615 0 0 0 0.413814 0.910362
306.600000000 0.87241 20.5105 0 0 0 0.700886 0.713273
307.300000000 0.740416 20.4672 0 0 0 0.903246 0.429124
307.900000000 0.645993 20.3804 0 0 0 0.987783 0.155834
309.200000000 -0.0695336 20.2633 0 0 0 -0.993314 0.115441
310.500000000 -0.951113 20.0217 0 0 0 -0.99362 0.112779
311.700000000 -1.58021 20.1375 0 0 0 0.986034 0.166544
313.200000000 -2.60238 20.5187 0 0 0 0.988807 0.149198
314.500000000 -3.55336 20.713 0 0 0 0.996354 0.085315
315.800000000 -4.53208 20.8058 0 0 0 0.999601 0.0282481
317.200000000 -5.5775 20.7912 0 0 0 -0.999979 0.0064121
318.400000000 -6.48204 20.7885 0 0 0 0.999998 0.00194772
319.800000000 -7.26823 21.0695 0 0 0 0.963379 0.268143
320.800000000 -7.44222 21.3684 0 0 0 0.826218 0.56335
321.500000000 -7.32771 21.376 0 0 0 0.586242 0.810136
322.100000000 -7.21572 21.3204 0 0 0 0.326383 0.945237
322.800000000 -7.16399 21.1931 0 0 0 -0.0116595 0.999932
323.300000000 -7.17445 21.0726 0 0 0 -0.255048 0.966928
324.000000000 -7.24324 21.0178 0 0 0 -0.567122 0.823633
324.600000000 -7.36968 20.995 0 0 0 -0.77934 0.626602
325.400000000 -7.63319 20.7349 0 0 0 -0.905833 0.423635
326.500000000 -8.07983 20.4831 0 0 0 -0.989193 0.146617
327.200000000 -8.25139 20.6188 0 0 0 0.992968 0.118386
328.200000000 -8.64422 20.9634 0 0 0 0.937844 0.347056
329.600000000 -9.36033 21.7277 0 0 0 0.91571 0.401839
330.800000000 -9.99009 22.3721 0 0 0 0.924806 0.38044
332.200000000 -10.729 23.1134 0 0 0 0.924773 0.380519
333.500000000 -11.4255 23.8053 0 0 0 0.924835 0.380368
334.700000000 -12.1381 24.3584 0 0 0 0.959931 0.280235
336.200000000 -13.1709 24.6775 0 0 0 0.996789 0.0800668
337.600000000 -14.2181 24.649 0 0 0 -0.999165 0.0408668
338.900000000 -15.1797 24.4499 0 0 0 -0.988718 0.149792
340.200000000 -16.036 23.9878 0 0 0 -0.959554 0.281524
341.500000000 -16.7613 23.3924 0 0 0 -0.929335 0.369238
343.000000000 -17.4031 22.7727 0 0 0 -0.920144 0.391581
345.300000000 -17.8248 22.0504 0 0 0 -0.756436 0.654068
346.000000000 -17.7023 21.8825 0 0 0 -0.577539 0.816363
347.500000000 -17.0763 21.0612 0 0 0 -0.394566 0.918867
348.900000000 -16.2973 20.3544 0 0 0 -0.361423 0.932402
350.200000000 -15.6049 19.6549 0 0 0 -0.388398 0.921492
351.100000000 -15.5898 19.4197 0 0 0 -0.682448 0.730934
351.700000000 -15.7021 19.4347 0 0 0 -0.865717 0.500534
352.300000000 -15.7898 19.5332 0 0 0 -0.973905 0.226955
352.800000000 -15.8189 19.6479 0 0 0 0.999876 0.0157779
353.800000000 -16.1209 19.8648 0 0 0 0.946216 0.323537
355.200000000 -16.829 20.6248 0 0 0 0.926995 0.375073
356.600000000 -17.7062 21.1653 0 0 0 0.960385 0.278676
357.900000000 -18.4402 21.7933 0 0 0 0.924941 0.38011
359.300000000 -19.1635 22.5453 0 0 0 0.921327 0.388788
360.600000000 -19.8819 23.1985 0 0 0 0.940274 0.340417
361.800000000 -20.6659 23.6385 0 0 0 0.980133 0.198344
363.200000000 -21.6894 23.8469 0 0 0 0.997747 0.0670915
364.500000000 -22.6609 23.8893 0 0 0 -0.999943 0.0106798
365.900000000 -23.7073 23.8063 0 0 0 -0.998988 0.0449669
367.300000000 -24.7516 23.6978 0 0 0 -0.99886 0.0477435
369.100000000 -25.6032 23.7645 0 0 0 0.953191 0.302369
369.700000000 -25.5172 23.8392 0 0 0 0.824727 0.565531
370.300000000 -25.4148 23.8563 0 0 0 0.624106 0.78134
370.800000000 -25.3218 23.8451 0 0 0 0.421491 0.906833
371.600000000 -25.0911 23.79 0 0 0 0.102415 0.994742
373.300000000 -24.1606 23.6472 0 0 0 -0.0592837 0.998241
374.600000000 -23.211 23.5702 0 0 0 -0.0329992 0.999455
375.900000000 -22.2182 23.3368 0 0 0 -0.171909 0.985113
377.000000000 -21.8104 22.9432 0 0 0 -0.423278 0.906
378.200000000 -21.5765 22.3019 0 0 0 -0.639828 0.768518
379.600000000 -21.7803 21.5246 0 0 0 -0.83439 0.551175
381.000000000 -22.4016 20.8226 0 0 0 -0.93836 0.34566
382.400000000 -23.3107 20.3901 0 0 0 -0.987412 0.15817
383.800000000 -24.3456 20.2556 0 0 0 -0.999829 0.0184912
384.600000000 -24.5374 20.377 0 0 0 0.963356 0.268226
385.300000000 -24.4473 20.4725 0 0 0 0.8164 0.577487
385.900000000 -24.3349 20.5077 0 0 0 0.622732 0.782435
386.700000000 -24.1469 20.6419 0 0 0 0.371971 0.928245
388.000000000 -23.3982 20.911 0 0 0 0.124641 0.992202
389.400000000 -22.4384 21.0674 0 0 0 0.136176 0.990685
390.800000000 -21.6262 21.5843 0 0 0 0.343942 0.938991
392.200000000 -20.9131 22.3461 0 0 0 0.420234 0.907416
393.600000000 -20.3005 23.2648 0 0 0 0.530199 0.847873
394.900000000 -20.0807 24.2007 0 0 0 0.659433 0.751763
396.200000000 -20.1482 25.1634 0 0 0 0.759031 0.651054
397.500000000 -20.3205 26.1099 0 0 0 0.747514 0.664246
398.800000000 -20.3473 27.0797 0 0 0 0.704264 0.709938
400.100000000 -20.2941 28.0568 0 0 0 0.685247 0.728311
401.400000000 -20.29 29.0281 0 0 0 0.719078 0.69493
402.300000000 -20.4574 29.291 0 0 0 0.890126 0.455714
403.200000000 -20.7809 29.3682 0 0 0 0.98347 0.181073
404.800000000 -21.8313 29.3852 0 0 0 -0.99981 0.0195116
406.200000000 -22.8697 29.3185 0 0 0 -0.999213 0.0396701
407.000000000 -23.0889 29.4044 0 0 0 0.971447 0.237257
407.700000000 -23.0009 29.4987 0 0 0 0.833698 0.552221
408.300000000 -22.893 29.5214 0 0 0 0.636762 0.77106
408.900000000 -22.7938 29.475 0 0 0 0.38388 0.923383
409.400000000 -22.7454 29.3964 0 0 0 0.146875 0.989155
410.100000000 -22.6083 29.2734 0 0 0 -0.135528 0.990774
411.500000000 -21.9587 28.7606 0 0 0 -0.407659 0.913134
412.900000000 -21.6272 27.9469 0 0 0 -0.630067 0.776541
414.300000000 -21.7849 27.1063 0 0 0 -0.814609 0.58001
415.900000000 -22.4592 26.3095 0 0 0 -0.940863 0.338786
417.200000000 -23.3025 25.926 0 0 0 -0.987348 0.158569
418.600000000 -24.336 25.8003 0 0 0 -0.999927 0.0120424
419.800000000 -25.2348 25.8673 0 0 0 0.998155 0.0607129
421.200000000 -26.272 26.0414 0 0 0 0.995969 0.0897027
422.500000000 -27.2293 26.205 0 0 0 0.995921 0.0902273
423.700000000 -28.1164 26.3659 0 0 0 0.995849 0.091023
425.100000000 -29.144 26.5047 0 0 0 0.994113 0.108349
426.500000000 -30.0749 26.9121 0 0 0 0.964599 0.263722
427.900000000 -30.8541 27.6012 0 0 0 0.923709 0.383096
429.100000000 -31.476 28.2469 0 0 0 0.920494 0.390758
430.100000000 -31.6292 28.5964 0 0 0 0.779544 0.626347
430.900000000 -31.4739 28.7499 0 0 0 0.545372 0.838194
432.300000000 -30.8526 29.4871 0 0 0 0.393396 0.919369
433.700000000 -30.0353 30.1443 0 0 0 0.288197 0.957571
434.800000000 -29.5489 30.3075 0 0 0 0.0178128 0.999841
435.500000000 -29.5796 30.182 0 0 0 -0.322304 0.946636
436.000000000 -29.6493 30.1264 0 0 0 -0.543545 0.83938
436.600000000 -29.7741 30.1019 0 0 0 -0.764333 0.644822
437.600000000 -30.1026 29.7902 0 0 0 -0.916481 0.400077
439.000000000 -30.8721 29.1396 0 0 0 -0.931222 0.364452
440.300000000 -31.5536 28.4256 0 0 0 -0.917898 0.396816
441.600000000 -32.2223 27.7295 0 0 0 -0.922448 0.386121
442.800000000 -32.8245 27.0425 0 0 0 -0.904069 0.427387
444.200000000 -33.3867 26.1662 0 0 0 -0.867596 0.497269
445.500000000 -33.7966 25.2354 0 0 0 -0.825645 0.564189
446.900000000 -34.0457 24.2561 0 0 0 -0.781598 0.623782
448.100000000 -34.1785 23.3184 0 0 0 -0.746514 0.665369
449.800000000 -34.2328 22.3295 0 0 0 -0.716367 0.697724
453.600000000 -34.2074 21.4279 0 0 0 -0.688246 0.725478
455.700000000 -34.2368 20.3283 0 0 0 -0.767058 0.641577
457.100000000 -34.6828 19.5002 0 0 0 -0.884323 0.466875
458.500000000 -35.4087 18.8733 0 0 0 -0.963902 0.266257
459.200000000 -35.5481 19.0065 0 0 0 0.999904 0.0138818
459.800000000 -35.6838 19.0948 0 0 0 0.97099 0.239118
461.300000000 -36.4704 19.8337 0 0 0 0.920805 0.390024
462.500000000 -37.0942 20.477 0 0 0 0.921843 0.387564
464.300000000 -37.827 21.0286 0 0 0 0.996796 0.0799907
464.900000000 -37.8105 20.9115 0 0 0 -0.975917 0.218143
465.500000000 -37.7332 20.8247 0 0 0 -0.868193 0.496227
466.300000000 -37.6275 20.6538 0 0 0 -0.663634 0.748057
467.200000000 -37.372 20.3282 0 0 0 -0.458913 0.888481
468.700000000 -36.6145 19.5803 0 0 0 -0.358853 0.933394
470.100000000 -35.9006 18.905 0 0 0 -0.361807 0.932253
472.600000000 -35.2245 18.2897 0 0 0 -0.376105 0.926577
476.500000000 -34.4954 17.5711 0 0 0 -0.37626 0.926514
478.200000000 -33.7107 16.8182 0 0 0 -0.376255 0.926516
479.600000000 -32.9559 16.0827 0 0 0 -0.376244 0.926521
480.800000000 -32.3123 15.4569 0 0 0 -0.376222 0.92653
482.100000000 -31.9793 14.9558 0 0 0 -0.61523 0.788348
482.800000000 -32.1003 14.9504 0 0 0 -0.826391 0.563096
483.900000000 -32.5481 14.5435 0 0 0 -0.933104 0.359608
485.300000000 -33.2993 13.8074 0 0 0 -0.921329 0.388785
486.600000000 -33.9031 13.0093 0 0 0 -0.897058 0.441913
487.900000000 -34.4318 12.178 0 0 0 -0.892623 0.450805
489.200000000 -35.0802 11.3892 0 0 0 -0.918467 0.395498
490.600000000 -35.8235 10.6448 0 0 0 -0.923727 0.383052
491.900000000 -36.5174 9.96075 0 0 0 -0.925058 0.379825
493.100000000 -37.1858 9.35463 0 0 0 -0.937777 0.347238
494.000000000 -37.438 9.30071 0 0 0 -0.998869 0.0475488
494.700000000 -37.4242 9.4172 0 0 0 0.955806 0.293998
495.300000000 -37.3393 9.49808 0 0 0 0.830787 0.556591
495.900000000 -37.2239 9.5187 0 0 0 0.632796 0.774318
496.400000000 -37.1358 9.4913 0 0 0 0.424735 0.905317
497.000000000 -37.0567 9.42768 0 0 0 0.167902 0.985804
497.900000000 -36.7472 9.31886 0 0 0 -0.128238 0.991743
499.200000000 -35.84 8.90456 0 0 0 -0.276472 0.961022
500.400000000 -35.0676 8.51079 0 0 0 -0.175612 0.98446
501.800000000 -34.1056 8.39387 0 0 0 0.00510417 0.999987
504.400000000 -33.1089 8.50428 0 0 0 0.0637957 0.997963
508.700000000 -32.1904 8.60388 0 0 0 0.0475647 0.998868
512.800000000 -31.192 8.64878 0 0 0 0.0161796 0.999869
516.700000000 -30.237 8.66438 0 0 0 0.00622621 0.999981
519.800000000 -29.2186 8.67368 0 0 0 0.00487545 0.999988
522.800000000 -28.2387 8.69313 0 0 0 0.00475846 0.999989
525.200000000 -27.2341 8.68039 0 0 0 -0.0203574 0.999793
526.500000000 -26.2595 8.61391 0 0 0 -0.0316782 0.999498
527.900000000 -25.2387 8.5579 0 0 0 -0.0273511 0.999626
530.200000000 -24.236 8.55029 0 0 0 0.00057212 1
532.400000000 -23.2315 8.55563 0 0 0 0.00295246 0.999996
534.800000000 -22.3021 8.56071 0 0 0 0.00309736 0.999995
538.400000000 -21.314 8.56729 0 0 0 0.00314777 0.999995
541.400000000 -20.3369 8.58939 0 0 0 0.0105007 0.999945
543.700000000 -19.3689 8.60173 0 0 0 0.00563833 0.999984
547.300000000 -18.3848 8.6129 0 0 0 0.00571318 0.999984
550.200000000 -17.3932 8.624 0 0 0 0.00576669 0.999983
551.900000000 -16.4491 8.63201 0 0 0 0.00603846 0.999982
554.000000000 -15.4229 8.64518 0 0 0 0.00595078 0.999982
557.800000000 -14.4504 8.65747 0 0 0 0.00584882 0.999983
560.800000000 -13.4694 8.66977 0 0 0 0.00572634 0.999984
563.600000000 -12.4882 8.68157 0 0 0 0.00556939 0.999984
565.000000000 -11.4891 8.56758 0 0 0 -0.0965236 0.995331
566.500000000 -10.5663 8.13041 0 0 0 -0.31064 0.950528
567.900000000 -9.83203 7.37839 0 0 0 -0.38764 0.921811
569.200000000 -9.13794 6.67629 0 0 0 -0.393033 0.919524
570.600000000 -8.48825 5.89232 0 0 0 -0.493778 0.869588
572.100000000 -8.34124 5.00552 0 0 0 -0.715544 0.698568
573.600000000 -8.69054 4.03443 0 0 0 -0.833291 0.552835
574.900000000 -8.96687 3.10377 0 0 0 -0.778464 0.627689
576.300000000 -8.99159 2.21963 0 0 0 -0.72076 0.693185
578.300000000 -8.80023 1.19269 0 0 0 -0.565475 0.824765
579.800000000 -8.22243 0.254532 0 0 0 -0.468851 0.883277
581.100000000 -7.85427 -0.616225 0 0 0 -0.59578 0.803148
582.600000000 -7.78452 -1.53478 0 0 0 -0.703553 0.710643
583.900000000 -7.92297 -2.09132 0 0 0 -0.892573 0.450903
584.400000000 -8.00162 -2.04804 0 0 0 -0.975505 0.219978
585.100000000 -8.03082 -1.9026 0 0 0 0.992756 0.12015
585.600000000 -7.98061 -1.85769 0 0 0 0.933515 0.358538
586.300000000 -7.90254 -1.75559 0 0 0 0.779004 0.627019
587.000000000 -7.81781 -1.5858 0 0 0 0.581896 0.813263
588.600000000 -7.15774 -0.739238 0 0 0 0.433429 0.901188
589.800000000 -6.63741 -0.00827719 0 0 0 0.495883 0.86839
591.400000000 -6.4852 1.01636 0 0 0 0.716457 0.697632
592.600000000 -6.67673 1.9005 0 0 0 0.784933 0.61958
596.100000000 -6.8719 2.88012 0 0 0 0.756376 0.654137
598.700000000 -6.92009 3.92686 0 0 0 0.696797 0.717269
600.100000000 -6.87496 4.95366 0 0 0 0.696596 0.717464
601.900000000 -6.86169 5.92443 0 0 0 0.710485 0.703712
603.700000000 -6.87088 6.90801 0 0 0 0.710469 0.703729
605.200000000 -6.8517 8.01595 0 0 0 0.63954 0.768757
606.700000000 -6.31797 8.86238 0 0 0 0.431202 0.902256
608.200000000 -5.49377 9.38697 0 0 0 0.193467 0.981107
609.600000000 -4.49117 9.55598 0 0 0 0.0342899 0.999412
610.900000000 -3.52092 9.50653 0 0 0 -0.0606362 0.99816
612.200000000 -2.5694 9.32754 0 0 0 -0.104609 0.994513
613.500000000 -1.63108 9.0728 0 0 0 -0.139228 0.99026
614.800000000 -0.673927 8.79283 0 0 0 -0.139844 0.990173
616.100000000 0.204157 8.50127 0 0 0 -0.199527 0.979892
617.400000000 0.742041 7.96116 0 0 0 -0.45469 0.89065
618.700000000 0.886812 7.21992 0 0 0 -0.688274 0.725451
620.300000000 0.532728 6.22351 0 0 0 -0.835932 0.548833
621.600000000 0.158825 5.31752 0 0 0 -0.804552 0.593882
623.100000000 0.0841079 4.37155 0 0 0 -0.720351 0.69361
626.100000000 0.134206 3.39854 0 0 0 -0.683156 0.730272
630.800000000 0.203467 2.45645 0 0 0 -0.67842 0.734675
635.800000000 0.266693 1.46582 0 0 0 -0.690608 0.72323
640.600000000 0.295817 0.528654 0 0 0 -0.698371 0.715736
645.500000000 0.311412 -0.427989 0 0 0 -0.701857 0.712318
650.300000000 0.322956 -1.36367 0 0 0 -0.701841 0.712334
655.300000000 0.336985 -2.3466 0 0 0 -0.701899 0.712277
660.200000000 0.35144 -3.32871 0 0 0 -0.70183 0.712344
665.000000000 0.362859 -4.30207 0 0 0 -0.701856 0.712319
667.600000000 0.356231 -5.39453 0 0 0 -0.724277 0.68951
668.800000000 0.240585 -6.27062 0 0 0 -0.750418 0.660964
670.200000000 0.0929072 -7.30554 0 0 0 -0.754682 0.656091
671.500000000 0.0167508 -8.2901 0 0 0 -0.732861 0.680379
672.800000000 -0.204689 -9.27003 0 0 0 -0.792229 0.610224
674.300000000 -0.721611 -10.2011 0 0 0 -0.897764 0.440477
675.700000000 -1.45375 -10.8906 0 0 0 -0.961798 0.273759
677.100000000 -2.35984 -11.194 0 0 0 -0.995706 0.0925686
678.400000000 -3.34444 -11.1806 0 0 0 0.999055 0.0434538
679.200000000 -3.53566 -11.0635 0 0 0 0.948281 0.317431
679.900000000 -3.46731 -10.9756 0 0 0 0.785779 0.618508
680.600000000 -3.33985 -10.8693 0 0 0 0.580716 0.814106
681.600000000 -2.94486 -10.5309 0 0 0 0.363385 0.931639
683.000000000 -2.02991 -10.0209 0 0 0 0.191406 0.981511
684.300000000 -1.03864 -9.77753 0 0 0 0.0340286 0.999421
691.700000000 -0.0868901 -9.54416 0 0 0 0.232744 0.972538
693.200000000 0.656263 -8.79693 0 0 0 0.381763 0.92426
694.500000000 1.38615 -8.12266 0 0 0 0.397282 0.917696
695.800000000 2.03215 -7.40222 0 0 0 0.403579 0.914945
697.200000000 2.62611 -6.56737 0 0 0 0.463651 0.886018
698.500000000 3.09781 -5.70911 0 0 0 0.538104 0.842879
699.700000000 3.3732 -4.8235 0 0 0 0.639478 0.768809
701.100000000 3.3341 -3.80422 0 0 0 0.736419 0.676525
702.300000000 3.19974 -2.90517 0 0 0 0.776086 0.630627
703.700000000 2.99808 -1.87662 0 0 0 0.775718 0.63108
705.300000000 2.71249 -1.07593 0 0 0 0.914587 0.404389
705.900000000 2.65447 -1.17659 0 0 0 0.993213 0.116309
706.500000000 2.66284 -1.29837 0 0 0 -0.983298 0.182003
707.200000000 2.7557 -1.37047 0 0 0 -0.861764 0.50731
707.900000000 2.88665 -1.39329 0 0 0 -0.644658 0.764471
708.600000000 3.03396 -1.57613 0 0 0 -0.450729 0.892661
710.400000000 3.70103 -2.45063 0 0 0 -0.530647 0.847593
712.000000000 3.8442 -3.4337 0 0 0 -0.702701 0.711486
714.300000000 3.79538 -4.39708 0 0 0 -0.732081 0.681218
718.400000000 3.73369 -5.34233 0 0 0 -0.722027 0.691865
723.200000000 3.71634 -6.31578 0 0 0 -0.710395 0.703804
728.100000000 3.6883 -7.30054 0 0 0 -0.708305 0.705907
733.000000000 3.69258 -8.26162 0 0 0 -0.706976 0.707237
735.400000000 3.81116 -9.36469 0 0 0 -0.599388 0.800458
736.700000000 4.34534 -10.1059 0 0 0 -0.438712 0.898628
738.100000000 5.0832 -10.8466 0 0 0 -0.367455 0.930041
739.400000000 5.77777 -11.5295 0 0 0 -0.380251 0.924883
740.700000000 6.4609 -12.2133 0 0 0 -0.415483 0.909601
742.100000000 6.91592 -13.1508 0 0 0 -0.577249 0.816568
743.400000000 7.07819 -14.104 0 0 0 -0.681279 0.732024
744.200000000 6.93208 -14.287 0 0 0 -0.864208 0.503135
745.000000000 6.78848 -14.2589 0 0 0 -0.98402 0.178058
745.500000000 6.76762 -14.1696 0 0 0 0.997719 0.0675034
746.100000000 6.8236 -14.0585 0 0 0 0.934892 0.354932
746.700000000 6.9358 -13.9895 0 0 0 0.791142 0.611633
747.600000000 7.07393 -13.7636 0 0 0 0.551934 0.833888
748.900000000 7.65416 -13.2082 0 0 0 0.326472 0.945207
750.200000000 8.53567 -12.7845 0 0 0 0.165783 0.986162
751.500000000 9.50526 -12.6443 0 0 0 0.0298364 0.999555
752.800000000 10.4898 -12.7145 0 0 0 -0.0790263 0.996873
754.000000000 11.4164 -12.8 0 0 0 -0.0386987 0.999251
755.400000000 12.4443 -12.8213 0 0 0 0.00504259 0.999987
756.700000000 13.3779 -12.7724 0 0 0 0.0956774 0.995412
758.300000000 14.219 -12.1439 0 0 0 0.357454 0.933931
759.600000000 14.8568 -11.4309 0 0 0 0.438513 0.898725
761.000000000 15.5419 -10.6837 0 0 0 0.445826 0.89512
762.200000000 16.0888 -9.98614 0 0 0 0.392096 0.919924
763.600000000 16.8444 -9.24162 0 0 0 0.377562 0.925984
764.900000000 17.5249 -8.54468 0 0 0 0.38684 0.922147
766.200000000 18.1433 -7.77943 0 0 0 0.408673 0.912681
767.500000000 18.6406 -7.04807 0 0 0 0.524393 0.851476
768.700000000 18.9067 -6.12154 0 0 0 0.618913 0.78546
770.300000000 19.5569 -5.316 0 0 0 0.406176 0.913795
771.600000000 20.2407 -4.60811 0 0 0 0.36292 0.93182
772.900000000 20.9452 -3.92113 0 0 0 0.383846 0.923397
774.300000000 21.6676 -3.1626 0 0 0 0.393099 0.919496
775.600000000 22.299 -2.41698 0 0 0 0.442339 0.896848
776.900000000 22.8194 -1.59518 0 0 0 0.503738 0.863856
778.200000000 23.2186 -0.694767 0 0 0 0.563225 0.826303
779.400000000 23.4705 0.158949 0 0 0 0.607155 0.794584
780.800000000 23.7218 1.18376 0 0 0 0.623578 0.781761
782.300000000 24.0955 2.21018 0 0 0 0.509785 0.860302
783.700000000 24.7697 2.98089 0 0 0 0.386979 0.922089
785.100000000 25.3398 3.33303 0 0 0 0.0836145 0.996498
785.800000000 25.3278 3.19828 0 0 0 -0.257885 0.966176
786.500000000 25.2301 3.10198 0 0 0 -0.568742 0.822516
787.100000000 25.1055 3.08404 0 0 0 -0.7836 0.621266
787.800000000 24.9884 3.15426 0 0 0 -0.947353 0.320191
788.600000000 24.6939 3.13594 0 0 0 -0.99785 0.0655349
789.900000000 23.897 3.36274 0 0 0 0.984986 0.172633
791.400000000 22.9509 3.7903 0 0 0 0.987977 0.154604
792.900000000 21.8886 3.76997 0 0 0 -0.998458 0.055504
794.200000000 20.928 3.60882 0 0 0 -0.99377 0.111447
795.600000000 19.8974 3.4597 0 0 0 -0.998748 0.0500257
796.900000000 18.9254 3.4078 0 0 0 0.999738 0.0228964
798.200000000 17.9471 3.44161 0 0 0 0.999 0.0447085
799.500000000 16.9786 3.54429 0 0 0 0.999425 0.0339079
800.900000000 15.9254 3.56631 0 0 0 -1 0.0001879
802.100000000 15.0319 3.5615 0 0 0 -0.999948 0.0102431
803.500000000 13.9785 3.55049 0 0 0 -0.999974 0.00715946
804.800000000 13.0048 3.55122 0 0 0 0.999999 0.00113562
806.000000000 12.1013 3.55418 0 0 0 0.999999 0.00111724
807.700000000 11.1479 3.35701 0 0 0 -0.966676 0.256002
809.200000000 10.3141 2.6645 0 0 0 -0.943302 0.331937
810.200000000 10.0001 2.57796 0 0 0 -0.9997 0.0245018
810.900000000 10.0296 2.69406 0 0 0 0.948783 0.315929
811.400000000 10.1091 2.78186 0 0 0 0.844936 0.534867
812.100000000 10.245 2.80955 0 0 0 0.61488 0.78862
812.600000000 10.3403 2.76118 0 0 0 0.405498 0.914096
813.300000000 10.489 2.69471 0 0 0 0.119363 0.992851
814.300000000 10.9171 2.52378 0 0 0 -0.161625 0.986852
815.800000000 11.724 1.89837 0 0 0 -0.387667 0.921799
817.100000000 12.1906 1.08751 0 0 0 -0.546384 0.837535
818.500000000 12.4125 0.0630812 0 0 0 -0.665886 0.746054
819.900000000 12.3303 -0.959216 0 0 0 -0.756699 0.653764
821.200000000 12.0713 -1.90717 0 0 0 -0.816225 0.577734
822.500000000 11.6175 -2.76809 0 0 0 -0.874848 0.484397
823.900000000 10.9089 -3.42123 0 0 0 -0.954628 0.297802
825.300000000 9.97124 -3.75663 0 0 0 -0.994662 0.103188
826.600000000 9.02873 -3.77254 0 0 0 0.999508 0.0313798
828.100000000 8.31876 -3.52315 0 0 0 0.934486 0.355999
828.700000000 8.41359 -3.46401 0 0 0 0.789325 0.613975
829.300000000 8.52937 -3.46588 0 0 0 0.576147 0.817346
829.900000000 8.62861 -3.52962 0 0 0 0.313291 0.949657
830.600000000 8.67719 -3.6568 0 0 0 -0.0255569 0.999673
831.500000000 9.00572 -3.88453 0 0 0 -0.281011 0.959705
832.800000000 9.61475 -4.56134 0 0 0 -0.424762 0.905305
834.100000000 10.1898 -5.32331 0 0 0 -0.410758 0.911744
835.500000000 11.0035 -5.83099 0 0 0 -0.207197 0.978299
837.000000000 12.0529 -5.94595 0 0 0 -0.00346295 0.999994
838.300000000 13.0267 -5.91099 0 0 0 0.0474712 0.998873
839.600000000 14.0022 -5.82416 0 0 0 0.0458574 0.998948
840.800000000 14.8963 -5.78131 0 0 0 0.00102327 0.999999
842.100000000 15.876 -5.78754 0 0 0 -0.00514241 0.999987
843.500000000 16.9178 -5.79796 0 0 0 0.000299865 1
844.800000000 17.8949 -5.7846 0 0 0 0.000385515 1
846.100000000 18.8689 -5.77484 0 0 0 0.000469736 1
847.500000000 19.9226 -5.76286 0 0 0 0.000429041 1
848.900000000 20.9758 -5.75543 0 0 0 0.000337778 1
850.200000000 21.9487 -5.75173 0 0 0 0.000272708 1
851.600000000 23 -5.75292 0 0 0 0.0124743 0.999922
852.800000000 23.5465 -5.45919 0 0 0 0.298833 0.954305
854.100000000 24.252 -4.81421 0 0 0 0.381543 0.924351
855.500000000 24.9902 -4.06658 0 0 0 0.386544 0.922271
856.800000000 25.6782 -3.37849 0 0 0 0.371624 0.928383
858.200000000 26.208 -3.09004 0 0 0 0.0365587 0.999332
858.800000000 26.1916 -3.19568 0 0 0 -0.257281 0.966337
859.400000000 26.1137 -3.2731 0 0 0 -0.527354 0.849646
860.000000000 25.9951 -3.37162 0 0 0 -0.728928 0.68459
861.600000000 25.612 -4.38343 0 0 0 -0.832414 0.554154
862.800000000 25.4001 -5.25216 0 0 0 -0.753968 0.656912
864.200000000 25.4608 -6.28753 0 0 0 -0.665258 0.746614
866.100000000 25.557 -7.19117 0 0 0 -0.685163 0.728389
870.600000000 25.5543 -8.17439 0 0 0 -0.713662 0.70049
874.100000000 25.6149 -9.27257 0 0 0 -0.705809 0.708402
875.400000000 25.6801 -10.2421 0 0 0 -0.65787 0.753131
876.400000000 25.8871 -10.5419 0 0 0 -0.399506 0.916731
877.100000000 26.1533 -10.5774 0 0 0 -0.185464 0.982651
878.500000000 27.1704 -10.8196 0 0 0 -0.0789441 0.996879
879.800000000 28.1208 -10.8862 0 0 0 -0.0155475 0.999879
881.500000000 28.9427 -10.6879 0 0 0 0.315083 0.949064
882.100000000 28.8922 -10.5913 0 0 0 0.557004 0.83051
882.700000000 28.7716 -10.5365 0 0 0 0.764511 0.644611
883.400000000 28.652 -10.6142 0 0 0 0.939209 0.343346
884.100000000 28.5839 -10.7156 0 0 0 0.999324 0.036759
884.800000000 28.3613 -10.8168 0 0 0 -0.973705 0.227813
886.300000000 27.6593 -11.5304 0 0 0 -0.919796 0.392397
887.700000000 26.9536 -12.31 0 0 0 -0.911835 0.410557
889.000000000 26.3703 -13.0635 0 0 0 -0.876465 0.481465
890.500000000 26.1341 -14.045 0 0 0 -0.736436 0.676507
891.800000000 26.2016 -14.951 0 0 0 -0.638336 0.769758
893.100000000 26.3676 -15.9705 0 0 0 -0.670891 0.741556
894.500000000 26.4114 -17.021 0 0 0 -0.699524 0.714609
895.800000000 26.3908 -17.9943 0 0 0 -0.725894 0.687807
897.100000000 26.3633 -18.9667 0 0 0 -0.708786 0.705424
898.500000000 26.3698 -20.0196 0 0 0 -0.704934 0.709273
899.800000000 26.3704 -20.9937 0 0 0 -0.70879 0.705419
901.200000000 26.347 -22.049 0 0 0 -0.720678 0.693269
902.500000000 26.2903 -23.0189 0 0 0 -0.716397 0.697693
903.900000000 26.335 -24.0524 0 0 0 -0.644127 0.764918
905.200000000 26.6651 -24.9754 0 0 0 -0.55731 0.830305
906.400000000 27.022 -25.804 0 0 0 -0.540355 0.841437
907.200000000 27.1727 -25.8231 0 0 0 -0.230637 0.97304
907.700000000 27.1916 -25.7264 0 0 0 0.0166261 0.999862
908.400000000 27.1422 -25.5947 0 0 0 0.359027 0.933327
909.000000000 27.0499 -25.5337 0 0 0 0.617302 0.786726
909.600000000 26.9514 -25.5498 0 0 0 0.822931 0.568142
910.200000000 26.8497 -25.6243 0 0 0 0.953979 0.299873
910.800000000 26.8381 -25.7289 0 0 0 0.999991 0.00420789
911.700000000 26.5465 -25.927 0 0 0 -0.961452 0.274972
913.100000000 25.8033 -26.6602 0 0 0 -0.907849 0.419298
914.500000000 25.1955 -27.5231 0 0 0 -0.873717 0.486434
915.900000000 24.7238 -28.4614 0 0 0 -0.843859 0.536565
917.300000000 24.2558 -29.3958 0 0 0 -0.864805 0.502108
918.200000000 24.0245 -29.5131 0 0 0 -0.976479 0.215614
918.800000000 24.0012 -29.399 0 0 0 0.99693 0.078303
919.500000000 24.063 -29.2796 0 0 0 0.910588 0.413314
920.100000000 24.1237 -29.1526 0 0 0 0.776261 0.630412
920.900000000 24.2345 -28.9349 0 0 0 0.568016 0.823017
922.500000000 24.8996 -28.1513 0 0 0 0.483511 0.875339
924.000000000 25.0607 -27.2302 0 0 0 0.710794 0.7034
925.200000000 24.8499 -26.6083 0 0 0 0.864009 0.503476
926.700000000 24.0959 -26.0665 0 0 0 0.97143 0.237326
928.500000000 23.0697 -25.8833 0 0 0 0.999498 0.031682
930.800000000 22.1829 -25.933 0 0 0 -0.998522 0.0543463
932.200000000 21.125 -26.093 0 0 0 -0.996723 0.0808946
933.400000000 20.2404 -26.2279 0 0 0 -0.996822 0.0796597
934.800000000 19.218 -26.3671 0 0 0 -0.998058 0.062284
936.600000000 18.3311 -26.4541 0 0 0 -0.999419 0.0340709
940.100000000 17.3295 -26.4557 0 0 0 0.999984 0.00564352
941.900000000 16.3309 -26.5688 0 0 0 -0.992914 0.118831
943.400000000 15.4348 -27.1037 0 0 0 -0.933555 0.358434
944.700000000 14.6916 -27.7288 0 0 0 -0.952429 0.304759
946.100000000 13.7729 -28.0996 0 0 0 -0.991446 0.130516
947.600000000 12.7749 -28.1618 0 0 0 0.99999 0.00440224
950.100000000 11.7792 -28.0844 0 0 0 0.998988 0.0449757
953.700000000 10.7711 -28.022 0 0 0 0.999777 0.0211324
957.300000000 9.82972 -28.0075 0 0 0 0.99999 0.00454471
960.400000000 8.85098 -27.9961 0 0 0 1 0.000763346
963.400000000 7.89051 -27.9842 0 0 0 1 0.000861894
965.200000000 6.87847 -28.0366 0 0 0 -0.998947 0.0458698
966.600000000 5.77921 -28.3476 0 0 0 -0.983631 0.180195
968.100000000 5.09686 -28.9476 0 0 0 -0.893638 0.448788
969.300000000 4.93753 -29.5958 0 0 0 -0.743577 0.668651
970.500000000 5.12974 -30.2458 0 0 0 -0.54797 0.836498
972.000000000 5.78387 -30.9404 0 0 0 -0.303969 0.952682
972.700000000 5.90581 -30.8739 0 0 0 -0.00405851 0.999992
973.400000000 5.95755 -30.7461 0 0 0 0.292789 0.956177
974.100000000 5.88108 -30.6513 0 0 0 0.597258 0.80205
974.700000000 5.76296 -30.6541 0 0 0 0.80753 0.589826
975.300000000 5.60958 -30.5829 0 0 0 0.922373 0.386302
976.300000000 5.18429 -30.5 0 0 0 0.994552 0.104242
977.700000000 4.20964 -30.5592 0 0 0 -0.997894 0.0648652
979.100000000 3.17004 -30.6771 0 0 0 -0.99895 0.0458052
980.400000000 2.18937 -30.7449 0 0 0 -0.999496 0.0317601
981.700000000 1.2158 -30.7878 0 0 0 -0.999906 0.0136907
983.200000000 0.260299 -30.8983 0 0 0 -0.984435 0.175751
983.800000000 0.332363 -30.9982 0 0 0 -0.889336 0.457255
984.400000000 0.434406 -31.0358 0 0 0 -0.714475 0.699661
984.900000000 0.527712 -31.0036 0 0 0 -0.519675 0.854364
985.500000000 0.610841 -30.9216 0 0 0 -0.243849 0.969813
986.500000000 1.02734 -30.817 0 0 0 0.0485403 0.998821
987.800000000 1.72877 -30.5087 0 0 0 0.306715 0.951801
989.400000000 2.40465 -29.6532 0 0 0 0.428814 0.903393
990.800000000 3.1579 -28.8589 0 0 0 0.373552 0.927609
992.000000000 3.86972 -28.2711 0 0 0 0.290305 0.956934
993.400000000 4.84306 -27.8681 0 0 0 0.136372 0.990658
994.700000000 5.8062 -27.7305 0 0 0 0.0358274 0.999358
996.000000000 6.84225 -27.7505 0 0 0 -0.0229869 0.999736
997.400000000 7.89602 -27.8382 0 0 0 -0.0470692 0.998892
998.700000000 8.86636 -27.933 0 0 0 -0.0501542 0.998741
1000.000000000 9.83909 -28.0033 0 0 0 -0.0315817 0.999501
1001.300000000 10.8222 -28.0313 0 0 0 -0.0047022 0.999989
1002.800000000 11.8762 -28.192 0 0 0 -0.15629 0.987711
1004.200000000 12.6686 -28.7437 0 0 0 -0.348521 0.937301
1005.600000000 13.3905 -29.5096 0 0 0 -0.396623 0.917981
1007.100000000 13.7912 -30.1009 0 0 0 -0.646739 0.762711
1007.700000000 13.6747 -30.0945 0 0 0 -0.840334 0.542069
1008.600000000 13.3558 -30.2889 0 0 0 -0.954287 0.298892
1010.100000000 12.3498 -30.6473 0 0 0 -0.990194 0.139696
1011.300000000 11.9177 -30.6123 0 0 0 0.979986 0.199065
1011.900000000 11.9647 -30.5162 0 0 0 0.878889 0.477026
1012.600000000 12.094 -30.4838 0 0 0 0.666158 0.74581
1013.600000000 12.3976 -30.1709 0 0 0 0.417738 0.908568
1015.000000000 13.1814 -29.5661 0 0 0 0.307164 0.951657
1016.300000000 14.0785 -29.0927 0 0 0 0.193221 0.981155
1017.200000000 14.2845 -29.1555 0 0 0 -0.142487 0.989797
1017.800000000 14.2288 -29.2488 0 0 0 -0.424518 0.90542
1018.400000000 14.1251 -29.3033 0 0 0 -0.669778 0.742562
1018.900000000 14.0195 -29.2914 0 0 0 -0.829836 0.558007
1019.600000000 13.9349 -29.2081 0 0 0 -0.969175 0.246374
1020.300000000 13.7521 -29.1264 0 0 0 0.999645 0.02665
1021.200000000 13.4321 -28.8919 0 0 0 0.961545 0.274647
1022.600000000 12.768 -28.1641 0 0 0 0.909662 0.41535
1023.900000000 11.922 -27.7001 0 0 0 0.97484 0.222906
1025.400000000 10.9355 -27.4744 0 0 0 0.998199 0.0599939
1026.800000000 9.87519 -27.4989 0 0 0 -0.99931 0.0371507
1028.100000000 8.96007 -27.6189 0 0 0 -0.996903 0.078645
1029.400000000 8.02109 -27.7869 0 0 0 -0.995471 0.0950693
1030.800000000 7.0022 -27.9715 0 0 0 -0.99694 0.0781701
1032.100000000 6.05256 -28.0954 0 0 0 -0.999407 0.0344463
1034.200000000 5.03791 -28.1241 0 0 0 0.999842 0.0177632
1037.900000000 4.11713 -28.0711 0 0 0 0.999524 0.0308519
1041.700000000 3.13742 -28.0395 0 0 0 0.99997 0.00773117
1045.400000000 2.18857 -28.0312 0 0 0 1 0.000107906
1049.100000000 1.22681 -28.0337 0 0 0 1 0.000817807
1052.800000000 0.267549 -28.024 0 0 0 1 0.000883626
1056.500000000 -0.692111 -28.02 0 0 0 1 0.000807257
1058.500000000 -1.67134 -28.0171 0 0 0 1 0.000747688
1060.200000000 -2.60901 -28.0045 0 0 0 1 0.000683093
1061.800000000 -3.68287 -28.0193 0 0 0 -0.999892 0.0147192
1063.100000000 -4.65522 -28.0635 0 0 0 -0.999465 0.0326972
1064.400000000 -5.62016 -28.2145 0 0 0 -0.996801 0.0799281
1066.000000000 -6.49008 -28.7063 0 0 0 -0.94183 0.336089
1067.300000000 -7.18747 -29.3755 0 0 0 -0.917039 0.398799
1068.500000000 -7.79556 -30.0344 0 0 0 -0.917037 0.398802
1069.600000000 -7.97167 -30.4056 0 0 0 -0.759214 0.650841
1070.400000000 -7.81395 -30.5699 0 0 0 -0.529754 0.848151
1071.700000000 -7.19307 -31.0067 0 0 0 -0.275092 0.961418
1073.300000000 -6.30448 -31.2542 0 0 0 0.0494868 0.998775
1073.900000000 -6.35019 -31.1356 0 0 0 0.342447 0.939537
1074.500000000 -6.4376 -31.0729 0 0 0 0.604857 0.796334
1075.100000000 -6.53513 -30.9664 0 0 0 0.781267 0.624197
1076.100000000 -6.88214 -30.5912 0 0 0 0.911455 0.411399
1077.300000000 -7.55817 -29.9935 0 0 0 0.93673 0.350053
1078.700000000 -8.32189 -29.2729 0 0 0 0.930225 0.36699
1079.500000000 -8.5322 -29.2698 0 0 0 0.998112 0.0614169
1080.200000000 -8.68552 -29.4429 0 0 0 -0.981954 0.18912
1081.800000000 -9.47848 -30.1365 0 0 0 -0.923029 0.384729
1083.000000000 -10.2123 -30.6543 0 0 0 -0.967313 0.253584
1084.300000000 -11.1294 -30.9665 0 0 0 -0.993556 0.113342
1085.100000000 -11.2734 -30.8586 0 0 0 0.97866 0.205486
1085.700000000 -11.2048 -30.7638 0 0 0 0.876463 0.481469
1086.200000000 -11.1355 -30.6855 0 0 0 0.748265 0.6634
1087.000000000 -10.9636 -30.5286 0 0 0 0.517979 0.855394
1088.500000000 -10.2406 -29.816 0 0 0 0.352486 0.935817
1089.800000000 -9.53117 -29.1442 0 0 0 0.38224 0.924063
1091.200000000 -8.83511 -28.3523 0 0 0 0.412015 0.911177
1092.500000000 -8.16766 -27.6388 0 0 0 0.385987 0.922504
1093.800000000 -7.46811 -26.9278 0 0 0 0.383071 0.923719
1095.100000000 -6.77341 -26.264 0 0 0 0.383339 0.923608
1096.400000000 -6.177 -25.5901 0 0 0 0.427821 0.903864
1104.100000000 -5.63644 -24.7493 0 0 0 0.495394 0.868668
1105.400000000 -5.21318 -23.8448 0 0 0 0.559181 0.829045
1106.700000000 -4.92509 -22.9139 0 0 0 0.617786 0.786346
1108.000000000 -4.77353 -21.9572 0 0 0 0.667454 0.744651
1109.200000000 -4.72475 -21.0375 0 0 0 0.696991 0.71708
1110.500000000 -4.71377 -20.0654 0 0 0 0.708077 0.706135
1111.800000000 -4.72282 -19.0919 0 0 0 0.710259 0.703941
1113.200000000 -4.72258 -18.0402 0 0 0 0.706947 0.707267
1114.500000000 -4.71807 -17.0666 0 0 0 0.705281 0.708928
1115.900000000 -4.69604 -16.0251 0 0 0 0.694793 0.71921
1117.200000000 -4.64328 -15.0456 0 0 0 0.679204 0.733949
1118.700000000 -4.39027 -14.123 0 0 0 0.502148 0.864782
1120.000000000 -3.73803 -13.4158 0 0 0 0.355508 0.934673
1121.400000000 -2.8736 -12.8088 0 0 0 0.326635 0.94515
1122.800000000 -2.12141 -12.0822 0 0 0 0.395381 0.918517
1124.200000000 -1.45789 -11.2699 0 0 0 0.445028 0.895517
1125.500000000 -0.909798 -10.4531 0 0 0 0.483283 0.875464
1126.700000000 -0.845869 -10.0055 0 0 0 0.721188 0.692739
1127.500000000 -1.00042 -9.82652 0 0 0 0.877452 0.479664
1128.400000000 -1.22441 -9.7506 0 0 0 0.980749 0.195273
1129.400000000 -1.67907 -9.82815 0 0 0 -0.994393 0.10575
1131.200000000 -2.47981 -10.2316 0 0 0 -0.975686 0.219171
1132.800000000 -2.87813 -10.2692 0 0 0 0.997608 0.0691227
1133.800000000 -2.90003 -10.1173 0 0 0 0.939209 0.343345
1134.800000000 -2.75701 -10.0547 0 0 0 0.806769 0.590867
1135.800000000 -2.63745 -10.0548 0 0 0 0.558532 0.829483
1136.500000000 -2.52701 -10.1426 0 0 0 0.245325 0.969441
1137.100000000 -2.49352 -10.2378 0 0 0 -0.047472 0.998873
1137.800000000 -2.542 -10.3634 0 0 0 -0.382136 0.924106
1138.400000000 -2.65767 -10.4509 0 0 0 -0.63335 0.773865
1139.000000000 -2.74482 -10.4343 0 0 0 -0.832142 0.554563
1139.700000000 -2.83503 -10.3689 0 0 0 -0.970582 0.24077
1141.300000000 -3.83665 -10.4887 0 0 0 -0.988884 0.14869
1142.600000000 -4.3717 -10.8195 0 0 0 -0.914473 0.404647
1143.300000000 -4.25783 -10.8762 0 0 0 -0.764034 0.645176
1144.300000000 -4.06228 -11.0471 0 0 0 -0.550174 0.83505
1145.800000000 -3.60849 -11.4715 0 0 0 -0.29968 0.95404
1146.800000000 -3.55224 -11.39 0 0 0 -0.00885716 0.999961
1147.800000000 -3.58564 -11.2718 0 0 0 0.296483 0.955038
1150.000000000 -2.78843 -10.645 0 0 0 0.269969 0.962869
1150.800000000 -2.71425 -10.7407 0 0 0 -0.000719375 1
1151.700000000 -2.70475 -10.8281 0 0 0 -0.31147 0.950256
1153.200000000 -2.39032 -11.4577 0 0 0 -0.544948 0.83847
1154.300000000 -2.40199 -11.8009 0 0 0 -0.738419 0.674342
1155.200000000 -2.52221 -11.7526 0 0 0 -0.91691 0.399095
1156.000000000 -2.58823 -11.6416 0 0 0 -0.993702 0.112054
1156.700000000 -2.59103 -11.5493 0 0 0 0.987121 0.159978
1157.400000000 -2.51586 -11.4666 0 0 0 0.906814 0.42153
1158.200000000 -2.47963 -11.2861 0 0 0 0.774071 0.633098
1159.500000000 -2.34237 -10.8167 0 0 0 0.574517 0.818493
1160.600000000 -2.07393 -10.6043 0 0 0 0.313798 0.94949
1161.500000000 -1.80755 -10.6121 0 0 0 0.0588235 0.998268
1162.700000000 -1.48224 -10.8075 0 0 0 -0.185132 0.982714
1164.200000000 -1.18816 -11.1853 0 0 0 -0.483908 0.875119
1164.800000000 -1.28836 -11.221 0 0 0 -0.699752 0.714386
1165.500000000 -1.3377 -11.1401 0 0 0 -0.887914 0.46001
1166.000000000 -1.46148 -11.0722 0 0 0 -0.965593 0.260057
1166.800000000 -1.48274 -10.9546 0 0 0 0.997692 0.0679012
1167.600000000 -1.41244 -10.8363 0 0 0 0.919726 0.39256
1168.400000000 -1.40483 -10.6469 0 0 0 0.784792 0.61976
1169.300000000 -1.28436 -10.4388 0 0 0 0.579005 0.815324
1170.800000000 -0.846483 -9.98843 0 0 0 0.37898 0.925405
1173.400000000 -0.179976 -9.3548 0 0 0 0.443781 0.896135
1174.300000000 -0.172663 -9.21912 0 0 0 0.693366 0.720586
1175.000000000 -0.283097 -9.24905 0 0 0 0.871972 0.489556
1175.700000000 -0.35518 -9.33556 0 0 0 0.976223 0.216768
1176.300000000 -0.376951 -9.44452 0 0 0 -0.997293 0.0735307
1177.000000000 -0.356243 -9.59857 0 0 0 -0.924821 0.380403
1178.300000000 -0.737623 -9.80621 0 0 0 -0.998764 0.0497074
1178.800000000 -0.752478 -9.70726 0 0 0 0.980695 0.195545
1179.400000000 -0.671577 -9.6087 0 0 0 0.881258 0.472636
1180.100000000 -0.547935 -9.52862 0 0 0 0.687422 0.726258
1180.800000000 -0.385193 -9.32728 0 0 0 0.507718 0.861523
1182.300000000 0.228011 -8.82602 0 0 0 0.18315 0.983085
1182.800000000 0.191195 -8.95598 0 0 0 -0.0590871 0.998253
1183.500000000 0.192679 -9.05852 0 0 0 -0.395475 0.918477
1184.100000000 0.111091 -9.08452 0 0 0 -0.637474 0.770472
1184.700000000 -0.0752795 -9.13184 0 0 0 -0.821843 0.569714
1185.400000000 -0.0964537 -9.04169 0 0 0 -0.961683 0.274162
1186.000000000 -0.178181 -8.91176 0 0 0 -0.999933 0.0115839
1186.700000000 -0.18977 -8.80793 0 0 0 0.958033 0.286658
1187.500000000 -0.115289 -8.6856 0 0 0 0.806123 0.591748
1188.000000000 -0.0211518 -8.63773 0 0 0 0.657317 0.753614
1188.700000000 0.0816761 -8.68476 0 0 0 0.362875 0.931838
1189.400000000 0.155729 -8.78254 0 0 0 0.0262607 0.999655
1189.900000000 0.092398 -8.9539 0 0 0 -0.215268 0.976555
1190.600000000 0.0533759 -8.99471 0 0 0 -0.535039 0.844827
1191.200000000 -0.100258 -9.08053 0 0 0 -0.748409 0.663237
1191.800000000 -0.197508 -9.0692 0 0 0 -0.90306 0.429515
1193.400000000 -0.986763 -9.69122 0 0 0 -0.95646 0.291864
1194.700000000 -1.7726 -10.2196 0 0 0 -0.964779 0.263062
1196.200000000 -2.74091 -10.5222 0 0 0 -0.995712 0.0925092
1197.800000000 -3.86772 -10.5341 0 0 0 0.999521 0.0309506
1199.100000000 -4.86317 -10.3813 0 0 0 0.995522 0.0945281
1200.400000000 -5.79573 -10.176 0 0 0 0.997222 0.074488
1202.400000000 -6.78428 -10.19 0 0 0 -0.999451 0.0331246
1206.000000000 -7.73183 -10.2753 0 0 0 -0.999011 0.0444588
1210.400000000 -8.70961 -10.3455 0 0 0 -0.999636 0.0269752
1214.100000000 -9.6667 -10.3672 0 0 0 -0.999976 0.00693468
1217.700000000 -10.6954 -10.3691 0 0 0 0.999999 0.00141652
1219.300000000 -11.7555 -10.3628 0 0 0 0.999998 0.00194667
1220.600000000 -12.694 -10.2963 0 0 0 0.996415 0.0845986
1222.100000000 -13.5973 -9.80369 0 0 0 0.953774 0.300526
1223.500000000 -14.3242 -9.08398 0 0 0 0.91758 0.397552
1224.800000000 -15.0734 -8.40686 0 0 0 0.92254 0.385902
1226.000000000 -15.7047 -7.75049 0 0 0 0.925683 0.378301
1227.400000000 -16.4524 -7.0103 0 0 0 0.923913 0.382602
1228.700000000 -17.1306 -6.32072 0 0 0 0.922425 0.386176
1230.300000000 -17.6019 -5.68405 0 0 0 0.76956 0.638574
1230.900000000 -17.4747 -5.68727 0 0 0 0.550331 0.834947
1231.600000000 -17.3692 -5.76527 0 0 0 0.236235 0.971696
1232.200000000 -17.2475 -5.88308 0 0 0 -0.0112565 0.999937
1232.900000000 -17.0619 -6.02253 0 0 0 -0.248456 0.968643
1234.400000000 -16.3065 -6.75528 0 0 0 -0.405531 0.914081
1235.600000000 -15.7191 -7.43616 0 0 0 -0.458734 0.888573
1236.300000000 -15.7939 -7.59393 0 0 0 -0.688114 0.725603
1237.100000000 -15.992 -7.75175 0 0 0 -0.866559 0.499075
1238.600000000 -16.739 -8.44748 0 0 0 -0.938753 0.344589
1239.800000000 -17.3765 -9.06124 0 0 0 -0.92899 0.370105
1241.200000000 -18.1362 -9.80564 0 0 0 -0.920766 0.390115
1242.600000000 -18.6931 -10.639 0 0 0 -0.84045 0.541889
1244.000000000 -18.8391 -11.589 0 0 0 -0.709745 0.704458
1245.300000000 -18.6185 -12.541 0 0 0 -0.651042 0.759041
1246.600000000 -18.5283 -13.5065 0 0 0 -0.691156 0.722706
1248.100000000 -18.5649 -14.5328 0 0 0 -0.637577 0.770387
1249.400000000 -18.0506 -15.1671 0 0 0 -0.441065 0.897475
1250.800000000 -17.3078 -15.9287 0 0 0 -0.365781 0.930701
1252.200000000 -16.4906 -16.5766 0 0 0 -0.308636 0.95118
1253.700000000 -15.7998 -16.9004 0 0 0 -0.01861 0.999827
1254.300000000 -15.8296 -16.7861 0 0 0 0.279292 0.960206
1255.000000000 -15.9387 -16.6993 0 0 0 0.59348 0.804848
1255.600000000 -16.0863 -16.6889 0 0 0 0.804815 0.593526
1256.300000000 -16.2747 -16.6204 0 0 0 0.932445 0.361313
1257.600000000 -16.9919 -16.4353 0 0 0 0.996638 0.0819321
1259.100000000 -17.9797 -16.5371 0 0 0 -0.990394 0.138277
1260.300000000 -18.8625 -16.7153 0 0 0 -0.999601 0.0282337
1261.700000000 -19.9178 -16.6795 0 0 0 0.999934 0.0115168
1263.000000000 -20.8972 -16.6535 0 0 0 0.999934 0.011525
1264.400000000 -21.9511 -16.6303 0 0 0 0.99995 0.0100213
1265.800000000 -22.9358 -16.7197 0 0 0 -0.992676 0.120809
1267.100000000 -23.4361 -17.0644 0 0 0 -0.898064 0.439864
1267.600000000 -23.3454 -17.0557 0 0 0 -0.762909 0.646506
1268.500000000 -23.1666 -17.3775 0 0 0 -0.535291 0.844668
1270.000000000 -22.4197 -18.0692 0 0 0 -0.377552 0.925988
1271.300000000 -21.7618 -18.812 0 0 0 -0.39497 0.918694
1272.500000000 -21.1751 -19.4605 0 0 0 -0.444432 0.895812
1274.100000000 -20.8 -20.4706 0 0 0 -0.645611 0.763667
1275.400000000 -20.8523 -21.4348 0 0 0 -0.733668 0.679508
1276.800000000 -20.9424 -22.4817 0 0 0 -0.741271 0.671206
1278.100000000 -21.0175 -23.413 0 0 0 -0.735561 0.677458
1279.400000000 -21.0791 -24.4151 0 0 0 -0.728587 0.684954
1280.600000000 -21.1571 -25.3041 0 0 0 -0.734205 0.678928
1282.000000000 -21.1901 -26.362 0 0 0 -0.708935 0.705274
1283.200000000 -21.1818 -27.2675 0 0 0 -0.693934 0.720039
1284.600000000 -21.0662 -28.2783 0 0 0 -0.665748 0.746176
1286.200000000 -20.627 -29.1737 0 0 0 -0.440673 0.897668
1287.400000000 -19.9577 -29.8022 0 0 0 -0.368568 0.929601
1288.800000000 -19.1829 -30.5139 0 0 0 -0.362921 0.93182
1290.100000000 -18.356 -31.0343 0 0 0 -0.224988 0.974362
1291.400000000 -17.4127 -31.2869 0 0 0 -0.083335 0.996522
1292.300000000 -17.0966 -31.1884 0 0 0 0.197394 0.980324
1293.100000000 -17.0591 -31.0065 0 0 0 0.499619 0.866245
1293.600000000 -17.1542 -30.981 0 0 0 0.699097 0.715027
1294.500000000 -17.3586 -30.745 0 0 0 0.881237 0.472675
1295.600000000 -17.843 -30.4259 0 0 0 0.973323 0.229438
1297.000000000 -18.8364 -30.0997 0 0 0 0.987764 0.155957
1298.400000000 -19.8634 -29.905 0 0 0 0.997516 0.0704452
1299.600000000 -20.7642 -29.8208 0 0 0 1 0.000536981
1301.000000000 -21.8051 -29.9015 0 0 0 -0.999109 0.042198
1302.300000000 -22.7832 -29.9539 0 0 0 -0.999792 0.020376
1303.600000000 -23.7532 -29.9808 0 0 0 -0.999994 0.00338635
1304.800000000 -24.6548 -29.9781 0 0 0 -1 5.79086e-05
1305.700000000 -24.8167 -29.8398 0 0 0 0.948558 0.316604
1306.500000000 -24.8614 -29.5838 0 0 0 0.82402 0.566561
1307.700000000 -24.7659 -28.9787 0 0 0 0.623437 0.781874
1309.100000000 -24.5429 -28.0326 0 0 0 0.640636 0.767845
1310.300000000 -24.6523 -27.4276 0 0 0 0.830452 0.55709
1311.700000000 -25.2787 -26.6774 0 0 0 0.923163 0.384408
1312.900000000 -25.9767 -26.089 0 0 0 0.929937 0.367718
1314.300000000 -26.7234 -25.358 0 0 0 0.923158 0.384421
1315.600000000 -27.4091 -24.6569 0 0 0 0.921654 0.388012
1317.000000000 -28.0871 -23.8844 0 0 0 0.888489 0.458897
1318.400000000 -28.3926 -22.9761 0 0 0 0.769086 0.639146
1319.700000000 -28.3849 -22.003 0 0 0 0.667085 0.744982
1321.000000000 -28.2331 -21.0336 0 0 0 0.656283 0.754515
1322.300000000 -28.1597 -20.0613 0 0 0 0.689382 0.724398
1323.300000000 -28.2785 -19.8634 0 0 0 0.897937 0.440124
1323.900000000 -28.3666 -19.9199 0 0 0 0.986836 0.161722
1324.600000000 -28.466 -20.0685 0 0 0 -0.990952 0.134216
1325.700000000 -28.9332 -20.4663 0 0 0 -0.928889 0.370359
1326.900000000 -29.5351 -21.1214 0 0 0 -0.914485 0.404619
1328.300000000 -30.2734 -21.8749 0 0 0 -0.926915 0.375271
1329.700000000 -30.9399 -22.6655 0 0 0 -0.877874 0.478892
1331.100000000 -31.2124 -23.5943 0 0 0 -0.758821 0.651299
1332.300000000 -31.1296 -24.4739 0 0 0 -0.667624 0.744499
1333.700000000 -31.0217 -25.517 0 0 0 -0.669484 0.742827
1335.000000000 -30.9785 -26.4908 0 0 0 -0.707424 0.706789
1336.300000000 -31.0174 -27.4736 0 0 0 -0.724181 0.68961
1337.700000000 -31.0706 -28.5163 0 0 0 -0.717515 0.696543
1339.100000000 -31.0745 -29.5702 0 0 0 -0.705008 0.709199
1340.400000000 -31.0676 -30.5439 0 0 0 -0.701168 0.712996
1341.700000000 -31.1352 -31.4511 0 0 0 -0.780913 0.62464
1342.400000000 -31.2542 -31.4417 0 0 0 -0.938254 0.345947
1343.000000000 -31.3096 -31.3385 0 0 0 -0.998326 0.0578447
1343.600000000 -31.298 -31.2235 0 0 0 0.971923 0.235299
1344.300000000 -31.2626 -31.0903 0 0 0 0.854283 0.519809
1345.000000000 -31.1787 -30.9327 0 0 0 0.682707 0.730692
1346.400000000 -31.1022 -29.9029 0 0 0 0.697908 0.716188
1347.800000000 -31.0734 -28.8383 0 0 0 0.727098 0.686534
1349.200000000 -31.0499 -27.8371 0 0 0 0.608401 0.79363
1350.700000000 -30.4768 -27.0839 0 0 0 0.373954 0.927447
1352.100000000 -29.6261 -26.6842 0 0 0 0.153881 0.988089
1353.700000000 -28.6071 -26.589 0 0 0 0.0137121 0.999906
1355.100000000 -27.573 -26.6845 0 0 0 -0.077675 0.996979
1356.400000000 -26.6287 -26.9144 0 0 0 -0.148468 0.988917
1357.700000000 -25.6982 -27.2308 0 0 0 -0.151297 0.988488
1359.100000000 -24.768 -27.6938 0 0 0 -0.268051 0.963405
1360.300000000 -24.3998 -28.0495 0 0 0 -0.553863 0.832608
1360.900000000 -24.5057 -28.0867 0 0 0 -0.772071 0.635537
1361.500000000 -24.6204 -28.0483 0 0 0 -0.923145 0.384452
1362.200000000 -24.7083 -27.9456 0 0 0 -0.997902 0.0647416
1362.800000000 -24.7576 -27.8374 0 0 0 0.978096 0.208156
1364.400000000 -25.4971 -27.0816 0 0 0 0.908724 0.417398
1365.800000000 -26.1794 -26.2767 0 0 0 0.903292 0.429027
1367.100000000 -26.838 -25.55 0 0 0 0.925232 0.379401
1368.300000000 -27.493 -24.9258 0 0 0 0.92543 0.378918
1369.700000000 -28.2378 -24.1946 0 0 0 0.923918 0.382591
1371.000000000 -28.8248 -23.4084 0 0 0 0.887196 0.461392
1372.300000000 -29.2238 -22.5752 0 0 0 0.800009 0.599988
1373.800000000 -29.2338 -21.4944 0 0 0 0.660925 0.750452
1375.000000000 -29.0849 -20.5966 0 0 0 0.648858 0.76091
1376.500000000 -29.002 -19.6016 0 0 0 0.689437 0.724346
1378.800000000 -29.0085 -18.6562 0 0 0 0.708433 0.705778
1381.800000000 -29.0118 -17.6773 0 0 0 0.708342 0.705869
1385.100000000 -29.0361 -16.7531 0 0 0 0.731548 0.68179
1387.100000000 -29.3523 -15.7755 0 0 0 0.852313 0.523032
1388.400000000 -29.9423 -15.0131 0 0 0 0.91587 0.401476
1389.700000000 -30.6842 -14.3467 0 0 0 0.950383 0.311082
1390.900000000 -31.3481 -13.7452 0 0 0 0.923685 0.383152
1392.300000000 -32.0771 -12.9968 0 0 0 0.920454 0.390851
1393.500000000 -32.6956 -12.3385 0 0 0 0.915439 0.402457
1394.800000000 -33.2894 -11.5699 0 0 0 0.885461 0.464713
1396.200000000 -33.7911 -10.5878 0 0 0 0.842539 0.538635
1397.500000000 -34.0953 -9.64608 0 0 0 0.801355 0.59819
1398.800000000 -34.275 -8.68668 0 0 0 0.753192 0.657801
1400.300000000 -34.3195 -7.70201 0 0 0 0.750747 0.66059
1401.600000000 -34.5287 -6.71595 0 0 0 0.807327 0.590104
1403.100000000 -35.1711 -5.90043 0 0 0 0.910453 0.413613
1404.400000000 -35.8247 -5.18324 0 0 0 0.930375 0.366609
1405.700000000 -36.5391 -4.50861 0 0 0 0.929871 0.367885
1407.100000000 -37.4188 -3.93855 0 0 0 0.970772 0.240002
1408.500000000 -38.1867 -3.75503 0 0 0 -0.999381 0.0351657
1409.400000000 -38.4095 -3.9661 0 0 0 -0.942732 0.333551
1410.600000000 -38.6802 -4.5756 0 0 0 -0.822812 0.568313
1411.900000000 -38.7827 -5.51022 0 0 0 -0.709066 0.705142
1413.300000000 -38.6713 -6.55394 0 0 0 -0.644975 0.764204
1414.700000000 -38.4173 -7.08843 0 0 0 -0.340532 0.940233
1415.300000000 -38.3715 -6.97911 0 0 0 -0.0475939 0.998867
1415.900000000 -38.4186 -6.86139 0 0 0 0.235947 0.971766
1417.500000000 -37.6467 -6.0851 0 0 0 0.407965 0.912997
1418.800000000 -36.9841 -5.38159 0 0 0 0.379965 0.925001
1420.200000000 -36.2478 -4.67962 0 0 0 0.363315 0.931667
1421.500000000 -35.5344 -3.99371 0 0 0 0.381503 0.924368
1422.800000000 -34.8561 -3.33505 0 0 0 0.404717 0.914442
1424.000000000 -34.3466 -2.52849 0 0 0 0.518084 0.855329
1425.800000000 -34.1403 -1.58492 0 0 0 0.660655 0.750689
1428.600000000 -34.1161 -0.622965 0 0 0 0.712905 0.701261
1430.200000000 -34.1553 0.40019 0 0 0 0.728028 0.685547
1431.500000000 -34.2039 1.34103 0 0 0 0.726569 0.687094
1432.700000000 -33.9924 1.83327 0 0 0 0.492146 0.870513
1434.100000000 -33.2664 2.4879 0 0 0 0.354234 0.935157
1435.300000000 -32.5964 3.09353 0 0 0 0.364735 0.931111
1444.000000000 -31.933 3.79312 0 0 0 0.425937 0.904753
1447.000000000 -31.4006 4.60862 0 0 0 0.527383 0.849628
1448.200000000 -31.1228 5.60863 0 0 0 0.628672 0.777671
1450.100000000 -31.0812 6.60572 0 0 0 0.713553 0.700601
1454.000000000 -31.1414 7.61126 0 0 0 0.729253 0.684244
1458.500000000 -31.1818 8.57311 0 0 0 0.719179 0.694824
1461.900000000 -31.1439 9.58527 0 0 0 0.684696 0.728829
1462.600000000 -31.1448 9.59864 0 0 0 0.419419 0.907793
1463.200000000 -31.0732 9.50531 0 0 0 0.137025 0.990568
1463.700000000 -30.9765 9.3983 0 0 0 -0.103627 0.994616
1465.200000000 -30.3934 8.72499 0 0 0 -0.364567 0.931177
1467.000000000 -29.7254 8.23965 0 0 0 -0.0932707 0.995641
1467.800000000 -29.5659 8.39173 0 0 0 0.218889 0.97575
1469.100000000 -29.1231 8.92349 0 0 0 0.484218 0.874947
1470.300000000 -28.9762 9.4602 0 0 0 0.744089 0.66808
1471.000000000 -29.0935 9.41539 0 0 0 0.920219 0.391405
1471.700000000 -29.1701 9.41988 0 0 0 0.997361 0.0726045
1472.200000000 -29.136 9.18022 0 0 0 -0.987293 0.158912
1472.800000000 -29.0737 9.10897 0 0 0 -0.904988 0.425437
1473.500000000 -28.9536 9.06294 0 0 0 -0.720721 0.693226
1474.300000000 -28.8601 8.91346 0 0 0 -0.477472 0.878647
1475.300000000 -28.512 8.71571 0 0 0 -0.235026 0.971989
1476.600000000 -28.0907 8.72549 0 0 0 0.0238073 0.999717
1478.600000000 -27.3 9.15028 0 0 0 0.231205 0.972905
1480.000000000 -26.2822 9.5281 0 0 0 0.119574 0.992825
1480.700000000 -26.2578 9.42155 0 0 0 -0.17181 0.98513
