0.300000000 0.2 0 0 0 0 0 1
9.400000000 0.985206 -0.133934 0 0 0 -0.343506 0.93915
10.000000000 0.887205 -0.191847 0 0 0 -0.605264 0.796025
10.600000000 0.769613 -0.188158 0 0 0 -0.8135 0.581565
11.300000000 0.664599 -0.0983175 0 0 0 -0.963778 0.266704
11.900000000 0.636925 0.0167575 0 0 0 0.999547 0.0300862
12.500000000 0.681545 0.131166 0 0 0 0.946253 0.323427
13.200000000 0.798436 0.201156 0 0 0 0.777636 0.628715
13.800000000 0.922188 0.201141 0 0 0 0.557679 0.830056
14.400000000 1.00269 0.115611 0 0 0 0.287532 0.957771
15.100000000 1.03582 -0.00775105 0 0 0 -0.0589698 0.99826
15.600000000 0.996931 -0.126597 0 0 0 -0.303543 0.952818
18.800000000 1.20299 -0.0844561 0 0 0 0.0396164 0.999215
19.500000000 1.15551 0.0401731 0 0 0 0.379861 0.925044
20.200000000 1.04344 0.126647 0 0 0 0.661413 0.750022
20.800000000 0.931433 0.206909 0 0 0 0.833967 0.551815
22.300000000 0.252133 0.915702 0 0 0 0.928508 0.371314
23.700000000 -0.510207 1.64699 0 0 0 0.921531 0.388304
25.000000000 -1.12176 2.39463 0 0 0 0.894257 0.447553
26.300000000 -1.64074 3.22492 0 0 0 0.867338 0.49772
27.600000000 -2.04303 4.10366 0 0 0 0.818676 0.574255
29.000000000 -2.45802 5.06708 0 0 0 0.842876 0.538108
30.400000000 -2.85965 6.00829 0 0 0 0.809698 0.586847
31.600000000 -2.80354 6.52105 0 0 0 0.586099 0.81024
32.200000000 -2.77326 6.48698 0 0 0 0.322905 0.946431
32.900000000 -2.70295 6.34117 0 0 0 -0.00319867 0.999995
33.700000000 -2.41022 6.20041 0 0 0 -0.243938 0.969791
35.200000000 -1.59339 5.49632 0 0 0 -0.304374 0.952553
36.600000000 -0.657289 5.14749 0 0 0 -0.130686 0.991424
37.600000000 -0.160593 5.21727 0 0 0 0.114824 0.993386
39.200000000 0.632095 5.81994 0 0 0 0.369224 0.92934
40.600000000 1.40465 6.51406 0 0 0 0.310098 0.950705
42.500000000 2.22747 6.7826 0 0 0 -0.0254594 0.999676
43.100000000 2.20647 6.67918 0 0 0 -0.315291 0.948995
43.700000000 2.10752 6.60129 0 0 0 -0.57781 0.816171
44.300000000 1.99119 6.58898 0 0 0 -0.790459 0.612515
45.000000000 1.88621 6.64117 0 0 0 -0.951312 0.308229
45.600000000 1.83916 6.73883 0 0 0 -0.999839 0.0179697
46.300000000 1.63778 6.91266 0 0 0 0.976479 0.215614
47.800000000 0.919526 7.63021 0 0 0 0.910348 0.413844
49.200000000 0.226808 8.40502 0 0 0 0.917036 0.398804
50.400000000 -0.411324 9.04488 0 0 0 0.925582 0.378547
51.800000000 -1.15804 9.78814 0 0 0 0.923601 0.383355
53.000000000 -1.7481 10.4609 0 0 0 0.900458 0.434944
54.400000000 -2.21947 11.3908 0 0 0 0.8189 0.573936
55.800000000 -2.34562 12.3136 0 0 0 0.724384 0.689397
58.000000000 -2.30199 13.3002 0 0 0 0.679398 0.73377
62.300000000 -2.2344 14.247 0 0 0 0.679398 0.73377
66.700000000 -2.17977 15.2187 0 0 0 0.694214 0.719769
69.500000000 -2.17884 16.288 0 0 0 0.721986 0.691908
71.000000000 -2.4705 17.3054 0 0 0 0.835545 0.549421
72.400000000 -2.8726 18.2091 0 0 0 0.811394 0.5845
73.600000000 -2.76519 18.8378 0 0 0 0.617499 0.786571
75.000000000 -2.39502 19.7743 0 0 0 0.539081 0.842254
76.600000000 -2.1135 20.7535 0 0 0 0.629614 0.776908
78.000000000 -2.04214 21.7304 0 0 0 0.736594 0.676335
79.400000000 -2.15772 22.7768 0 0 0 0.738939 0.673772
81.200000000 -2.20695 23.744 0 0 0 0.717808 0.696241
84.200000000 -2.21883 24.7284 0 0 0 0.710059 0.704142
87.900000000 -2.22398 25.6881 0 0 0 0.709053 0.705155
91.600000000 -2.2295 26.6544 0 0 0 0.709063 0.705145
95.100000000 -2.23162 27.6646 0 0 0 0.71098 0.703212
96.400000000 -2.34461 28.6291 0 0 0 0.768363 0.640014
97.900000000 -2.77507 29.6394 0 0 0 0.871235 0.490865
99.300000000 -3.48424 30.4022 0 0 0 0.927864 0.37292
100.800000000 -4.07317 30.7744 0 0 0 0.998486 0.05501
101.500000000 -4.04083 30.6484 0 0 0 -0.956643 0.291263
102.100000000 -3.94889 30.5741 0 0 0 -0.827853 0.560946
102.700000000 -3.82176 30.5601 0 0 0 -0.625596 0.780147
103.300000000 -3.73908 30.6187 0 0 0 -0.367111 0.930177
104.000000000 -3.59917 30.7235 0 0 0 -0.0637333 0.997967
104.700000000 -3.46012 30.8272 0 0 0 0.195673 0.980669
106.000000000 -2.88588 31.3826 0 0 0 0.438337 0.898811
107.300000000 -2.47635 32.2121 0 0 0 0.516014 0.85658
108.700000000 -2.13507 33.143 0 0 0 0.608217 0.793771
110.200000000 -1.98834 34.1163 0 0 0 0.707874 0.706339
111.500000000 -2.08675 35.0829 0 0 0 0.755207 0.655486
112.900000000 -2.23854 36.105 0 0 0 0.7432 0.669069
114.800000000 -2.27315 37.0677 0 0 0 0.714256 0.699884
118.400000000 -2.2585 38.055 0 0 0 0.696525 0.717532
120.600000000 -2.25826 39.0879 0 0 0 0.705065 0.709143
121.900000000 -2.25047 40.0536 0 0 0 0.710385 0.703813
123.200000000 -2.38493 41.0244 0 0 0 0.774245 0.632885
124.600000000 -2.72712 41.6884 0 0 0 0.926016 0.377485
125.300000000 -2.8656 41.6478 0 0 0 0.995466 0.0951175
126.000000000 -2.99088 41.5388 0 0 0 -0.98226 0.187523
126.500000000 -2.95772 41.4418 0 0 0 -0.909189 0.416383
127.200000000 -2.82908 41.4046 0 0 0 -0.712082 0.702097
127.700000000 -2.73534 41.428 0 0 0 -0.515266 0.85703
128.400000000 -2.65055 41.5029 0 0 0 -0.189537 0.981874
129.000000000 -2.64223 41.5111 0 0 0 0.100781 0.994909
129.700000000 -2.5793 41.6681 0 0 0 0.377461 0.926025
130.700000000 -2.31326 42.3014 0 0 0 0.566466 0.824085
132.100000000 -2.08005 43.3289 0 0 0 0.650056 0.759886
133.500000000 -2.07864 44.322 0 0 0 0.746006 0.665939
134.800000000 -2.24129 45.3074 0 0 0 0.763108 0.646271
136.100000000 -2.28588 46.2892 0 0 0 0.711233 0.702956
137.400000000 -2.25748 47.2738 0 0 0 0.686796 0.72685
138.600000000 -2.20003 48.1825 0 0 0 0.683615 0.729843
140.000000000 -2.18971 49.2344 0 0 0 0.706965 0.707249
141.300000000 -2.18965 50.2038 0 0 0 0.707005 0.707209
142.500000000 -2.18892 51.098 0 0 0 0.707095 0.707118
143.800000000 -2.25745 52.0783 0 0 0 0.751302 0.659959
145.200000000 -2.53694 53.0944 0 0 0 0.798588 0.601878
146.400000000 -2.78678 53.9542 0 0 0 0.802592 0.596529
147.700000000 -2.94317 54.914 0 0 0 0.738902 0.673813
149.100000000 -2.85298 55.9148 0 0 0 0.66732 0.744771
149.900000000 -2.82629 56.0696 0 0 0 0.395142 0.91862
150.500000000 -2.7614 55.9738 0 0 0 0.110831 0.993839
151.100000000 -2.75859 55.8559 0 0 0 -0.183252 0.983066
151.700000000 -2.75526 55.7657 0 0 0 -0.458718 0.888582
152.500000000 -2.85527 55.6108 0 0 0 -0.723199 0.69064
153.400000000 -3.08685 55.2621 0 0 0 -0.871586 0.490242
154.700000000 -3.5635 54.9207 0 0 0 -0.987763 0.155964
155.300000000 -3.56967 55.0361 0 0 0 0.990511 0.137436
155.900000000 -3.51077 55.1354 0 0 0 0.907717 0.419583
156.600000000 -3.40726 55.1909 0 0 0 0.711725 0.702458
157.300000000 -3.2278 55.3891 0 0 0 0.530923 0.84742
158.800000000 -2.50624 56.1417 0 0 0 0.358414 0.933563
160.200000000 -1.73346 56.8513 0 0 0 0.367742 0.929928
161.600000000 -0.955423 57.5614 0 0 0 0.343998 0.93897
163.000000000 -0.0648255 58.0679 0 0 0 0.196696 0.980465
164.500000000 0.898649 58.2099 0 0 0 0.025933 0.999664
166.600000000 1.82521 58.1793 0 0 0 -0.0329248 0.999458
171.000000000 2.80616 58.1024 0 0 0 -0.033379 0.999443
174.900000000 3.79069 58.0588 0 0 0 -0.0125523 0.999921
177.800000000 4.74174 58.0494 0 0 0 -0.00274915 0.999996
179.100000000 5.19569 58.2241 0 0 0 0.293534 0.955949
179.800000000 5.17696 58.3819 0 0 0 0.556934 0.830557
180.500000000 5.07588 58.4505 0 0 0 0.787609 0.616175
181.200000000 4.96421 58.3797 0 0 0 0.95079 0.309835
181.700000000 4.93574 58.2888 0 0 0 0.997846 0.0656039
182.400000000 4.95526 58.1519 0 0 0 -0.959671 0.281126
182.900000000 5.04555 58.0758 0 0 0 -0.8606 0.509282
183.500000000 5.15131 58.0822 0 0 0 -0.671661 0.740858
184.100000000 5.2754 58.0742 0 0 0 -0.451239 0.892403
184.900000000 5.47782 58.0084 0 0 0 -0.159472 0.987202
186.200000000 6.29035 58.0602 0 0 0 0.0887147 0.996057
187.700000000 7.32736 58.2198 0 0 0 0.0382917 0.999267
189.900000000 8.32887 58.1997 0 0 0 -0.0207314 0.999785
193.800000000 9.30506 58.1389 0 0 0 -0.0329234 0.999458
198.000000000 10.2734 58.0856 0 0 0 -0.0179274 0.999839
202.100000000 11.2448 58.074 0 0 0 -0.00620984 0.999981
206.200000000 12.2319 58.069 0 0 0 -0.00217394 0.999998
210.700000000 13.2035 58.0642 0 0 0 -0.00221916 0.999998
215.300000000 14.1912 58.0594 0 0 0 -0.00225958 0.999997
219.700000000 15.1573 58.0445 0 0 0 -0.00228583 0.999997
223.400000000 16.1149 58.0397 0 0 0 -0.00229618 0.999997
227.200000000 17.1093 58.0357 0 0 0 -0.00244489 0.999997
229.000000000 17.5782 58.1798 0 0 0 0.306396 0.951904
229.800000000 17.5548 58.3646 0 0 0 0.599388 0.800458
231.300000000 17.6082 59.4091 0 0 0 0.714826 0.699303
232.000000000 17.4795 59.4854 0 0 0 0.887101 0.461576
232.600000000 17.4092 59.3932 0 0 0 0.983784 0.179358
233.200000000 17.4079 59.2765 0 0 0 -0.992765 0.120077
233.800000000 17.459 59.1853 0 0 0 -0.912997 0.407967
234.500000000 17.569 59.1391 0 0 0 -0.717481 0.696578
235.200000000 17.7449 58.9384 0 0 0 -0.53427 0.845314
236.800000000 18.5243 58.2137 0 0 0 -0.339223 0.940706
238.100000000 19.279 57.6221 0 0 0 -0.347673 0.937616
240.000000000 20.0398 56.8891 0 0 0 -0.380233 0.924891
242.500000000 20.7616 56.1774 0 0 0 -0.382413 0.923991
246.000000000 21.3937 55.4504 0 0 0 -0.440544 0.897731
247.400000000 21.8737 54.5866 0 0 0 -0.556077 0.831131
249.500000000 22.0531 53.6157 0 0 0 -0.680363 0.732875
253.600000000 22.0524 52.6586 0 0 0 -0.724924 0.688828
258.100000000 21.9917 51.7031 0 0 0 -0.730594 0.682812
261.700000000 21.8975 50.6568 0 0 0 -0.778372 0.627804
263.000000000 21.5152 49.774 0 0 0 -0.840826 0.541305
264.300000000 21.1456 48.8773 0 0 0 -0.793746 0.608249
266.400000000 21.1001 47.8457 0 0 0 -0.715497 0.698615
268.400000000 20.8031 46.9784 0 0 0 -0.861874 0.507122
269.900000000 20.0743 46.2034 0 0 0 -0.92941 0.369049
271.100000000 19.4303 45.5607 0 0 0 -0.928008 0.372561
272.500000000 18.6839 44.8198 0 0 0 -0.924575 0.381
273.700000000 18.0361 44.208 0 0 0 -0.930532 0.366211
275.700000000 17.2912 43.5713 0 0 0 -0.941974 0.335686
279.400000000 16.4626 43.0828 0 0 0 -0.97534 0.22071
280.800000000 15.455 42.813 0 0 0 -0.992797 0.119809
282.500000000 14.528 42.3646 0 0 0 -0.964175 0.265268
283.800000000 13.799 41.7385 0 0 0 -0.925738 0.378166
285.500000000 13.1474 41.0879 0 0 0 -0.921229 0.38902
289.200000000 12.4456 40.3694 0 0 0 -0.92326 0.384177
292.200000000 12.0576 39.7215 0 0 0 -0.752072 0.65908
292.800000000 12.0517 39.7133 0 0 0 -0.560097 0.828427
294.300000000 12.7009 38.9307 0 0 0 -0.389616 0.920977
296.400000000 13.3916 38.2512 0 0 0 -0.379097 0.925357
300.900000000 14.1018 37.554 0 0 0 -0.381637 0.924312
305.700000000 14.7827 36.8755 0 0 0 -0.381624 0.924318
310.300000000 15.4564 36.2144 0 0 0 -0.381617 0.92432
315.200000000 16.1527 35.5111 0 0 0 -0.381615 0.924321
320.100000000 16.8459 34.8217 0 0 0 -0.380789 0.924662
322.000000000 17.1296 34.6946 0 0 0 -0.108593 0.994086
322.700000000 17.1312 34.729 0 0 0 0.242339 0.970192
323.800000000 17.3618 35.1846 0 0 0 0.522123 0.85287
325.200000000 17.6061 36.191 0 0 0 0.642952 0.765906
326.200000000 17.4839 36.4709 0 0 0 0.86135 0.508012
326.700000000 17.4414 36.3953 0 0 0 0.960579 0.278007
327.300000000 17.4307 36.3812 0 0 0 -0.999833 0.0182819
328.000000000 17.439 36.3705 0 0 0 -0.932098 0.362205
328.500000000 17.4402 36.3618 0 0 0 -0.809816 0.586683
329.200000000 17.59 36.1793 0 0 0 -0.632747 0.774359
330.400000000 18.0655 35.6176 0 0 0 -0.406088 0.913834
331.700000000 18.8476 34.922 0 0 0 -0.31608 0.948732
333.500000000 19.5313 34.3359 0 0 0 -0.346487 0.938055
336.700000000 20.4178 33.804 0 0 0 -0.215634 0.976474
338.300000000 21.3631 33.6197 0 0 0 -0.0766373 0.997059
341.100000000 22.3359 33.532 0 0 0 0.00751066 0.999972
346.000000000 23.3109 33.5969 0 0 0 0.032116 0.999484
350.800000000 24.2676 33.6627 0 0 0 0.0320702 0.999486
355.600000000 25.2201 33.6912 0 0 0 0.00932135 0.999957
360.400000000 26.1747 33.6991 0 0 0 0.00165477 0.999999
365.400000000 27.1633 33.6991 0 0 0 8.83865e-05 1
368.600000000 28.1113 33.9702 0 0 0 0.273909 0.961756
369.900000000 28.792 34.6233 0 0 0 0.411368 0.911469
372.800000000 29.4515 35.326 0 0 0 0.394813 0.918762
377.200000000 30.1366 36.0239 0 0 0 0.384627 0.923072
381.900000000 30.8165 36.7073 0 0 0 0.383844 0.923398
386.600000000 31.5186 37.4131 0 0 0 0.383822 0.923407
391.300000000 32.2109 38.1092 0 0 0 0.383801 0.923416
395.500000000 32.9056 38.7975 0 0 0 0.383786 0.923422
399.700000000 33.5568 39.4932 0 0 0 0.413961 0.910295
401.300000000 34.2351 40.3338 0 0 0 0.52698 0.849878
402.700000000 34.3588 41.3496 0 0 0 0.666764 0.745269
404.000000000 34.2241 41.93 0 0 0 0.879377 0.476126
404.600000000 34.148 41.8307 0 0 0 0.980732 0.195357
405.800000000 33.5223 41.7343 0 0 0 -0.995569 0.0940319
407.200000000 32.4967 41.5363 0 0 0 -0.994375 0.105913
408.500000000 31.53 41.3765 0 0 0 -0.999214 0.0396296
410.200000000 30.6841 41.4923 0 0 0 0.952237 0.305361
410.700000000 30.7427 41.5513 0 0 0 0.848903 0.528549
411.500000000 30.9738 41.6727 0 0 0 0.636939 0.770914
412.300000000 31.1166 41.9853 0 0 0 0.438449 0.898756
413.700000000 31.861 42.6327 0 0 0 0.340597 0.940209
415.100000000 32.6125 43.3624 0 0 0 0.387991 0.921663
416.400000000 33.3795 44.0217 0 0 0 0.392966 0.919553
417.600000000 33.9427 44.749 0 0 0 0.452184 0.891925
419.000000000 34.3371 45.6912 0 0 0 0.598487 0.801132
420.400000000 34.418 46.7412 0 0 0 0.708831 0.705378
421.800000000 34.2908 47.7862 0 0 0 0.755792 0.654812
423.000000000 34.2404 48.6807 0 0 0 0.710178 0.704022
424.400000000 34.2677 49.7262 0 0 0 0.701411 0.712757
425.700000000 34.2702 50.7101 0 0 0 0.707932 0.70628
427.100000000 34.2706 51.7661 0 0 0 0.708072 0.70614
428.300000000 34.2678 52.6601 0 0 0 0.707926 0.706286
429.600000000 34.2654 53.6339 0 0 0 0.707882 0.706331
431.000000000 34.2634 54.6879 0 0 0 0.707838 0.706375
432.300000000 34.3121 55.6316 0 0 0 0.697814 0.716279
433.600000000 34.3425 56.6216 0 0 0 0.68693 0.726723
434.700000000 34.0869 57.089 0 0 0 0.862984 0.505231
436.100000000 33.4098 57.7429 0 0 0 0.950184 0.311691
437.400000000 32.5412 58.1398 0 0 0 0.988835 0.149012
439.100000000 31.5106 58.21 0 0 0 -0.999542 0.0302618
447.400000000 30.5791 58.1712 0 0 0 0.999988 0.00484996
450.300000000 29.5581 58.2187 0 0 0 0.999777 0.0211361
452.200000000 28.558 58.2472 0 0 0 0.999785 0.0207137
454.400000000 27.5399 58.3152 0 0 0 0.998429 0.0560345
455.900000000 26.527 58.6545 0 0 0 0.97343 0.228984
457.300000000 25.6573 59.2361 0 0 0 0.947134 0.32084
458.700000000 24.7793 59.6476 0 0 0 0.990243 0.139352
460.100000000 23.7956 59.6888 0 0 0 -0.999674 0.0255409
462.100000000 22.726 59.581 0 0 0 -0.998142 0.0609235
463.300000000 21.8342 59.4939 0 0 0 -0.999645 0.0266504
464.700000000 20.7809 59.4792 0 0 0 -0.999995 0.00314799
466.000000000 19.8056 59.4756 0 0 0 0.999999 0.00102844
467.300000000 18.8372 59.4522 0 0 0 -0.999874 0.0158733
469.000000000 17.9271 59.3536 0 0 0 -0.997193 0.0748754
470.200000000 17.4955 59.4873 0 0 0 0.982547 0.186015
471.500000000 17.387 59.6522 0 0 0 0.886848 0.462062
472.500000000 17.4839 59.7064 0 0 0 0.7307 0.682698
473.400000000 17.5736 59.7013 0 0 0 0.525807 0.850604
474.300000000 17.6645 59.6351 0 0 0 0.284076 0.958802
475.200000000 17.707 59.5282 0 0 0 -0.0022544 0.999997
476.000000000 17.6859 59.4442 0 0 0 -0.264617 0.964354
478.200000000 18.2088 58.525 0 0 0 -0.487953 0.87287
479.200000000 18.1943 58.3288 0 0 0 -0.707843 0.70637
480.000000000 18.2275 58.3301 0 0 0 -0.903294 0.429023
480.700000000 18.0115 58.4755 0 0 0 -0.985627 0.168934
481.700000000 17.7899 58.5807 0 0 0 0.989538 0.144276
482.600000000 17.6941 58.7312 0 0 0 0.911648 0.410973
483.500000000 17.7986 58.7834 0 0 0 0.744653 0.667452
484.300000000 17.9101 58.78 0 0 0 0.53482 0.844966
484.800000000 17.9885 58.7285 0 0 0 0.315855 0.948808
485.600000000 18.181 58.6576 0 0 0 0.0118975 0.999929
486.300000000 18.2659 58.5414 0 0 0 -0.255053 0.966927
487.800000000 19.0668 57.8998 0 0 0 -0.338305 0.941037
489.700000000 19.5572 57.3347 0 0 0 -0.570582 0.82124
490.600000000 19.5564 57.3268 0 0 0 -0.812126 0.583482
491.300000000 19.3512 57.3564 0 0 0 -0.939696 0.342012
492.100000000 19.3132 57.4915 0 0 0 -0.999772 0.0213619
493.000000000 19.0628 57.6388 0 0 0 0.975034 0.222055
494.900000000 18.5173 58.2543 0 0 0 0.840298 0.542125
495.400000000 18.6104 58.2679 0 0 0 0.68424 0.729257
496.100000000 18.7346 58.2335 0 0 0 0.396791 0.917909
496.600000000 18.7801 58.1571 0 0 0 0.161075 0.986942
497.500000000 19.0819 58.0028 0 0 0 -0.139002 0.990292
498.700000000 19.567 57.5953 0 0 0 -0.402145 0.915576
500.200000000 20.2709 56.8894 0 0 0 -0.343427 0.939179
501.800000000 20.5017 56.5541 0 0 0 -0.588592 0.80843
502.800000000 20.3962 56.5006 0 0 0 -0.791546 0.61111
505.000000000 19.982 55.7766 0 0 0 -0.947497 0.319764
505.600000000 19.9531 55.8537 0 0 0 -0.998428 0.056056
506.300000000 19.9515 55.9803 0 0 0 0.966541 0.256511
506.900000000 20.0124 56.059 0 0 0 0.865828 0.500341
507.500000000 20.1105 56.0934 0 0 0 0.701706 0.712466
508.100000000 20.2123 56.0774 0 0 0 0.486813 0.873506
508.900000000 20.5034 56.1755 0 0 0 0.277096 0.960842
510.600000000 21.4484 56.4635 0 0 0 0.0727488 0.99735
511.200000000 21.451 56.4127 0 0 0 -0.172066 0.985085
511.800000000 21.4021 56.3322 0 0 0 -0.422224 0.906492
512.500000000 21.3848 56.3241 0 0 0 -0.681482 0.731835
513.800000000 21.0677 55.5749 0 0 0 -0.826568 0.562837
516.000000000 20.9026 54.9906 0 0 0 -0.597617 0.801782
516.700000000 20.993 55.0197 0 0 0 -0.360346 0.932819
517.500000000 21.1866 55.0386 0 0 0 -0.105396 0.99443
518.500000000 21.3952 55.1921 0 0 0 0.205375 0.978683
520.300000000 21.9262 55.753 0 0 0 0.44164 0.897192
521.200000000 21.8512 55.8407 0 0 0 0.710179 0.704022
521.800000000 21.7087 55.8083 0 0 0 0.869849 0.493318
522.500000000 21.6777 55.7278 0 0 0 0.979797 0.199994
523.100000000 21.6587 55.634 0 0 0 -0.998157 0.0606805
523.800000000 21.6607 55.6363 0 0 0 -0.936085 0.351775
524.600000000 21.8191 55.5148 0 0 0 -0.769776 0.638314
526.000000000 21.7565 54.4781 0 0 0 -0.728834 0.684691
527.800000000 21.825 53.8601 0 0 0 -0.516926 0.85603
528.700000000 21.8416 53.8838 0 0 0 -0.222706 0.974886
529.400000000 21.8669 54.072 0 0 0 0.0502596 0.998736
530.100000000 21.8273 54.166 0 0 0 0.316466 0.948604
530.800000000 21.8643 54.2984 0 0 0 0.519896 0.85423
532.400000000 22.2107 55.2858 0 0 0 0.613739 0.789509
533.200000000 22.1007 55.3501 0 0 0 0.838532 0.544853
533.700000000 22.0253 55.2919 0 0 0 0.947112 0.320902
534.300000000 21.9922 55.1868 0 0 0 0.99965 0.0264551
535.000000000 21.9864 55.1713 0 0 0 -0.956943 0.290276
535.800000000 21.8403 54.8022 0 0 0 -0.852945 0.522001
536.800000000 21.8937 54.3768 0 0 0 -0.682923 0.730491
538.200000000 22.045 53.3327 0 0 0 -0.628453 0.777848
539.700000000 22.1594 52.9137 0 0 0 -0.381232 0.92448
540.500000000 22.2058 52.9319 0 0 0 -0.127661 0.991818
541.300000000 22.2555 53.1979 0 0 0 0.185195 0.982702
542.000000000 22.2118 53.2884 0 0 0 0.457253 0.889337
542.600000000 22.1315 53.3425 0 0 0 0.650301 0.759677
544.700000000 21.936 54.3473 0 0 0 0.816039 0.577996
545.300000000 21.8335 54.3383 0 0 0 0.938988 0.34395
545.900000000 21.7972 54.2392 0 0 0 0.998716 0.0506678
546.600000000 21.8206 54.087 0 0 0 -0.955578 0.294739
547.500000000 21.7589 53.8482 0 0 0 -0.827608 0.561307
548.500000000 21.8445 53.323 0 0 0 -0.632157 0.774841
550.400000000 22.2614 52.5611 0 0 0 -0.462065 0.886846
551.600000000 22.3084 52.5792 0 0 0 -0.181974 0.983303
552.600000000 22.3958 52.6723 0 0 0 0.119356 0.992851
553.200000000 22.3496 52.76 0 0 0 0.348922 0.937152
554.000000000 22.2179 52.8187 0 0 0 0.623044 0.782187
554.700000000 22.1336 52.815 0 0 0 0.81981 0.572636
555.400000000 22.0383 52.7306 0 0 0 0.966525 0.256572
556.000000000 22.0048 52.5966 0 0 0 -0.999203 0.0399079
556.700000000 22.0274 52.5482 0 0 0 -0.937097 0.34907
557.700000000 21.8346 52.016 0 0 0 -0.819457 0.573141
560.000000000 21.9206 51.049 0 0 0 -0.658265 0.752786
562.200000000 21.8047 49.9825 0 0 0 -0.78707 0.616864
563.500000000 21.6494 49.8733 0 0 0 -0.933364 0.358931
564.400000000 21.5816 49.9506 0 0 0 -0.996267 0.0863269
566.600000000 20.6132 49.6554 0 0 0 -0.965866 0.259041
567.200000000 20.619 49.6562 0 0 0 -0.858843 0.512239
567.800000000 20.6253 49.6531 0 0 0 -0.665224 0.746644
568.500000000 20.634 49.6611 0 0 0 -0.36833 0.929695
569.100000000 20.6501 49.6742 0 0 0 -0.0997927 0.995008
569.700000000 20.7036 49.7865 0 0 0 0.165606 0.986192
571.400000000 21.4736 50.5637 0 0 0 0.408391 0.912807
572.800000000 22.314 51.3846 0 0 0 0.417441 0.908704
574.000000000 23.0603 52.007 0 0 0 0.375936 0.926646
575.400000000 23.8145 52.7439 0 0 0 0.38028 0.924871
576.700000000 24.5156 53.4366 0 0 0 0.383678 0.923467
578.000000000 25.2034 54.1264 0 0 0 0.383656 0.923476
579.400000000 25.9421 54.8709 0 0 0 0.383533 0.923527
580.600000000 26.5726 55.506 0 0 0 0.38353 0.923528
581.900000000 27.261 56.2013 0 0 0 0.38351 0.923537
583.200000000 27.9503 56.885 0 0 0 0.383502 0.92354
584.600000000 28.6996 57.6228 0 0 0 0.363387 0.931638
586.100000000 29.6545 58.1472 0 0 0 0.172151 0.985071
587.600000000 30.6199 58.2421 0 0 0 0.00426464 0.999991
589.800000000 31.557 58.194 0 0 0 -0.0314064 0.999507
594.000000000 32.5372 58.124 0 0 0 -0.0346005 0.999401
597.900000000 33.483 58.082 0 0 0 -0.0128277 0.999918
602.100000000 34.4797 58.0706 0 0 0 -0.00357268 0.999994
606.600000000 35.4544 58.0663 0 0 0 -0.00218576 0.999998
611.000000000 36.4054 58.062 0 0 0 -0.00218715 0.999998
615.600000000 37.3773 58.0575 0 0 0 -0.00218873 0.999998
620.300000000 38.3633 58.0529 0 0 0 -0.00218969 0.999998
621.900000000 39.4065 58.0485 0 0 0 -0.00219003 0.999998
623.200000000 40.3803 58.044 0 0 0 -0.00219028 0.999998
624.400000000 41.2838 58.0393 0 0 0 -0.00221542 0.999998
625.700000000 42.2575 58.0356 0 0 0 -0.00212678 0.999998
627.300000000 42.9346 58.1681 0 0 0 0.339423 0.940634
627.900000000 42.8542 58.2635 0 0 0 0.588909 0.808199
628.700000000 42.7174 58.4002 0 0 0 0.819079 0.573681
629.700000000 42.3685 58.7628 0 0 0 0.933679 0.358112
631.200000000 41.6222 59.543 0 0 0 0.886839 0.462079
632.200000000 41.5639 59.8793 0 0 0 0.694237 0.719746
632.700000000 41.6676 59.8604 0 0 0 0.497633 0.867387
633.400000000 41.7746 59.7811 0 0 0 0.174001 0.984745
634.000000000 41.8799 59.6654 0 0 0 -0.0673406 0.99773
635.000000000 42.2642 59.3795 0 0 0 -0.326754 0.94511
636.400000000 42.9941 58.6233 0 0 0 -0.384815 0.922994
637.700000000 43.7546 58.0275 0 0 0 -0.277225 0.960805
639.200000000 44.7211 57.8132 0 0 0 -0.0298463 0.999554
640.700000000 45.8068 57.9991 0 0 0 0.118218 0.992988
642.000000000 46.7652 58.1519 0 0 0 0.0471807 0.998886
643.300000000 47.7386 58.1376 0 0 0 -0.0338436 0.999427
644.600000000 48.7191 58.0737 0 0 0 -0.0149778 0.999888
645.900000000 49.6887 58.0784 0 0 0 0.00800656 0.999968
647.200000000 50.6624 58.0833 0 0 0 0.00104681 0.999999
648.400000000 51.5662 58.0854 0 0 0 0.00104682 0.999999
649.800000000 52.5614 58.0282 0 0 0 -0.0549171 0.998491
650.900000000 53.0706 57.6736 0 0 0 -0.298858 0.954298
652.200000000 53.7634 56.9988 0 0 0 -0.394818 0.918759
653.500000000 54.4542 56.3422 0 0 0 -0.388013 0.921654
654.700000000 55.0951 55.7253 0 0 0 -0.377566 0.925983
656.100000000 55.8397 54.9923 0 0 0 -0.378282 0.92569
657.400000000 56.5212 54.2564 0 0 0 -0.403879 0.914812
658.600000000 57.0783 53.5874 0 0 0 -0.449065 0.893499
660.000000000 57.6277 52.7118 0 0 0 -0.52199 0.852951
661.300000000 57.8985 51.7675 0 0 0 -0.633327 0.773884
662.800000000 57.9126 50.8353 0 0 0 -0.706603 0.70761
665.800000000 57.8897 49.8362 0 0 0 -0.720124 0.693846
668.100000000 57.9936 49.3074 0 0 0 -0.47086 0.882208
668.700000000 58.0679 49.3993 0 0 0 -0.189119 0.981954
669.300000000 58.1997 49.4801 0 0 0 0.0507896 0.998709
670.200000000 58.4545 49.7345 0 0 0 0.333435 0.942773
671.800000000 59.0458 50.4797 0 0 0 0.364829 0.931075
673.000000000 59.5197 50.6547 0 0 0 0.0320931 0.999485
673.500000000 59.4823 50.5587 0 0 0 -0.211048 0.977476
674.100000000 59.4223 50.4546 0 0 0 -0.486437 0.873716
674.800000000 59.3318 50.4553 0 0 0 -0.753902 0.656987
675.400000000 59.2864 50.4981 0 0 0 -0.913353 0.407168
676.000000000 59.1566 50.5181 0 0 0 -0.987757 0.156
677.500000000 58.2544 50.636 0 0 0 0.993219 0.116254
679.200000000 57.2112 50.8771 0 0 0 -0.998755 0.0498942
680.100000000 56.8834 50.636 0 0 0 -0.955159 0.296094
681.500000000 56.239 49.9244 0 0 0 -0.918057 0.396448
683.600000000 55.536 49.2601 0 0 0 -0.920295 0.391226
687.900000000 54.886 48.5921 0 0 0 -0.923103 0.384553
692.700000000 54.1875 47.8877 0 0 0 -0.923103 0.384553
697.400000000 53.5076 47.2021 0 0 0 -0.923103 0.384553
702.100000000 52.849 46.5377 0 0 0 -0.923103 0.384553
707.000000000 52.153 45.8358 0 0 0 -0.923103 0.384553
711.500000000 51.4906 45.1677 0 0 0 -0.923103 0.384553
716.200000000 50.8071 44.4783 0 0 0 -0.923103 0.384553
720.800000000 50.1296 43.7952 0 0 0 -0.923103 0.384553
725.500000000 49.4422 43.102 0 0 0 -0.923103 0.384553
730.100000000 48.7873 42.4413 0 0 0 -0.923103 0.384553
734.800000000 48.0962 41.7445 0 0 0 -0.923103 0.384553
739.200000000 47.4279 41.0648 0 0 0 -0.919752 0.3925
741.500000000 46.811 40.207 0 0 0 -0.879253 0.476355
742.800000000 46.446 39.3001 0 0 0 -0.797013 0.603963
744.500000000 46.3586 38.2695 0 0 0 -0.670513 0.741897
745.800000000 46.7306 37.5961 0 0 0 -0.447532 0.894268
747.200000000 47.4001 36.8943 0 0 0 -0.398885 0.917001
748.800000000 48.0629 35.9943 0 0 0 -0.516333 0.856388
750.100000000 48.3119 35.0771 0 0 0 -0.647722 0.761877
751.700000000 48.5915 34.1907 0 0 0 -0.45461 0.89069
753.300000000 49.4808 33.6582 0 0 0 -0.197774 0.980248
754.700000000 50.4918 33.5148 0 0 0 -0.0160604 0.999871
756.100000000 51.5512 33.669 0 0 0 0.0692988 0.997596
757.300000000 52.4343 33.7112 0 0 0 0.0394946 0.99922
758.700000000 53.4783 33.7044 0 0 0 -0.00933827 0.999956
760.000000000 54.4919 33.7095 0 0 0 -0.00213348 0.999998
761.200000000 55.3556 33.7078 0 0 0 0.00482633 0.999988
762.600000000 56.4093 33.7377 0 0 0 -0.00913615 0.999958
763.800000000 56.9522 33.5004 0 0 0 -0.294173 0.955752
765.200000000 57.5925 32.6994 0 0 0 -0.480295 0.877107
766.500000000 57.9364 31.7904 0 0 0 -0.618075 0.786119
768.200000000 57.9744 30.9295 0 0 0 -0.718113 0.695927
771.800000000 57.9008 29.947 0 0 0 -0.731024 0.682352
776.100000000 57.8425 29.0055 0 0 0 -0.722227 0.691656
780.200000000 57.8211 28.0285 0 0 0 -0.712658 0.701512
784.000000000 57.8142 27.0388 0 0 0 -0.709086 0.705122
787.400000000 57.9452 26.2413 0 0 0 -0.42569 0.904869
788.100000000 58.0943 26.2968 0 0 0 -0.135714 0.990748
789.000000000 58.4824 26.4152 0 0 0 0.107806 0.994172
790.400000000 59.5207 26.5919 0 0 0 0.0776477 0.996981
791.300000000 59.6926 26.4804 0 0 0 -0.26772 0.963497
791.900000000 59.6162 26.39 0 0 0 -0.534089 0.845429
792.600000000 59.4878 26.3532 0 0 0 -0.781875 0.623436
793.700000000 59.1033 25.9164 0 0 0 -0.919016 0.39422
795.300000000 58.3564 25.243 0 0 0 -0.929221 0.369524
796.700000000 57.6201 24.4916 0 0 0 -0.920364 0.391064
798.000000000 56.9316 23.7923 0 0 0 -0.92336 0.383935
799.300000000 56.2496 23.1065 0 0 0 -0.92336 0.383935
800.600000000 55.5577 22.4106 0 0 0 -0.92336 0.383935
802.100000000 54.8419 21.7554 0 0 0 -0.936321 0.351146
803.800000000 54.0051 21.2647 0 0 0 -0.9826 0.185735
805.400000000 53.1219 21.1211 0 0 0 -0.998921 0.0464463
808.900000000 52.1212 21.1168 0 0 0 -0.999555 0.0298401
810.100000000 51.5349 20.7914 0 0 0 -0.954142 0.299353
811.900000000 50.8039 20.1497 0 0 0 -0.929441 0.368971
815.800000000 50.1292 19.494 0 0 0 -0.92561 0.378479
820.600000000 49.4302 18.8027 0 0 0 -0.924965 0.380053
824.700000000 48.7497 18.1303 0 0 0 -0.924966 0.38005
829.100000000 48.0617 17.4507 0 0 0 -0.924966 0.380049
833.300000000 47.4414 16.6788 0 0 0 -0.837776 0.546014
834.400000000 47.5288 16.1536 0 0 0 -0.645716 0.763578
835.700000000 47.8627 15.2744 0 0 0 -0.554226 0.832366
837.100000000 48.2246 14.283 0 0 0 -0.658083 0.752946
838.400000000 48.1828 13.3122 0 0 0 -0.751975 0.659191
839.900000000 47.7088 12.4678 0 0 0 -0.897335 0.441349
841.200000000 46.9966 11.7941 0 0 0 -0.932259 0.361791
842.500000000 46.2938 11.1286 0 0 0 -0.926437 0.37645
843.800000000 45.5753 10.4607 0 0 0 -0.934789 0.355205
845.400000000 44.916 10.0733 0 0 0 -0.999365 0.0356424
846.100000000 44.9227 10.149 0 0 0 0.952763 0.303713
846.600000000 44.9096 10.1381 0 0 0 0.846158 0.532932
847.300000000 44.9838 10.1651 0 0 0 0.613917 0.78937
847.800000000 45.0889 10.1128 0 0 0 0.40435 0.914604
848.500000000 45.2575 10.0973 0 0 0 0.0824157 0.996598
849.000000000 45.3316 10.0095 0 0 0 -0.130957 0.991388
850.400000000 45.9554 9.50255 0 0 0 -0.414147 0.91021
851.800000000 46.6182 8.86014 0 0 0 -0.338654 0.940911
853.000000000 47.2654 8.69585 0 0 0 -0.0785518 0.99691
854.500000000 48.2609 8.76921 0 0 0 0.107101 0.994248
855.800000000 49.2734 9.02296 0 0 0 0.0835578 0.996503
857.200000000 50.2541 9.07615 0 0 0 0.00847101 0.999964
858.400000000 51.1948 9.04989 0 0 0 -0.0439939 0.999032
859.800000000 52.2342 8.97458 0 0 0 -0.0396399 0.999214
861.100000000 53.1766 8.93337 0 0 0 0.00949984 0.999955
862.500000000 54.2598 8.9879 0 0 0 0.00384552 0.999993
863.700000000 54.8269 8.72671 0 0 0 -0.280287 0.959916
865.000000000 55.5259 8.06193 0 0 0 -0.398686 0.917087
866.300000000 56.1951 7.34403 0 0 0 -0.391918 0.92
867.700000000 56.9473 6.65344 0 0 0 -0.322078 0.946713
869.100000000 57.7707 6.07517 0 0 0 -0.373215 0.927745
870.500000000 58.0734 5.3143 0 0 0 -0.61848 0.785801
871.900000000 58.0451 4.31455 0 0 0 -0.751505 0.659728
873.100000000 57.9024 3.4238 0 0 0 -0.755935 0.654647
874.500000000 57.8201 2.38213 0 0 0 -0.706989 0.707224
875.200000000 57.953 2.30161 0 0 0 -0.471423 0.881907
875.900000000 58.0792 2.37859 0 0 0 -0.16919 0.985583
876.700000000 58.3569 2.45078 0 0 0 0.0948297 0.995494
878.200000000 59.3378 2.72381 0 0 0 0.09553 0.995427
879.500000000 59.9538 2.69693 0 0 0 -0.200368 0.979721
880.100000000 59.876 2.60124 0 0 0 -0.475338 0.879803
880.800000000 59.7493 2.53322 0 0 0 -0.736551 0.676382
881.800000000 59.5001 2.15939 0 0 0 -0.892467 0.451113
883.200000000 58.7396 1.45215 0 0 0 -0.937032 0.349244
884.500000000 58.0156 0.799572 0 0 0 -0.929664 0.368408
885.900000000 57.2784 0.0569292 0 0 0 -0.921339 0.388759
887.300000000 56.5399 -0.694554 0 0 0 -0.92351 0.383575
888.600000000 55.8394 -1.3744 0 0 0 -0.929545 0.368708
889.800000000 55.1116 -1.90337 0 0 0 -0.961459 0.27495
891.300000000 54.098 -2.27491 0 0 0 -0.994923 0.100643
893.100000000 53.1675 -2.26026 0 0 0 0.999332 0.0365514
896.600000000 52.1791 -2.14292 0 0 0 0.998109 0.0614619
900.200000000 51.2143 -2.06678 0 0 0 0.999348 0.0360938
901.800000000 50.1985 -2.13656 0 0 0 -0.995931 0.0901172
903.300000000 49.1677 -2.43745 0 0 0 -0.995123 0.0986447
904.700000000 48.1772 -2.38634 0 0 0 0.994232 0.107248
906.100000000 47.2338 -2.09598 0 0 0 0.992762 0.120098
909.000000000 46.302 -1.94531 0 0 0 0.998524 0.0543105
911.500000000 45.2406 -2.05247 0 0 0 -0.998306 0.0581773
912.800000000 44.2214 -2.09046 0 0 0 -0.998991 0.0449015
915.000000000 43.2422 -2.1364 0 0 0 -0.999993 0.00384944
918.400000000 42.2914 -2.13837 0 0 0 -0.999999 0.0015394
922.500000000 41.3055 -2.14062 0 0 0 -0.999999 0.00132345
925.800000000 40.3517 -2.13303 0 0 0 -0.999999 0.00125194
927.700000000 39.284 -2.24875 0 0 0 -0.997805 0.0662185
928.900000000 38.3886 -2.28407 0 0 0 -0.999139 0.0414767
930.600000000 37.3594 -2.33204 0 0 0 -0.999976 0.0068926
933.100000000 36.4666 -2.30343 0 0 0 0.989939 0.141493
933.700000000 36.5017 -2.18989 0 0 0 0.906155 0.422947
934.300000000 36.6352 -2.1541 0 0 0 0.744562 0.667553
935.000000000 36.7209 -2.14686 0 0 0 0.473967 0.880543
935.600000000 36.8229 -2.26125 0 0 0 0.198748 0.980051
936.300000000 37.0048 -2.35171 0 0 0 -0.0676521 0.997709
937.300000000 37.4367 -2.64703 0 0 0 -0.301062 0.953605
938.800000000 37.9155 -3.32523 0 0 0 -0.595322 0.803487
939.500000000 37.7789 -3.33544 0 0 0 -0.831736 0.555171
940.100000000 37.6922 -3.26942 0 0 0 -0.95733 0.288998
940.600000000 37.6592 -3.1299 0 0 0 -0.998745 0.0500852
941.500000000 37.3736 -2.98929 0 0 0 0.968046 0.250771
943.000000000 36.6824 -2.17513 0 0 0 0.912542 0.408984
944.200000000 36.0747 -1.55022 0 0 0 0.923307 0.384063
945.500000000 35.3739 -0.863314 0 0 0 0.924448 0.381307
948.200000000 34.7074 -0.133428 0 0 0 0.90555 0.424239
950.400000000 34.192 0.776484 0 0 0 0.832286 0.554346
952.300000000 33.9937 1.73838 0 0 0 0.746805 0.665043
956.400000000 34.0082 2.70618 0 0 0 0.687851 0.725852
961.300000000 34.0766 3.69415 0 0 0 0.683553 0.729901
963.800000000 34.4126 4.61091 0 0 0 0.452765 0.89163
965.200000000 35.0782 5.27686 0 0 0 0.366842 0.930283
968.500000000 35.7918 5.96338 0 0 0 0.376517 0.92641
979.100000000 36.4861 6.64942 0 0 0 0.380237 0.924889
983.500000000 37.1638 7.32932 0 0 0 0.380237 0.924889
987.800000000 37.8715 8.01923 0 0 0 0.380237 0.924889
992.200000000 38.5604 8.70052 0 0 0 0.380237 0.924889
997.000000000 39.2582 9.39073 0 0 0 0.380237 0.924889
1001.400000000 39.9509 10.0759 0 0 0 0.380237 0.924889
1005.900000000 40.6212 10.7385 0 0 0 0.380237 0.924889
1010.000000000 41.3168 11.4317 0 0 0 0.380178 0.924914
1011.700000000 42.0533 12.1484 0 0 0 0.380361 0.924838
1013.600000000 42.7371 12.823 0 0 0 0.380204 0.924902
1015.800000000 43.4326 13.4996 0 0 0 0.379927 0.925016
1017.900000000 44.1717 14.2072 0 0 0 0.379721 0.925101
1019.200000000 44.862 14.8686 0 0 0 0.38055 0.92476
1020.800000000 45.5447 15.5399 0 0 0 0.38114 0.924517
1022.100000000 46.2145 16.2084 0 0 0 0.381272 0.924463
1023.500000000 46.9599 16.9614 0 0 0 0.381348 0.924432
1024.800000000 47.6433 17.6534 0 0 0 0.381082 0.924541
1026.100000000 48.3182 18.361 0 0 0 0.379754 0.925088
1027.400000000 49.0023 19.0533 0 0 0 0.379915 0.925021
1028.600000000 49.6504 19.6869 0 0 0 0.379908 0.925024
1029.900000000 50.3389 20.3795 0 0 0 0.379565 0.925165
1031.300000000 51.0879 21.1113 0 0 0 0.379201 0.925314
1032.600000000 51.7958 21.781 0 0 0 0.353765 0.935334
1033.800000000 52.5641 22.2822 0 0 0 0.239773 0.970829
1035.200000000 53.5628 22.618 0 0 0 0.0790358 0.996872
1036.600000000 54.5689 22.4767 0 0 0 -0.112761 0.993622
1037.800000000 55.4399 22.2502 0 0 0 -0.0927948 0.995685
1039.600000000 56.2399 22.287 0 0 0 0.211368 0.977406
1040.300000000 56.1655 22.3498 0 0 0 0.479599 0.877488
1041.000000000 56.0102 22.3617 0 0 0 0.721712 0.692194
1041.600000000 55.9474 22.3507 0 0 0 0.884173 0.467159
1042.200000000 55.947 22.3293 0 0 0 0.979187 0.202959
1042.900000000 55.9395 22.2384 0 0 0 -0.992871 0.119194
1044.400000000 54.9579 21.6716 0 0 0 -0.968235 0.250044
1045.900000000 54.6434 21.3487 0 0 0 -0.871481 0.49043
1047.000000000 54.7233 21.3393 0 0 0 -0.65756 0.753402
1047.800000000 54.8249 21.3563 0 0 0 -0.443504 0.896272
1048.700000000 54.8961 21.3727 0 0 0 -0.152077 0.988369
1049.300000000 54.9027 21.5286 0 0 0 0.113286 0.993562
1049.800000000 54.855 21.614 0 0 0 0.332509 0.9431
1050.500000000 54.7538 21.6855 0 0 0 0.604439 0.796651
1051.100000000 54.6596 21.6927 0 0 0 0.793986 0.607936
1051.700000000 54.6351 21.6471 0 0 0 0.926692 0.375822
1052.300000000 54.6071 21.5908 0 0 0 0.993334 0.115269
1052.900000000 54.6103 21.5858 0 0 0 -0.993546 0.113426
1054.500000000 53.5326 21.0788 0 0 0 -0.96337 0.268177
1055.800000000 53.4164 20.7862 0 0 0 -0.86772 0.497053
1056.900000000 53.4207 20.7578 0 0 0 -0.672235 0.740338
1057.600000000 53.446 20.7798 0 0 0 -0.463725 0.885979
1058.500000000 53.5246 20.8877 0 0 0 -0.158502 0.987359
1059.200000000 53.5291 20.9793 0 0 0 0.138831 0.990316
1059.800000000 53.4698 21.0716 0 0 0 0.389538 0.92101
1060.500000000 53.4132 21.0476 0 0 0 0.650682 0.75935
1061.200000000 53.4043 21.0645 0 0 0 0.837007 0.547192
1062.100000000 53.1756 21.0907 0 0 0 0.96866 0.248389
1062.900000000 53.146 21.145 0 0 0 -0.999745 0.0225668
1066.200000000 52.1799 21.0701 0 0 0 -0.999743 0.0226623
1067.800000000 51.1872 20.8307 0 0 0 -0.98474 0.174034
1069.600000000 50.3625 20.3588 0 0 0 -0.878449 0.477836
1070.400000000 50.4031 20.3158 0 0 0 -0.706271 0.707941
1071.200000000 50.5222 20.3017 0 0 0 -0.483942 0.8751
1072.100000000 50.7397 20.2487 0 0 0 -0.225595 0.974221
1073.200000000 51.1197 20.3006 0 0 0 0.0260989 0.999659
1074.800000000 51.7178 20.5655 0 0 0 0.285788 0.958293
1075.400000000 51.6504 20.6292 0 0 0 0.533002 0.846114
1076.100000000 51.6347 20.6317 0 0 0 0.773705 0.633546
1076.700000000 51.6269 20.6223 0 0 0 0.916831 0.399275
1077.400000000 51.366 20.6119 0 0 0 0.986487 0.163838
1078.100000000 51.1228 20.5384 0 0 0 -0.997342 0.0728686
1079.800000000 50.3295 19.9925 0 0 0 -0.943623 0.331022
1081.600000000 49.9094 19.4614 0 0 0 -0.801647 0.597797
1082.400000000 50.019 19.4471 0 0 0 -0.60518 0.796089
1083.200000000 50.1318 19.4512 0 0 0 -0.367287 0.930108
1084.100000000 50.2967 19.5068 0 0 0 -0.0925755 0.995706
1085.000000000 50.3566 19.6074 0 0 0 0.175433 0.984491
1086.000000000 50.2903 19.6899 0 0 0 0.44576 0.895153
1087.000000000 50.2399 19.6985 0 0 0 0.689051 0.724713
1087.700000000 50.161 19.6759 0 0 0 0.85931 0.511456
1088.400000000 50.1536 19.6718 0 0 0 0.965076 0.261971
1089.100000000 50.1475 19.6722 0 0 0 0.999999 0.00169627
1089.800000000 49.928 19.4397 0 0 0 -0.972146 0.234374
1090.600000000 49.8487 19.2122 0 0 0 -0.869453 0.494016
1092.100000000 49.4953 18.3032 0 0 0 -0.851691 0.524044
1093.400000000 49.1732 17.9598 0 0 0 -0.966968 0.254898
1094.200000000 49.1692 18.016 0 0 0 0.998977 0.0452181
1095.100000000 48.9695 18.2 0 0 0 0.962252 0.272159
1096.600000000 48.1331 18.6738 0 0 0 0.96995 0.243303
1097.500000000 47.8177 18.7262 0 0 0 -0.995823 0.0913026
1098.100000000 47.8178 18.7167 0 0 0 -0.930272 0.36687
1098.700000000 47.9035 18.6592 0 0 0 -0.791158 0.611612
1099.400000000 47.9997 18.2894 0 0 0 -0.630572 0.776131
1100.500000000 48.3304 17.8448 0 0 0 -0.397756 0.917491
1101.600000000 48.545 17.7957 0 0 0 -0.0786557 0.996902
1102.400000000 48.4901 17.9197 0 0 0 0.222768 0.974872
1103.100000000 48.4547 17.9618 0 0 0 0.510756 0.859726
1103.700000000 48.3255 18.0174 0 0 0 0.736775 0.676138
1104.300000000 48.2879 17.9757 0 0 0 0.901045 0.433726
1104.900000000 48.3228 18.0144 0 0 0 0.986926 0.161175
1105.600000000 48.2877 17.9579 0 0 0 -0.993866 0.110595
1106.300000000 48.228 17.8437 0 0 0 -0.929085 0.369866
1108.000000000 47.7552 16.8321 0 0 0 -0.861163 0.50833
1109.700000000 47.1888 16.3361 0 0 0 -0.966446 0.256869
1110.800000000 47.1865 16.3473 0 0 0 0.997906 0.0646816
1111.800000000 47.1901 16.3779 0 0 0 0.939739 0.341894
1112.800000000 47.2066 16.4044 0 0 0 0.811792 0.583946
1113.600000000 47.1655 16.4062 0 0 0 0.574709 0.818358
1114.200000000 47.2507 16.3816 0 0 0 0.344458 0.938802
1114.800000000 47.3162 16.3599 0 0 0 0.0993798 0.99505
1115.700000000 47.558 16.229 0 0 0 -0.185536 0.982638
1116.700000000 47.6945 15.9712 0 0 0 -0.483464 0.875364
1118.600000000 47.8751 15.0979 0 0 0 -0.650597 0.759423
1120.100000000 47.9142 14.842 0 0 0 -0.846329 0.532661
1121.100000000 47.8335 14.9276 0 0 0 -0.959157 0.282875
1122.000000000 47.9164 15.0267 0 0 0 -0.999816 0.0192077
1122.900000000 47.9278 15.0524 0 0 0 0.955035 0.296492
1123.500000000 47.9434 15.0562 0 0 0 0.842305 0.539001
1124.100000000 47.9593 15.0624 0 0 0 0.665501 0.746397
1124.800000000 47.9929 15.0506 0 0 0 0.403105 0.915154
1125.500000000 48.0568 14.9547 0 0 0 0.118775 0.992921
1126.200000000 48.0574 14.8373 0 0 0 -0.177164 0.984181
1126.800000000 48.0534 14.8443 0 0 0 -0.389006 0.921235
1128.300000000 48.5707 13.9946 0 0 0 -0.529316 0.848425
1129.700000000 48.6255 13.5763 0 0 0 -0.771129 0.636679
1130.500000000 48.6109 13.61 0 0 0 -0.918591 0.39521
1132.200000000 47.6513 13.096 0 0 0 -0.966757 0.255695
1133.800000000 47.0321 12.8635 0 0 0 0.999605 0.0281176
1134.600000000 47.027 12.8566 0 0 0 0.943548 0.331236
1135.300000000 47.0344 12.8708 0 0 0 0.80656 0.591152
1135.800000000 47.1473 12.9238 0 0 0 0.654136 0.756377
1136.500000000 47.2447 12.9184 0 0 0 0.385445 0.922731
1137.500000000 47.6846 13.0011 0 0 0 0.146524 0.989207
1138.900000000 48.461 12.9558 0 0 0 -0.108915 0.994051
1139.700000000 48.4828 12.9796 0 0 0 -0.396345 0.918102
1140.400000000 48.3826 12.917 0 0 0 -0.645486 0.763772
1141.100000000 48.3246 12.8685 0 0 0 -0.826289 0.563246
1142.500000000 47.7704 12.2083 0 0 0 -0.948181 0.31773
1143.500000000 47.4577 12.2327 0 0 0 -0.999622 0.027494
1144.400000000 47.1103 12.4368 0 0 0 0.973897 0.226992
1145.800000000 46.2905 12.9399 0 0 0 0.944348 0.328949
1147.200000000 45.4089 13.3849 0 0 0 0.990689 0.136145
1148.800000000 44.4596 13.38 0 0 0 -0.999122 0.0418889
1151.700000000 43.5404 13.3563 0 0 0 -0.999293 0.0376093
1156.000000000 42.5712 13.2913 0 0 0 -0.999508 0.0313644
1160.700000000 41.5848 13.2639 0 0 0 -0.999963 0.00865038
1164.300000000 40.6538 13.2577 0 0 0 -0.999998 0.00193452
1165.800000000 39.7025 13.2963 0 0 0 0.999297 0.0374961
1167.300000000 38.6871 13.4888 0 0 0 0.985663 0.168727
1169.700000000 37.9429 14.0547 0 0 0 0.938196 0.346104
1174.300000000 37.2498 14.6865 0 0 0 0.928036 0.372491
1179.100000000 36.5627 15.3599 0 0 0 0.925021 0.379915
1184.200000000 35.8483 16.0653 0 0 0 0.925021 0.379915
1188.900000000 35.1613 16.7338 0 0 0 0.925021 0.379915
1193.800000000 34.4768 17.4095 0 0 0 0.925021 0.379915
1198.800000000 33.7798 18.098 0 0 0 0.925021 0.379915
1203.600000000 33.1128 18.7565 0 0 0 0.925021 0.379915
1208.700000000 32.4071 19.4535 0 0 0 0.925021 0.379915
1213.000000000 31.7386 20.1231 0 0 0 0.92526 0.379333
1217.400000000 31.0331 20.8079 0 0 0 0.925742 0.378157
1227.400000000 30.3433 21.491 0 0 0 0.924808 0.380434
1231.700000000 29.6571 22.1702 0 0 0 0.924808 0.380434
1235.900000000 28.981 22.8393 0 0 0 0.924808 0.380434
1239.900000000 28.2785 23.5347 0 0 0 0.924808 0.380434
1244.300000000 27.5923 24.214 0 0 0 0.924808 0.380434
1248.800000000 26.9174 24.8819 0 0 0 0.924808 0.380434
1253.400000000 26.22 25.5722 0 0 0 0.924808 0.380434
1257.900000000 25.5064 26.2685 0 0 0 0.924808 0.380434
1262.300000000 24.8027 26.9752 0 0 0 0.924808 0.380434
1266.600000000 24.1228 27.648 0 0 0 0.924808 0.380434
1270.900000000 23.423 28.3407 0 0 0 0.924808 0.380434
1275.600000000 22.7156 29.0409 0 0 0 0.924808 0.380434
1280.100000000 22.0169 29.7327 0 0 0 0.924808 0.380434
1284.900000000 21.3333 30.4092 0 0 0 0.924808 0.380434
1289.800000000 20.6459 31.0996 0 0 0 0.924808 0.380434
1294.500000000 19.9509 31.7775 0 0 0 0.924808 0.380434
1298.800000000 19.2622 32.4592 0 0 0 0.924808 0.380434
1303.400000000 18.5585 33.1559 0 0 0 0.924808 0.380434
1305.700000000 17.9298 33.9372 0 0 0 0.903783 0.427991
1307.000000000 17.3096 34.7237 0 0 0 0.864124 0.50328
1308.500000000 17.1731 35.6783 0 0 0 0.707337 0.706876
1310.500000000 17.4241 36.6051 0 0 0 0.572798 0.819696
1311.800000000 17.5878 36.7224 0 0 0 0.326279 0.945274
1312.900000000 17.5871 36.7267 0 0 0 0.0284524 0.999595
1313.800000000 17.5869 36.7132 0 0 0 -0.261265 0.965267
1314.800000000 17.5839 36.7089 0 0 0 -0.552564 0.83347
1316.300000000 17.7131 35.7496 0 0 0 -0.625785 0.779996
1318.300000000 18.1504 35.0355 0 0 0 -0.382289 0.924043
1319.600000000 18.4367 35.0606 0 0 0 -0.125564 0.992085
1320.700000000 18.49 35.1202 0 0 0 0.149533 0.988757
1322.900000000 19.5713 35.0185 0 0 0 -0.178724 0.983899
1323.800000000 19.5797 34.8681 0 0 0 -0.463568 0.886061
1324.700000000 19.5814 34.8614 0 0 0 -0.706057 0.708155
1326.100000000 19.3754 33.7308 0 0 0 -0.746998 0.664826
1327.600000000 19.4657 33.1967 0 0 0 -0.490566 0.871404
1328.300000000 19.4491 33.1848 0 0 0 -0.189899 0.981804
1328.800000000 19.4466 33.1836 0 0 0 0.0359526 0.999353
1329.800000000 19.7874 33.3168 0 0 0 0.324427 0.945911
1330.900000000 20.0515 33.8223 0 0 0 0.578707 0.815535
1332.400000000 20.1224 34.7198 0 0 0 0.681362 0.731947
1333.500000000 20.0215 35.0842 0 0 0 0.877593 0.479406
1334.100000000 19.9753 34.9938 0 0 0 0.980071 0.198648
1334.600000000 19.9735 34.8962 0 0 0 -0.99878 0.0493871
1335.300000000 20.0331 34.7726 0 0 0 -0.921292 0.388872
1336.000000000 20.0383 34.7689 0 0 0 -0.726897 0.686746
1336.600000000 20.0531 34.7773 0 0 0 -0.493004 0.870027
1338.100000000 20.8971 34.1267 0 0 0 -0.49428 0.869303
1340.100000000 21.0984 33.0574 0 0 0 -0.70395 0.710249
1341.200000000 20.9456 32.8956 0 0 0 -0.87455 0.484935
1341.800000000 20.9562 32.8995 0 0 0 -0.96371 0.266951
1342.600000000 20.969 32.8914 0 0 0 0.998496 0.0548178
1343.300000000 21.0555 33.0615 0 0 0 0.939717 0.341953
1343.800000000 21.0663 33.0684 0 0 0 0.841687 0.539966
1344.400000000 21.0779 33.0742 0 0 0 0.666965 0.745089
1345.200000000 21.0822 33.0911 0 0 0 0.419816 0.907609
1346.600000000 21.7033 33.9274 0 0 0 0.437343 0.899295
1347.700000000 22.0801 34.2435 0 0 0 0.205402 0.978678
1348.600000000 22.0841 34.2479 0 0 0 -0.100155 0.994972
1349.400000000 22.0716 34.2245 0 0 0 -0.398804 0.917036
1350.100000000 22.077 34.221 0 0 0 -0.623959 0.781457
1350.800000000 22.0742 34.2254 0 0 0 -0.810126 0.586256
1352.400000000 21.5472 33.2359 0 0 0 -0.85096 0.52523
1354.000000000 21.1025 33.0436 0 0 0 -0.97724 0.212139
1354.600000000 21.0993 33.0527 0 0 0 0.996568 0.0827734
1355.300000000 21.0742 33.0749 0 0 0 0.90872 0.417406
1355.900000000 21.117 33.0737 0 0 0 0.744145 0.668019
1356.700000000 21.0936 33.0613 0 0 0 0.442489 0.896774
1357.800000000 21.6374 33.3606 0 0 0 0.221787 0.975095
1359.300000000 22.594 33.5356 0 0 0 0.0704722 0.997514
1360.900000000 23.5948 33.7401 0 0 0 0.118625 0.992939
1361.800000000 23.683 33.8677 0 0 0 0.402635 0.915361
1362.600000000 23.6812 33.8975 0 0 0 0.674317 0.738442
1363.300000000 23.6948 33.9025 0 0 0 0.867928 0.49669
1363.800000000 23.7094 33.9136 0 0 0 0.959533 0.281595
1364.400000000 23.6977 33.8693 0 0 0 0.999983 0.0057521
1366.100000000 22.7425 33.347 0 0 0 -0.973232 0.229826
1367.400000000 22.34 33.0706 0 0 0 -0.856599 0.515983
1368.000000000 22.3117 33.0682 0 0 0 -0.672999 0.739643
1368.700000000 22.3118 33.0734 0 0 0 -0.387593 0.921831
1369.400000000 22.3524 33.0698 0 0 0 -0.133262 0.991081
1370.500000000 22.7674 33.2436 0 0 0 0.145069 0.989421
1371.800000000 23.597 33.7457 0 0 0 0.241997 0.970277
1373.700000000 24.1312 34.1904 0 0 0 0.50821 0.861233
1374.600000000 24.1268 34.1945 0 0 0 0.761955 0.64763
1375.400000000 24.1187 34.1889 0 0 0 0.908724 0.417397
1376.100000000 24.0995 34.1709 0 0 0 0.981631 0.190789
1377.000000000 24.0988 34.187 0 0 0 -0.990693 0.136112
1377.700000000 24.1451 34.1046 0 0 0 -0.916909 0.399096
1378.400000000 24.1167 34.1225 0 0 0 -0.772034 0.635581
1379.100000000 24.1146 34.1212 0 0 0 -0.57126 0.820769
1380.600000000 24.7039 33.5374 0 0 0 -0.324534 0.945874
1382.100000000 25.3797 33.3512 0 0 0 -0.0653786 0.997861
1383.600000000 25.9089 33.5173 0 0 0 0.212287 0.977207
1385.000000000 26.1778 33.8718 0 0 0 0.456362 0.889794
1387.000000000 26.6338 34.1263 0 0 0 0.160985 0.986957
1387.700000000 26.6369 34.0612 0 0 0 -0.0952423 0.995454
1388.600000000 26.6017 33.9145 0 0 0 -0.409837 0.912159
1390.600000000 27.0087 32.993 0 0 0 -0.424011 0.905657
1391.600000000 27.2176 32.971 0 0 0 -0.111187 0.993799
1392.400000000 27.2193 32.9868 0 0 0 0.224776 0.974411
1393.200000000 27.2491 33.198 0 0 0 0.468877 0.883264
1394.300000000 27.3206 33.7895 0 0 0 0.683943 0.729535
1395.400000000 27.3187 34.0048 0 0 0 0.864869 0.501998
1396.100000000 27.2438 33.9297 0 0 0 0.958019 0.286703
1397.000000000 27.3312 33.8288 0 0 0 -0.999777 0.021132
1397.600000000 27.3338 33.8137 0 0 0 -0.957385 0.288815
1398.200000000 27.3234 33.8242 0 0 0 -0.845174 0.534491
1398.900000000 27.3648 33.8155 0 0 0 -0.647439 0.762118
1399.600000000 27.3299 33.8375 0 0 0 -0.393994 0.919113
1399.900000000 27.3674 33.8197 0 0 0 -0.271571 0.962418
1400.900000000 27.3513 33.7714 0 0 0 0.137562 0.990493
1402.400000000 28.4321 34.3724 0 0 0 0.253544 0.967324
1404.100000000 28.731 34.6612 0 0 0 0.554511 0.832176
1406.900000000 28.8659 35.5596 0 0 0 0.599638 0.800271
1407.800000000 28.87 35.595 0 0 0 0.315705 0.948857
1408.500000000 28.8783 35.5518 0 0 0 0.0307178 0.999528
1410.100000000 29.8848 35.216 0 0 0 -0.228205 0.973613
1411.500000000 30.3512 34.7649 0 0 0 -0.532963 0.846138
1412.300000000 30.3264 34.766 0 0 0 -0.767962 0.640495
1413.200000000 30.051 34.4781 0 0 0 -0.900461 0.434937
1414.600000000 29.306 33.8044 0 0 0 -0.932057 0.362312
1415.900000000 28.7268 33.0463 0 0 0 -0.929488 0.368852
1417.600000000 27.9448 32.4004 0 0 0 -0.91616 0.400814
1418.900000000 27.2713 31.705 0 0 0 -0.922631 0.385684
1420.300000000 26.5457 30.9751 0 0 0 -0.924837 0.380364
1422.100000000 25.8682 30.305 0 0 0 -0.924837 0.380364
1424.600000000 25.1532 29.5972 0 0 0 -0.924837 0.380363
1426.200000000 24.5206 28.9719 0 0 0 -0.924837 0.380363
1428.700000000 23.8032 28.2619 0 0 0 -0.924837 0.380363
1431.600000000 23.0545 27.5206 0 0 0 -0.924837 0.380363
1433.300000000 22.3894 26.8626 0 0 0 -0.924837 0.380363
1436.000000000 21.7368 26.2073 0 0 0 -0.924837 0.380363
1439.200000000 21.0368 25.5246 0 0 0 -0.924837 0.380363
1441.500000000 20.3244 24.8197 0 0 0 -0.924837 0.380363
1444.100000000 19.6132 24.1159 0 0 0 -0.924837 0.380363
1445.500000000 18.8896 23.3999 0 0 0 -0.924837 0.380363
1447.100000000 18.1474 22.6555 0 0 0 -0.924837 0.380363
1448.600000000 17.3899 21.9154 0 0 0 -0.924837 0.380363
1450.000000000 16.6972 21.2214 0 0 0 -0.92518 0.379527
1451.600000000 15.9696 20.5095 0 0 0 -0.926206 0.377019
1454.600000000 15.2336 19.8736 0 0 0 -0.950526 0.310647
1458.300000000 14.2807 19.4074 0 0 0 -0.985974 0.166901
1459.900000000 13.3182 19.1216 0 0 0 -0.976287 0.21648
1461.300000000 12.5655 18.4815 0 0 0 -0.912168 0.409817
1462.700000000 12.0977 17.5819 0 0 0 -0.820063 0.572274
1463.900000000 11.9499 16.6519 0 0 0 -0.726444 0.687225
1465.600000000 11.9629 15.582 0 0 0 -0.790936 0.611899
1467.000000000 11.2985 14.8653 0 0 0 -0.91106 0.412274
1468.400000000 10.6769 14.0542 0 0 0 -0.872876 0.487943
1469.800000000 10.3716 13.0647 0 0 0 -0.766357 0.642415
1471.100000000 10.468 12.1743 0 0 0 -0.746249 0.665667
1472.400000000 9.94132 11.5183 0 0 0 -0.893641 0.448782
1473.700000000 9.26441 10.8332 0 0 0 -0.928316 0.371792
1475.000000000 8.55543 10.1647 0 0 0 -0.926499 0.376298
1476.400000000 7.82223 9.4201 0 0 0 -0.922669 0.385593
1477.300000000 7.73407 9.16224 0 0 0 -0.766342 0.642433
1478.000000000 7.8869 9.13124 0 0 0 -0.523099 0.852272
1478.800000000 8.12424 9.03006 0 0 0 -0.267542 0.963546
1480.300000000 9.13434 8.91991 0 0 0 -0.0454592 0.998966
1482.200000000 10.1271 8.85456 0 0 0 0.00920567 0.999958
1486.500000000 11.0802 8.89268 0 0 0 0.0270279 0.999635
1491.500000000 12.0733 8.95544 0 0 0 0.0293126 0.99957
1496.400000000 13.039 8.98001 0 0 0 0.00735862 0.999973
1501.300000000 14.0122 8.98412 0 0 0 -6.39944e-05 1
1506.300000000 14.9955 8.98399 0 0 0 -6.40185e-05 1
1511.200000000 15.9587 8.98386 0 0 0 -6.40425e-05 1
1516.100000000 16.9282 8.98373 0 0 0 -6.40597e-05 1
1519.900000000 17.957 9.16601 0 0 0 0.207918 0.978146
1521.300000000 18.6489 9.77234 0 0 0 0.370335 0.928898
1522.600000000 19.3761 10.5015 0 0 0 0.395395 0.918511
1523.800000000 20.0006 11.1445 0 0 0 0.386141 0.92244
1525.200000000 20.7454 11.8784 0 0 0 0.37828 0.925691
1526.600000000 21.4895 12.622 0 0 0 0.382572 0.923926
1527.800000000 22.1706 13.2141 0 0 0 0.330785 0.943706
1529.200000000 23.0679 13.7024 0 0 0 0.183797 0.982964
1530.700000000 24.022 13.8139 0 0 0 0.00249792 0.999997
1532.800000000 24.9261 13.7619 0 0 0 -0.0304081 0.999538
1536.800000000 25.9256 13.6958 0 0 0 -0.0325722 0.999469
1538.400000000 26.9062 13.7169 0 0 0 0.0295554 0.999563
1540.300000000 27.7972 13.5541 0 0 0 -0.284811 0.958584
1541.300000000 28.0745 13.0628 0 0 0 -0.505371 0.862902
1542.700000000 28.2447 12.1642 0 0 0 -0.683552 0.729902
1544.100000000 28.1715 11.1168 0 0 0 -0.756104 0.654452
1545.500000000 28.0007 10.1488 0 0 0 -0.779434 0.626485
1546.400000000 28.1603 9.79415 0 0 0 -0.58475 0.811213
1547.800000000 28.7908 9.12416 0 0 0 -0.376433 0.926444
1549.200000000 29.4329 8.39883 0 0 0 -0.365149 0.930949
1550.400000000 30.0715 7.75764 0 0 0 -0.390556 0.920579
1558.000000000 30.7545 7.06618 0 0 0 -0.382142 0.924103
1559.400000000 31.5048 6.32194 0 0 0 -0.382174 0.92409
1560.700000000 32.1998 5.63128 0 0 0 -0.382219 0.924072
1562.000000000 32.8858 4.93933 0 0 0 -0.382303 0.924037
1563.400000000 33.631 4.19839 0 0 0 -0.382446 0.923978
1564.700000000 34.3231 3.51802 0 0 0 -0.382862 0.923806
1566.000000000 35.0097 2.81313 0 0 0 -0.382638 0.923898
1567.300000000 35.6867 2.14452 0 0 0 -0.381526 0.924358
1568.600000000 36.3781 1.45268 0 0 0 -0.381499 0.924369
1570.000000000 37.0966 0.591318 0 0 0 -0.462102 0.886827
1571.300000000 37.4635 -0.299749 0 0 0 -0.595783 0.803146
1572.600000000 37.5275 -1.23079 0 0 0 -0.718548 0.695478
1574.100000000 37.4228 -2.29623 0 0 0 -0.743971 0.668212
1575.400000000 37.3171 -3.30565 0 0 0 -0.738335 0.674434
1577.300000000 37.3618 -4.16182 0 0 0 -0.477243 0.878771
1577.800000000 37.4376 -4.04496 0 0 0 -0.245134 0.969489
1578.500000000 37.4643 -3.92412 0 0 0 0.100377 0.994949
1579.100000000 37.4698 -3.79609 0 0 0 0.365132 0.930956
1579.700000000 37.4431 -3.65293 0 0 0 0.576064 0.817405
1580.700000000 37.3529 -3.2408 0 0 0 0.788478 0.615063
1582.300000000 37.3754 -2.3016 0 0 0 0.601491 0.79888
1583.400000000 37.7194 -1.83754 0 0 0 0.372971 0.927843
1583.900000000 37.788 -1.91608 0 0 0 0.136728 0.990609
1584.700000000 37.7766 -2.06551 0 0 0 -0.254782 0.966998
1585.200000000 37.7369 -2.16725 0 0 0 -0.47071 0.882288
1586.000000000 37.643 -2.32234 0 0 0 -0.738263 0.674513
1587.300000000 37.2203 -2.68104 0 0 0 -0.933605 0.358303
1588.600000000 36.9436 -3.21291 0 0 0 -0.769654 0.638461
1589.200000000 37.0292 -3.23817 0 0 0 -0.569234 0.822176
1589.800000000 37.1389 -3.17419 0 0 0 -0.303783 0.952741
1590.400000000 37.1628 -3.05992 0 0 0 -0.0102785 0.999947
1591.100000000 37.0924 -2.9399 0 0 0 0.331451 0.943472
1593.000000000 37.6042 -2.10727 0 0 0 0.373448 0.927651
1593.800000000 37.8086 -2.05942 0 0 0 0.0877049 0.996146
1594.500000000 37.8063 -2.19902 0 0 0 -0.253748 0.96727
1595.000000000 37.7592 -2.29637 0 0 0 -0.477928 0.878399
1595.700000000 37.6574 -2.37728 0 0 0 -0.729217 0.684283
1596.400000000 37.4748 -2.50829 0 0 0 -0.876946 0.480589
1597.200000000 37.1949 -2.6844 0 0 0 -0.966476 0.256758
1597.800000000 37.1818 -2.57874 0 0 0 0.999411 0.0343244
1598.500000000 37.2265 -2.43361 0 0 0 0.929012 0.37005
1599.300000000 37.3006 -2.40283 0 0 0 0.810647 0.585535
1600.400000000 37.4038 -2.38692 0 0 0 0.624089 0.781353
1601.500000000 37.4913 -2.41036 0 0 0 0.397984 0.917392
1602.700000000 37.5814 -2.48618 0 0 0 0.126982 0.991905
1603.800000000 37.6164 -2.58215 0 0 0 -0.131723 0.991287
1605.000000000 37.5741 -2.70056 0 0 0 -0.406958 0.913447
1606.200000000 37.4722 -2.75642 0 0 0 -0.654465 0.756092
1607.300000000 37.3674 -2.73158 0 0 0 -0.831872 0.554968
1608.400000000 37.2819 -2.66788 0 0 0 -0.95009 0.311977
1609.500000000 37.2635 -2.57867 0 0 0 -0.998907 0.0467472
1610.600000000 37.2547 -2.47063 0 0 0 0.975078 0.221861
1611.700000000 37.3112 -2.3981 0 0 0 0.87944 0.47601
1612.800000000 37.4177 -2.36978 0 0 0 0.719978 0.693997
1613.800000000 37.5014 -2.37965 0 0 0 0.529 0.848622
1615.000000000 37.598 -2.45167 0 0 0 0.258906 0.965902
1616.100000000 37.6402 -2.5394 0 0 0 -0.00750299 0.999972
1617.200000000 37.623 -2.64246 0 0 0 -0.272491 0.962158
1618.300000000 37.5505 -2.72959 0 0 0 -0.519728 0.854332
1619.400000000 37.4429 -2.7577 0 0 0 -0.729138 0.684367
1620.400000000 37.3434 -2.73409 0 0 0 -0.87337 0.487057
1621.600000000 37.2642 -2.63693 0 0 0 -0.97725 0.212091
1622.700000000 37.266 -2.53826 0 0 0 0.998363 0.0571949
1623.800000000 37.2908 -2.44488 0 0 0 0.946572 0.322494
1625.000000000 37.3703 -2.37035 0 0 0 0.811484 0.584374
1626.100000000 37.4795 -2.38126 0 0 0 0.625259 0.780418
1627.100000000 37.5562 -2.39392 0 0 0 0.416 0.909365
1628.200000000 37.6218 -2.4791 0 0 0 0.157907 0.987454
1629.400000000 37.6396 -2.60954 0 0 0 -0.136143 0.990689
1630.400000000 37.6004 -2.69235 0 0 0 -0.374179 0.927357
1631.600000000 37.497 -2.73156 0 0 0 -0.626839 0.779149
1632.600000000 37.3975 -2.76448 0 0 0 -0.7983 0.60226
1633.800000000 37.2932 -2.67759 0 0 0 -0.938413 0.345515
1634.900000000 37.2569 -2.58226 0 0 0 -0.996641 0.081895
1636.100000000 37.2732 -2.48667 0 0 0 0.977189 0.212373
1637.400000000 37.3447 -2.39759 0 0 0 0.86054 0.509383
1638.500000000 37.4284 -2.36407 0 0 0 0.692604 0.721318
1639.600000000 37.5333 -2.37998 0 0 0 0.476323 0.879271
1640.700000000 37.6172 -2.4558 0 0 0 0.223971 0.974596
1641.800000000 37.6464 -2.55909 0 0 0 -0.0450379 0.998985
1643.000000000 37.6209 -2.67006 0 0 0 -0.331835 0.943337
1644.100000000 37.5455 -2.74086 0 0 0 -0.571313 0.820732
1645.200000000 37.4161 -2.74511 0 0 0 -0.768677 0.639637
1646.300000000 37.3232 -2.69988 0 0 0 -0.911872 0.410474
1647.300000000 37.2703 -2.64284 0 0 0 -0.984684 0.174348
1648.500000000 37.2682 -2.50034 0 0 0 0.993085 0.117394
1649.500000000 37.3097 -2.43208 0 0 0 0.934231 0.356669
1650.700000000 37.39 -2.3757 0 0 0 0.789146 0.614206
1651.800000000 37.4893 -2.36813 0 0 0 0.596127 0.80289
1653.000000000 37.5949 -2.4303 0 0 0 0.3366 0.941648
1654.100000000 37.6475 -2.51726 0 0 0 0.0726102 0.99736
1655.200000000 37.639 -2.61772 0 0 0 -0.19686 0.980432
1656.300000000 37.5782 -2.7131 0 0 0 -0.452242 0.891895
1657.400000000 37.4852 -2.75346 0 0 0 -0.673995 0.738736
1658.400000000 37.392 -2.74659 0 0 0 -0.83372 0.552187
1659.600000000 37.2885 -2.65911 0 0 0 -0.957996 0.286781
1660.700000000 37.2657 -2.57337 0 0 0 -0.999792 0.0204018
1661.800000000 37.2589 -2.47743 0 0 0 0.96856 0.248779
1662.900000000 37.3439 -2.39549 0 0 0 0.866821 0.498619
1663.900000000 37.4231 -2.36459 0 0 0 0.718601 0.695423
1665.200000000 37.5486 -2.3898 0 0 0 0.463555 0.886068
1666.300000000 37.6224 -2.46598 0 0 0 0.209581 0.977791
1667.400000000 37.6552 -2.56712 0 0 0 -0.0595246 0.998227
1668.500000000 37.6213 -2.6665 0 0 0 -0.324345 0.945939
1669.600000000 37.5434 -2.74926 0 0 0 -0.564867 0.825182
1670.700000000 37.439 -2.75754 0 0 0 -0.764299 0.644862
1671.800000000 37.3351 -2.71486 0 0 0 -0.908582 0.417706
1673.000000000 37.2612 -2.61932 0 0 0 -0.990852 0.134956
1674.200000000 37.271 -2.48853 0 0 0 0.987404 0.158222
1675.200000000 37.3082 -2.42947 0 0 0 0.9184 0.395653
1676.400000000 37.4246 -2.36981 0 0 0 0.763831 0.645416
1677.500000000 37.5037 -2.37372 0 0 0 0.562726 0.826644
1678.600000000 37.5989 -2.42903 0 0 0 0.321084 0.947051
1679.700000000 37.6478 -2.52242 0 0 0 0.0560817 0.998426
1680.800000000 37.6436 -2.63291 0 0 0 -0.212946 0.977064
1681.800000000 37.5897 -2.71348 0 0 0 -0.444977 0.895542
1683.000000000 37.4733 -2.74686 0 0 0 -0.685509 0.728065
1683.900000000 37.3915 -2.73916 0 0 0 -0.828318 0.560258
1685.200000000 37.288 -2.6717 0 0 0 -0.962699 0.270576
1686.300000000 37.2576 -2.56871 0 0 0 -0.999993 0.0037412
1687.400000000 37.2715 -2.47113 0 0 0 0.964311 0.264771
1688.400000000 37.3585 -2.39465 0 0 0 0.871211 0.490909
1689.600000000 37.4393 -2.35754 0 0 0 0.689691 0.724104
1690.700000000 37.545 -2.39026 0 0 0 0.470679 0.882304
1691.800000000 37.6198 -2.46051 0 0 0 0.217527 0.976054
1693.000000000 37.6492 -2.58032 0 0 0 -0.0756862 0.997132
1693.900000000 37.6245 -2.66134 0 0 0 -0.293462 0.955971
1695.100000000 37.5482 -2.73543 0 0 0 -0.555253 0.831682
1696.300000000 37.4369 -2.77401 0 0 0 -0.77017 0.637839
1697.500000000 37.3287 -2.72236 0 0 0 -0.920824 0.389979
1698.600000000 37.2727 -2.65643 0 0 0 -0.98818 0.153301
1699.800000000 37.2651 -2.50803 0 0 0 0.986489 0.16383
1701.000000000 37.3357 -2.42745 0 0 0 0.895276 0.445512
1702.100000000 37.4253 -2.38757 0 0 0 0.743691 0.668523
1703.100000000 37.5092 -2.39306 0 0 0 0.557809 0.829969
1704.200000000 37.6036 -2.45491 0 0 0 0.315518 0.94892
1705.400000000 37.65 -2.55553 0 0 0 0.0255694 0.999673
1706.400000000 37.6428 -2.65014 0 0 0 -0.218843 0.97576
1707.600000000 37.5732 -2.74827 0 0 0 -0.493622 0.869676
1708.700000000 37.4687 -2.78023 0 0 0 -0.704343 0.70986
1709.800000000 37.37 -2.78753 0 0 0 -0.863919 0.503631
1711.000000000 37.2834 -2.69285 0 0 0 -0.972928 0.231108
1712.100000000 37.2553 -2.59626 0 0 0 0.999292 0.0376268
1713.200000000 37.2853 -2.49866 0 0 0 0.952752 0.303749
1714.400000000 37.3849 -2.43021 0 0 0 0.822833 0.568283
1715.500000000 37.4781 -2.41193 0 0 0 0.640653 0.767831
1716.600000000 37.575 -2.44849 0 0 0 0.4119 0.911229
1717.700000000 37.6456 -2.53814 0 0 0 0.153117 0.988208
1718.900000000 37.6483 -2.64767 0 0 0 -0.141452 0.989945
1720.100000000 37.5933 -2.753 0 0 0 -0.423561 0.905867
1721.200000000 37.4962 -2.79719 0 0 0 -0.647519 0.762049
1722.000000000 37.4209 -2.81559 0 0 0 -0.782763 0.62232
1723.300000000 37.3177 -2.76105 0 0 0 -0.938011 0.346606
1724.500000000 37.2738 -2.63781 0 0 0 -0.998212 0.0597721
1725.600000000 37.2627 -2.55647 0 0 0 0.977539 0.210755
1726.800000000 37.3484 -2.45196 0 0 0 0.874025 0.48588
1727.800000000 37.4176 -2.41883 0 0 0 0.72862 0.684918
1729.000000000 37.5533 -2.44859 0 0 0 0.497921 0.867223
1730.100000000 37.6225 -2.51709 0 0 0 0.247979 0.968765
1731.200000000 37.6485 -2.61582 0 0 0 -0.0207598 0.999784
1732.300000000 37.6272 -2.71843 0 0 0 -0.287682 0.957726
1733.500000000 37.5461 -2.80816 0 0 0 -0.553266 0.833005
1734.700000000 37.437 -2.81804 0 0 0 -0.767624 0.6409
1735.800000000 37.3359 -2.80522 0 0 0 -0.908333 0.418249
1737.000000000 37.2653 -2.69697 0 0 0 -0.990637 0.136522
1737.900000000 37.2734 -2.60572 0 0 0 0.996455 0.084122
1739.200000000 37.3098 -2.51232 0 0 0 0.91893 0.394422
1739.900000000 37.373 -2.46676 0 0 0 0.837582 0.546312
1741.400000000 37.5098 -2.45564 0 0 0 0.583529 0.812093
1742.600000000 37.6 -2.51484 0 0 0 0.322116 0.9467
1743.700000000 37.649 -2.61291 0 0 0 0.0572033 0.998363
1744.800000000 37.645 -2.71316 0 0 0 -0.211909 0.977289
1745.800000000 37.5924 -2.79571 0 0 0 -0.443983 0.896035
1747.000000000 37.4906 -2.8424 0 0 0 -0.685188 0.728366
1747.900000000 37.3913 -2.8335 0 0 0 -0.828151 0.560505
1749.500000000 37.2758 -2.72147 0 0 0 -0.979663 0.200648
1750.500000000 37.2637 -2.63378 0 0 0 0.998999 0.0447286
1751.700000000 37.2942 -2.52842 0 0 0 0.942643 0.333803
1752.800000000 37.3834 -2.47035 0 0 0 0.819006 0.573785
1753.800000000 37.4586 -2.44282 0 0 0 0.653823 0.756647
1755.000000000 37.5756 -2.49116 0 0 0 0.405244 0.914208
1756.200000000 37.6479 -2.58708 0 0 0 0.12175 0.992561
1757.300000000 37.6484 -2.6935 0 0 0 -0.148196 0.988958
1758.400000000 37.599 -2.78371 0 0 0 -0.406683 0.91357
1759.700000000 37.5639 -2.93214 0 0 0 -0.632677 0.774416
1760.800000000 37.4621 -2.96797 0 0 0 -0.809273 0.587433
1762.100000000 37.3442 -2.91093 0 0 0 -0.948097 0.317981
1763.300000000 37.278 -2.8253 0 0 0 -0.999188 0.0402793
1764.400000000 37.2668 -2.71671 0 0 0 0.975614 0.219493
1765.500000000 37.3109 -2.63319 0 0 0 0.884733 0.466097
1766.700000000 37.4214 -2.58872 0 0 0 0.711213 0.702976
1767.800000000 37.527 -2.61216 0 0 0 0.49738 0.867533
1770.600000000 37.5797 -2.34512 0 0 0 0.72783 0.685758
1771.800000000 37.4907 -2.33785 0 0 0 0.887172 0.46144
1773.100000000 37.3864 -2.39197 0 0 0 0.984291 0.176551
1774.300000000 37.3377 -2.48303 0 0 0 -0.994494 0.104792
1775.500000000 37.3921 -2.60108 0 0 0 -0.919465 0.393171
1776.600000000 37.4924 -2.63552 0 0 0 -0.777657 0.628689
1777.800000000 37.5997 -2.64402 0 0 0 -0.558608 0.829432
1778.900000000 37.695 -2.57714 0 0 0 -0.313151 0.949703
1780.200000000 37.8483 -2.52579 0 0 0 -0.0520676 0.998644
1782.400000000 38.1446 -2.29518 0 0 0 0.290163 0.956977
1783.700000000 38.1225 -2.15442 0 0 0 0.54019 0.841543
1785.000000000 38.0214 -2.04266 0 0 0 0.749086 0.662473
1786.200000000 37.9208 -2.00039 0 0 0 0.893955 0.448157
1787.500000000 37.7831 -2.04605 0 0 0 0.98398 0.178279
1788.700000000 37.7222 -2.14307 0 0 0 -0.995561 0.0941223
1789.900000000 37.7286 -2.25212 0 0 0 -0.932299 0.361689
1792.800000000 37.4848 -2.42061 0 0 0 -0.994567 0.104099
1794.100000000 37.4581 -2.30464 0 0 0 0.981111 0.193445
1795.300000000 37.4977 -2.20002 0 0 0 0.889308 0.457309
1796.500000000 37.5985 -2.1439 0 0 0 0.723983 0.689818
1797.500000000 37.678 -2.14728 0 0 0 0.533862 0.845572
1799.000000000 37.9109 -2.09159 0 0 0 0.281972 0.959423
1801.600000000 38.6563 -1.93704 0 0 0 -0.00271419 0.999996
1802.400000000 38.6373 -2.03285 0 0 0 -0.236448 0.971644
1803.400000000 38.565 -2.1101 0 0 0 -0.508971 0.860784
1804.400000000 38.453 -2.15542 0 0 0 -0.733119 0.6801
1805.400000000 38.3451 -2.14878 0 0 0 -0.886528 0.462675
1806.600000000 38.2628 -2.07132 0 0 0 -0.981983 0.188969
1807.700000000 38.2442 -1.97217 0 0 0 0.997089 0.0762402
1808.700000000 38.2571 -1.89037 0 0 0 0.949186 0.314715
1809.800000000 38.3391 -1.81686 0 0 0 0.831621 0.555343
1810.900000000 38.4351 -1.79339 0 0 0 0.652593 0.757709
1812.200000000 38.5688 -1.79512 0 0 0 0.403352 0.915045
1813.400000000 38.6507 -1.87621 0 0 0 0.108308 0.994117
1814.300000000 38.6522 -1.97974 0 0 0 -0.158678 0.98733
1815.200000000 38.6033 -2.0769 0 0 0 -0.414442 0.910076
1816.100000000 38.5103 -2.12789 0 0 0 -0.640663 0.767822
1817.000000000 38.3951 -2.12717 0 0 0 -0.818602 0.574362
1818.200000000 38.205 -2.15915 0 0 0 -0.949548 0.313623
1819.800000000 37.8616 -2.22211 0 0 0 -0.998507 0.0546228
1821.100000000 37.8138 -2.10738 0 0 0 0.972249 0.233949
1822.300000000 37.8387 -1.9968 0 0 0 0.875153 0.483846
1823.500000000 37.9388 -1.92444 0 0 0 0.71128 0.702909
1824.600000000 38.0231 -1.92685 0 0 0 0.501948 0.864898
1826.100000000 38.2777 -1.86574 0 0 0 0.257015 0.966407
1827.700000000 38.5301 -1.88064 0 0 0 -0.0576519 0.998337
1828.700000000 38.4915 -1.98183 0 0 0 -0.345707 0.938342
1829.600000000 38.4168 -2.07337 0 0 0 -0.584124 0.811665
1830.600000000 38.2922 -2.10293 0 0 0 -0.801459 0.598049
1831.600000000 38.1727 -2.09267 0 0 0 -0.935359 0.353701
1833.500000000 37.6963 -2.2342 0 0 0 -0.997287 0.0736097
1834.700000000 37.6695 -2.1372 0 0 0 0.978259 0.207389
1835.800000000 37.7151 -2.0401 0 0 0 0.893143 0.449773
1837.000000000 37.8179 -1.98145 0 0 0 0.728392 0.685161
1838.100000000 37.902 -1.97479 0 0 0 0.524428 0.851455
1839.200000000 37.9935 -2.0334 0 0 0 0.277727 0.96066
1842.300000000 39.0099 -2.05267 0 0 0 0.037667 0.99929
1844.200000000 39.9029 -1.98714 0 0 0 0.0189512 0.99982
1845.800000000 40.4355 -2.11534 0 0 0 -0.296444 0.95505
1846.500000000 40.3286 -2.19372 0 0 0 -0.601263 0.799051
1847.100000000 40.2135 -2.20206 0 0 0 -0.806012 0.5919
1847.700000000 40.087 -2.20261 0 0 0 -0.934003 0.357266
1848.300000000 39.9938 -2.13163 0 0 0 -0.995479 0.0949866
1849.000000000 39.8243 -1.99355 0 0 0 0.986687 0.162629
1850.000000000 39.1238 -1.74641 0 0 0 0.983686 0.179895
1852.200000000 38.1593 -1.52489 0 0 0 -0.991861 0.127322
1853.100000000 38.0795 -1.69286 0 0 0 -0.92246 0.386092
1854.600000000 37.3783 -2.47946 0 0 0 -0.911415 0.411489
1856.100000000 37.3838 -2.6533 0 0 0 -0.742331 0.670033
1857.200000000 37.4928 -2.65058 0 0 0 -0.536441 0.843938
1858.300000000 37.5782 -2.59219 0 0 0 -0.29711 0.954843
1859.400000000 37.6424 -2.51011 0 0 0 -0.0390114 0.999239
1862.200000000 38.6311 -2.14877 0 0 0 0.144733 0.989471
1863.400000000 39.5174 -2.03845 0 0 0 0.00890663 0.99996
1864.600000000 39.888 -2.1895 0 0 0 -0.294676 0.955597
1865.700000000 39.7511 -2.26657 0 0 0 -0.689204 0.724567
1866.400000000 39.6256 -2.2614 0 0 0 -0.869133 0.494579
1867.100000000 39.5071 -2.23368 0 0 0 -0.976146 0.217116
1867.700000000 39.4196 -2.14929 0 0 0 0.99949 0.0319182
1869.000000000 38.4333 -1.78157 0 0 0 0.972855 0.231415
1870.800000000 38.0306 -1.23478 0 0 0 0.83437 0.551205
1871.700000000 38.164 -1.21502 0 0 0 0.609113 0.793083
1872.400000000 38.2581 -1.26168 0 0 0 0.368996 0.929431
1873.200000000 38.3213 -1.37585 0 0 0 0.0474652 0.998873
1874.000000000 38.2988 -1.4988 0 0 0 -0.280013 0.959996
1874.800000000 38.2066 -1.58241 0 0 0 -0.576247 0.817276
1875.600000000 38.069 -1.59508 0 0 0 -0.809959 0.586487
1876.300000000 37.9179 -1.62805 0 0 0 -0.925541 0.378648
1877.800000000 37.0873 -2.22046 0 0 0 -0.963447 0.2679
1879.400000000 36.8151 -2.24391 0 0 0 0.999357 0.0358616
1880.400000000 36.8346 -2.16094 0 0 0 0.960415 0.278574
1881.500000000 36.9065 -2.08384 0 0 0 0.850854 0.525403
1882.700000000 36.8865 -2.08065 0 0 0 0.660877 0.750494
1883.800000000 37.1265 -2.08797 0 0 0 0.436145 0.899876
1885.700000000 37.5804 -1.94174 0 0 0 0.204811 0.978802
1888.300000000 38.3514 -1.85374 0 0 0 -0.0911357 0.995838
1889.200000000 38.3115 -1.95201 0 0 0 -0.366145 0.930558
1890.100000000 38.2279 -2.02793 0 0 0 -0.60508 0.796165
1890.900000000 38.1443 -2.10002 0 0 0 -0.769338 0.638841
1892.100000000 37.9759 -2.12202 0 0 0 -0.93637 0.351014
1894.000000000 37.1565 -2.65082 0 0 0 -0.962135 0.272573
1895.600000000 36.912 -2.66505 0 0 0 0.999965 0.00835993
1896.700000000 36.9311 -2.5685 0 0 0 0.961278 0.275581
1897.800000000 37.0164 -2.49861 0 0 0 0.852483 0.522755
1898.800000000 37.041 -2.4758 0 0 0 0.699177 0.714949
1900.000000000 37.1968 -2.50075 0 0 0 0.46006 0.887888
1901.300000000 37.3473 -2.51979 0 0 0 0.200197 0.979756
1902.600000000 37.4508 -2.61459 0 0 0 -0.0751378 0.997173
1903.500000000 37.4958 -2.70765 0 0 0 -0.263195 0.964743
1905.400000000 37.4643 -2.91917 0 0 0 -0.617965 0.786205
1906.500000000 37.359 -2.92022 0 0 0 -0.802921 0.596085
1907.600000000 37.2589 -2.87539 0 0 0 -0.931848 0.36285
1908.800000000 37.2051 -2.7759 0 0 0 -0.997111 0.0759543
1909.900000000 37.2113 -2.66996 0 0 0 0.981099 0.193505
1911.200000000 37.2838 -2.57 0 0 0 0.870434 0.492285
1912.300000000 37.3848 -2.54029 0 0 0 0.706674 0.707539
1913.600000000 37.5008 -2.56688 0 0 0 0.448093 0.893987
1914.700000000 37.5744 -2.65054 0 0 0 0.192679 0.981262
1915.900000000 37.5948 -2.76766 0 0 0 -0.101133 0.994873
1917.100000000 37.5429 -2.86975 0 0 0 -0.386662 0.922222
1918.500000000 37.4869 -3.0192 0 0 0 -0.635832 0.771828
1919.200000000 37.4202 -3.03841 0 0 0 -0.755554 0.655086
1920.800000000 37.2846 -2.98471 0 0 0 -0.946139 0.32376
1922.000000000 37.2312 -2.88336 0 0 0 -0.999245 0.0388407
1922.900000000 37.2332 -2.79516 0 0 0 0.983967 0.17835
1924.500000000 37.3184 -2.68581 0 0 0 0.839816 0.542871
1925.600000000 37.4196 -2.65907 0 0 0 0.663971 0.747759
1926.700000000 37.5224 -2.69425 0 0 0 0.439657 0.898166
1927.900000000 37.5969 -2.78488 0 0 0 0.159552 0.98719
1929.200000000 37.6655 -2.90507 0 0 0 -0.136818 0.990596
1930.100000000 37.6906 -3.00089 0 0 0 -0.322108 0.946703
1932.000000000 37.6813 -3.2805 0 0 0 -0.631928 0.775027
1933.200000000 37.5661 -3.3369 0 0 0 -0.812309 0.583227
1934.000000000 37.4425 -3.33171 0 0 0 -0.943684 0.330849
1934.900000000 37.3291 -3.24306 0 0 0 -0.999894 0.0145395
1935.600000000 37.2983 -3.10723 0 0 0 0.962906 0.269838
1936.500000000 37.3638 -2.98376 0 0 0 0.789887 0.613252
1937.100000000 37.4732 -2.97272 0 0 0 0.591667 0.806182
1939.700000000 37.6258 -2.10486 0 0 0 0.837436 0.546536
1940.600000000 37.4905 -2.20175 0 0 0 0.989984 0.141177
1941.300000000 37.4974 -2.33636 0 0 0 -0.978368 0.206871
1943.000000000 36.8803 -3.17525 0 0 0 -0.894257 0.447553
1944.000000000 36.8036 -3.4783 0 0 0 -0.715037 0.699087
1944.700000000 36.9357 -3.44151 0 0 0 -0.445317 0.895373
1945.300000000 37.0027 -3.35009 0 0 0 -0.169891 0.985463
1946.000000000 37.0029 -3.21104 0 0 0 0.178379 0.983962
1946.800000000 36.887 -3.10044 0 0 0 0.547473 0.836824
1947.800000000 36.7848 -2.65747 0 0 0 0.755343 0.655329
1949.300000000 36.355 -1.75254 0 0 0 0.869577 0.493798
1950.800000000 35.8231 -0.812066 0 0 0 0.861615 0.507562
1951.800000000 35.8275 -0.579446 0 0 0 0.643026 0.765844
1952.300000000 35.8421 -0.581768 0 0 0 0.426152 0.904652
1953.200000000 36.0268 -0.772315 0 0 0 0.00933282 0.999956
1953.800000000 36.0279 -0.887507 0 0 0 -0.270588 0.962695
1955.100000000 36.4338 -1.48487 0 0 0 -0.519559 0.854435
1956.800000000 36.615 -2.42831 0 0 0 -0.686515 0.727115
1957.700000000 36.4833 -2.55578 0 0 0 -0.89421 0.447648
1958.200000000 36.415 -2.48622 0 0 0 -0.976407 0.215938
1958.900000000 36.3972 -2.35343 0 0 0 0.991994 0.126281
1959.500000000 36.449 -2.25782 0 0 0 0.912279 0.409569
1961.000000000 36.123 -1.31101 0 0 0 0.798283 0.602282
1962.100000000 35.9494 -1.17777 0 0 0 0.90192 0.431904
1963.900000000 35.5939 -1.12905 0 0 0 0.995884 0.0906354
1966.000000000 34.761 -1.28136 0 0 0 -0.983661 0.180031
1966.800000000 34.8271 -1.37617 0 0 0 -0.882357 0.470581
1967.400000000 34.9213 -1.41028 0 0 0 -0.7406 0.671946
1968.200000000 35.0503 -1.37976 0 0 0 -0.480244 0.877135
1969.000000000 35.1316 -1.28526 0 0 0 -0.166947 0.985966
1970.000000000 35.4025 -1.19353 0 0 0 0.112203 0.993685
1971.100000000 35.4632 -0.897994 0 0 0 0.41748 0.908686
1971.700000000 35.4574 -0.901373 0 0 0 0.651469 0.758675
1972.400000000 35.3571 -0.931803 0 0 0 0.853708 0.520752
1973.000000000 35.3501 -0.93027 0 0 0 0.959419 0.281983
1974.500000000 34.4071 -0.344009 0 0 0 0.958835 0.283965
1975.800000000 34.096 -0.0837849 0 0 0 0.843645 0.536902
1976.700000000 34.2257 -0.0576385 0 0 0 0.642481 0.766302
1977.700000000 34.3004 -0.00570855 0 0 0 0.375947 0.926641
1978.900000000 34.7986 0.0661546 0 0 0 0.147874 0.989006
1980.000000000 34.9636 -0.0102627 0 0 0 -0.137885 0.990448
1981.000000000 34.9111 -0.109822 0 0 0 -0.429151 0.903233
1981.600000000 34.8239 -0.16096 0 0 0 -0.641937 0.766758
1982.200000000 34.7065 -0.156956 0 0 0 -0.832864 0.553477
1982.900000000 34.5987 -0.0739732 0 0 0 -0.968544 0.248841
1983.400000000 34.6387 0.0426066 0 0 0 -0.99988 0.0154968
1984.100000000 34.3621 0.148279 0 0 0 0.975676 0.21922
1985.200000000 34.1486 0.604985 0 0 0 0.857189 0.515001
1987.500000000 34.0009 1.54114 0 0 0 0.687076 0.726585
1989.300000000 34.2394 1.94869 0 0 0 0.440462 0.897771
1990.600000000 34.3272 1.7185 0 0 0 0.0915309 0.995802
1991.500000000 34.3228 1.63248 0 0 0 -0.160836 0.986981
1992.400000000 34.2607 1.52495 0 0 0 -0.46278 0.886473
1993.300000000 34.1458 1.47831 0 0 0 -0.719964 0.694011
1994.000000000 34.0342 1.50241 0 0 0 -0.88029 0.474435
1994.700000000 33.9542 1.58101 0 0 0 -0.975386 0.220503
1995.500000000 33.9361 1.72608 0 0 0 0.996089 0.088358
1996.500000000 33.8587 1.88379 0 0 0 0.9258 0.378013
1997.800000000 33.7619 2.41225 0 0 0 0.779238 0.626728
1999.000000000 33.8706 2.95041 0 0 0 0.590626 0.806945
2000.600000000 34.2107 3.84464 0 0 0 0.575683 0.817673
2002.300000000 34.2941 4.38176 0 0 0 0.766581 0.642148
2003.400000000 34.2608 4.3909 0 0 0 0.928045 0.372468
2004.000000000 34.1584 4.23739 0 0 0 0.988543 0.150942
2004.800000000 34.1497 4.08465 0 0 0 -0.985244 0.171157
2005.500000000 34.1469 3.96144 0 0 0 -0.909858 0.414921
2007.300000000 33.8525 3.12156 0 0 0 -0.771892 0.635754
2008.000000000 33.948 2.99285 0 0 0 -0.575872 0.81754
2009.100000000 34.0652 3.1547 0 0 0 -0.0628542 0.998023
2009.700000000 34.0439 3.2684 0 0 0 0.234898 0.97202
2010.400000000 33.9405 3.33535 0 0 0 0.553904 0.832581
2010.900000000 33.8437 3.33219 0 0 0 0.743398 0.668849
2012.500000000 33.5732 4.27987 0 0 0 0.747394 0.664381
2013.800000000 33.7052 4.89647 0 0 0 0.505266 0.862964
2014.400000000 33.7616 4.85225 0 0 0 0.264521 0.96438
2014.900000000 33.8005 4.75494 0 0 0 0.0490092 0.998798
2015.900000000 34.0612 4.52433 0 0 0 -0.246127 0.969238
2017.100000000 34.4382 4.05517 0 0 0 -0.483388 0.875406
2018.500000000 34.4903 3.46478 0 0 0 -0.741064 0.671434
2019.200000000 34.4064 3.49804 0 0 0 -0.895987 0.44408
2019.900000000 34.3255 3.57906 0 0 0 -0.983043 0.183378
2020.600000000 34.2975 3.67863 0 0 0 0.995861 0.0908865
2021.200000000 34.3481 3.80203 0 0 0 0.935667 0.352884
2021.800000000 34.4314 3.84969 0 0 0 0.798228 0.602355
2022.500000000 34.5205 3.82452 0 0 0 0.554048 0.832484
2024.500000000 35.1242 4.69203 0 0 0 0.602411 0.798186
2025.100000000 35.1282 4.71131 0 0 0 0.736789 0.676122
2026.200000000 34.9462 4.77608 0 0 0 0.961452 0.274972
2027.000000000 34.7933 4.68532 0 0 0 -0.999955 0.00950359
2028.600000000 33.8899 4.42614 0 0 0 -0.97566 0.219288
2029.200000000 33.9112 4.35241 0 0 0 -0.895444 0.445174
2030.000000000 34.0527 4.31253 0 0 0 -0.701312 0.712854
2030.700000000 34.1633 4.3472 0 0 0 -0.463979 0.885846
2031.200000000 34.2118 4.41356 0 0 0 -0.253112 0.967437
2032.200000000 34.2029 4.54836 0 0 0 0.196368 0.98053
2032.900000000 34.2102 4.7495 0 0 0 0.44752 0.894274
2033.200000000 34.2658 4.86244 0 0 0 0.534595 0.845108
2034.600000000 34.1236 4.94639 0 0 0 0.847067 0.531487
2035.600000000 33.9878 4.87431 0 0 0 0.98614 0.165918
2036.300000000 33.9389 4.74882 0 0 0 -0.994841 0.101447
2037.600000000 34.0731 4.7954 0 0 0 -0.818828 0.57404
2038.300000000 34.1878 4.8022 0 0 0 -0.630602 0.776107
2039.200000000 34.3453 4.78385 0 0 0 -0.362532 0.931971
2040.400000000 34.5835 4.86272 0 0 0 0.0072455 0.999974
2041.700000000 34.9069 5.1667 0 0 0 0.290055 0.95701
2043.300000000 35.4816 5.72437 0 0 0 0.338253 0.941055
2045.400000000 35.9773 5.80882 0 0 0 0.0190243 0.999819
2046.400000000 35.9861 5.70428 0 0 0 -0.258959 0.965888
2047.300000000 35.9075 5.61706 0 0 0 -0.502195 0.864754
2050.900000000 35.7664 5.33043 0 0 0 -0.771945 0.63569
2051.900000000 35.4564 4.92198 0 0 0 -0.905198 0.42499
2053.400000000 34.6417 4.23038 0 0 0 -0.941866 0.335989
2054.700000000 33.9227 3.55954 0 0 0 -0.921529 0.38831
2056.000000000 33.2935 2.81619 0 0 0 -0.898288 0.439408
2057.300000000 32.6904 2.04989 0 0 0 -0.911091 0.412206
2058.600000000 31.995 1.36619 0 0 0 -0.930174 0.367118
2059.800000000 31.323 0.767833 0 0 0 -0.93363 0.358238
2061.200000000 30.4761 0.15009 0 0 0 -0.963911 0.266223
2062.500000000 29.5817 -0.213319 0 0 0 -0.989252 0.14622
2064.600000000 28.5998 -0.252247 0 0 0 0.999864 0.0165007
2068.300000000 27.6057 -0.159839 0 0 0 0.998064 0.062196
2070.200000000 26.6989 -0.051342 0 0 0 0.998466 0.0553619
2074.900000000 25.7135 -0.000275154 0 0 0 0.999855 0.0170003
2078.800000000 24.7468 0.0228642 0 0 0 0.999993 0.00377575
2083.600000000 23.8106 0.0231498 0 0 0 -1 2.06639e-05
2088.600000000 22.8221 0.0231059 0 0 0 -1 2.0686e-05
2093.400000000 21.8506 0.0230615 0 0 0 -1 2.07071e-05
2097.600000000 20.9196 0.0230155 0 0 0 -1 2.07273e-05
2102.600000000 19.9301 0.0229691 0 0 0 -1 2.07464e-05
2107.600000000 18.9503 0.0229253 0 0 0 -1 2.07645e-05
2112.000000000 17.9853 0.0228801 0 0 0 -1 2.07817e-05
2116.900000000 17.0109 0.0227587 0 0 0 -1 8.11415e-06
2120.700000000 16.009 0.022729 0 0 0 1 5.5697e-06
2122.000000000 15.0352 0.0226327 0 0 0 -1 7.61557e-06
2123.300000000 14.0614 0.0225603 0 0 0 -1 1.67858e-05
2124.500000000 13.1575 0.0224522 0 0 0 -1 2.87915e-05
2125.900000000 12.1037 0.0223419 0 0 0 -1 3.70984e-05
2127.200000000 11.1313 0.0224629 0 0 0 -1 2.72079e-05
2128.500000000 10.1577 0.0225174 0 0 0 -1 1.83039e-05
2129.900000000 9.10405 0.0225915 0 0 0 -1 7.77322e-06
2131.200000000 8.13165 0.022755 0 0 0 1 1.3157e-06
2132.600000000 7.07798 0.0229415 0 0 0 1 8.81399e-06
2133.800000000 6.18426 0.0231222 0 0 0 1 1.49223e-05
2135.200000000 5.1306 0.023356 0 0 0 -0.999994 0.00347125
2136.500000000 4.15965 -0.0129711 0 0 0 -0.999789 0.020554
2137.900000000 3.10607 -0.0243316 0 0 0 -0.999999 0.00167958
2139.100000000 2.20205 -0.0333298 0 0 0 0.999999 0.00139026
2140.500000000 1.15753 -0.0288111 0 0 0 0.999999 0.00141645
2141.800000000 0.18506 -0.0245118 0 0 0 0.999999 0.0014225
2143.200000000 -0.143162 0.102733 0 0 0 0.952441 0.304723
2143.400000000 0.0521415 0.329324 0 0 0 0.835739 0.549126
2143.500000000 -0.109153 0.128389 0 0 0 0.915915 0.401371
2144.300000000 -0.0258173 0.185676 0 0 0 0.772088 0.635516
2145.100000000 0.0991537 0.183587 0 0 0 0.557764 0.83
2146.000000000 0.193396 0.106057 0 0 0 0.256522 0.966538
2147.900000000 1.0945 0.11582 0 0 0 -0.0127105 0.999919
2149.200000000 1.31492 -0.00895979 0 0 0 -0.30261 0.953115
2150.200000000 1.22653 -0.0907048 0 0 0 -0.579058 0.815287
2151.200000000 1.1364 -0.266511 0 0 0 -0.775184 0.631735
2152.200000000 0.965958 -0.375137 0 0 0 -0.915113 0.403198
2153.800000000 0.477473 -0.519126 0 0 0 -0.991003 0.133842
2155.000000000 0.358014 -0.430648 0 0 0 0.98262 0.185627
2155.300000000 0.303263 -0.356578 0 0 0 0.883802 0.467862
2156.800000000 0.498854 -0.21213 0 0 0 0.590436 0.807084
2157.900000000 0.89199 0.291442 0 0 0 0.447103 0.894482
2159.900000000 1.46812 0.540546 0 0 0 0.0539271 0.998545
2160.700000000 1.45726 0.468549 0 0 0 -0.246146 0.969233
2161.500000000 1.37839 0.366996 0 0 0 -0.520798 0.85368
2162.200000000 1.31239 0.273415 0 0 0 -0.72394 0.689863
2162.900000000 1.19043 0.203443 0 0 0 -0.876942 0.480597
2163.800000000 1.00353 0.237137 0 0 0 -0.985606 0.16906
2165.700000000 0.0621426 0.295783 0 0 0 -0.99984 0.0178877
2166.500000000 0.00864498 0.188769 0 0 0 -0.954392 0.298555
2167.500000000 0.170107 0.088167 0 0 0 -0.75673 0.653728
2168.200000000 0.251646 0.0915233 0 0 0 -0.549553 0.835459
2169.100000000 0.469831 -0.0101566 0 0 0 -0.265816 0.964024
2170.300000000 0.945045 0.000891183 0 0 0 0.0116705 0.999932
