0.300000000 0.2 0 0 0 0 0 1
35.800000000 0.991394 -0.128734 0 0 0 -0.342907 0.939369
36.500000000 0.871379 -0.202433 0 0 0 -0.644712 0.764425
37.100000000 0.753879 -0.18695 0 0 0 -0.841832 0.539739
37.600000000 0.675624 -0.117862 0 0 0 -0.949009 0.315249
38.300000000 0.635815 -0.00609412 0 0 0 0.999552 0.0299135
38.900000000 0.677274 0.114761 0 0 0 0.946063 0.323982
39.500000000 0.773396 0.18263 0 0 0 0.808214 0.588888
40.100000000 0.893376 0.182835 0 0 0 0.598025 0.801478
40.600000000 0.982151 0.136953 0 0 0 0.381687 0.924292
41.300000000 1.03705 0.022314 0 0 0 0.0409769 0.99916
41.900000000 1.02145 -0.0930535 0 0 0 -0.256132 0.966642
53.200000000 1.20403 -0.0646448 0 0 0 0.0876947 0.996147
53.900000000 1.17023 0.0501406 0 0 0 0.424515 0.905421
54.500000000 1.07842 0.178632 0 0 0 0.638293 0.769793
55.300000000 0.935799 0.373282 0 0 0 0.835598 0.549341
56.900000000 0.200615 1.12529 0 0 0 0.935623 0.353002
58.300000000 -0.569738 1.8413 0 0 0 0.923324 0.384021
59.600000000 -1.19249 2.58359 0 0 0 0.895681 0.444697
60.900000000 -1.72127 3.40766 0 0 0 0.870189 0.492718
62.200000000 -2.09085 4.29575 0 0 0 0.824578 0.565749
63.400000000 -2.458 5.14534 0 0 0 0.853636 0.520869
64.800000000 -2.89734 6.08726 0 0 0 0.810406 0.585868
66.100000000 -2.85112 6.78817 0 0 0 0.620333 0.784339
67.600000000 -2.2759 7.51079 0 0 0 0.391348 0.920243
68.900000000 -1.58358 8.19576 0 0 0 0.403271 0.915081
70.400000000 -1.00463 9.13326 0 0 0 0.566163 0.824293
72.000000000 -0.998184 10.0392 0 0 0 0.779856 0.625959
73.400000000 -1.50536 10.7754 0 0 0 0.892837 0.45038
74.800000000 -2.07687 11.6537 0 0 0 0.857515 0.514459
76.200000000 -2.32984 12.6012 0 0 0 0.752134 0.659011
78.300000000 -2.30662 13.6123 0 0 0 0.680879 0.732396
82.200000000 -2.23145 14.565 0 0 0 0.680875 0.7324
86.500000000 -2.18295 15.5706 0 0 0 0.695595 0.718434
88.200000000 -2.23223 16.534 0 0 0 0.749212 0.66233
89.600000000 -2.56359 17.4763 0 0 0 0.86453 0.502582
90.300000000 -2.72355 17.4861 0 0 0 0.972563 0.232638
90.900000000 -2.84873 17.3866 0 0 0 -0.99984 0.0178862
91.600000000 -2.86386 17.2646 0 0 0 -0.945273 0.326279
92.100000000 -2.78666 17.2075 0 0 0 -0.835492 0.549502
92.800000000 -2.66914 17.1951 0 0 0 -0.595912 0.80305
93.400000000 -2.58106 17.2615 0 0 0 -0.331971 0.94329
94.000000000 -2.53748 17.3818 0 0 0 -0.0383779 0.999263
94.700000000 -2.55453 17.4798 0 0 0 0.248029 0.968753
95.300000000 -2.38134 17.6788 0 0 0 0.455388 0.890293
96.900000000 -2.08819 18.741 0 0 0 0.662315 0.749225
98.300000000 -2.17062 19.7817 0 0 0 0.754131 0.656724
99.600000000 -2.2959 20.7375 0 0 0 0.753499 0.657449
101.100000000 -2.36777 21.6924 0 0 0 0.718573 0.695452
103.900000000 -2.34422 22.6261 0 0 0 0.6888 0.724951
108.300000000 -2.26012 23.5958 0 0 0 0.679904 0.733301
112.600000000 -2.20381 24.5815 0 0 0 0.688801 0.72495
117.100000000 -2.18215 25.5409 0 0 0 0.701565 0.712606
121.600000000 -2.17616 26.5147 0 0 0 0.705414 0.708795
124.800000000 -2.21202 27.5681 0 0 0 0.734864 0.678215
126.000000000 -2.31948 28.4728 0 0 0 0.780937 0.62461
127.400000000 -2.61673 29.4679 0 0 0 0.809053 0.587736
128.400000000 -2.84886 29.6523 0 0 0 0.959404 0.282034
129.000000000 -2.93863 29.57 0 0 0 0.999807 0.0196284
129.600000000 -2.97347 29.452 0 0 0 -0.967226 0.253916
130.200000000 -2.88001 29.3829 0 0 0 -0.849329 0.527864
130.800000000 -2.78378 29.3643 0 0 0 -0.655403 0.75528
131.500000000 -2.67807 29.4147 0 0 0 -0.356108 0.934445
132.100000000 -2.63922 29.5023 0 0 0 -0.0623172 0.998056
132.700000000 -2.63861 29.5318 0 0 0 0.212632 0.977132
133.400000000 -2.51762 29.8591 0 0 0 0.448523 0.893771
134.900000000 -2.18495 30.8384 0 0 0 0.646896 0.762578
136.200000000 -2.21282 31.8021 0 0 0 0.734473 0.678638
137.600000000 -2.28914 32.7739 0 0 0 0.730503 0.682909
140.300000000 -2.31562 33.7739 0 0 0 0.711278 0.702911
144.100000000 -2.32045 34.7583 0 0 0 0.708584 0.705627
147.800000000 -2.32625 35.718 0 0 0 0.708593 0.705617
151.500000000 -2.33421 36.6894 0 0 0 0.708594 0.705616
155.400000000 -2.33846 37.6806 0 0 0 0.70862 0.70559
158.500000000 -2.34291 38.617 0 0 0 0.708645 0.705565
159.900000000 -2.32233 39.6025 0 0 0 0.696171 0.717876
161.200000000 -2.32133 40.5751 0 0 0 0.727704 0.685891
162.600000000 -2.59553 41.5909 0 0 0 0.810293 0.586025
163.900000000 -2.8747 42.5129 0 0 0 0.78167 0.623692
165.100000000 -2.89023 43.4362 0 0 0 0.699697 0.71444
166.200000000 -2.75295 43.8213 0 0 0 0.431985 0.901881
166.900000000 -2.68304 43.711 0 0 0 0.101951 0.994789
167.600000000 -2.69483 43.6094 0 0 0 -0.241415 0.970422
168.200000000 -2.75138 43.5378 0 0 0 -0.510414 0.859929
168.800000000 -2.84767 43.4603 0 0 0 -0.724106 0.689689
169.400000000 -2.98621 43.4079 0 0 0 -0.86948 0.493968
170.900000000 -3.7537 42.6606 0 0 0 -0.940053 0.341029
172.300000000 -4.29717 42.4118 0 0 0 0.999999 0.00144743
172.900000000 -4.2719 42.4653 0 0 0 0.956282 0.292446
173.500000000 -4.18928 42.534 0 0 0 0.829553 0.558428
174.200000000 -4.06386 42.5909 0 0 0 0.591041 0.806642
175.100000000 -3.73185 42.9156 0 0 0 0.400058 0.91649
176.500000000 -2.91795 43.5426 0 0 0 0.365393 0.930853
177.800000000 -2.429 44.2938 0 0 0 0.481015 0.876712
179.100000000 -2.16961 45.2056 0 0 0 0.663404 0.748262
180.400000000 -2.25534 46.1669 0 0 0 0.759507 0.650499
181.800000000 -2.39091 47.1885 0 0 0 0.747525 0.664233
183.100000000 -2.44573 48.1705 0 0 0 0.708498 0.705713
184.500000000 -2.38998 49.2173 0 0 0 0.688506 0.72523
185.700000000 -2.37817 50.1214 0 0 0 0.703848 0.71035
187.100000000 -2.38643 51.1755 0 0 0 0.709208 0.704999
188.300000000 -2.4213 52.0779 0 0 0 0.735569 0.677449
189.600000000 -2.6352 53.0135 0 0 0 0.802477 0.596684
191.200000000 -3.26916 53.8169 0 0 0 0.937441 0.348144
192.300000000 -3.73786 53.9382 0 0 0 0.998707 0.0508424
193.600000000 -4.68547 53.8974 0 0 0 -0.998006 0.0631163
194.300000000 -4.68973 53.776 0 0 0 -0.927028 0.374991
194.900000000 -4.58554 53.7261 0 0 0 -0.774033 0.633145
195.600000000 -4.44903 53.7465 0 0 0 -0.50995 0.860204
196.300000000 -4.34702 53.8247 0 0 0 -0.193401 0.98112
196.900000000 -4.26166 53.9165 0 0 0 0.0759265 0.997113
197.600000000 -4.14746 54.1297 0 0 0 0.302108 0.953274
199.000000000 -3.47221 54.8608 0 0 0 0.425875 0.904782
200.200000000 -2.88993 55.5486 0 0 0 0.406247 0.913763
201.500000000 -2.20844 56.2431 0 0 0 0.378302 0.925682
202.800000000 -1.51576 56.9225 0 0 0 0.382517 0.923949
204.200000000 -0.730364 57.6186 0 0 0 0.327759 0.944762
205.500000000 0.151705 58.033 0 0 0 0.169038 0.98561
206.900000000 1.07076 58.1747 0 0 0 0.0408564 0.999165
209.300000000 2.05519 58.1456 0 0 0 -0.0329345 0.999458
213.700000000 3.03085 58.0819 0 0 0 -0.0349756 0.999388
217.600000000 4.02736 58.0288 0 0 0 -0.0244422 0.999701
221.300000000 4.97162 58.0067 0 0 0 -0.00802064 0.999968
224.400000000 5.6992 58.131 0 0 0 0.340647 0.940191
224.900000000 5.62004 58.1953 0 0 0 0.562156 0.827031
225.700000000 5.48267 58.37 0 0 0 0.790524 0.61243
227.600000000 4.99825 59.276 0 0 0 0.79827 0.6023
228.300000000 5.13593 59.3266 0 0 0 0.56844 0.822725
228.800000000 5.19436 59.2828 0 0 0 0.348877 0.937169
229.600000000 5.38014 59.2174 0 0 0 0.0300048 0.99955
230.400000000 5.64021 59.0623 0 0 0 -0.226551 0.973999
231.900000000 6.44258 58.3912 0 0 0 -0.343563 0.939129
233.200000000 7.24276 57.918 0 0 0 -0.185739 0.982599
234.700000000 8.3219 57.7838 0 0 0 0.0125828 0.999921
235.900000000 9.21113 57.9609 0 0 0 0.0792196 0.996857
237.400000000 10.2521 58.0641 0 0 0 0.0401163 0.999195
240.100000000 11.1762 58.078 0 0 0 -0.00933479 0.999956
244.600000000 12.1351 58.0471 0 0 0 -0.0174186 0.999848
249.200000000 13.0852 58.0309 0 0 0 -0.00528203 0.999986
254.100000000 14.0677 58.0276 0 0 0 -0.00147271 0.999999
258.300000000 15.0205 58.0246 0 0 0 -0.00147274 0.999999
262.200000000 16.026 58.0216 0 0 0 -0.00147275 0.999999
265.900000000 16.9877 58.0186 0 0 0 -0.00147447 0.999999
269.700000000 17.9842 58.0424 0 0 0 0.0317268 0.999497
270.400000000 18.0049 58.1448 0 0 0 0.340082 0.940396
271.000000000 17.9058 58.2092 0 0 0 0.602799 0.797893
271.900000000 17.7559 58.4685 0 0 0 0.819433 0.573174
273.400000000 17.3049 59.382 0 0 0 0.825614 0.564235
274.500000000 17.3235 59.7567 0 0 0 0.5898 0.80755
275.100000000 17.4051 59.6981 0 0 0 0.329195 0.944262
275.700000000 17.5073 59.6545 0 0 0 0.0645257 0.997916
276.400000000 17.6579 59.4877 0 0 0 -0.196378 0.980528
277.900000000 18.3739 58.8232 0 0 0 -0.397246 0.917712
279.200000000 19.0294 58.1045 0 0 0 -0.3916 0.920136
281.100000000 19.7277 57.4047 0 0 0 -0.38338 0.923591
284.200000000 20.4031 56.7271 0 0 0 -0.38338 0.923591
287.400000000 21.0656 56.0445 0 0 0 -0.398147 0.917322
290.800000000 21.6993 55.2324 0 0 0 -0.514328 0.857594
292.300000000 22.0025 54.3217 0 0 0 -0.628179 0.778069
295.300000000 22.0277 53.3342 0 0 0 -0.706517 0.707697
300.000000000 21.9636 52.3465 0 0 0 -0.729626 0.683846
304.200000000 21.9577 51.3473 0 0 0 -0.659618 0.751601
305.500000000 22.3721 50.7092 0 0 0 -0.438905 0.898533
307.100000000 23.0906 50.0075 0 0 0 -0.366779 0.930308
310.300000000 23.7182 49.3206 0 0 0 -0.541543 0.840673
310.900000000 23.6596 49.2325 0 0 0 -0.747433 0.664337
311.700000000 23.4174 48.9983 0 0 0 -0.887769 0.46029
313.100000000 22.6752 48.2719 0 0 0 -0.930255 0.366914
314.400000000 21.9983 47.5913 0 0 0 -0.92405 0.382271
315.700000000 21.2881 46.9024 0 0 0 -0.92405 0.382271
317.100000000 20.5435 46.1591 0 0 0 -0.92405 0.382271
318.400000000 19.8532 45.4702 0 0 0 -0.92405 0.382271
319.800000000 19.1087 44.727 0 0 0 -0.92405 0.382271
321.100000000 18.4998 43.9726 0 0 0 -0.899561 0.436795
322.400000000 17.864 43.2825 0 0 0 -0.935109 0.35436
323.900000000 16.934 42.8981 0 0 0 -0.992592 0.121496
325.500000000 15.9063 42.8964 0 0 0 0.999149 0.0412381
326.800000000 14.9716 42.8593 0 0 0 -0.99614 0.0877785
328.300000000 14.0081 42.3899 0 0 0 -0.956753 0.290901
329.700000000 13.2564 41.6637 0 0 0 -0.920639 0.390416
331.500000000 12.6079 41.0201 0 0 0 -0.920117 0.391643
334.600000000 11.9413 40.3266 0 0 0 -0.923447 0.383726
337.500000000 11.2122 39.5965 0 0 0 -0.908729 0.417387
338.700000000 10.6288 38.7909 0 0 0 -0.85642 0.51628
340.300000000 10.4283 37.931 0 0 0 -0.645125 0.764077
341.200000000 10.811 37.6651 0 0 0 -0.423641 0.90583
342.500000000 11.5359 37.227 0 0 0 -0.193797 0.981042
344.200000000 12.6332 37.0705 0 0 0 0.00609732 0.999981
345.500000000 13.5923 37.1518 0 0 0 0.0364312 0.999336
349.400000000 14.4123 36.9137 0 0 0 -0.227299 0.973825
354.500000000 15.2073 36.3157 0 0 0 -0.335693 0.941972
359.200000000 15.9067 35.6959 0 0 0 -0.370972 0.928644
363.900000000 16.6622 34.9372 0 0 0 -0.409896 0.912132
364.600000000 16.5791 34.8289 0 0 0 -0.670932 0.741519
365.100000000 16.5925 34.8322 0 0 0 -0.8364 0.54812
365.800000000 16.4873 34.9107 0 0 0 -0.972308 0.233704
366.400000000 16.4574 35.0241 0 0 0 0.998232 0.0594399
367.000000000 16.5081 35.1204 0 0 0 0.93758 0.347771
367.700000000 16.5383 35.3013 0 0 0 0.804451 0.594019
368.800000000 16.6734 35.8392 0 0 0 0.609419 0.792848
370.100000000 17.0165 36.3315 0 0 0 0.310939 0.95043
370.700000000 17.0162 36.3192 0 0 0 0.0249869 0.999688
371.200000000 17 36.284 0 0 0 -0.187831 0.982201
372.800000000 17.7581 35.4492 0 0 0 -0.390359 0.920663
374.300000000 18.5001 34.6822 0 0 0 -0.439667 0.898161
375.600000000 18.8605 33.8874 0 0 0 -0.535761 0.84437
377.600000000 19.327 33.4704 0 0 0 -0.286836 0.95798
379.100000000 20.248 33.3193 0 0 0 -0.00541718 0.999985
381.200000000 21.1318 33.4572 0 0 0 0.071321 0.997453
385.800000000 22.1109 33.592 0 0 0 0.0598216 0.998209
390.600000000 23.0592 33.653 0 0 0 0.0201524 0.999797
395.600000000 24.0493 33.6557 0 0 0 -0.00263221 0.999997
400.500000000 25.01 33.6553 0 0 0 -0.00277374 0.999996
405.200000000 25.961 33.6498 0 0 0 -0.00277374 0.999996
410.100000000 26.942 33.6442 0 0 0 -0.00277374 0.999996
415.000000000 27.9105 33.6386 0 0 0 -0.00277374 0.999996
418.300000000 28.8604 33.5544 0 0 0 -0.132532 0.991179
419.900000000 29.7085 33.0462 0 0 0 -0.393206 0.919451
422.300000000 30.2902 32.2305 0 0 0 -0.38884 0.921306
426.400000000 30.9565 31.5611 0 0 0 -0.38384 0.9234
430.700000000 31.6397 30.8742 0 0 0 -0.38384 0.9234
435.100000000 32.3282 30.1822 0 0 0 -0.38384 0.9234
439.600000000 33.0061 29.4897 0 0 0 -0.384952 0.922937
443.400000000 33.7042 28.7777 0 0 0 -0.450666 0.892693
444.600000000 34.1355 27.9072 0 0 0 -0.544807 0.838562
446.300000000 34.3314 26.9171 0 0 0 -0.676047 0.736859
448.600000000 34.0849 25.9152 0 0 0 -0.846827 0.531869
449.900000000 33.5257 25.2373 0 0 0 -0.920666 0.390351
451.600000000 32.7814 24.5168 0 0 0 -0.926991 0.375085
454.500000000 32.1041 23.8586 0 0 0 -0.92459 0.380963
458.100000000 31.4237 23.1736 0 0 0 -0.92459 0.380963
462.100000000 30.7521 22.5073 0 0 0 -0.92459 0.380963
466.600000000 30.0153 21.8602 0 0 0 -0.94402 0.329888
468.400000000 29.1577 21.3961 0 0 0 -0.979605 0.200932
470.100000000 28.1949 21.1833 0 0 0 -0.998247 0.0591903
472.700000000 27.1003 20.9843 0 0 0 -0.976353 0.216181
474.400000000 26.4729 20.3331 0 0 0 -0.922727 0.385455
477.500000000 25.8298 19.6808 0 0 0 -0.922196 0.386724
481.900000000 25.1403 18.9774 0 0 0 -0.923346 0.38397
486.400000000 24.4783 18.3214 0 0 0 -0.923346 0.38397
490.200000000 23.7457 17.6562 0 0 0 -0.957257 0.28924
490.700000000 23.7274 17.6874 0 0 0 -0.998289 0.0584693
491.400000000 23.7163 17.6705 0 0 0 0.968686 0.248291
492.900000000 22.9551 18.5273 0 0 0 0.90827 0.418385
494.300000000 22.1779 19.3079 0 0 0 0.920545 0.390636
495.800000000 21.5809 19.9962 0 0 0 0.926559 0.376148
497.300000000 20.8331 20.6487 0 0 0 0.925603 0.378496
500.100000000 20.0234 21.2271 0 0 0 0.974236 0.225531
501.900000000 19.0693 21.4654 0 0 0 0.997838 0.065724
505.700000000 18.0809 21.4558 0 0 0 -0.999701 0.0244549
507.800000000 17.0951 21.3865 0 0 0 -0.999225 0.0393504
509.300000000 16.3095 21.0025 0 0 0 -0.944829 0.327563
510.900000000 15.6872 20.3538 0 0 0 -0.917326 0.398136
514.800000000 14.989 19.6446 0 0 0 -0.92239 0.38626
518.400000000 14.3052 18.9429 0 0 0 -0.922759 0.385379
521.500000000 13.6429 18.2822 0 0 0 -0.922759 0.385379
524.700000000 12.9434 17.5741 0 0 0 -0.922759 0.385379
529.300000000 12.2462 16.8685 0 0 0 -0.922759 0.385379
533.300000000 11.5719 16.1851 0 0 0 -0.922435 0.386153
535.700000000 10.8359 15.3357 0 0 0 -0.881127 0.47288
536.900000000 10.5634 14.5442 0 0 0 -0.809343 0.587337
538.300000000 10.4478 13.5069 0 0 0 -0.713936 0.700211
539.700000000 10.5225 12.4552 0 0 0 -0.679087 0.734058
540.900000000 10.5652 11.5636 0 0 0 -0.694277 0.719708
542.300000000 10.5577 10.5098 0 0 0 -0.712877 0.701289
543.500000000 10.5541 9.61606 0 0 0 -0.70634 0.707873
544.900000000 10.56 8.56232 0 0 0 -0.705245 0.708964
546.200000000 10.5658 7.58984 0 0 0 -0.705245 0.708964
547.600000000 10.5712 6.5361 0 0 0 -0.705245 0.708964
548.800000000 10.5766 5.63237 0 0 0 -0.705245 0.708964
550.300000000 10.6607 4.62912 0 0 0 -0.607269 0.794496
551.900000000 11.3086 3.8209 0 0 0 -0.378715 0.925513
553.200000000 12.0206 3.16704 0 0 0 -0.375733 0.926728
554.500000000 12.7146 2.48321 0 0 0 -0.381968 0.924175
555.800000000 13.3996 1.79043 0 0 0 -0.381968 0.924175
557.100000000 14.0946 1.10765 0 0 0 -0.381968 0.924175
558.300000000 14.7297 0.464871 0 0 0 -0.381968 0.924175
559.700000000 15.4747 -0.267908 0 0 0 -0.381968 0.924175
561.000000000 16.1655 -0.956285 0 0 0 -0.381968 0.924175
562.400000000 16.9576 -1.67171 0 0 0 -0.362398 0.932023
563.600000000 17.7246 -2.14908 0 0 0 -0.247273 0.968946
565.000000000 18.6811 -2.45804 0 0 0 -0.0673681 0.997728
566.500000000 19.6742 -2.40342 0 0 0 0.0692514 0.997599
567.500000000 19.9912 -2.16064 0 0 0 0.367622 0.929975
568.100000000 19.8984 -2.11212 0 0 0 0.626029 0.7798
568.800000000 19.7866 -1.88764 0 0 0 0.791188 0.611573
570.300000000 19.1735 -1.18935 0 0 0 0.928332 0.371751
571.700000000 18.4538 -0.43545 0 0 0 0.89669 0.44266
573.200000000 18.1548 0.399578 0 0 0 0.725919 0.68778
574.000000000 18.3003 0.690655 0 0 0 0.539013 0.842298
575.600000000 19.0693 1.46597 0 0 0 0.36588 0.930662
577.200000000 19.7443 2.10032 0 0 0 0.374019 0.927421
580.700000000 20.4256 2.76947 0 0 0 0.380179 0.924913
585.000000000 21.131 3.4671 0 0 0 0.380179 0.924913
589.500000000 21.8051 4.13351 0 0 0 0.380182 0.924912
594.100000000 22.4893 4.80993 0 0 0 0.380185 0.92491
598.600000000 23.1722 5.48497 0 0 0 0.380186 0.92491
603.200000000 23.85 6.16493 0 0 0 0.380188 0.924909
608.100000000 24.5517 6.85872 0 0 0 0.380189 0.924909
612.700000000 25.2346 7.53391 0 0 0 0.380191 0.924908
617.300000000 25.9314 8.20472 0 0 0 0.363148 0.931731
619.200000000 26.7027 8.78119 0 0 0 0.261185 0.965289
620.800000000 27.5351 9.08239 0 0 0 0.135339 0.990799
621.800000000 27.9837 8.98613 0 0 0 -0.156439 0.987688
623.400000000 28.6755 8.27864 0 0 0 -0.380717 0.924692
624.700000000 29.4196 7.59476 0 0 0 -0.392873 0.919593
626.000000000 30.1048 6.90198 0 0 0 -0.37945 0.925212
627.200000000 30.743 6.26212 0 0 0 -0.373004 0.92783
628.500000000 31.4414 5.58265 0 0 0 -0.382314 0.924033
629.900000000 32.1685 4.83176 0 0 0 -0.387311 0.921949
631.200000000 32.8572 4.14124 0 0 0 -0.380172 0.924916
632.600000000 33.6051 3.40123 0 0 0 -0.380173 0.924915
634.000000000 34.2214 2.57002 0 0 0 -0.525135 0.851019
635.400000000 34.3703 1.59447 0 0 0 -0.683158 0.73027
636.800000000 34.2507 0.550303 0 0 0 -0.758332 0.651869
638.600000000 33.9948 -0.323949 0 0 0 -0.9235 0.383599
639.200000000 33.913 -0.232992 0 0 0 -0.993773 0.111424
640.000000000 33.686 -0.119093 0 0 0 0.985387 0.170328
641.600000000 32.9231 0.611509 0 0 0 0.916348 0.400382
642.900000000 32.2775 1.36976 0 0 0 0.922866 0.385122
644.400000000 31.6279 1.70583 0 0 0 0.996402 0.0847579
645.000000000 31.6426 1.5986 0 0 0 -0.976948 0.213477
645.600000000 31.7198 1.51253 0 0 0 -0.869663 0.493647
646.200000000 31.8227 1.48499 0 0 0 -0.684938 0.728601
647.200000000 32.1016 1.13611 0 0 0 -0.451382 0.892331
648.500000000 32.7756 0.449525 0 0 0 -0.355968 0.934498
649.800000000 33.4904 -0.213937 0 0 0 -0.366726 0.930329
651.200000000 34.2308 -0.955002 0 0 0 -0.389167 0.921167
652.600000000 35.0798 -1.55506 0 0 0 -0.253295 0.967389
654.000000000 36.045 -1.82588 0 0 0 -0.0755543 0.997142
655.900000000 37.0131 -1.79245 0 0 0 0.0348464 0.999393
659.300000000 37.945 -1.75094 0 0 0 0.038933 0.999242
663.500000000 39.0017 -1.68555 0 0 0 0.0200427 0.999799
664.800000000 39.9124 -1.66583 0 0 0 -0.00159759 0.999999
666.200000000 40.9648 -1.71453 0 0 0 -0.0457527 0.998953
667.600000000 41.9195 -2.05212 0 0 0 -0.229754 0.973249
668.500000000 42.1397 -2.33425 0 0 0 -0.483796 0.875181
669.200000000 42.0749 -2.47911 0 0 0 -0.709161 0.705046
670.000000000 41.9028 -2.59399 0 0 0 -0.897976 0.440045
670.600000000 41.8365 -2.50004 0 0 0 -0.987238 0.15925
671.200000000 41.834 -2.41303 0 0 0 0.990844 0.135008
671.800000000 41.8885 -2.27882 0 0 0 0.908642 0.417575
672.400000000 41.9718 -2.25257 0 0 0 0.747749 0.663982
672.900000000 42.0883 -2.24314 0 0 0 0.564575 0.825382
673.800000000 42.4071 -2.12056 0 0 0 0.296247 0.955111
675.200000000 43.3247 -1.7859 0 0 0 0.128713 0.991682
676.600000000 44.3653 -1.64841 0 0 0 0.03613 0.999347
678.000000000 45.416 -1.6488 0 0 0 -0.00584228 0.999983
679.200000000 46.3201 -1.64816 0 0 0 -0.0024594 0.999997
680.500000000 47.2936 -1.66278 0 0 0 -0.00244984 0.999997
681.900000000 48.3458 -1.66761 0 0 0 -0.00245433 0.999997
683.100000000 49.2464 -1.67389 0 0 0 -0.00244841 0.999997
684.500000000 50.3007 -1.67963 0 0 0 -0.00246649 0.999997
685.700000000 51.1951 -1.67522 0 0 0 -0.00247512 0.999997
687.000000000 52.1675 -1.72472 0 0 0 -0.0516602 0.998665
688.400000000 53.1969 -1.95553 0 0 0 -0.141379 0.989956
689.700000000 54.1319 -2.23308 0 0 0 -0.124564 0.992212
690.900000000 55.0292 -2.37842 0 0 0 -0.0255102 0.999675
692.600000000 55.8811 -2.19388 0 0 0 0.326098 0.945336
693.200000000 55.7833 -2.11825 0 0 0 0.590431 0.807088
693.900000000 55.6636 -2.11777 0 0 0 0.831715 0.555203
694.500000000 55.5715 -2.19337 0 0 0 0.958638 0.284627
695.100000000 55.5378 -2.30661 0 0 0 -0.999942 0.0107549
696.000000000 55.2494 -2.51211 0 0 0 -0.958462 0.28522
697.500000000 54.5035 -3.30574 0 0 0 -0.901388 0.433012
698.600000000 54.4081 -3.65749 0 0 0 -0.698677 0.715437
699.200000000 54.5145 -3.61735 0 0 0 -0.456587 0.889679
699.900000000 54.5962 -3.52159 0 0 0 -0.123231 0.992378
700.500000000 54.7047 -3.39758 0 0 0 0.118823 0.992915
701.900000000 55.3544 -2.86068 0 0 0 0.379313 0.925268
703.200000000 56.0212 -2.15066 0 0 0 0.393655 0.919258
704.600000000 56.7587 -1.40067 0 0 0 0.384391 0.92317
705.800000000 57.3607 -0.738048 0 0 0 0.428484 0.903549
707.200000000 57.8368 0.178105 0 0 0 0.573444 0.819245
708.700000000 57.9422 1.08313 0 0 0 0.697069 0.717004
711.700000000 57.8667 2.04182 0 0 0 0.741224 0.671257
716.700000000 57.7823 3.02788 0 0 0 0.731949 0.68136
721.400000000 57.748 3.99258 0 0 0 0.715451 0.698662
723.400000000 58.0266 4.98121 0 0 0 0.521263 0.853396
724.700000000 58.6498 5.63214 0 0 0 0.342356 0.93957
726.100000000 59.5608 6.11772 0 0 0 0.17506 0.984558
726.900000000 59.8454 6.07311 0 0 0 -0.0908977 0.99586
727.600000000 59.8493 5.93299 0 0 0 -0.388521 0.92144
728.200000000 59.7964 5.80854 0 0 0 -0.616643 0.787243
728.800000000 59.6892 5.80524 0 0 0 -0.819095 0.573658
729.300000000 59.5899 5.86787 0 0 0 -0.934311 0.356458
729.900000000 59.5621 5.94998 0 0 0 -0.997613 0.0690577
730.700000000 59.3572 6.1206 0 0 0 0.975258 0.221071
732.300000000 58.6409 6.90279 0 0 0 0.908147 0.418652
733.600000000 57.9841 7.5914 0 0 0 0.924696 0.380705
735.100000000 57.1962 8.35674 0 0 0 0.924996 0.379977
736.400000000 56.507 9.05533 0 0 0 0.922511 0.38597
737.900000000 55.7255 9.82585 0 0 0 0.924041 0.382295
739.200000000 55.0453 10.5248 0 0 0 0.924041 0.382294
740.600000000 54.3008 11.2581 0 0 0 0.924041 0.382293
742.000000000 53.6057 11.9482 0 0 0 0.925456 0.378854
743.400000000 52.888 12.6327 0 0 0 0.928909 0.370308
746.600000000 52.1811 13.2353 0 0 0 0.948669 0.316272
748.600000000 51.2062 13.6691 0 0 0 0.987426 0.158084
749.900000000 50.2997 13.8881 0 0 0 0.988098 0.153823
752.400000000 49.5201 14.3728 0 0 0 0.945393 0.325932
757.200000000 48.7836 15.0416 0 0 0 0.930862 0.36537
761.900000000 48.09 15.7228 0 0 0 0.925797 0.378021
764.800000000 47.6856 16.2942 0 0 0 0.79459 0.607146
765.800000000 47.8484 16.702 0 0 0 0.587592 0.809158
767.100000000 48.3435 17.4836 0 0 0 0.455114 0.890433
768.500000000 49.0565 18.2484 0 0 0 0.381407 0.924407
769.800000000 49.763 18.9192 0 0 0 0.363035 0.931775
770.900000000 50.0799 19.0366 0 0 0 0.019694 0.999806
771.600000000 50.0495 18.9002 0 0 0 -0.318889 0.947792
772.200000000 49.9603 18.8236 0 0 0 -0.580977 0.81392
772.700000000 49.8838 18.8197 0 0 0 -0.763141 0.646232
773.400000000 49.77 18.8761 0 0 0 -0.936581 0.350452
774.100000000 49.7505 18.9182 0 0 0 -0.999931 0.0117313
775.100000000 49.3829 19.2188 0 0 0 0.960862 0.277026
776.200000000 49.1907 19.654 0 0 0 0.841189 0.540741
776.800000000 49.1563 19.7834 0 0 0 0.686929 0.726724
777.800000000 49.425 20.1395 0 0 0 0.454911 0.890537
779.200000000 50.1847 20.804 0 0 0 0.320592 0.947218
780.600000000 51.136 21.291 0 0 0 0.18696 0.982368
781.900000000 52.0766 21.4855 0 0 0 0.0368879 0.999319
783.100000000 52.9748 21.2741 0 0 0 -0.0684933 0.997652
784.400000000 53.9428 21.2919 0 0 0 -0.0289033 0.999582
785.800000000 54.9856 21.3185 0 0 0 0.0219149 0.99976
787.100000000 55.9463 21.3367 0 0 0 -0.0296903 0.999559
787.700000000 55.9757 21.2253 0 0 0 -0.290129 0.956988
788.300000000 55.9006 21.1418 0 0 0 -0.550223 0.835018
789.000000000 55.818 21.1345 0 0 0 -0.786792 0.617218
789.900000000 55.4524 20.7858 0 0 0 -0.912564 0.408934
791.300000000 54.7254 20.2114 0 0 0 -0.940362 0.340175
792.700000000 54.0024 19.3939 0 0 0 -0.882969 0.469432
793.500000000 53.9794 19.0885 0 0 0 -0.743545 0.668686
794.200000000 54.1024 19.1215 0 0 0 -0.469174 0.883106
794.800000000 54.1764 19.203 0 0 0 -0.187246 0.982313
795.500000000 54.3302 19.316 0 0 0 0.0881652 0.996106
796.600000000 54.7822 19.6836 0 0 0 0.345734 0.938333
798.000000000 55.4949 20.4514 0 0 0 0.396732 0.917935
799.200000000 56.1208 21.1022 0 0 0 0.387758 0.921761
800.600000000 56.8636 21.8449 0 0 0 0.386795 0.922166
801.900000000 57.4785 22.5884 0 0 0 0.465492 0.885052
803.200000000 57.8484 23.4855 0 0 0 0.603325 0.797495
804.900000000 57.8786 24.4829 0 0 0 0.72125 0.692675
808.000000000 57.8412 25.3796 0 0 0 0.732217 0.681071
813.000000000 57.7773 26.3625 0 0 0 0.723993 0.689807
817.800000000 57.745 27.302 0 0 0 0.712411 0.701763
822.300000000 57.7391 28.2575 0 0 0 0.70856 0.705651
824.400000000 58.0391 29.2494 0 0 0 0.511462 0.859306
825.900000000 58.7833 30.0528 0 0 0 0.3757 0.926741
827.300000000 59.5111 30.622 0 0 0 0.219521 0.975608
828.000000000 59.5378 30.4878 0 0 0 -0.122596 0.992457
828.600000000 59.4858 30.3827 0 0 0 -0.406176 0.913795
829.200000000 59.3845 30.3208 0 0 0 -0.654849 0.755759
829.900000000 59.3075 30.3391 0 0 0 -0.87148 0.490431
830.400000000 59.2024 30.4198 0 0 0 -0.964345 0.264647
831.100000000 59.1853 30.5111 0 0 0 0.996949 0.078057
832.100000000 58.8038 30.7668 0 0 0 0.944122 0.329595
833.600000000 58.286 31.6039 0 0 0 0.865169 0.501481
835.000000000 57.6166 32.3588 0 0 0 0.920167 0.391526
836.300000000 56.9109 33.0565 0 0 0 0.936467 0.350755
837.900000000 56.0889 33.6053 0 0 0 0.978227 0.207536
840.000000000 55.1077 33.7258 0 0 0 0.99924 0.0389745
844.200000000 54.1709 33.7314 0 0 0 -0.999913 0.0131658
849.100000000 53.1815 33.6784 0 0 0 -0.999604 0.0281463
852.500000000 52.1775 33.9005 0 0 0 0.967006 0.254753
854.000000000 51.4858 34.5828 0 0 0 0.918594 0.395203
856.200000000 50.8246 35.2191 0 0 0 0.921356 0.38872
860.700000000 50.1511 35.9112 0 0 0 0.92276 0.385376
865.400000000 49.4663 36.6043 0 0 0 0.92276 0.385376
870.200000000 48.7916 37.2874 0 0 0 0.92276 0.385376
874.700000000 48.113 37.9743 0 0 0 0.92276 0.385376
879.200000000 47.4382 38.6699 0 0 0 0.921656 0.388009
882.500000000 46.8045 39.4588 0 0 0 0.886166 0.463368
883.900000000 46.3891 40.3985 0 0 0 0.799511 0.600652
885.100000000 46.3542 41.2868 0 0 0 0.70299 0.711199
886.500000000 46.4669 42.3365 0 0 0 0.666782 0.745253
888.000000000 46.7696 43.2458 0 0 0 0.491713 0.870757
889.400000000 47.4597 43.977 0 0 0 0.369834 0.929098
890.700000000 48.161 44.6541 0 0 0 0.377105 0.92617
891.900000000 48.8093 45.2851 0 0 0 0.374078 0.927397
893.300000000 49.5973 45.9598 0 0 0 0.301437 0.953486
894.700000000 50.5056 46.2288 0 0 0 0.0799984 0.996795
896.100000000 51.5298 46.1792 0 0 0 -0.0748478 0.997195
897.400000000 52.4938 45.9776 0 0 0 -0.0758272 0.997121
898.600000000 53.3957 45.8594 0 0 0 -0.014767 0.999891
900.000000000 54.1345 46.1849 0 0 0 0.266232 0.963909
901.300000000 54.804 46.8043 0 0 0 0.391382 0.920228
902.700000000 55.5312 47.5764 0 0 0 0.387824 0.921733
904.100000000 56.2686 48.3186 0 0 0 0.384261 0.923225
905.500000000 57.0026 49.083 0 0 0 0.402787 0.915294
906.800000000 57.5615 49.8777 0 0 0 0.500869 0.865523
908.100000000 57.8539 50.7919 0 0 0 0.633583 0.773674
909.400000000 57.8932 51.7548 0 0 0 0.714721 0.69941
910.600000000 57.8351 52.6615 0 0 0 0.756142 0.654408
912.300000000 57.8731 53.6768 0 0 0 0.579803 0.814757
913.900000000 58.5487 54.4584 0 0 0 0.333023 0.942919
915.400000000 59.3721 54.7655 0 0 0 0.0333003 0.999445
916.000000000 59.3545 54.6493 0 0 0 -0.259103 0.96585
916.700000000 59.2554 54.5523 0 0 0 -0.571299 0.820742
917.300000000 59.1582 54.5458 0 0 0 -0.785471 0.618898
917.900000000 59.0222 54.5867 0 0 0 -0.931611 0.363456
918.500000000 59.0148 54.7113 0 0 0 -0.994002 0.109358
919.100000000 58.8219 54.757 0 0 0 0.990526 0.137326
920.500000000 58.2094 55.3082 0 0 0 0.907542 0.419962
921.900000000 57.7192 56.1512 0 0 0 0.889541 0.456855
923.200000000 57.0621 56.8501 0 0 0 0.930197 0.367061
924.400000000 56.3815 57.4503 0 0 0 0.93804 0.346527
925.700000000 55.5623 57.964 0 0 0 0.973953 0.226748
927.200000000 54.5922 58.2088 0 0 0 0.999009 0.0445019
929.400000000 53.6087 58.1626 0 0 0 -0.999574 0.0291724
933.500000000 52.6606 58.0904 0 0 0 -0.999282 0.037899
937.400000000 51.7209 58.0216 0 0 0 -0.999652 0.0263899
942.000000000 50.7404 58.0007 0 0 0 -0.999977 0.00675371
946.500000000 49.7859 57.9963 0 0 0 -0.999999 0.00141262
951.100000000 48.8044 57.9935 0 0 0 -0.999999 0.00141262
955.600000000 47.8276 57.9906 0 0 0 -0.999999 0.00141262
960.200000000 46.8592 57.9877 0 0 0 -0.999999 0.00141262
965.000000000 45.8984 57.9848 0 0 0 -0.999999 0.00141262
970.000000000 44.9099 57.9819 0 0 0 -0.999999 0.00141262
974.800000000 43.9562 57.9791 0 0 0 -0.999999 0.00141262
979.700000000 42.9912 57.9762 0 0 0 -0.999999 0.00141262
984.500000000 42.0302 57.9734 0 0 0 -0.999999 0.00141262
989.300000000 41.0757 57.9705 0 0 0 -0.999999 0.00141262
993.800000000 40.1177 57.9577 0 0 0 -0.999999 0.00141262
995.700000000 39.0934 58.0061 0 0 0 0.999659 0.0261216
