0.100000000 0.2 0 0 0 0 0 1
6.500000000 0.989905 -0.123922 0 0 0 -0.343479 0.93916
7.000000000 0.89996 -0.187464 0 0 0 -0.56465 0.825331
7.600000000 0.781927 -0.195788 0 0 0 -0.783336 0.621599
8.300000000 0.669716 -0.115968 0 0 0 -0.949184 0.314721
8.800000000 0.630092 -0.0244057 0 0 0 -0.997497 0.0707122
9.500000000 0.658879 0.102612 0 0 0 0.961107 0.276176
10.100000000 0.749781 0.180306 0 0 0 0.836578 0.547848
10.700000000 0.876502 0.198367 0 0 0 0.637778 0.77022
11.400000000 0.980671 0.133017 0 0 0 0.334411 0.942427
12.000000000 1.02445 0.0235199 0 0 0 0.0409677 0.99916
12.500000000 1.0091 -0.073519 0 0 0 -0.206905 0.978361
14.900000000 1.16005 -0.0356582 0 0 0 0.108028 0.994148
15.600000000 1.12191 0.0669274 0 0 0 0.442923 0.89656
16.000000000 1.01118 0.105819 0 0 0 0.611259 0.791431
16.800000000 0.849562 0.176283 0 0 0 0.845873 0.533385
18.400000000 0.0860401 0.884215 0 0 0 0.9401 0.340898
19.700000000 -0.624687 1.54361 0 0 0 0.921394 0.38863
20.900000000 -1.19476 2.22928 0 0 0 0.892444 0.451158
22.300000000 -1.73541 3.15097 0 0 0 0.857813 0.513961
23.600000000 -2.1199 4.04953 0 0 0 0.818751 0.574148
24.900000000 -2.47823 4.95464 0 0 0 0.820922 0.57104
26.200000000 -2.81202 5.84803 0 0 0 0.804411 0.594073
27.600000000 -2.73211 6.51925 0 0 0 0.566171 0.824288
28.200000000 -2.69221 6.45534 0 0 0 0.298371 0.95445
28.800000000 -2.65737 6.32588 0 0 0 0.00762828 0.999971
29.300000000 -2.66089 6.23007 0 0 0 -0.236601 0.971607
30.000000000 -2.69668 6.13938 0 0 0 -0.550652 0.834735
30.600000000 -2.91198 6.09678 0 0 0 -0.761945 0.647642
31.400000000 -3.121 5.80704 0 0 0 -0.888015 0.459814
32.900000000 -3.89312 5.351 0 0 0 -0.983416 0.181366
33.600000000 -3.96655 5.44901 0 0 0 0.990999 0.133872
34.300000000 -3.90227 5.56166 0 0 0 0.886877 0.462006
34.900000000 -3.78085 5.65457 0 0 0 0.733752 0.679417
35.700000000 -3.59906 5.89448 0 0 0 0.526089 0.85043
37.200000000 -2.75894 6.54424 0 0 0 0.394356 0.918958
38.500000000 -2.17979 7.29567 0 0 0 0.491983 0.870605
40.000000000 -1.99823 8.28324 0 0 0 0.681382 0.731928
41.400000000 -2.1643 9.41189 0 0 0 0.747783 0.663943
42.700000000 -2.25057 10.3886 0 0 0 0.734795 0.678289
44.500000000 -2.28893 11.3286 0 0 0 0.711036 0.703156
48.300000000 -2.26871 12.2744 0 0 0 0.691881 0.722012
52.200000000 -2.22856 13.2657 0 0 0 0.697781 0.716311
56.800000000 -2.21753 14.2342 0 0 0 0.704861 0.709346
60.200000000 -2.22549 15.1844 0 0 0 0.714529 0.699606
61.600000000 -2.32021 16.1958 0 0 0 0.753842 0.657055
62.900000000 -2.51267 17.1847 0 0 0 0.789724 0.613463
63.800000000 -2.71507 17.2027 0 0 0 0.958139 0.286303
64.500000000 -2.75203 17.1107 0 0 0 -0.999268 0.0382512
65.100000000 -2.74292 16.9957 0 0 0 -0.947259 0.320469
65.600000000 -2.66694 16.9481 0 0 0 -0.838872 0.544328
66.300000000 -2.53011 16.9359 0 0 0 -0.600886 0.799335
66.900000000 -2.44103 17.0019 0 0 0 -0.337843 0.941202
67.400000000 -2.41727 17.1024 0 0 0 -0.0951226 0.995466
68.100000000 -2.42537 17.1571 0 0 0 0.23758 0.971368
68.700000000 -2.41201 17.3019 0 0 0 0.489838 0.871814
70.000000000 -2.26373 18.1345 0 0 0 0.672479 0.740116
71.300000000 -2.28926 19.1125 0 0 0 0.724475 0.689301
73.000000000 -2.31413 20.1176 0 0 0 0.71163 0.702555
77.000000000 -2.2847 21.1021 0 0 0 0.691209 0.722655
80.600000000 -2.26331 22.0626 0 0 0 0.703195 0.710997
84.100000000 -2.2623 23.0582 0 0 0 0.706973 0.70724
87.900000000 -2.26397 24.0397 0 0 0 0.706944 0.707269
92.200000000 -2.24084 25.0159 0 0 0 0.693245 0.720702
96.500000000 -2.18538 25.9896 0 0 0 0.68526 0.728298
101.000000000 -2.15408 27.0054 0 0 0 0.701235 0.712931
102.700000000 -2.21692 28.0555 0 0 0 0.753441 0.657516
103.900000000 -2.35665 29.0261 0 0 0 0.770239 0.637756
105.300000000 -2.64297 30.0444 0 0 0 0.803929 0.594725
106.600000000 -2.85141 30.995 0 0 0 0.758811 0.651311
107.700000000 -2.78407 31.2843 0 0 0 0.484958 0.874538
108.300000000 -2.72485 31.2101 0 0 0 0.208236 0.978079
108.900000000 -2.7058 31.0396 0 0 0 -0.0855299 0.996336
109.600000000 -2.70395 31.0148 0 0 0 -0.426055 0.904697
110.200000000 -2.75791 30.9683 0 0 0 -0.670913 0.741536
110.800000000 -2.91141 30.9346 0 0 0 -0.846663 0.532129
112.300000000 -3.64187 30.2855 0 0 0 -0.95038 0.311092
113.600000000 -4.14782 30.1273 0 0 0 0.999945 0.0104583
114.200000000 -4.11339 30.2148 0 0 0 0.95301 0.302939
114.800000000 -4.05936 30.2015 0 0 0 0.823529 0.567274
115.300000000 -3.93996 30.2432 0 0 0 0.664051 0.747687
116.100000000 -3.74507 30.3728 0 0 0 0.421131 0.907
117.600000000 -2.90131 31.0067 0 0 0 0.330193 0.943913
118.900000000 -2.32484 31.8019 0 0 0 0.467176 0.884164
120.500000000 -2.02748 32.8175 0 0 0 0.679503 0.733673
121.800000000 -2.13474 33.786 0 0 0 0.764777 0.644295
123.100000000 -2.28412 34.7367 0 0 0 0.751304 0.659956
124.600000000 -2.35587 35.6816 0 0 0 0.714539 0.699596
127.300000000 -2.33157 36.6292 0 0 0 0.689883 0.723921
131.500000000 -2.27218 37.5883 0 0 0 0.683685 0.729777
135.700000000 -2.2424 38.6233 0 0 0 0.700891 0.713268
137.000000000 -2.24313 39.5967 0 0 0 0.714208 0.699934
138.200000000 -2.29489 40.498 0 0 0 0.744133 0.668032
139.600000000 -2.56741 41.4934 0 0 0 0.816249 0.577701
140.900000000 -2.79937 42.4377 0 0 0 0.774906 0.632077
142.100000000 -2.91708 43.3366 0 0 0 0.727274 0.686348
143.500000000 -2.80056 44.0448 0 0 0 0.501098 0.865391
144.200000000 -2.71458 43.9476 0 0 0 0.179368 0.983782
144.900000000 -2.70715 43.8646 0 0 0 -0.164642 0.986353
145.400000000 -2.75242 43.769 0 0 0 -0.400227 0.916416
146.100000000 -2.7786 43.6215 0 0 0 -0.661862 0.749626
146.700000000 -2.90788 43.5328 0 0 0 -0.819148 0.573582
148.300000000 -3.60472 42.7468 0 0 0 -0.933123 0.359556
149.600000000 -4.10622 42.4854 0 0 0 -0.999246 0.0388193
150.100000000 -4.09978 42.5599 0 0 0 0.978578 0.205878
150.800000000 -4.01441 42.6662 0 0 0 0.851432 0.524465
151.500000000 -3.90166 42.7034 0 0 0 0.623122 0.782124
152.500000000 -3.55153 43.1165 0 0 0 0.427804 0.903871
153.900000000 -2.79312 43.8174 0 0 0 0.363656 0.931533
155.400000000 -2.13681 44.6681 0 0 0 0.498624 0.866818
156.700000000 -1.92588 45.5308 0 0 0 0.664015 0.747719
158.100000000 -2.00425 46.5723 0 0 0 0.752592 0.658487
159.400000000 -2.15242 47.5387 0 0 0 0.753219 0.65777
160.600000000 -2.20218 48.4305 0 0 0 0.709858 0.704345
162.000000000 -2.13973 49.4792 0 0 0 0.68317 0.730259
163.400000000 -2.11434 50.5287 0 0 0 0.703959 0.71024
164.700000000 -2.12091 51.5023 0 0 0 0.716918 0.697157
165.900000000 -2.16944 52.3919 0 0 0 0.750163 0.661253
167.400000000 -2.49647 53.3845 0 0 0 0.85951 0.511119
168.200000000 -2.67452 53.4704 0 0 0 0.971925 0.235292
168.800000000 -2.74939 53.376 0 0 0 -0.998941 0.0460113
169.300000000 -2.7247 53.2761 0 0 0 -0.957514 0.288388
170.000000000 -2.62324 53.1913 0 0 0 -0.800234 0.599688
170.600000000 -2.49639 53.2003 0 0 0 -0.587797 0.809009
171.300000000 -2.40981 53.2684 0 0 0 -0.274184 0.961677
171.800000000 -2.29439 53.3606 0 0 0 -0.0646239 0.99791
172.600000000 -2.11729 53.4936 0 0 0 0.222039 0.975038
174.100000000 -1.35954 54.2 0 0 0 0.403309 0.915064
175.400000000 -0.681395 54.9338 0 0 0 0.405234 0.914213
176.700000000 -0.0332154 55.6238 0 0 0 0.376578 0.926385
178.100000000 0.713376 56.3491 0 0 0 0.380149 0.924925
179.400000000 1.35911 57.0843 0 0 0 0.433906 0.900958
180.800000000 2.10199 57.8238 0 0 0 0.324752 0.945799
182.200000000 3.01707 58.2204 0 0 0 0.130374 0.991465
183.800000000 3.94785 58.2397 0 0 0 -0.0100937 0.999949
186.600000000 4.9128 58.1756 0 0 0 -0.0459365 0.998944
187.700000000 5.20959 58.2957 0 0 0 0.223036 0.97481
188.600000000 5.30579 58.5257 0 0 0 0.527919 0.849295
189.300000000 5.21065 58.579 0 0 0 0.773894 0.633316
189.900000000 5.09712 58.5323 0 0 0 0.926439 0.376446
190.500000000 5.04135 58.4269 0 0 0 0.996239 0.0866477
191.200000000 5.06629 58.2804 0 0 0 -0.965555 0.2602
191.900000000 5.17178 58.2128 0 0 0 -0.817794 0.575511
192.600000000 5.33002 58.1681 0 0 0 -0.581779 0.813347
193.400000000 5.52459 58.0144 0 0 0 -0.336483 0.94169
194.500000000 6.13481 57.8585 0 0 0 -0.106318 0.994332
196.000000000 7.20735 57.8813 0 0 0 0.0302435 0.999543
197.200000000 8.10909 57.9478 0 0 0 0.0376762 0.99929
199.200000000 9.11499 57.9991 0 0 0 0.0133743 0.999911
202.400000000 10.0882 58.0179 0 0 0 0.0167486 0.99986
204.300000000 11.1334 58.0735 0 0 0 0.0275436 0.999621
207.100000000 12.0502 58.1007 0 0 0 0.00781991 0.999969
211.500000000 13.0082 58.1065 0 0 0 0.00164141 0.999999
216.000000000 13.9962 58.1099 0 0 0 0.00164202 0.999999
220.600000000 14.9647 58.1132 0 0 0 0.00164197 0.999999
224.300000000 15.9174 58.1166 0 0 0 0.00164173 0.999999
226.800000000 16.8887 58.12 0 0 0 0.00164139 0.999999
229.500000000 17.8607 58.1235 0 0 0 0.00164194 0.999999
231.600000000 18.4537 58.2351 0 0 0 0.265958 0.963985
232.200000000 18.3657 58.3139 0 0 0 0.538956 0.842334
232.800000000 18.2511 58.3729 0 0 0 0.750597 0.66076
234.600000000 17.696 59.2671 0 0 0 0.853837 0.52054
235.600000000 17.6851 59.5841 0 0 0 0.638261 0.76982
236.200000000 17.7831 59.5284 0 0 0 0.38654 0.922273
236.800000000 17.9056 59.4689 0 0 0 0.13154 0.991311
237.500000000 18.058 59.3637 0 0 0 -0.138838 0.990315
238.600000000 18.5023 58.9634 0 0 0 -0.380632 0.924726
240.000000000 19.2089 58.1849 0 0 0 -0.411061 0.911608
241.300000000 19.8753 57.4737 0 0 0 -0.380404 0.92482
243.700000000 20.553 56.8094 0 0 0 -0.379647 0.925132
246.700000000 21.2114 56.1183 0 0 0 -0.411105 0.911588
249.400000000 21.7552 55.2378 0 0 0 -0.526668 0.850071
251.200000000 22.0086 54.1933 0 0 0 -0.651098 0.758994
254.900000000 22.0272 53.2751 0 0 0 -0.721665 0.692242
259.500000000 21.9346 52.3007 0 0 0 -0.737363 0.675496
263.800000000 21.8725 51.3448 0 0 0 -0.726377 0.687297
266.200000000 22.1077 50.5361 0 0 0 -0.509037 0.860745
267.700000000 22.7935 49.8028 0 0 0 -0.380652 0.924718
269.700000000 23.4672 49.1091 0 0 0 -0.378624 0.925551
271.700000000 23.6798 48.7107 0 0 0 -0.647485 0.762078
272.500000000 23.5487 48.496 0 0 0 -0.836307 0.548262
274.100000000 22.7963 47.7553 0 0 0 -0.930294 0.366816
275.400000000 22.0801 47.0833 0 0 0 -0.928355 0.371696
276.700000000 21.3834 46.3923 0 0 0 -0.923711 0.383089
278.000000000 20.7027 45.7052 0 0 0 -0.923118 0.384517
279.400000000 19.9562 44.9625 0 0 0 -0.923118 0.384517
280.700000000 19.2752 44.2657 0 0 0 -0.923118 0.384517
282.100000000 18.5704 43.4935 0 0 0 -0.924874 0.380273
283.600000000 17.6197 42.9282 0 0 0 -0.982548 0.186011
285.000000000 16.6211 42.7935 0 0 0 -0.999833 0.0182498
286.300000000 15.641 42.8848 0 0 0 0.999452 0.0330886
287.700000000 14.6869 42.7333 0 0 0 -0.987534 0.157407
289.100000000 13.8702 42.1743 0 0 0 -0.938308 0.3458
290.500000000 13.1756 41.4638 0 0 0 -0.920381 0.391024
293.100000000 12.5313 40.8153 0 0 0 -0.922613 0.385728
295.800000000 12.1209 40.186 0 0 0 -0.747817 0.663905
296.600000000 12.2574 39.8896 0 0 0 -0.546284 0.8376
298.100000000 12.9012 39.1362 0 0 0 -0.39576 0.918354
300.500000000 13.5633 38.4979 0 0 0 -0.379279 0.925282
305.300000000 14.256 37.8228 0 0 0 -0.380115 0.924939
310.100000000 14.9402 37.1566 0 0 0 -0.380115 0.924939
314.900000000 15.622 36.4827 0 0 0 -0.380115 0.924939
319.700000000 16.3124 35.8102 0 0 0 -0.380115 0.924939
324.500000000 16.9854 35.1351 0 0 0 -0.380115 0.924939
325.700000000 17.1632 35.1352 0 0 0 -0.0997473 0.995013
326.300000000 17.1614 35.1428 0 0 0 0.198754 0.980049
327.200000000 17.2644 35.4638 0 0 0 0.468024 0.883716
328.600000000 17.59 36.4029 0 0 0 0.623442 0.781869
329.500000000 17.5468 36.7306 0 0 0 0.808317 0.588748
330.100000000 17.4601 36.6627 0 0 0 0.945635 0.325229
330.700000000 17.4282 36.5622 0 0 0 0.999512 0.031249
331.400000000 17.436 36.5373 0 0 0 -0.948887 0.315616
332.000000000 17.5216 36.4678 0 0 0 -0.813235 0.581935
332.600000000 17.5297 36.4644 0 0 0 -0.60494 0.796271
333.400000000 17.9246 36.1981 0 0 0 -0.412549 0.910936
334.800000000 18.7034 35.5961 0 0 0 -0.315535 0.948914
336.400000000 19.4428 34.9542 0 0 0 -0.366296 0.930498
340.100000000 20.1774 34.2937 0 0 0 -0.337219 0.941426
343.600000000 21.1858 33.7001 0 0 0 -0.18822 0.982127
345.200000000 22.1671 33.4934 0 0 0 -0.0441958 0.999023
348.600000000 23.1639 33.5034 0 0 0 0.0440197 0.999031
353.500000000 24.1191 33.6158 0 0 0 0.0506295 0.998718
358.400000000 25.0812 33.6816 0 0 0 0.0282584 0.999601
363.200000000 26.0242 33.7142 0 0 0 0.00736359 0.999973
368.100000000 26.9875 33.7201 0 0 0 0.00224506 0.999997
372.600000000 27.9629 33.7247 0 0 0 0.00224506 0.999997
377.200000000 28.9125 33.7737 0 0 0 0.0687063 0.997637
378.500000000 29.494 34.1403 0 0 0 0.319178 0.947695
379.900000000 30.1173 34.7861 0 0 0 0.401799 0.915728
382.600000000 30.8028 35.5077 0 0 0 0.389775 0.92091
386.700000000 31.493 36.205 0 0 0 0.384343 0.923191
390.500000000 32.1806 36.8978 0 0 0 0.384343 0.923191
394.500000000 32.8795 37.6018 0 0 0 0.384343 0.923191
398.400000000 33.5173 38.2735 0 0 0 0.412643 0.910893
400.800000000 34.124 39.3306 0 0 0 0.534653 0.845072
402.100000000 34.3257 40.2674 0 0 0 0.663351 0.748308
403.400000000 34.2917 41.1301 0 0 0 0.727385 0.68623
404.700000000 34.1457 42.2103 0 0 0 0.737398 0.675459
406.000000000 34.0738 43.1796 0 0 0 0.72339 0.690439
407.600000000 34.3476 44.0878 0 0 0 0.541871 0.840461
409.100000000 35.061 44.8571 0 0 0 0.376792 0.926298
410.400000000 35.6995 45.6547 0 0 0 0.380519 0.924773
411.700000000 36.3764 46.3663 0 0 0 0.395636 0.918408
413.100000000 37.1941 46.9081 0 0 0 0.327329 0.94491
413.700000000 37.192 46.9782 0 0 0 0.0703426 0.997523
414.400000000 37.1755 46.8431 0 0 0 -0.270764 0.962646
415.100000000 37.1945 46.8482 0 0 0 -0.589656 0.807655
415.700000000 37.1177 46.8469 0 0 0 -0.799218 0.601041
416.300000000 36.9745 46.9026 0 0 0 -0.939563 0.342375
416.900000000 36.975 46.9016 0 0 0 -0.99676 0.0804316
417.600000000 36.8861 47.0267 0 0 0 0.977314 0.211795
418.600000000 36.4511 47.4345 0 0 0 0.906555 0.422088
420.100000000 35.8071 48.1862 0 0 0 0.903551 0.42848
421.400000000 35.154 48.991 0 0 0 0.930946 0.365157
422.700000000 34.4523 49.7042 0 0 0 0.897449 0.441118
424.000000000 34.0783 50.5687 0 0 0 0.812269 0.583283
425.400000000 33.9039 51.511 0 0 0 0.78412 0.620609
426.900000000 33.353 52.3165 0 0 0 0.912192 0.409763
428.200000000 32.6596 52.8999 0 0 0 0.929905 0.367799
429.600000000 31.9044 53.6337 0 0 0 0.923308 0.38406
431.000000000 31.2226 54.3298 0 0 0 0.923308 0.38406
438.300000000 30.4809 55.0759 0 0 0 0.923308 0.38406
439.600000000 29.7991 55.7619 0 0 0 0.923308 0.384061
440.900000000 28.9712 56.3977 0 0 0 0.951447 0.307813
442.200000000 28.0863 56.811 0 0 0 0.986346 0.164685
443.600000000 27.203 56.9558 0 0 0 0.999609 0.0279688
445.800000000 26.2416 56.9417 0 0 0 -0.99913 0.0416956
447.800000000 25.2592 56.8296 0 0 0 -0.998516 0.0544514
451.600000000 24.3282 56.7638 0 0 0 -0.999752 0.02227
456.500000000 23.3452 56.7433 0 0 0 -0.999973 0.00739437
461.300000000 22.3942 56.7385 0 0 0 1 9.83579e-05
466.200000000 21.4229 56.7464 0 0 0 0.999981 0.00608303
469.700000000 20.785 56.6406 0 0 0 -0.962063 0.272828
470.500000000 20.7946 56.6425 0 0 0 -0.807771 0.589497
471.200000000 20.9766 56.4194 0 0 0 -0.649483 0.760376
472.900000000 21.3642 55.4882 0 0 0 -0.525237 0.850956
474.800000000 22.0052 54.7617 0 0 0 -0.310393 0.950608
476.400000000 22.361 54.2921 0 0 0 -0.574481 0.818518
477.800000000 22.256 53.5434 0 0 0 -0.781978 0.623306
479.400000000 21.8498 52.6748 0 0 0 -0.817792 0.575514
481.300000000 21.8571 52.0306 0 0 0 -0.59592 0.803044
481.900000000 21.9568 52.093 0 0 0 -0.332569 0.943079
482.600000000 22.0204 52.1828 0 0 0 -0.000628128 1
483.500000000 22.3202 52.2682 0 0 0 0.276731 0.960947
484.900000000 22.9715 53.1106 0 0 0 0.416657 0.909064
486.200000000 23.6611 53.8279 0 0 0 0.390546 0.920583
487.500000000 24.3567 54.5098 0 0 0 0.375525 0.926812
488.800000000 25.0531 55.1911 0 0 0 0.382689 0.923877
490.100000000 25.737 55.885 0 0 0 0.382697 0.923874
491.400000000 26.4425 56.5581 0 0 0 0.372767 0.927925
492.600000000 27.1155 57.1444 0 0 0 0.339665 0.940547
494.000000000 27.8581 57.741 0 0 0 0.293328 0.956012
495.200000000 28.7794 58.1343 0 0 0 0.162374 0.986729
496.700000000 29.7098 58.2551 0 0 0 0.00934173 0.999956
499.100000000 30.7272 58.1879 0 0 0 -0.054551 0.998511
503.200000000 31.6998 58.1066 0 0 0 -0.0391699 0.999233
506.900000000 32.6456 58.0558 0 0 0 -0.0101721 0.999948
510.500000000 33.6133 58.0502 0 0 0 -0.000588453 1
513.500000000 34.5996 58.0521 0 0 0 0.000773293 1
517.200000000 35.5663 58.0537 0 0 0 0.000773572 1
521.400000000 36.5241 58.0553 0 0 0 0.00077418 1
526.000000000 37.5244 58.0568 0 0 0 0.000774997 1
530.100000000 38.5369 58.0584 0 0 0 0.000775276 1
531.600000000 39.5394 58.06 0 0 0 0.000775551 1
532.900000000 40.5119 58.0618 0 0 0 0.000775824 1
534.300000000 41.5657 58.0634 0 0 0 0.000778557 1
535.600000000 42.1505 58.1742 0 0 0 0.265122 0.964215
536.300000000 42.0527 58.2533 0 0 0 0.580175 0.814492
536.900000000 41.9429 58.337 0 0 0 0.77148 0.636254
537.800000000 41.6907 58.6316 0 0 0 0.897421 0.441176
539.300000000 41.4284 59.3619 0 0 0 0.711659 0.702525
540.000000000 41.5633 59.3385 0 0 0 0.432828 0.901477
540.600000000 41.6454 59.2472 0 0 0 0.16374 0.986503
541.400000000 41.8912 59.1546 0 0 0 -0.117394 0.993085
542.600000000 42.4276 58.7134 0 0 0 -0.362764 0.931881
544.000000000 43.2411 58.1151 0 0 0 -0.241976 0.970282
545.400000000 44.2141 57.8888 0 0 0 -0.0365937 0.99933
546.700000000 45.1749 58.0105 0 0 0 0.0594975 0.998228
548.000000000 46.1317 58.1025 0 0 0 0.0499044 0.998754
549.300000000 47.1158 58.1381 0 0 0 -0.00167567 0.999999
550.600000000 48.0909 58.1383 0 0 0 -0.00548043 0.999985
552.000000000 49.1411 58.134 0 0 0 -0.00084314 1
553.300000000 50.1148 58.1323 0 0 0 -0.000845631 1
554.600000000 51.0886 58.1306 0 0 0 -0.000846869 1
555.900000000 52.0623 58.1288 0 0 0 -0.000850174 1
557.300000000 52.9831 58.1903 0 0 0 0.115362 0.993324
557.900000000 52.9154 58.2792 0 0 0 0.401654 0.915791
558.400000000 52.8451 58.3548 0 0 0 0.605936 0.795513
560.100000000 52.6458 59.3139 0 0 0 0.729338 0.684153
560.700000000 52.7564 59.3445 0 0 0 0.516672 0.856183
561.400000000 52.8663 59.269 0 0 0 0.195714 0.980661
562.100000000 53.0272 59.1561 0 0 0 -0.0662728 0.997802
562.900000000 53.2733 58.9513 0 0 0 -0.311812 0.950144
564.300000000 53.9486 58.1872 0 0 0 -0.420692 0.907203
565.600000000 54.6181 57.4779 0 0 0 -0.386094 0.92246
566.900000000 55.3167 56.7947 0 0 0 -0.378849 0.925458
568.300000000 56.0599 56.05 0 0 0 -0.383139 0.923691
569.600000000 56.7431 55.3655 0 0 0 -0.38636 0.922348
570.900000000 57.3535 54.58 0 0 0 -0.466015 0.884777
572.000000000 57.7228 53.7919 0 0 0 -0.544463 0.838785
573.600000000 57.9252 52.7322 0 0 0 -0.673603 0.739094
576.200000000 57.887 51.8434 0 0 0 -0.725044 0.688703
578.900000000 58.0662 51.0566 0 0 0 -0.5012 0.865331
580.300000000 58.7638 50.4229 0 0 0 -0.294149 0.955759
581.500000000 59.2422 50.3057 0 0 0 0.0485966 0.998818
582.100000000 59.1965 50.4148 0 0 0 0.341602 0.939845
582.600000000 59.1173 50.469 0 0 0 0.562998 0.826458
583.300000000 58.9995 50.4779 0 0 0 0.812616 0.5828
583.900000000 58.8938 50.4186 0 0 0 0.948551 0.316623
584.500000000 58.864 50.3175 0 0 0 0.999754 0.0221597
585.100000000 58.705 50.166 0 0 0 -0.98142 0.191873
586.600000000 58.0779 49.4707 0 0 0 -0.897949 0.440099
588.000000000 57.5084 48.5856 0 0 0 -0.908262 0.418401
589.300000000 56.8288 47.8883 0 0 0 -0.92414 0.382053
590.600000000 56.1552 47.2349 0 0 0 -0.926889 0.375336
592.400000000 55.4472 46.5429 0 0 0 -0.929378 0.369131
595.200000000 54.7709 45.8967 0 0 0 -0.926567 0.37613
597.600000000 54.0152 45.1449 0 0 0 -0.923539 0.383506
599.100000000 53.3014 44.4249 0 0 0 -0.923176 0.384377
601.600000000 52.6119 43.7387 0 0 0 -0.927667 0.373409
606.100000000 51.6389 43.2817 0 0 0 -0.965087 0.261929
607.400000000 50.7406 42.9199 0 0 0 -0.98543 0.170081
609.300000000 49.8618 42.5412 0 0 0 -0.968534 0.248882
613.800000000 49.1323 41.9658 0 0 0 -0.93975 0.341862
618.500000000 48.4347 41.3139 0 0 0 -0.929561 0.368669
623.400000000 47.7325 40.6305 0 0 0 -0.925569 0.378579
627.000000000 47.012 39.753 0 0 0 -0.900377 0.435111
628.300000000 46.5243 38.9199 0 0 0 -0.838569 0.544796
629.500000000 46.5335 38.4427 0 0 0 -0.623442 0.78187
630.100000000 46.6486 38.4971 0 0 0 -0.36511 0.930964
630.700000000 46.7382 38.5621 0 0 0 -0.0981223 0.995174
632.300000000 47.774 38.6879 0 0 0 0.0550759 0.998482
633.600000000 48.7209 38.6264 0 0 0 -0.103833 0.994595
635.100000000 49.6036 38.1284 0 0 0 -0.331095 0.943597
636.500000000 50.256 37.4036 0 0 0 -0.48764 0.873045
637.800000000 50.862 36.5769 0 0 0 -0.400854 0.916142
639.100000000 51.509 35.8768 0 0 0 -0.380786 0.924663
640.400000000 52.2412 35.1905 0 0 0 -0.380758 0.924675
641.800000000 52.9872 34.5296 0 0 0 -0.375882 0.926668
643.100000000 53.7439 33.8491 0 0 0 -0.27583 0.961206
644.600000000 54.7607 33.4756 0 0 0 -0.0709428 0.99748
645.900000000 55.7311 33.5191 0 0 0 0.0695948 0.997575
646.400000000 55.8081 33.7101 0 0 0 0.260303 0.965527
647.200000000 55.6643 33.7327 0 0 0 0.620841 0.783937
647.800000000 55.6492 33.7238 0 0 0 0.801412 0.598112
649.100000000 55.1444 34.2987 0 0 0 0.924145 0.382043
650.400000000 54.3526 35.0693 0 0 0 0.925775 0.378074
651.600000000 53.7154 35.7376 0 0 0 0.90351 0.428566
652.700000000 53.6336 36.084 0 0 0 0.704774 0.709432
653.300000000 53.767 36.0573 0 0 0 0.467704 0.883885
653.900000000 53.8474 35.9893 0 0 0 0.190107 0.981763
654.500000000 53.8642 35.8376 0 0 0 -0.10255 0.994728
655.500000000 54.1473 35.5371 0 0 0 -0.383668 0.923471
656.900000000 54.7679 34.7317 0 0 0 -0.437174 0.899377
658.300000000 55.4932 33.9857 0 0 0 -0.380872 0.924628
659.700000000 56.2388 33.252 0 0 0 -0.386332 0.92236
660.900000000 56.8711 32.6074 0 0 0 -0.388849 0.921301
662.300000000 57.5513 31.8161 0 0 0 -0.452549 0.89174
663.700000000 57.9312 30.8918 0 0 0 -0.616854 0.787077
665.500000000 57.9522 29.8817 0 0 0 -0.725705 0.688006
669.400000000 57.8538 28.8943 0 0 0 -0.740712 0.671823
673.600000000 57.786 27.8955 0 0 0 -0.728419 0.685132
677.800000000 57.7485 26.9375 0 0 0 -0.713282 0.700877
682.100000000 57.7725 25.9461 0 0 0 -0.677828 0.73522
682.800000000 57.9006 25.9415 0 0 0 -0.410059 0.912059
683.300000000 57.9856 26.0056 0 0 0 -0.192614 0.981275
684.100000000 58.1749 26.0999 0 0 0 0.111853 0.993725
685.900000000 59.0631 26.5845 0 0 0 0.149203 0.988807
686.600000000 59.1415 26.4845 0 0 0 -0.161443 0.986882
687.200000000 59.0714 26.3838 0 0 0 -0.441726 0.89715
687.800000000 59.0026 26.2842 0 0 0 -0.6544 0.756149
688.600000000 58.8919 26.0373 0 0 0 -0.831738 0.555168
690.000000000 58.2557 25.3036 0 0 0 -0.925288 0.379264
691.400000000 57.5007 24.5922 0 0 0 -0.929108 0.369808
692.600000000 56.8517 23.9634 0 0 0 -0.92174 0.387808
694.000000000 56.1196 23.2064 0 0 0 -0.922638 0.385668
695.400000000 55.373 22.4652 0 0 0 -0.92466 0.380793
697.600000000 54.7145 21.8421 0 0 0 -0.935416 0.353549
700.600000000 53.7763 21.3134 0 0 0 -0.983239 0.18232
702.400000000 52.8698 21.1335 0 0 0 -0.998715 0.0506746
706.400000000 51.8787 21.135 0 0 0 0.999663 0.0259494
711.300000000 50.907 21.2165 0 0 0 0.999233 0.0391566
716.200000000 49.9515 21.2778 0 0 0 0.999591 0.0285914
721.100000000 48.9768 21.3117 0 0 0 0.999971 0.00765935
726.000000000 48.0153 21.3176 0 0 0 0.999998 0.00195173
730.800000000 47.0721 21.3216 0 0 0 0.999998 0.00195173
735.800000000 46.0889 21.3256 0 0 0 0.999998 0.00195173
740.700000000 45.1239 21.3295 0 0 0 0.999998 0.00195173
745.500000000 44.1629 21.3334 0 0 0 0.999998 0.00195173
750.400000000 43.2014 21.3374 0 0 0 0.999998 0.00195173
755.300000000 42.2416 21.3393 0 0 0 -0.999998 0.00191777
760.000000000 41.2791 21.3281 0 0 0 -0.99997 0.00773334
764.900000000 40.3124 21.3224 0 0 0 -0.999999 0.00152826
769.800000000 39.3761 21.3193 0 0 0 -0.999999 0.00152826
774.700000000 38.3946 21.3163 0 0 0 -0.999999 0.00152826
779.100000000 37.4419 21.3132 0 0 0 -0.999999 0.00152826
784.000000000 36.4871 21.31 0 0 0 -0.999999 0.00152826
789.100000000 35.4704 21.3069 0 0 0 -0.999999 0.00152826
794.100000000 34.5037 21.3038 0 0 0 -0.999999 0.00152826
799.000000000 33.5387 21.3007 0 0 0 -0.999999 0.00152826
803.600000000 32.5807 21.2976 0 0 0 -0.999999 0.00152826
808.400000000 31.6257 21.2945 0 0 0 -0.999999 0.00152826
813.400000000 30.6442 21.2914 0 0 0 -0.999999 0.00152826
818.300000000 29.6817 21.2882 0 0 0 -0.999999 0.00152826
823.300000000 28.6922 21.2851 0 0 0 -0.999999 0.00152826
827.800000000 27.7072 21.282 0 0 0 -0.999999 0.00152826
832.700000000 26.7387 21.2789 0 0 0 -0.999999 0.00152826
837.600000000 25.7737 21.2758 0 0 0 -0.999999 0.00152826
842.400000000 24.8239 21.2727 0 0 0 -0.999999 0.00152826
847.400000000 23.8432 21.2695 0 0 0 -0.999999 0.00152826
849.400000000 23.0611 21.6247 0 0 0 0.955381 0.295375
850.800000000 22.342 22.2847 0 0 0 0.902855 0.429946
852.000000000 21.7799 23.008 0 0 0 0.917991 0.3966
853.400000000 21.0323 23.738 0 0 0 0.927818 0.373032
861.000000000 20.2835 24.4782 0 0 0 0.924906 0.380196
862.300000000 19.584 25.1465 0 0 0 0.926667 0.375884
863.600000000 19.006 25.9078 0 0 0 0.871527 0.490348
865.000000000 18.7378 26.8578 0 0 0 0.759298 0.650743
866.800000000 18.7677 27.8318 0 0 0 0.681959 0.731391
868.800000000 18.7413 28.8541 0 0 0 0.747421 0.66435
870.300000000 18.3869 29.6955 0 0 0 0.868567 0.495571
873.500000000 17.7508 30.4427 0 0 0 0.913301 0.407286
877.900000000 17.099 31.1362 0 0 0 0.921234 0.389009
881.600000000 16.41 31.8202 0 0 0 0.92362 0.383309
886.000000000 15.7332 32.4889 0 0 0 0.92362 0.383309
890.700000000 15.0806 33.1764 0 0 0 0.916287 0.400523
892.700000000 14.4762 34.0526 0 0 0 0.86436 0.502873
894.900000000 14.1715 35.0216 0 0 0 0.7754 0.63147
897.200000000 14.1167 36.0325 0 0 0 0.699286 0.714842
898.500000000 14.2032 37.0019 0 0 0 0.672637 0.739972
900.100000000 14.2161 37.9627 0 0 0 0.717716 0.696336
901.000000000 14.0925 37.9853 0 0 0 0.915731 0.401793
901.600000000 14.0296 37.8934 0 0 0 0.993499 0.113841
902.300000000 14.0581 37.8155 0 0 0 -0.972158 0.234327
902.900000000 14.1305 37.741 0 0 0 -0.859618 0.510937
903.500000000 14.2555 37.7106 0 0 0 -0.671992 0.740559
904.300000000 14.4749 37.5634 0 0 0 -0.430231 0.902719
905.600000000 15.1861 36.9314 0 0 0 -0.332326 0.943165
907.200000000 15.9202 36.2631 0 0 0 -0.392429 0.919782
908.500000000 16.1277 35.8725 0 0 0 -0.65355 0.756883
909.300000000 15.954 35.6459 0 0 0 -0.834554 0.550927
910.900000000 15.1964 34.9329 0 0 0 -0.935667 0.352884
912.500000000 14.4996 34.2801 0 0 0 -0.927249 0.374445
914.500000000 13.8506 33.6362 0 0 0 -0.9245 0.381181
916.000000000 13.0676 32.8546 0 0 0 -0.924121 0.382101
917.300000000 12.3828 32.1616 0 0 0 -0.924121 0.382101
918.600000000 11.6923 31.473 0 0 0 -0.924121 0.382101
920.000000000 10.9733 30.7622 0 0 0 -0.921933 0.387349
921.600000000 10.4477 29.8534 0 0 0 -0.834965 0.550303
923.600000000 10.2869 28.8627 0 0 0 -0.728848 0.684675
926.300000000 10.3529 27.8767 0 0 0 -0.668528 0.743687
929.400000000 10.4761 26.9028 0 0 0 -0.673023 0.739621
933.800000000 10.5173 25.9517 0 0 0 -0.696189 0.717859
938.400000000 10.5303 24.9797 0 0 0 -0.705774 0.708437
943.100000000 10.5087 24.0255 0 0 0 -0.712365 0.701809
948.100000000 10.5031 23.027 0 0 0 -0.708422 0.705789
953.000000000 10.4993 22.062 0 0 0 -0.708422 0.705789
957.800000000 10.4956 21.124 0 0 0 -0.708422 0.705789
962.700000000 10.4918 20.153 0 0 0 -0.708422 0.705789
967.400000000 10.4881 19.2068 0 0 0 -0.708422 0.705789
972.400000000 10.4843 18.2235 0 0 0 -0.708422 0.705789
975.200000000 10.4803 17.156 0 0 0 -0.708422 0.705789
976.500000000 10.4765 16.1823 0 0 0 -0.708422 0.705789
977.800000000 10.4723 15.2095 0 0 0 -0.708327 0.705885
979.200000000 10.4686 14.1556 0 0 0 -0.708227 0.705985
980.500000000 10.4652 13.1816 0 0 0 -0.708133 0.706079
981.800000000 10.4621 12.2077 0 0 0 -0.708043 0.706169
983.100000000 10.4597 11.234 0 0 0 -0.708246 0.705965
984.400000000 10.4567 10.2603 0 0 0 -0.70845 0.705761
985.600000000 10.4525 9.35628 0 0 0 -0.708491 0.70572
986.900000000 10.4481 8.38227 0 0 0 -0.708526 0.705685
988.200000000 10.4439 7.40834 0 0 0 -0.708556 0.705655
989.600000000 10.4405 6.35497 0 0 0 -0.70859 0.705621
990.900000000 10.4368 5.38165 0 0 0 -0.708634 0.705576
992.300000000 10.3757 4.42344 0 0 0 -0.77014 0.637875
993.600000000 9.93492 3.78952 0 0 0 -0.908772 0.417294
994.800000000 9.30417 3.15952 0 0 0 -0.934289 0.356517
996.100000000 8.5867 2.50017 0 0 0 -0.927374 0.374136
997.500000000 7.84547 1.75368 0 0 0 -0.923372 0.383906
1004.800000000 7.15937 1.06189 0 0 0 -0.923349 0.383963
1006.100000000 6.45928 0.386914 0 0 0 -0.936737 0.350033
1007.600000000 5.50284 -0.120246 0 0 0 -0.986212 0.165484
1009.000000000 4.48637 -0.221582 0 0 0 0.999925 0.0122554
1010.300000000 3.51639 0.0381538 0 0 0 0.996197 0.0871338
1011.600000000 2.53819 0.10716 0 0 0 0.999981 0.00611396
1013.000000000 1.49762 0.0318096 0 0 0 -0.999029 0.0440546
1014.300000000 0.52636 -0.0376194 0 0 0 -0.99976 0.0219119
1015.600000000 -0.378774 -0.0836526 0 0 0 0.999983 0.005905
1016.700000000 -0.700705 0.0435194 0 0 0 0.947071 0.321023
1017.300000000 -0.621201 0.119711 0 0 0 0.812659 0.582739
1017.900000000 -0.485353 0.128742 0 0 0 0.608971 0.793193
1018.600000000 -0.380919 0.101982 0 0 0 0.318036 0.948079
1019.400000000 -0.0317791 0.0942099 0 0 0 0.0793686 0.996845
1020.900000000 0.985404 -0.0691844 0 0 0 -0.0986564 0.995122
1022.800000000 1.78096 -0.351773 0 0 0 -0.383544 0.923523
1023.500000000 1.67699 -0.416634 0 0 0 -0.648355 0.761338
1024.100000000 1.56043 -0.41319 0 0 0 -0.822727 0.568436
1024.800000000 1.39976 -0.332173 0 0 0 -0.938091 0.346388
1026.000000000 0.974408 -0.500171 0 0 0 -0.998168 0.0604954
1027.500000000 0.502307 -0.28366 0 0 0 0.974732 0.223375
1028.800000000 0.410696 -0.0514031 0 0 0 0.870099 0.492877
1029.600000000 0.533938 -0.024238 0 0 0 0.725623 0.688092
1031.100000000 0.708201 0.259157 0 0 0 0.507178 0.861841
1032.700000000 1.01562 0.426521 0 0 0 0.224432 0.97449
1033.400000000 1.02402 0.364738 0 0 0 -0.00457228 0.99999
1034.400000000 1.22561 0.136512 0 0 0 -0.291276 0.956639
1035.900000000 1.9816 -0.658841 0 0 0 -0.420088 0.907483
1037.200000000 2.7294 -1.30581 0 0 0 -0.317751 0.948174
1038.500000000 3.55087 -1.768 0 0 0 -0.215518 0.9765
1039.900000000 4.56288 -2.0533 0 0 0 -0.0844305 0.996429
1041.500000000 5.56176 -2.11885 0 0 0 0.00677526 0.999977
1044.500000000 6.50138 -2.07048 0 0 0 0.0317393 0.999496
1048.500000000 7.4694 -2.01241 0 0 0 0.019378 0.999812
1052.200000000 8.41605 -1.96745 0 0 0 0.00492079 0.999988
1056.000000000 9.40029 -1.96298 0 0 0 0.00225023 0.999997
1059.800000000 10.3845 -1.96611 0 0 0 -0.00790262 0.999969
1063.500000000 11.3355 -1.97267 0 0 0 -0.00245682 0.999997
1067.200000000 12.2917 -1.97761 0 0 0 -0.00245682 0.999997
1071.000000000 13.2664 -1.98274 0 0 0 -0.00245682 0.999997
1075.200000000 14.2714 -1.98773 0 0 0 -0.00245682 0.999997
1079.000000000 15.2569 -1.99277 0 0 0 -0.00245682 0.999997
1081.200000000 16.1886 -2.02513 0 0 0 -0.0453316 0.998972
1082.700000000 17.1587 -2.34783 0 0 0 -0.25353 0.967328
1083.400000000 17.1443 -2.51629 0 0 0 -0.517753 0.85553
1084.000000000 17.0498 -2.58643 0 0 0 -0.733931 0.679224
1084.700000000 16.9374 -2.51279 0 0 0 -0.920776 0.390091
1085.300000000 16.8723 -2.41519 0 0 0 -0.994454 0.105175
1085.900000000 16.8726 -2.29789 0 0 0 0.982006 0.188849
1086.500000000 16.9582 -2.19065 0 0 0 0.884512 0.466518
1087.100000000 16.9644 -2.1874 0 0 0 0.720456 0.693501
1087.700000000 17.1395 -2.12865 0 0 0 0.521931 0.852988
1089.300000000 17.9334 -1.29837 0 0 0 0.356962 0.934119
1090.700000000 18.6139 -0.699788 0 0 0 0.358724 0.933444
1093.800000000 19.3148 -0.0252888 0 0 0 0.376587 0.926381
1098.200000000 19.9856 0.636864 0 0 0 0.380029 0.924975
1101.800000000 20.6737 1.31675 0 0 0 0.380029 0.924975
1106.000000000 21.3655 2.00049 0 0 0 0.380029 0.924975
1110.300000000 22.0473 2.67391 0 0 0 0.380029 0.924975
1114.700000000 22.7491 3.36749 0 0 0 0.380029 0.924975
1119.100000000 23.4422 4.0423 0 0 0 0.380029 0.924975
1123.600000000 24.1228 4.72465 0 0 0 0.380029 0.924975
1127.800000000 24.7909 5.38454 0 0 0 0.380029 0.924975
1132.300000000 25.4977 6.08304 0 0 0 0.380029 0.924975
1136.400000000 26.1833 6.76046 0 0 0 0.380029 0.924975
1140.800000000 26.8651 7.43404 0 0 0 0.380029 0.924975
1144.800000000 27.5496 8.10505 0 0 0 0.372777 0.927921
1146.600000000 28.3501 8.71205 0 0 0 0.287457 0.957794
1148.300000000 29.367 9.03806 0 0 0 0.0998245 0.995005
1150.500000000 30.3232 9.00573 0 0 0 -0.132561 0.991175
1151.800000000 30.8753 8.51223 0 0 0 -0.381011 0.92457
1153.200000000 31.6154 7.71703 0 0 0 -0.415821 0.909447
1154.500000000 32.2898 7.0031 0 0 0 -0.382876 0.9238
1155.800000000 32.9636 6.32872 0 0 0 -0.378218 0.925716
1157.000000000 33.6036 5.6853 0 0 0 -0.402783 0.915296
1158.400000000 34.1883 4.82497 0 0 0 -0.519705 0.854346
1159.900000000 34.5038 3.7737 0 0 0 -0.681058 0.732229
1161.200000000 34.4308 2.80666 0 0 0 -0.762409 0.647096
1162.700000000 34.3132 1.89472 0 0 0 -0.655499 0.755196
1164.000000000 34.6478 1.30255 0 0 0 -0.430456 0.902611
1165.300000000 35.3614 0.633321 0 0 0 -0.360385 0.932804
1166.600000000 36.0541 -0.0327926 0 0 0 -0.371491 0.928437
1167.900000000 36.7351 -0.722725 0 0 0 -0.39499 0.918685
1169.300000000 37.4684 -1.49469 0 0 0 -0.367942 0.929849
1170.500000000 38.2226 -1.98349 0 0 0 -0.243389 0.969929
1171.900000000 39.3001 -2.24488 0 0 0 -0.0660745 0.997815
1173.200000000 40.2049 -2.24978 0 0 0 -0.0188915 0.999822
1174.500000000 41.1763 -2.31597 0 0 0 -0.0389664 0.999241
1175.800000000 42.1501 -2.34113 0 0 0 0.000197123 1
1177.000000000 43.1257 -2.3436 0 0 0 0.00673516 0.999977
1178.500000000 44.1759 -2.33649 0 0 0 -0.00208651 0.999998
1179.700000000 44.6118 -2.46334 0 0 0 -0.316578 0.948566
1180.300000000 44.5102 -2.53932 0 0 0 -0.579181 0.815199
1181.000000000 44.4199 -2.7416 0 0 0 -0.764168 0.645018
1182.200000000 44.0131 -3.31206 0 0 0 -0.900589 0.434672
1183.500000000 43.3165 -3.98928 0 0 0 -0.930173 0.367122
1184.900000000 42.5764 -4.58334 0 0 0 -0.965411 0.260733
1185.500000000 42.5105 -4.50394 0 0 0 0.999881 0.0154044
1186.100000000 42.5387 -4.39791 0 0 0 0.952076 0.305861
1186.800000000 42.6189 -4.37518 0 0 0 0.793874 0.608082
1187.400000000 42.709 -4.28818 0 0 0 0.605743 0.79566
1188.200000000 43.0706 -4.03559 0 0 0 0.404409 0.914578
1189.600000000 43.7896 -3.38896 0 0 0 0.328663 0.944447
1190.900000000 44.5615 -2.74358 0 0 0 0.386498 0.92229
1192.300000000 45.4062 -2.19682 0 0 0 0.20975 0.977755
1193.700000000 46.3455 -2.04814 0 0 0 0.00630013 0.99998
1195.100000000 47.3947 -2.14314 0 0 0 -0.050018 0.998748
1196.500000000 48.4452 -2.22328 0 0 0 -0.0329745 0.999456
1197.800000000 49.4191 -2.25789 0 0 0 -0.00456783 0.99999
1199.100000000 50.4428 -2.24858 0 0 0 -0.00551338 0.999985
1200.300000000 51.3046 -2.27224 0 0 0 -0.0341888 0.999415
1201.700000000 52.3563 -2.30659 0 0 0 -0.00460013 0.999989
1203.100000000 53.3609 -2.25037 0 0 0 0.0453047 0.998973
1204.300000000 53.937 -1.96312 0 0 0 0.308197 0.951323
1205.800000000 54.6612 -1.15678 0 0 0 0.427638 0.90395
1207.000000000 55.2718 -0.490362 0 0 0 0.390696 0.92052
1208.400000000 56.025 0.235385 0 0 0 0.376564 0.926391
1209.800000000 56.7787 1.0195 0 0 0 0.391957 0.919984
1211.100000000 57.3753 1.76856 0 0 0 0.482304 0.876004
1212.400000000 57.7647 2.65974 0 0 0 0.580168 0.814497
1213.900000000 57.9074 3.61904 0 0 0 0.680637 0.732621
1215.800000000 58.0183 4.67073 0 0 0 0.609472 0.792807
1217.400000000 58.6349 5.49542 0 0 0 0.365464 0.930825
1218.800000000 59.5063 5.94205 0 0 0 0.163868 0.986482
1220.200000000 60.4186 6.03444 0 0 0 -0.0603242 0.998179
1220.800000000 60.3933 5.92237 0 0 0 -0.342871 0.939382
1221.200000000 60.3304 5.8607 0 0 0 -0.520634 0.85378
1222.000000000 60.1972 5.8403 0 0 0 -0.808993 0.587818
1222.600000000 60.0958 5.89935 0 0 0 -0.945066 0.326879
1223.200000000 60.0545 5.99484 0 0 0 -0.999292 0.03763
1223.800000000 59.9546 6.13962 0 0 0 0.978543 0.206044
1225.300000000 59.2368 6.80735 0 0 0 0.918926 0.394429
1232.700000000 58.5233 7.5803 0 0 0 0.920211 0.391423
1233.900000000 57.8835 8.21822 0 0 0 0.925983 0.377565
1235.300000000 57.144 8.95647 0 0 0 0.924516 0.381143
1236.600000000 56.4514 9.64171 0 0 0 0.92363 0.383286
1237.900000000 55.7585 10.3366 0 0 0 0.92363 0.383286
1239.200000000 55.0755 11.0214 0 0 0 0.92363 0.383286
1240.500000000 54.3826 11.7162 0 0 0 0.92363 0.383286
1241.800000000 53.735 12.436 0 0 0 0.924965 0.380053
1243.000000000 52.9469 12.91 0 0 0 0.970323 0.241814
1244.400000000 51.9783 13.1888 0 0 0 0.996957 0.0779501
1246.000000000 50.9979 13.1735 0 0 0 -0.999953 0.00965716
1247.200000000 50.0906 13.2019 0 0 0 0.998322 0.0579095
1249.000000000 49.1918 13.674 0 0 0 0.95161 0.30731
1252.100000000 48.5005 14.3084 0 0 0 0.928127 0.372265
1256.900000000 47.8189 14.9971 0 0 0 0.924885 0.380247
1261.600000000 47.1319 15.6802 0 0 0 0.923172 0.384386
1264.500000000 46.5187 16.4188 0 0 0 0.891441 0.453138
1265.900000000 46.0607 17.3067 0 0 0 0.812308 0.583228
1267.500000000 46.0163 18.3102 0 0 0 0.718659 0.695362
1270.400000000 46.0759 19.2858 0 0 0 0.682232 0.731135
1275.100000000 46.118 20.2232 0 0 0 0.699417 0.714714
1279.800000000 46.1262 21.2047 0 0 0 0.705678 0.708533
1280.800000000 45.9559 21.4638 0 0 0 0.88752 0.460768
1281.600000000 45.7013 21.5256 0 0 0 0.980129 0.198359
1282.900000000 45.0449 21.5063 0 0 0 -0.997221 0.0744975
1284.600000000 44.1387 21.179 0 0 0 -0.989508 0.144481
1287.800000000 43.1943 21.1338 0 0 0 0.998747 0.0500384
1292.700000000 42.286 21.3007 0 0 0 0.995564 0.0940827
