0.300000000 0.2 0 0 0 0 0 1
5.600000000 1.256 0.0023446 0 0 0 3.73305e-05 1
7.000000000 2.28702 0.043532 0 0 0 0.0635548 0.997978
9.400000000 3.04901 0.229562 0 0 0 -0.263721 0.964599
10.000000000 2.93026 0.241417 0 0 0 -0.53802 0.842932
10.500000000 2.81167 0.234536 0 0 0 -0.72953 0.683949
11.200000000 2.71244 0.267815 0 0 0 -0.920509 0.390721
11.800000000 2.68628 0.245914 0 0 0 -0.994729 0.102539
12.500000000 2.71772 0.380766 0 0 0 0.969597 0.244707
13.100000000 2.83037 0.46676 0 0 0 0.854347 0.519703
13.600000000 2.91748 0.505244 0 0 0 0.699793 0.714346
14.300000000 3.02461 0.439348 0 0 0 0.410836 0.911709
15.000000000 3.09386 0.319331 0 0 0 0.0742579 0.997239
19.300000000 3.732 0.645796 0 0 0 0.410033 0.912071
20.400000000 3.90004 1.20987 0 0 0 0.646287 0.763094
21.700000000 3.79933 2.10223 0 0 0 0.745009 0.667054
23.100000000 3.71069 3.1619 0 0 0 0.728523 0.685021
24.400000000 3.68182 4.12439 0 0 0 0.70731 0.706904
25.800000000 3.69913 5.17662 0 0 0 0.697451 0.716632
27.200000000 3.74126 6.22932 0 0 0 0.692463 0.721453
28.500000000 3.74097 7.20012 0 0 0 0.706121 0.708091
30.000000000 3.78899 8.26963 0 0 0 0.636794 0.771034
31.500000000 4.30297 9.16498 0 0 0 0.447576 0.894246
32.900000000 4.9644 9.92261 0 0 0 0.338188 0.941079
34.100000000 5.73392 10.4023 0 0 0 0.220266 0.97544
35.600000000 6.77032 10.6455 0 0 0 0.0359471 0.999354
36.800000000 7.76688 10.5304 0 0 0 -0.0758644 0.997118
38.200000000 8.74766 10.2363 0 0 0 -0.169477 0.985534
39.400000000 9.61008 9.9162 0 0 0 -0.196905 0.980423
40.800000000 10.6216 9.6406 0 0 0 -0.0819517 0.996636
42.100000000 11.595 9.59892 0 0 0 -0.00072924 1
43.400000000 12.1006 9.73561 0 0 0 0.322191 0.946675
43.900000000 12.0042 9.80375 0 0 0 0.545867 0.837872
44.600000000 11.875 9.87475 0 0 0 0.779644 0.626223
45.800000000 11.3911 10.3527 0 0 0 0.918462 0.395509
47.000000000 10.7903 10.9719 0 0 0 0.931734 0.363142
48.400000000 10.0462 11.6965 0 0 0 0.922982 0.384843
49.800000000 9.41604 12.5464 0 0 0 0.861785 0.507273
51.100000000 9.10392 13.4673 0 0 0 0.781852 0.623464
52.400000000 9.01295 14.4665 0 0 0 0.719049 0.69496
53.600000000 9.0296 15.3745 0 0 0 0.681916 0.73143
54.900000000 9.15338 16.3374 0 0 0 0.651754 0.75843
56.300000000 9.37825 17.3677 0 0 0 0.629994 0.7766
57.700000000 9.67942 18.3563 0 0 0 0.55442 0.832237
59.000000000 10.1913 19.1831 0 0 0 0.490396 0.871499
60.300000000 10.6122 20.0746 0 0 0 0.571781 0.820406
61.300000000 10.5778 20.4453 0 0 0 0.796539 0.604587
61.900000000 10.4929 20.366 0 0 0 0.940036 0.341076
62.600000000 10.4436 20.2271 0 0 0 -0.999998 0.00199646
63.200000000 10.4805 20.115 0 0 0 -0.954816 0.297196
63.900000000 10.5938 20.0353 0 0 0 -0.795311 0.606202
64.600000000 10.7321 19.9754 0 0 0 -0.567049 0.823684
66.200000000 11.4286 19.2402 0 0 0 -0.359147 0.933281
67.500000000 12.0612 18.5519 0 0 0 -0.454966 0.890509
69.100000000 12.3455 17.7099 0 0 0 -0.726742 0.68691
69.700000000 12.2272 17.7224 0 0 0 -0.894549 0.44697
70.400000000 12.1542 17.8289 0 0 0 -0.992937 0.118641
71.000000000 12.1534 17.9599 0 0 0 0.984506 0.175354
71.700000000 12.2204 18.07 0 0 0 0.866767 0.498714
72.300000000 12.3555 18.0953 0 0 0 0.685153 0.728399
73.300000000 12.6082 18.4884 0 0 0 0.464147 0.885758
74.800000000 13.4168 19.211 0 0 0 0.336243 0.941775
76.200000000 14.1763 19.937 0 0 0 0.393188 0.919458
77.500000000 14.7655 20.71 0 0 0 0.462833 0.886445
78.800000000 15.216 21.5626 0 0 0 0.532895 0.846181
80.100000000 15.549 22.4973 0 0 0 0.593484 0.804846
81.500000000 15.8164 23.5126 0 0 0 0.628216 0.778039
82.700000000 16.0263 24.3713 0 0 0 0.580636 0.814163
84.100000000 16.5446 25.2459 0 0 0 0.422662 0.906287
85.400000000 17.2857 25.8789 0 0 0 0.312053 0.950065
86.700000000 18.142 26.3563 0 0 0 0.218611 0.975812
88.000000000 19.0678 26.6674 0 0 0 0.137413 0.990514
89.300000000 20.0043 26.9499 0 0 0 0.185227 0.982696
90.600000000 20.8063 27.4782 0 0 0 0.333273 0.94283
91.900000000 21.5298 28.1685 0 0 0 0.397291 0.917693
93.400000000 21.8755 28.7567 0 0 0 0.654218 0.756306
94.100000000 21.7363 28.7271 0 0 0 0.874089 0.485766
94.700000000 21.6677 28.6467 0 0 0 0.979247 0.202669
95.300000000 21.6549 28.5299 0 0 0 -0.995399 0.0958121
95.900000000 21.7154 28.4231 0 0 0 -0.922843 0.385177
96.500000000 21.8108 28.3486 0 0 0 -0.774585 0.632469
97.300000000 21.9535 28.1765 0 0 0 -0.547997 0.836481
98.600000000 22.5365 27.6355 0 0 0 -0.323114 0.94636
99.900000000 23.2894 27.0464 0 0 0 -0.348086 0.937462
101.200000000 23.9595 26.3585 0 0 0 -0.383128 0.923695
102.500000000 24.7045 25.7313 0 0 0 -0.323215 0.946325
103.900000000 25.5993 25.194 0 0 0 -0.247708 0.968835
105.200000000 26.4964 24.8041 0 0 0 -0.175246 0.984525
106.500000000 27.4364 24.551 0 0 0 -0.10596 0.99437
107.800000000 28.4299 24.4728 0 0 0 -0.0134074 0.99991
109.000000000 29.3539 24.478 0 0 0 0.00296328 0.999996
110.400000000 30.4063 24.4768 0 0 0 0.00400457 0.999992
111.800000000 31.4523 24.4589 0 0 0 -0.0380767 0.999275
113.300000000 32.4401 24.1269 0 0 0 -0.245362 0.969431
114.700000000 33.223 23.4457 0 0 0 -0.376991 0.926217
116.100000000 33.9649 22.7651 0 0 0 -0.335743 0.941954
117.400000000 34.4879 22.4938 0 0 0 -0.00369138 0.999993
117.900000000 34.4748 22.6382 0 0 0 0.241569 0.970384
118.500000000 34.3877 22.7214 0 0 0 0.517348 0.855775
119.200000000 34.2552 22.7386 0 0 0 0.779398 0.626529
119.900000000 34.1417 22.671 0 0 0 0.947037 0.321124
120.600000000 34.0354 22.5733 0 0 0 0.99998 0.00632242
121.400000000 33.7631 22.3986 0 0 0 -0.971574 0.236735
122.900000000 33.0707 21.6635 0 0 0 -0.888323 0.45922
124.300000000 32.6534 20.6976 0 0 0 -0.80295 0.596047
125.500000000 32.5764 19.7952 0 0 0 -0.718734 0.695285
126.900000000 32.5954 18.767 0 0 0 -0.735368 0.677668
128.300000000 32.2137 17.9259 0 0 0 -0.877627 0.479345
129.200000000 31.9736 17.7954 0 0 0 -0.982136 0.188172
129.900000000 31.9574 17.9207 0 0 0 0.987811 0.155657
130.400000000 32.0052 18.0197 0 0 0 0.920641 0.39041
131.100000000 32.102 18.0796 0 0 0 0.734648 0.678448
131.700000000 32.229 18.1921 0 0 0 0.553828 0.832631
133.200000000 32.9275 18.9011 0 0 0 0.367086 0.930187
134.400000000 33.586 19.5269 0 0 0 0.374976 0.927035
135.800000000 34.3201 20.2705 0 0 0 0.391124 0.920338
137.100000000 35.0039 20.9745 0 0 0 0.386878 0.922131
138.400000000 35.6859 21.6604 0 0 0 0.384091 0.923295
139.700000000 36.375 22.3572 0 0 0 0.384197 0.923251
141.000000000 37.0561 23.0511 0 0 0 0.394397 0.91894
142.300000000 37.6151 23.8364 0 0 0 0.499991 0.86603
143.500000000 37.8621 24.6793 0 0 0 0.628074 0.778154
144.800000000 37.9102 25.6526 0 0 0 0.722874 0.69098
146.200000000 37.7988 26.7007 0 0 0 0.742631 0.669701
147.800000000 37.9816 27.601 0 0 0 0.527543 0.849528
149.300000000 38.696 28.3355 0 0 0 0.356054 0.934465
150.600000000 39.4696 28.921 0 0 0 0.291824 0.956472
152.000000000 40.2883 29.4151 0 0 0 0.340462 0.940258
152.700000000 40.1736 29.4826 0 0 0 0.639629 0.768684
153.300000000 40.0566 29.4694 0 0 0 0.838214 0.545342
153.900000000 39.9048 29.5514 0 0 0 0.936299 0.351204
154.900000000 39.4517 29.6118 0 0 0 0.996867 0.079101
156.300000000 38.4515 29.4832 0 0 0 -0.997222 0.0744906
157.600000000 37.4801 29.338 0 0 0 -0.998992 0.0448988
158.900000000 36.5121 29.406 0 0 0 0.997926 0.0643786
160.300000000 35.4871 29.6198 0 0 0 0.996528 0.0832637
161.600000000 34.5168 29.6914 0 0 0 0.999921 0.0125573
162.800000000 33.6144 29.675 0 0 0 -0.999769 0.0214721
164.500000000 32.8912 29.4932 0 0 0 -0.931379 0.364051
165.100000000 32.985 29.4185 0 0 0 -0.787973 0.61571
165.800000000 33.0856 29.2358 0 0 0 -0.603406 0.797434
167.300000000 33.6335 28.4042 0 0 0 -0.496774 0.86788
168.600000000 33.7162 27.69 0 0 0 -0.718065 0.695976
169.900000000 33.4165 26.9259 0 0 0 -0.861888 0.507099
171.300000000 32.8308 26.0446 0 0 0 -0.85625 0.516562
172.700000000 32.6174 25.0486 0 0 0 -0.744537 0.667581
174.000000000 32.6843 24.0697 0 0 0 -0.677922 0.735134
175.200000000 32.7606 23.1737 0 0 0 -0.673253 0.739412
176.600000000 32.8108 22.1221 0 0 0 -0.704096 0.710105
177.900000000 32.7789 21.1493 0 0 0 -0.724369 0.689412
179.100000000 32.7221 20.2572 0 0 0 -0.729852 0.683606
180.500000000 32.7063 19.2059 0 0 0 -0.712365 0.701809
181.700000000 32.5153 18.3086 0 0 0 -0.795886 0.605446
182.900000000 32.1027 17.7947 0 0 0 -0.927092 0.374834
184.200000000 31.427 17.5621 0 0 0 -0.995128 0.0985963
185.500000000 30.707 17.6676 0 0 0 0.983869 0.178889
186.900000000 29.9068 18.2357 0 0 0 0.947482 0.319808
188.300000000 29.1095 18.7461 0 0 0 0.977233 0.212168
189.500000000 28.4242 18.8126 0 0 0 -0.998618 0.0525516
190.800000000 27.496 18.5148 0 0 0 -0.987313 0.158784
192.100000000 26.5501 18.2749 0 0 0 -0.993999 0.109389
193.300000000 25.6627 18.1707 0 0 0 -0.999911 0.013333
194.600000000 24.6825 18.2404 0 0 0 0.999273 0.0381172
196.000000000 23.6375 18.3037 0 0 0 0.999869 0.0161781
197.400000000 22.5871 18.2957 0 0 0 -0.99998 0.00627174
198.600000000 21.6946 18.2924 0 0 0 -0.999974 0.00726695
200.000000000 20.6421 18.2781 0 0 0 -0.999972 0.00751566
201.300000000 19.6697 18.2638 0 0 0 -0.99997 0.00778938
202.600000000 18.6986 18.2464 0 0 0 -0.999954 0.00963348
204.000000000 17.6482 18.2096 0 0 0 -0.999842 0.0177568
205.400000000 16.6008 18.2653 0 0 0 0.998676 0.0514331
207.000000000 15.6233 18.7048 0 0 0 0.954399 0.298533
208.400000000 14.9019 19.4528 0 0 0 0.914496 0.404596
209.700000000 14.2553 20.1804 0 0 0 0.900324 0.435221
211.000000000 13.7904 21.0311 0 0 0 0.836022 0.548696
212.200000000 13.5967 21.9067 0 0 0 0.750746 0.660591
213.600000000 13.6485 22.9563 0 0 0 0.665919 0.746024
215.000000000 13.725 24.0102 0 0 0 0.679749 0.733445
216.200000000 13.7839 24.904 0 0 0 0.705457 0.708753
217.600000000 13.7025 25.9567 0 0 0 0.738884 0.673832
218.900000000 13.67 26.9259 0 0 0 0.717512 0.696546
220.200000000 13.6637 27.9 0 0 0 0.705277 0.708931
221.400000000 13.6658 28.8035 0 0 0 0.709206 0.705001
222.700000000 13.8506 29.3615 0 0 0 0.465512 0.885041
223.400000000 14.0561 29.4114 0 0 0 0.230047 0.97318
224.200000000 14.1781 29.3229 0 0 0 -0.107247 0.994232
224.800000000 14.1314 29.2242 0 0 0 -0.393376 0.919378
225.400000000 14.0432 29.1625 0 0 0 -0.643765 0.765224
226.200000000 13.9065 28.9322 0 0 0 -0.829154 0.55902
227.800000000 13.1601 28.2082 0 0 0 -0.935948 0.352138
229.000000000 12.4876 27.5939 0 0 0 -0.930682 0.36583
230.300000000 11.7301 26.9706 0 0 0 -0.954459 0.298343
231.800000000 10.7712 26.6377 0 0 0 -0.994853 0.101325
234.000000000 9.7506 26.5953 0 0 0 0.999993 0.00379644
236.300000000 8.83495 26.6335 0 0 0 0.999591 0.0285976
237.700000000 7.79287 26.7017 0 0 0 0.999338 0.0363927
239.000000000 6.81177 26.7776 0 0 0 0.999033 0.043969
240.300000000 5.83402 26.8564 0 0 0 0.999496 0.0317406
241.700000000 4.81792 27.1241 0 0 0 0.979932 0.199334
242.900000000 4.35679 27.5979 0 0 0 0.88933 0.457266
244.100000000 4.20678 28.2596 0 0 0 0.742193 0.670186
245.400000000 4.42632 28.9994 0 0 0 0.541479 0.840714
246.900000000 5.11149 29.7101 0 0 0 0.314089 0.949393
248.000000000 5.59714 29.8593 0 0 0 0.0268436 0.99964
248.700000000 5.70896 29.7272 0 0 0 -0.251294 0.967911
249.400000000 5.61439 29.6294 0 0 0 -0.562116 0.827058
250.200000000 5.52396 29.5046 0 0 0 -0.804629 0.593778
251.000000000 5.25428 29.2676 0 0 0 -0.921003 0.389555
252.600000000 4.32969 28.7119 0 0 0 -0.959297 0.2824
254.000000000 3.5488 28.0237 0 0 0 -0.926936 0.375219
255.600000000 2.91719 27.38 0 0 0 -0.920647 0.390395
259.000000000 2.23241 26.6737 0 0 0 -0.921709 0.387881
263.000000000 1.55288 25.9893 0 0 0 -0.921711 0.387878
267.200000000 0.893002 25.3042 0 0 0 -0.92173 0.387833
271.300000000 0.227001 24.6128 0 0 0 -0.921747 0.387791
273.800000000 -0.182905 23.9028 0 0 0 -0.76401 0.645204
275.400000000 0.0274036 22.9355 0 0 0 -0.64555 0.763718
276.700000000 0.150708 21.97 0 0 0 -0.659825 0.751419
278.100000000 0.432121 21.0415 0 0 0 -0.531767 0.846891
279.300000000 0.800203 20.6987 0 0 0 -0.218251 0.975893
279.900000000 0.817206 20.8051 0 0 0 0.0799149 0.996802
280.500000000 0.766099 20.9097 0 0 0 0.371088 0.928598
281.100000000 0.664357 20.97 0 0 0 0.628569 0.777754
281.800000000 0.549264 20.9487 0 0 0 0.857551 0.514398
282.300000000 0.472238 20.8891 0 0 0 0.957895 0.287119
283.000000000 0.368988 20.7812 0 0 0 -0.999596 0.0284205
283.800000000 0.203648 20.5757 0 0 0 -0.952783 0.303651
285.300000000 -0.438797 19.9 0 0 0 -0.941479 0.337071
286.000000000 -0.60149 19.9358 0 0 0 -0.997813 0.0660995
287.000000000 -0.982776 20.1424 0 0 0 0.974786 0.223141
288.400000000 -1.85569 20.6981 0 0 0 0.97492 0.222556
289.600000000 -2.69492 20.9317 0 0 0 0.993858 0.110666
291.000000000 -3.74584 20.9757 0 0 0 -0.999947 0.0103339
292.300000000 -4.71759 20.9411 0 0 0 -0.999956 0.00939071
293.600000000 -5.69021 20.9171 0 0 0 0.999999 0.00126314
295.100000000 -6.7542 21.0158 0 0 0 0.992982 0.118269
296.200000000 -7.14651 21.2936 0 0 0 0.911724 0.410802
296.800000000 -7.04437 21.3495 0 0 0 0.75272 0.65834
297.500000000 -6.9317 21.3322 0 0 0 0.486035 0.873939
298.100000000 -6.84859 21.2501 0 0 0 0.210804 0.977528
298.800000000 -6.8161 21.1347 0 0 0 -0.133125 0.991099
299.400000000 -6.87469 20.9901 0 0 0 -0.403176 0.915122
300.100000000 -6.80841 20.7545 0 0 0 -0.596263 0.80279
301.700000000 -6.71757 19.7344 0 0 0 -0.647404 0.762147
303.400000000 -6.73428 18.7856 0 0 0 -0.734964 0.678106
307.300000000 -6.8624 17.8058 0 0 0 -0.748982 0.66259
308.500000000 -6.76914 17.5594 0 0 0 -0.512116 0.858916
309.100000000 -6.67727 17.6448 0 0 0 -0.23547 0.971882
309.700000000 -6.65823 17.7626 0 0 0 0.0621344 0.998068
310.400000000 -6.72177 17.8953 0 0 0 0.400192 0.916431
311.100000000 -6.83984 17.9503 0 0 0 0.690061 0.723752
312.000000000 -7.06245 18.237 0 0 0 0.864293 0.502988
313.400000000 -7.72494 18.9225 0 0 0 0.924042 0.38229
314.900000000 -8.32633 19.7936 0 0 0 0.843879 0.536534
316.300000000 -8.50932 20.7828 0 0 0 0.726781 0.686869
317.700000000 -8.36776 21.8186 0 0 0 0.629047 0.777367
319.000000000 -8.06079 22.7868 0 0 0 0.652368 0.757902
320.400000000 -8.26654 23.6713 0 0 0 0.792326 0.610098
321.800000000 -8.75788 24.3143 0 0 0 0.931908 0.362694
323.200000000 -9.60686 24.6992 0 0 0 0.989575 0.144017
324.700000000 -10.6106 24.7814 0 0 0 -0.999989 0.00475017
326.000000000 -11.5759 24.6648 0 0 0 -0.997628 0.0688368
327.400000000 -12.6284 24.5959 0 0 0 -0.999917 0.0129202
328.700000000 -13.6091 24.5956 0 0 0 0.999998 0.00176672
330.000000000 -14.5828 24.5995 0 0 0 -0.999995 0.00326694
331.400000000 -15.6328 24.5944 0 0 0 -0.999995 0.00331132
332.900000000 -16.5994 24.4121 0 0 0 -0.980899 0.194519
334.300000000 -17.3788 23.7744 0 0 0 -0.924465 0.381267
335.700000000 -18.0925 23.0245 0 0 0 -0.919035 0.394175
337.200000000 -18.8519 22.2482 0 0 0 -0.923168 0.384396
338.600000000 -19.3316 21.9593 0 0 0 -0.999038 0.0438517
339.200000000 -19.3159 22.0894 0 0 0 0.968426 0.249302
339.800000000 -19.2385 22.1782 0 0 0 0.853895 0.520445
340.500000000 -19.1149 22.2049 0 0 0 0.627661 0.778487
341.200000000 -19.0019 22.1463 0 0 0 0.328033 0.944666
341.800000000 -18.9132 22.0348 0 0 0 0.0571642 0.998365
342.500000000 -18.8416 21.9073 0 0 0 -0.239964 0.970782
343.800000000 -18.2983 21.2772 0 0 0 -0.464337 0.885659
345.200000000 -17.5614 20.6516 0 0 0 -0.279792 0.960061
346.200000000 -17.1526 20.6349 0 0 0 0.0142486 0.999898
347.600000000 -16.2512 20.837 0 0 0 0.0873833 0.996175
348.600000000 -15.9299 20.7717 0 0 0 -0.17561 0.98446
349.200000000 -16.0133 20.6755 0 0 0 -0.497462 0.867486
349.800000000 -16.1251 20.6303 0 0 0 -0.728398 0.685154
350.400000000 -16.2287 20.6739 0 0 0 -0.896202 0.443647
351.000000000 -16.3411 20.7455 0 0 0 -0.981552 0.191196
351.900000000 -16.7101 20.8279 0 0 0 0.997039 0.0768956
353.300000000 -17.6396 21.1734 0 0 0 0.985538 0.169456
354.600000000 -18.5776 21.4274 0 0 0 0.995321 0.0966222
355.900000000 -19.5508 21.4355 0 0 0 -0.999325 0.0367438
357.300000000 -20.5962 21.3045 0 0 0 -0.998724 0.0505015
358.600000000 -21.5674 21.2293 0 0 0 -0.999572 0.0292505
359.800000000 -22.4602 21.1974 0 0 0 -0.99992 0.0126571
361.100000000 -23.4438 21.1771 0 0 0 -0.999997 0.00251163
362.500000000 -24.4798 21.1573 0 0 0 -0.999227 0.0393042
364.100000000 -25.4106 21.1611 0 0 0 0.993949 0.109838
364.700000000 -25.3769 21.2621 0 0 0 0.922987 0.38483
365.300000000 -25.2779 21.3348 0 0 0 0.772097 0.635505
365.800000000 -25.1991 21.3323 0 0 0 0.591912 0.806002
366.500000000 -25.0761 21.2845 0 0 0 0.295462 0.955355
367.300000000 -24.8085 21.2567 0 0 0 0.0336763 0.999433
368.700000000 -23.8222 21.1308 0 0 0 -0.0578374 0.998326
370.100000000 -22.7548 21.1265 0 0 0 0.0326245 0.999468
371.500000000 -22.0366 21.4805 0 0 0 0.318785 0.947827
372.700000000 -21.7058 22.0683 0 0 0 0.552056 0.833807
373.900000000 -21.6476 22.7791 0 0 0 0.737387 0.675471
375.400000000 -22.0833 23.6477 0 0 0 0.889781 0.456388
376.800000000 -22.8401 24.2276 0 0 0 0.968106 0.25054
378.200000000 -23.8361 24.5009 0 0 0 0.996726 0.0808565
379.400000000 -24.741 24.516 0 0 0 -0.999859 0.016793
380.800000000 -25.3186 24.3496 0 0 0 -0.936011 0.35197
381.300000000 -25.2401 24.3001 0 0 0 -0.820094 0.572229
382.000000000 -25.1187 24.2974 0 0 0 -0.573518 0.819193
382.500000000 -25.038 24.3489 0 0 0 -0.353775 0.935331
383.100000000 -24.9985 24.4586 0 0 0 -0.061551 0.998104
383.900000000 -24.7535 24.6202 0 0 0 0.23547 0.971882
385.400000000 -24.1093 25.3157 0 0 0 0.37304 0.927815
386.800000000 -23.3439 26.0355 0 0 0 0.370189 0.928957
388.200000000 -22.5449 26.7223 0 0 0 0.338258 0.941053
389.500000000 -21.8336 27.3792 0 0 0 0.367127 0.930171
390.800000000 -21.1462 28.0773 0 0 0 0.395689 0.918385
392.500000000 -20.6422 28.7854 0 0 0 0.656975 0.753912
393.000000000 -20.7494 28.8186 0 0 0 0.81176 0.583991
394.000000000 -21.1371 29.0844 0 0 0 0.93981 0.341698
395.400000000 -22.0608 29.5617 0 0 0 0.983766 0.179455
397.100000000 -23.0004 29.6314 0 0 0 -0.987929 0.154907
397.700000000 -23.0232 29.5089 0 0 0 -0.917167 0.398502
398.300000000 -22.9321 29.4321 0 0 0 -0.768555 0.639783
399.100000000 -22.8165 29.3093 0 0 0 -0.52519 0.850985
399.800000000 -22.6416 29.2898 0 0 0 -0.271995 0.962299
401.400000000 -21.7339 29.0204 0 0 0 -0.224955 0.974369
402.700000000 -21.2818 28.5159 0 0 0 -0.506554 0.862208
403.300000000 -21.3119 28.3698 0 0 0 -0.691891 0.722002
404.000000000 -21.4489 28.2431 0 0 0 -0.861956 0.506982
405.500000000 -22.0355 27.3866 0 0 0 -0.868015 0.496539
406.900000000 -22.6454 26.613 0 0 0 -0.936502 0.350662
408.300000000 -23.5428 26.1951 0 0 0 -0.988194 0.153208
409.600000000 -24.509 26.0876 0 0 0 -0.999882 0.0153469
410.900000000 -25.4759 26.1632 0 0 0 0.99772 0.0674904
412.200000000 -26.4397 26.3424 0 0 0 0.995356 0.0962669
413.500000000 -27.3897 26.5388 0 0 0 0.994221 0.107349
414.700000000 -28.2682 26.7151 0 0 0 0.994002 0.10936
416.100000000 -29.2995 26.8675 0 0 0 0.99282 0.119616
417.500000000 -30.1641 27.3292 0 0 0 0.950535 0.310617
418.700000000 -30.8082 27.9525 0 0 0 0.919701 0.39262
420.000000000 -31.4861 28.6621 0 0 0 0.919701 0.39262
420.900000000 -31.5322 28.911 0 0 0 0.743386 0.668863
421.500000000 -31.3942 28.9554 0 0 0 0.54634 0.837563
422.900000000 -30.7546 29.6521 0 0 0 0.359803 0.933028
424.500000000 -30.0371 30.0201 0 0 0 0.0127831 0.999918
425.000000000 -30.0487 29.9252 0 0 0 -0.233311 0.972402
425.600000000 -30.0722 29.795 0 0 0 -0.47787 0.878431
427.100000000 -29.9251 28.8577 0 0 0 -0.699045 0.715078
428.800000000 -29.9956 27.8567 0 0 0 -0.684702 0.728823
430.200000000 -29.6473 26.9566 0 0 0 -0.575035 0.818129
431.100000000 -29.7616 26.6466 0 0 0 -0.783198 0.621772
432.100000000 -30.1087 26.2247 0 0 0 -0.905083 0.425236
433.600000000 -30.9102 25.4769 0 0 0 -0.93004 0.367458
435.000000000 -31.6522 24.7383 0 0 0 -0.921789 0.387693
436.300000000 -32.3246 24.0395 0 0 0 -0.918589 0.395214
437.600000000 -32.9466 23.2559 0 0 0 -0.895747 0.444565
439.000000000 -33.5036 22.3961 0 0 0 -0.872129 0.489276
440.300000000 -33.9641 21.5248 0 0 0 -0.849716 0.52724
441.600000000 -34.3936 20.6457 0 0 0 -0.842159 0.539229
443.100000000 -34.9386 19.8512 0 0 0 -0.930997 0.365028
444.600000000 -35.8169 19.545 0 0 0 -0.995928 0.0901475
445.800000000 -36.6988 19.5915 0 0 0 0.998182 0.060275
446.800000000 -36.9996 19.7962 0 0 0 0.930036 0.367467
447.600000000 -37.0084 20.0547 0 0 0 0.793179 0.608988
448.900000000 -37.1216 21.0478 0 0 0 0.732896 0.68034
450.200000000 -37.1069 21.974 0 0 0 0.67082 0.74162
450.900000000 -36.9759 21.9667 0 0 0 0.404143 0.914696
451.400000000 -36.9182 21.9112 0 0 0 0.168643 0.985677
452.000000000 -36.9132 21.7738 0 0 0 -0.125587 0.992083
452.700000000 -36.8711 21.6172 0 0 0 -0.403372 0.915036
453.800000000 -36.7061 21.0623 0 0 0 -0.648259 0.76142
455.300000000 -36.6008 20.14 0 0 0 -0.576488 0.817106
456.900000000 -35.9278 19.2901 0 0 0 -0.398663 0.917098
458.900000000 -35.2133 18.5972 0 0 0 -0.377504 0.926008
462.200000000 -34.4949 17.8918 0 0 0 -0.377505 0.926007
465.600000000 -33.7372 17.1484 0 0 0 -0.377491 0.926013
466.900000000 -33.0402 16.4647 0 0 0 -0.377477 0.926019
468.400000000 -32.3717 15.7771 0 0 0 -0.479108 0.877756
469.300000000 -32.3467 15.2708 0 0 0 -0.700234 0.713913
470.900000000 -32.6955 14.2456 0 0 0 -0.831072 0.556165
472.200000000 -33.0453 13.3365 0 0 0 -0.80202 0.597297
474.100000000 -33.141 12.3359 0 0 0 -0.705202 0.709006
478.000000000 -33.0438 11.3588 0 0 0 -0.666186 0.745786
481.100000000 -32.7048 10.3746 0 0 0 -0.478905 0.877867
482.500000000 -31.9772 9.65831 0 0 0 -0.385388 0.922755
483.800000000 -31.5229 8.78286 0 0 0 -0.529071 0.848578
485.200000000 -31.3053 7.80498 0 0 0 -0.680083 0.733135
486.300000000 -31.4202 7.33609 0 0 0 -0.866253 0.499606
487.000000000 -31.5135 7.42622 0 0 0 -0.984042 0.177937
487.600000000 -31.6057 7.50464 0 0 0 0.996369 0.085138
488.700000000 -32.0862 7.93741 0 0 0 0.944083 0.329707
490.100000000 -32.8335 8.69757 0 0 0 0.940358 0.340186
491.400000000 -33.6574 9.05062 0 0 0 0.988006 0.154413
492.900000000 -34.7503 9.10429 0 0 0 -0.999906 0.0137292
494.200000000 -35.7189 9.06001 0 0 0 -0.998835 0.0482556
495.400000000 -36.6186 8.97237 0 0 0 -0.999248 0.0387796
496.800000000 -37.6691 8.89294 0 0 0 -0.999248 0.03878
497.700000000 -37.9023 8.76221 0 0 0 -0.943652 0.330941
498.400000000 -37.7842 8.68977 0 0 0 -0.773647 0.633617
499.300000000 -37.69 8.32656 0 0 0 -0.584989 0.811041
500.700000000 -37.3062 7.37138 0 0 0 -0.592388 0.805653
501.800000000 -37.3238 6.98926 0 0 0 -0.820684 0.571382
502.500000000 -37.4429 7.07218 0 0 0 -0.965369 0.260888
503.000000000 -37.459 7.1639 0 0 0 -0.999817 0.0191529
503.600000000 -37.4485 7.26932 0 0 0 0.961604 0.274442
504.300000000 -37.3669 7.35355 0 0 0 0.811526 0.584317
504.900000000 -37.2389 7.45117 0 0 0 0.641899 0.766789
505.600000000 -37.0688 7.56473 0 0 0 0.417961 0.908465
506.900000000 -36.2871 8.12708 0 0 0 0.291576 0.956548
508.700000000 -35.4819 8.68653 0 0 0 0.261613 0.965173
510.300000000 -34.4971 8.99087 0 0 0 0.116548 0.993185
512.200000000 -33.4745 9.05332 0 0 0 0.00132809 0.999999
513.500000000 -32.4562 8.99421 0 0 0 -0.0511134 0.998693
514.900000000 -31.4524 8.84757 0 0 0 -0.033131 0.999451
516.800000000 -30.563 8.76044 0 0 0 -0.0113271 0.999936
520.800000000 -29.5649 8.83157 0 0 0 0.0243553 0.999703
524.400000000 -28.6296 8.85599 0 0 0 0.0139152 0.999903
526.900000000 -27.604 8.82915 0 0 0 -0.030891 0.999523
528.200000000 -26.6372 8.70193 0 0 0 -0.0709862 0.997477
529.600000000 -25.6059 8.62067 0 0 0 -0.0298634 0.999554
531.600000000 -24.6807 8.60001 0 0 0 0.00598857 0.999982
534.600000000 -23.676 8.61146 0 0 0 0.00607891 0.999982
537.700000000 -22.721 8.62273 0 0 0 0.00617351 0.999981
541.200000000 -21.7463 8.63419 0 0 0 0.00627305 0.99998
544.200000000 -20.7753 8.64516 0 0 0 0.00637685 0.99998
547.900000000 -19.7966 8.65679 0 0 0 0.00648543 0.999979
549.700000000 -18.8113 8.6691 0 0 0 0.00663597 0.999978
552.400000000 -17.822 8.67978 0 0 0 0.00670694 0.999978
555.900000000 -16.831 8.69076 0 0 0 0.00680567 0.999977
557.800000000 -15.8532 8.7022 0 0 0 0.00716281 0.999974
561.600000000 -14.878 8.71511 0 0 0 0.00695684 0.999976
564.100000000 -13.8955 8.72755 0 0 0 0.00675159 0.999977
566.700000000 -12.9655 8.7394 0 0 0 0.00653596 0.999979
569.300000000 -11.8887 8.69673 0 0 0 -0.0490278 0.998797
570.800000000 -10.8774 8.37369 0 0 0 -0.250082 0.968225
572.100000000 -10.1776 7.71288 0 0 0 -0.37027 0.928924
573.500000000 -9.42007 7.07198 0 0 0 -0.393955 0.91913
574.700000000 -8.74273 6.36826 0 0 0 -0.277894 0.960612
576.100000000 -7.7454 6.06794 0 0 0 -0.134231 0.99095
577.400000000 -6.76947 5.94819 0 0 0 -0.0378893 0.999282
578.500000000 -6.34957 5.80195 0 0 0 -0.306035 0.95202
579.100000000 -6.42696 5.81515 0 0 0 -0.569886 0.821724
579.900000000 -6.57164 5.63641 0 0 0 -0.794011 0.607904
580.900000000 -6.93767 5.21633 0 0 0 -0.912895 0.408195
582.300000000 -7.70908 4.53519 0 0 0 -0.927647 0.373459
583.600000000 -8.31361 3.70257 0 0 0 -0.880831 0.473431
584.900000000 -8.51312 3.00781 0 0 0 -0.726804 0.686845
586.400000000 -8.17016 2.17808 0 0 0 -0.507696 0.861536
587.700000000 -7.7288 1.27221 0 0 0 -0.57571 0.817654
589.100000000 -7.60409 0.348144 0 0 0 -0.663512 0.748165
590.600000000 -7.68178 -0.180687 0 0 0 -0.837959 0.545732
591.300000000 -7.76671 -0.162565 0 0 0 -0.97343 0.228983
591.800000000 -7.80726 -0.020315 0 0 0 0.999877 0.0156965
592.400000000 -7.78 0.0796188 0 0 0 0.95196 0.306221
593.000000000 -7.69455 0.153185 0 0 0 0.821506 0.5702
593.900000000 -7.53751 0.457195 0 0 0 0.615136 0.788421
595.300000000 -7.06241 1.2929 0 0 0 0.487646 0.873042
596.800000000 -6.57695 2.17422 0 0 0 0.578351 0.815788
598.300000000 -6.60781 3.15872 0 0 0 0.764733 0.644347
599.900000000 -6.85501 4.09061 0 0 0 0.789607 0.613613
604.200000000 -6.97411 5.06736 0 0 0 0.738083 0.67471
606.400000000 -7.01502 6.04174 0 0 0 0.708749 0.705461
607.800000000 -6.94631 7.08319 0 0 0 0.682368 0.731009
609.100000000 -6.9871 8.07187 0 0 0 0.669864 0.742484
610.700000000 -6.45127 8.93693 0 0 0 0.450878 0.892586
612.000000000 -5.88018 9.32934 0 0 0 0.174899 0.984586
613.600000000 -4.8792 9.24587 0 0 0 -0.0459916 0.998942
614.900000000 -3.92225 9.11795 0 0 0 -0.074537 0.997218
616.200000000 -2.95504 8.97177 0 0 0 -0.0709169 0.997482
617.500000000 -1.98931 8.82946 0 0 0 -0.0664933 0.997787
618.900000000 -0.938348 8.71464 0 0 0 -0.0457438 0.998953
620.200000000 -0.0119446 8.59726 0 0 0 -0.0776385 0.996982
621.500000000 0.568102 8.02959 0 0 0 -0.360976 0.932575
622.700000000 0.856236 7.47936 0 0 0 -0.600098 0.799926
624.200000000 0.730112 6.6331 0 0 0 -0.806678 0.590992
625.600000000 0.299704 5.68985 0 0 0 -0.845452 0.534052
626.900000000 0.00881988 4.80991 0 0 0 -0.779526 0.62637
628.800000000 0.0430452 3.82489 0 0 0 -0.668242 0.743944
632.800000000 0.156021 2.88918 0 0 0 -0.66564 0.746273
637.700000000 0.245189 1.92392 0 0 0 -0.68391 0.729566
642.600000000 0.28447 0.975002 0 0 0 -0.697151 0.716924
647.400000000 0.303481 0.0124187 0 0 0 -0.700274 0.713874
652.200000000 0.308108 -0.943721 0 0 0 -0.711248 0.702941
656.600000000 0.269575 -1.9021 0 0 0 -0.722812 0.691044
661.000000000 0.23408 -2.86905 0 0 0 -0.717835 0.696214
663.600000000 0.0852845 -3.92549 0 0 0 -0.777961 0.628313
664.800000000 -0.106984 -4.8036 0 0 0 -0.773632 0.633635
666.200000000 -0.204945 -5.83878 0 0 0 -0.718933 0.695079
667.600000000 -0.171285 -6.72657 0 0 0 -0.681957 0.731392
669.200000000 -0.12786 -7.81647 0 0 0 -0.697923 0.716173
670.500000000 -0.0296198 -8.81867 0 0 0 -0.720093 0.693877
671.900000000 -0.373853 -9.74408 0 0 0 -0.839152 0.543897
673.400000000 -1.06271 -10.4586 0 0 0 -0.949663 0.313272
674.900000000 -1.91502 -10.7987 0 0 0 -0.996168 0.0874576
676.400000000 -2.95418 -10.778 0 0 0 0.999555 0.0298262
677.600000000 -3.47519 -10.6138 0 0 0 0.94768 0.319222
678.200000000 -3.37886 -10.537 0 0 0 0.814196 0.580591
678.800000000 -3.25791 -10.4445 0 0 0 0.634123 0.773232
679.600000000 -3.02583 -10.3174 0 0 0 0.391914 0.920002
681.100000000 -2.10382 -9.91526 0 0 0 0.138747 0.990328
682.300000000 -1.2489 -9.87141 0 0 0 0.0171152 0.999854
690.000000000 -0.223084 -9.61227 0 0 0 0.217047 0.976161
691.400000000 0.409589 -8.97533 0 0 0 0.463978 0.885847
692.800000000 0.740566 -8.03957 0 0 0 0.630849 0.775906
694.100000000 0.698057 -7.09406 0 0 0 0.740387 0.67218
695.500000000 0.521516 -6.0503 0 0 0 0.770867 0.636996
696.800000000 0.412178 -5.08287 0 0 0 0.712291 0.701884
698.100000000 0.435271 -4.12339 0 0 0 0.688751 0.724998
699.300000000 0.487419 -3.22965 0 0 0 0.683196 0.730235
700.500000000 0.51301 -2.33332 0 0 0 0.711885 0.702296
702.000000000 0.452322 -1.20791 0 0 0 0.717899 0.696147
703.300000000 0.387259 -0.247352 0 0 0 0.7068 0.707413
704.700000000 0.401419 0.71572 0 0 0 0.711659 0.702525
706.200000000 0.284592 1.27599 0 0 0 0.910912 0.412601
706.800000000 0.240842 1.17721 0 0 0 0.992252 0.124241
707.400000000 0.262377 1.05376 0 0 0 -0.984778 0.173819
708.100000000 0.358554 0.973599 0 0 0 -0.865219 0.501395
708.700000000 0.483592 0.970916 0 0 0 -0.678535 0.734568
709.300000000 0.581464 0.970108 0 0 0 -0.430713 0.902489
710.700000000 1.29574 0.328448 0 0 0 -0.390526 0.920592
712.400000000 2.08707 -0.286386 0 0 0 -0.199009 0.979998
713.700000000 2.61563 -0.225771 0 0 0 0.0600473 0.998196
714.900000000 2.89693 -0.0544063 0 0 0 0.342847 0.939391
715.600000000 2.94145 0.10956 0 0 0 0.599734 0.8002
716.100000000 2.8819 0.108126 0 0 0 0.779348 0.626591
716.700000000 2.68308 0.0677235 0 0 0 0.929342 0.369219
717.400000000 2.61661 -0.0733618 0 0 0 0.99958 0.0289795
718.100000000 2.61953 -0.224627 0 0 0 -0.949059 0.315099
718.700000000 2.66992 -0.355535 0 0 0 -0.837369 0.546639
719.400000000 2.72294 -0.579648 0 0 0 -0.683418 0.730028
720.700000000 2.90909 -1.53946 0 0 0 -0.625964 0.779852
722.100000000 3.14991 -2.52072 0 0 0 -0.616591 0.787284
723.400000000 3.34966 -3.47847 0 0 0 -0.632286 0.774735
724.700000000 3.5156 -4.45791 0 0 0 -0.654969 0.755656
726.000000000 3.61916 -5.43194 0 0 0 -0.66962 0.742704
727.700000000 3.70563 -6.35939 0 0 0 -0.679 0.734139
731.300000000 3.74205 -7.32096 0 0 0 -0.698713 0.715402
736.100000000 3.77287 -8.27135 0 0 0 -0.698348 0.715759
740.200000000 3.76359 -9.34098 0 0 0 -0.686724 0.726918
741.600000000 4.12287 -10.1464 0 0 0 -0.477077 0.878862
742.800000000 4.81326 -10.7744 0 0 0 -0.377494 0.926012
744.200000000 5.5644 -11.5007 0 0 0 -0.374039 0.927413
745.500000000 6.2449 -12.1972 0 0 0 -0.422083 0.906557
746.700000000 6.66239 -12.9866 0 0 0 -0.55507 0.831804
748.100000000 6.8639 -14.0199 0 0 0 -0.658601 0.752493
749.600000000 6.75622 -14.7658 0 0 0 -0.875301 0.483579
750.100000000 6.68233 -14.7039 0 0 0 -0.966383 0.257108
750.700000000 6.63683 -14.602 0 0 0 0.999377 0.0352923
751.400000000 6.67941 -14.479 0 0 0 0.928862 0.370426
752.000000000 6.78599 -14.4123 0 0 0 0.780851 0.624717
752.500000000 6.88779 -14.34 0 0 0 0.632008 0.774962
753.700000000 7.22064 -13.8273 0 0 0 0.402126 0.915584
754.900000000 7.94546 -13.264 0 0 0 0.300787 0.953691
756.500000000 8.70382 -12.6348 0 0 0 0.362806 0.931865
758.400000000 9.42238 -11.9251 0 0 0 0.381321 0.924443
761.000000000 10.0773 -11.2698 0 0 0 0.381694 0.924289
764.300000000 10.8055 -10.5333 0 0 0 0.381716 0.92428
765.900000000 11.4748 -9.87529 0 0 0 0.381724 0.924277
767.400000000 12.2454 -9.10588 0 0 0 0.381737 0.924271
768.700000000 12.9297 -8.41323 0 0 0 0.381722 0.924277
770.000000000 13.6199 -7.72409 0 0 0 0.381792 0.924248
771.400000000 14.3648 -6.98064 0 0 0 0.381821 0.924236
772.600000000 14.9995 -6.34746 0 0 0 0.381814 0.924239
774.000000000 15.7443 -5.60442 0 0 0 0.381721 0.924278
775.300000000 16.4356 -4.91641 0 0 0 0.381738 0.92427
776.600000000 17.121 -4.23387 0 0 0 0.381746 0.924267
778.000000000 17.8532 -3.47752 0 0 0 0.405218 0.91422
779.600000000 18.3236 -2.71933 0 0 0 0.632536 0.774531
780.300000000 18.2166 -2.59053 0 0 0 0.821104 0.570778
782.000000000 17.4379 -1.82745 0 0 0 0.93297 0.359954
783.300000000 16.7265 -1.15282 0 0 0 0.926448 0.376423
784.500000000 16.0886 -0.523104 0 0 0 0.922128 0.386884
785.900000000 15.3724 0.24713 0 0 0 0.908717 0.417414
787.200000000 14.8715 1.07373 0 0 0 0.853646 0.520853
788.500000000 14.6072 2.00055 0 0 0 0.761761 0.647859
789.800000000 14.5512 2.98374 0 0 0 0.69234 0.721572
791.100000000 14.6187 3.95417 0 0 0 0.687099 0.726564
792.400000000 14.6726 4.92648 0 0 0 0.689345 0.724433
793.800000000 14.7088 5.97833 0 0 0 0.700776 0.713381
795.200000000 14.6887 7.03078 0 0 0 0.709121 0.705087
796.500000000 14.673 8.00449 0 0 0 0.709122 0.705086
798.300000000 14.8456 8.86433 0 0 0 0.431193 0.90226
799.500000000 15.5127 9.23663 0 0 0 0.217084 0.976153
800.900000000 16.5409 9.45701 0 0 0 0.0690259 0.997615
801.900000000 16.8139 9.38507 0 0 0 -0.27047 0.962728
802.600000000 16.7332 9.28016 0 0 0 -0.575209 0.818006
803.100000000 16.616 9.25478 0 0 0 -0.75741 0.65294
803.900000000 16.4586 9.12198 0 0 0 -0.916634 0.399727
805.100000000 15.7744 8.87077 0 0 0 -0.986182 0.165665
806.400000000 14.8121 8.58623 0 0 0 -0.980792 0.195058
807.700000000 14.0359 8.04912 0 0 0 -0.945365 0.326014
809.100000000 13.3051 7.29186 0 0 0 -0.914849 0.403797
810.400000000 12.6811 6.53621 0 0 0 -0.898014 0.439966
811.700000000 12.1564 5.70269 0 0 0 -0.883031 0.469314
813.000000000 11.5217 4.97398 0 0 0 -0.919107 0.394007
813.800000000 11.3868 5.02213 0 0 0 -0.998247 0.0591885
814.300000000 11.3875 5.12894 0 0 0 0.982839 0.184466
815.000000000 11.4695 5.22682 0 0 0 0.862041 0.506839
815.600000000 11.5714 5.26072 0 0 0 0.677182 0.735815
816.200000000 11.6826 5.2364 0 0 0 0.433676 0.901069
816.700000000 11.7366 5.14559 0 0 0 0.202418 0.979299
817.400000000 11.7686 5.03079 0 0 0 -0.141687 0.989912
818.400000000 12.136 4.65907 0 0 0 -0.381354 0.924429
820.000000000 12.7157 3.8318 0 0 0 -0.397814 0.917466
821.500000000 13.5526 3.43449 0 0 0 -0.127928 0.991784
822.900000000 14.5965 3.41371 0 0 0 0.0299944 0.99955
824.200000000 15.5599 3.54228 0 0 0 0.0814721 0.996676
825.400000000 16.4418 3.69772 0 0 0 0.0719543 0.997408
826.700000000 17.4141 3.73751 0 0 0 -0.0109467 0.99994
828.100000000 18.4626 3.64136 0 0 0 -0.0456003 0.99896
829.400000000 19.4358 3.60807 0 0 0 0.000926876 1
830.800000000 20.4893 3.62665 0 0 0 0.0117188 0.999931
832.100000000 21.4628 3.64882 0 0 0 0.00610365 0.999981
833.300000000 22.3666 3.64587 0 0 0 -0.00220614 0.999998
834.700000000 23.4091 3.63869 0 0 0 -0.00297989 0.999996
836.100000000 24.4628 3.63256 0 0 0 -0.0029763 0.999996
837.500000000 25.417 3.71814 0 0 0 0.112815 0.993616
839.000000000 26.2184 4.25046 0 0 0 0.370691 0.928756
839.900000000 26.2594 4.4827 0 0 0 0.653064 0.757303
840.600000000 26.1326 4.44465 0 0 0 0.8743 0.485386
841.100000000 26.0652 4.37537 0 0 0 0.967049 0.254589
841.900000000 25.8849 4.26152 0 0 0 -0.998002 0.063176
843.100000000 25.406 3.87399 0 0 0 -0.935029 0.354572
844.400000000 24.8231 3.15799 0 0 0 -0.903309 0.428991
845.800000000 24.2126 2.4054 0 0 0 -0.904919 0.425585
847.200000000 23.6065 1.57575 0 0 0 -0.876705 0.481029
848.800000000 23.3098 0.553441 0 0 0 -0.767816 0.64067
851.100000000 23.2568 -0.295676 0 0 0 -0.693685 0.720278
854.900000000 23.3634 -1.28181 0 0 0 -0.666709 0.745318
857.500000000 23.5374 -2.33807 0 0 0 -0.634352 0.773044
858.900000000 23.848 -3.28163 0 0 0 -0.522663 0.852539
860.300000000 24.5176 -4.06296 0 0 0 -0.372863 0.927886
861.600000000 25.2375 -4.6576 0 0 0 -0.363298 0.931673
862.800000000 25.901 -5.27067 0 0 0 -0.36331 0.931668
863.800000000 26.1677 -5.38847 0 0 0 -0.0226023 0.999745
864.400000000 26.1385 -5.27403 0 0 0 0.27393 0.96175
865.200000000 26.2383 -5.01495 0 0 0 0.516414 0.856339
866.300000000 26.2586 -4.41553 0 0 0 0.715374 0.698741
867.500000000 26.0277 -3.8704 0 0 0 0.889773 0.456404
868.000000000 25.9524 -3.94154 0 0 0 0.975314 0.220822
868.700000000 25.8665 -4.05608 0 0 0 -0.996401 0.0847606
869.500000000 25.7426 -4.21696 0 0 0 -0.924975 0.380027
871.100000000 25.3077 -5.20948 0 0 0 -0.797935 0.602744
872.400000000 25.2195 -6.1587 0 0 0 -0.720642 0.693308
874.900000000 25.2558 -7.1383 0 0 0 -0.687295 0.726379
878.400000000 25.3135 -8.05469 0 0 0 -0.682316 0.731058
882.100000000 25.3589 -9.02332 0 0 0 -0.690176 0.723642
883.500000000 25.4408 -9.97724 0 0 0 -0.687784 0.725915
885.100000000 25.8667 -10.8784 0 0 0 -0.449334 0.893364
886.000000000 26.1238 -10.9701 0 0 0 -0.151205 0.988502
886.600000000 26.1959 -10.8761 0 0 0 0.110617 0.993863
889.000000000 27.1307 -10.5226 0 0 0 -0.00171664 0.999999
890.400000000 28.1409 -10.6736 0 0 0 -0.0852469 0.99636
891.800000000 28.7887 -11.02 0 0 0 -0.403601 0.914935
892.300000000 28.6969 -11.0581 0 0 0 -0.613273 0.789871
893.200000000 28.5694 -11.3412 0 0 0 -0.825327 0.564654
894.700000000 27.8938 -12.062 0 0 0 -0.928566 0.371167
896.000000000 27.1836 -12.741 0 0 0 -0.925798 0.37802
897.300000000 26.5249 -13.451 0 0 0 -0.912778 0.408457
898.700000000 26.121 -14.325 0 0 0 -0.805896 0.592057
900.100000000 26.0517 -15.3364 0 0 0 -0.693776 0.720191
901.500000000 26.1422 -16.3866 0 0 0 -0.672761 0.73986
902.700000000 26.2132 -17.2778 0 0 0 -0.679398 0.73377
904.000000000 26.2555 -18.2512 0 0 0 -0.700465 0.713686
905.400000000 26.2096 -19.3002 0 0 0 -0.734523 0.678584
906.700000000 26.1854 -20.2828 0 0 0 -0.712371 0.701803
908.000000000 26.1763 -21.2566 0 0 0 -0.708236 0.705976
909.200000000 26.1728 -22.1503 0 0 0 -0.708231 0.70598
910.600000000 26.1634 -23.2028 0 0 0 -0.703547 0.710649
912.000000000 26.2371 -24.239 0 0 0 -0.629929 0.776653
913.300000000 26.5494 -25.1407 0 0 0 -0.567856 0.823128
914.700000000 26.8026 -26.1863 0 0 0 -0.653041 0.757322
916.200000000 26.6385 -27.0687 0 0 0 -0.823121 0.567866
917.600000000 26.0638 -27.899 0 0 0 -0.903654 0.428264
919.000000000 25.3094 -28.6325 0 0 0 -0.929214 0.369543
920.300000000 24.603 -29.3049 0 0 0 -0.924868 0.380288
921.700000000 24.196 -29.8787 0 0 0 -0.795421 0.606058
922.300000000 24.3341 -29.875 0 0 0 -0.585045 0.811001
923.000000000 24.4502 -29.7862 0 0 0 -0.270892 0.96261
923.600000000 24.4793 -29.6716 0 0 0 0.0256799 0.99967
924.200000000 24.4358 -29.5653 0 0 0 0.319377 0.947628
925.500000000 24.745 -28.8568 0 0 0 0.560957 0.827845
927.000000000 24.9034 -27.8652 0 0 0 0.693439 0.720515
928.600000000 24.6308 -26.8764 0 0 0 0.832311 0.554309
929.900000000 24.1284 -26.3512 0 0 0 0.949933 0.312455
931.500000000 23.1274 -26.0825 0 0 0 0.996994 0.0774848
934.100000000 22.2059 -26.0815 0 0 0 -0.999485 0.0320985
935.700000000 21.1397 -26.1885 0 0 0 -0.998125 0.0612131
937.000000000 20.1639 -26.302 0 0 0 -0.998074 0.0620417
939.400000000 19.22 -26.3722 0 0 0 -0.99906 0.0433452
942.400000000 18.2898 -26.4107 0 0 0 -0.999584 0.0288512
947.000000000 17.3222 -26.4367 0 0 0 -0.999885 0.0151587
949.200000000 16.3255 -26.5781 0 0 0 -0.992644 0.121069
950.600000000 15.4774 -27.0494 0 0 0 -0.946011 0.324134
952.100000000 14.6815 -27.7958 0 0 0 -0.948728 0.316092
953.400000000 13.7926 -28.1459 0 0 0 -0.99143 0.130639
954.900000000 12.8035 -28.2141 0 0 0 0.999769 0.0214821
956.700000000 11.6612 -28.0672 0 0 0 0.996748 0.0805838
959.200000000 10.6242 -27.949 0 0 0 0.999432 0.0337131
962.100000000 9.75385 -27.9492 0 0 0 -0.999845 0.017619
963.400000000 8.78292 -27.9909 0 0 0 -0.999568 0.0293938
964.700000000 7.81208 -28.0442 0 0 0 -0.999357 0.0358661
966.000000000 6.84153 -28.1017 0 0 0 -0.999197 0.0400783
967.400000000 5.69616 -28.355 0 0 0 -0.991911 0.126935
968.800000000 4.87498 -28.8476 0 0 0 -0.945212 0.326456
969.800000000 4.63429 -29.2314 0 0 0 -0.823512 0.567299
970.700000000 4.75215 -29.566 0 0 0 -0.628519 0.777794
972.300000000 5.32817 -30.4444 0 0 0 -0.398351 0.917233
973.700000000 6.10776 -31.1237 0 0 0 -0.370258 0.928929
974.600000000 6.41866 -31.2098 0 0 0 -0.0885894 0.996068
975.300000000 6.52752 -31.0885 0 0 0 0.197633 0.980276
976.000000000 6.56645 -30.933 0 0 0 0.466282 0.884636
976.600000000 6.5092 -30.8348 0 0 0 0.678946 0.734188
977.300000000 6.37745 -30.8566 0 0 0 0.889709 0.456527
978.200000000 6.00167 -30.7121 0 0 0 0.977262 0.212036
979.700000000 4.95448 -30.598 0 0 0 0.999997 0.00234445
981.000000000 3.98595 -30.6846 0 0 0 -0.998522 0.0543435
982.300000000 3.01791 -30.7921 0 0 0 -0.998761 0.0497558
983.700000000 1.96545 -30.8423 0 0 0 -0.999895 0.0145014
984.900000000 1.06173 -30.8498 0 0 0 0.999996 0.00294041
986.300000000 0.0653171 -30.9057 0 0 0 -0.996038 0.088928
987.400000000 -0.331528 -31.1701 0 0 0 -0.921614 0.388107
988.100000000 -0.206537 -31.2362 0 0 0 -0.733864 0.679296
988.700000000 -0.091333 -31.2097 0 0 0 -0.500414 0.865786
989.400000000 -0.00161592 -31.1015 0 0 0 -0.174573 0.984644
990.400000000 0.554911 -31.0518 0 0 0 0.0462564 0.99893
992.000000000 1.4893 -30.5754 0 0 0 0.310971 0.950419
993.400000000 2.11938 -29.8106 0 0 0 0.452407 0.891811
994.700000000 2.77598 -29.0898 0 0 0 0.391012 0.920386
996.100000000 3.56723 -28.3889 0 0 0 0.318778 0.947829
997.400000000 4.42797 -27.9729 0 0 0 0.174943 0.984579
998.700000000 5.38483 -27.7873 0 0 0 0.0578403 0.998326
1000.000000000 6.36034 -27.7714 0 0 0 -0.0126088 0.999921
1001.400000000 7.41157 -27.8046 0 0 0 -0.0496748 0.998765
1002.700000000 8.38017 -27.8967 0 0 0 -0.0540058 0.998541
1004.100000000 9.4264 -27.9928 0 0 0 -0.053134 0.998587
1005.500000000 10.4749 -28.0873 0 0 0 -0.0315636 0.999502
1007.000000000 11.5519 -28.2209 0 0 0 -0.12523 0.992128
1008.500000000 12.4427 -28.7732 0 0 0 -0.337799 0.941218
1009.800000000 13.1339 -29.46 0 0 0 -0.390679 0.920527
1011.200000000 13.8404 -30.2107 0 0 0 -0.420983 0.907069
1011.800000000 13.7957 -30.3104 0 0 0 -0.640914 0.767613
1012.400000000 13.7503 -30.3062 0 0 0 -0.836561 0.547874
1013.300000000 13.4508 -30.4903 0 0 0 -0.956186 0.292761
1014.700000000 12.4954 -30.8559 0 0 0 -0.990287 0.139035
1015.900000000 12.0483 -30.817 0 0 0 0.977644 0.210265
1016.600000000 12.078 -30.6625 0 0 0 0.868281 0.496073
1018.200000000 11.8599 -29.6504 0 0 0 0.707337 0.706877
1019.400000000 11.961 -28.7514 0 0 0 0.739392 0.673275
1021.000000000 11.4571 -27.8478 0 0 0 0.899568 0.43678
1022.300000000 10.8412 -27.5483 0 0 0 0.989582 0.143969
1023.800000000 9.78493 -27.5564 0 0 0 -0.99967 0.0256958
1025.200000000 8.73993 -27.6919 0 0 0 -0.997466 0.0711381
1026.400000000 7.85159 -27.7952 0 0 0 -0.995454 0.0952396
1027.700000000 6.89343 -28.0224 0 0 0 -0.995066 0.0992169
1029.100000000 5.92792 -28.1625 0 0 0 -0.998729 0.0504039
1030.800000000 4.93051 -28.215 0 0 0 -0.999999 0.00149764
1034.400000000 3.95954 -28.177 0 0 0 0.999656 0.0262441
1038.400000000 2.96238 -28.1231 0 0 0 0.99986 0.0167085
1042.200000000 1.97058 -28.1183 0 0 0 0.999991 0.00423747
1045.900000000 1.00452 -28.1191 0 0 0 -0.999999 0.00127786
1049.600000000 0.0450283 -28.1213 0 0 0 -0.999999 0.00121083
1053.300000000 -0.97012 -28.114 0 0 0 -0.999999 0.00117776
1055.000000000 -2.01019 -28.1167 0 0 0 -0.999999 0.00114219
1056.400000000 -3.06235 -28.1092 0 0 0 -0.999999 0.00111343
1057.800000000 -4.11586 -28.1019 0 0 0 -0.999999 0.00108275
1059.100000000 -5.08939 -28.1145 0 0 0 -0.999999 0.00104018
1060.400000000 -6.04677 -28.2144 0 0 0 -0.990909 0.134534
1061.800000000 -6.83217 -28.7457 0 0 0 -0.934481 0.356013
1062.800000000 -7.05454 -29.1543 0 0 0 -0.808974 0.587844
1063.600000000 -6.92624 -29.3921 0 0 0 -0.613327 0.789829
1065.000000000 -6.43674 -30.2304 0 0 0 -0.433608 0.901102
1066.400000000 -5.64696 -30.8575 0 0 0 -0.263164 0.964751
1067.900000000 -5.02842 -31.0544 0 0 0 0.057921 0.998321
1068.800000000 -4.95498 -30.8549 0 0 0 0.419139 0.907922
1069.500000000 -5.00063 -30.6985 0 0 0 0.657774 0.753215
1070.100000000 -5.11361 -30.7269 0 0 0 0.850706 0.525642
1070.700000000 -5.28091 -30.6984 0 0 0 0.952002 0.306091
1071.900000000 -5.96504 -30.6018 0 0 0 0.99828 0.0586318
1073.200000000 -6.92875 -30.5485 0 0 0 -0.99994 0.0109987
1074.400000000 -7.82033 -30.6297 0 0 0 -0.999339 0.0363646
1075.800000000 -8.86946 -30.7061 0 0 0 -0.999362 0.0357059
1077.100000000 -9.84286 -30.7578 0 0 0 -0.999982 0.00604431
1078.400000000 -10.8252 -30.7599 0 0 0 0.999981 0.00624022
1080.000000000 -11.5052 -30.878 0 0 0 -0.942291 0.334794
1080.600000000 -11.4074 -30.9388 0 0 0 -0.80162 0.597834
1081.200000000 -11.2892 -30.9378 0 0 0 -0.589124 0.808043
1081.900000000 -11.1805 -30.8547 0 0 0 -0.276262 0.961082
1082.600000000 -11.0836 -30.7682 0 0 0 0.0377481 0.999287
1083.800000000 -10.447 -30.4246 0 0 0 0.275755 0.961228
1085.300000000 -9.78321 -29.6413 0 0 0 0.468184 0.883631
1086.600000000 -9.139 -28.91 0 0 0 0.396869 0.917875
1088.000000000 -8.42525 -28.1486 0 0 0 0.457146 0.889392
1089.400000000 -8.10209 -27.1798 0 0 0 0.607176 0.794567
1091.000000000 -8.03629 -26.2326 0 0 0 0.707311 0.706902
1092.200000000 -7.78692 -25.6052 0 0 0 0.496992 0.867755
1093.600000000 -7.08654 -24.8629 0 0 0 0.368587 0.929593
1095.000000000 -6.35181 -24.1099 0 0 0 0.412031 0.91117
1096.400000000 -5.74618 -23.253 0 0 0 0.486546 0.873655
1103.800000000 -5.31264 -22.3565 0 0 0 0.559149 0.829067
1105.000000000 -5.0314 -21.4268 0 0 0 0.61265 0.790354
1106.400000000 -4.87669 -20.4423 0 0 0 0.661383 0.750048
1107.700000000 -4.83946 -19.4223 0 0 0 0.704745 0.70946
1108.900000000 -4.84538 -18.516 0 0 0 0.705087 0.709121
1110.300000000 -4.85338 -17.4908 0 0 0 0.711899 0.702281
1111.600000000 -4.86111 -16.5105 0 0 0 0.712924 0.701242
1112.900000000 -4.86361 -15.5416 0 0 0 0.710157 0.704044
1114.200000000 -4.77954 -14.5557 0 0 0 0.63619 0.771532
1115.500000000 -4.42087 -13.6549 0 0 0 0.511162 0.859484
1117.000000000 -3.66384 -12.8568 0 0 0 0.387683 0.921793
1118.300000000 -2.99826 -12.159 0 0 0 0.378858 0.925455
1119.700000000 -2.25747 -11.4085 0 0 0 0.38601 0.922495
1120.900000000 -1.62787 -10.7674 0 0 0 0.386007 0.922496
1122.300000000 -0.893535 -10.0117 0 0 0 0.386009 0.922495
1123.800000000 -0.131464 -9.24653 0 0 0 0.435286 0.900292
1125.200000000 0.234979 -8.43845 0 0 0 0.567723 0.82322
1126.000000000 0.13266 -8.38234 0 0 0 0.818413 0.57463
1126.500000000 0.0381063 -8.43376 0 0 0 0.934914 0.354875
1127.200000000 -0.000599486 -8.5615 0 0 0 0.999926 0.0121842
1127.800000000 -0.0973991 -8.69854 0 0 0 -0.9759 0.218216
1128.800000000 -0.315064 -9.03351 0 0 0 -0.865391 0.501097
1130.500000000 -0.424003 -9.87338 0 0 0 -0.828658 0.559755
1132.000000000 -0.829872 -10.2199 0 0 0 -0.957338 0.288969
1132.800000000 -0.865952 -10.1128 0 0 0 -0.999999 0.00166452
1133.600000000 -0.871488 -9.9859 0 0 0 0.95807 0.286536
1135.600000000 -1.82171 -9.73096 0 0 0 0.999906 0.0136988
1137.200000000 -2.49181 -10.0214 0 0 0 -0.962336 0.271862
1138.400000000 -2.59578 -10.2303 0 0 0 -0.844401 0.535712
1139.400000000 -2.53283 -10.2441 0 0 0 -0.647278 0.762254
1140.300000000 -2.38371 -10.1982 0 0 0 -0.412011 0.911179
1141.200000000 -2.3269 -10.1021 0 0 0 -0.144813 0.989459
1141.900000000 -2.32253 -10.0126 0 0 0 0.14619 0.989257
1142.400000000 -2.36131 -9.90762 0 0 0 0.356346 0.934354
1143.100000000 -2.4671 -9.84404 0 0 0 0.619658 0.784872
1143.800000000 -2.58687 -9.87602 0 0 0 0.827476 0.561501
1144.400000000 -2.65153 -9.92139 0 0 0 0.943987 0.329984
1145.000000000 -2.68468 -10.0338 0 0 0 0.997184 0.0749879
1146.700000000 -3.72017 -10.2656 0 0 0 -0.993178 0.116611
1148.400000000 -4.18096 -10.5176 0 0 0 -0.915778 0.401685
1149.500000000 -4.08462 -10.6013 0 0 0 -0.757702 0.652601
1151.200000000 -3.95123 -11.1514 0 0 0 -0.57775 0.816214
1152.300000000 -3.82022 -11.1789 0 0 0 -0.300564 0.953762
1153.100000000 -3.77799 -11.0788 0 0 0 -0.0369357 0.999318
1154.200000000 -3.5077 -10.9267 0 0 0 0.228168 0.973622
1155.400000000 -3.32148 -10.6015 0 0 0 0.488728 0.872436
1156.300000000 -3.42205 -10.575 0 0 0 0.736858 0.676047
1157.100000000 -3.53279 -10.6175 0 0 0 0.897908 0.440182
1157.800000000 -3.60163 -10.7135 0 0 0 0.989278 0.146042
1158.400000000 -3.5904 -10.8237 0 0 0 -0.988284 0.152623
1159.000000000 -3.52316 -10.9205 0 0 0 -0.899007 0.437935
1159.700000000 -3.41259 -10.9604 0 0 0 -0.693883 0.720087
1160.300000000 -3.30099 -10.9291 0 0 0 -0.450089 0.892984
1160.900000000 -3.22735 -10.8319 0 0 0 -0.166736 0.986002
1161.600000000 -3.15802 -10.6991 0 0 0 0.148816 0.988865
1163.000000000 -2.19254 -10.3137 0 0 0 0.183394 0.983039
1164.300000000 -1.93609 -10.3528 0 0 0 -0.139227 0.99026
1165.100000000 -1.98444 -10.4448 0 0 0 -0.392939 0.919565
1167.100000000 -1.51156 -11.437 0 0 0 -0.396304 0.91812
1168.000000000 -1.20758 -11.3394 0 0 0 -0.0677038 0.997705
1168.600000000 -1.25711 -11.2037 0 0 0 0.227886 0.973688
1169.300000000 -1.32094 -11.074 0 0 0 0.52638 0.850249
1170.300000000 -1.32093 -10.5847 0 0 0 0.723093 0.69075
1171.400000000 -1.57523 -10.0783 0 0 0 0.884587 0.466375
1172.300000000 -1.66345 -10.1512 0 0 0 0.971334 0.23772
1173.400000000 -1.71641 -10.2546 0 0 0 -0.99703 0.077008
1175.000000000 -2.69492 -10.568 0 0 0 -0.997005 0.0773345
1176.400000000 -3.75302 -10.5657 0 0 0 0.999303 0.037325
1177.700000000 -4.71631 -10.3966 0 0 0 0.995192 0.0979435
1179.000000000 -5.68226 -10.2491 0 0 0 0.998233 0.0594237
1180.900000000 -6.62773 -10.2376 0 0 0 -0.999955 0.00950402
1184.300000000 -7.55501 -10.2755 0 0 0 -0.999594 0.0284802
1188.400000000 -8.52043 -10.3275 0 0 0 -0.999826 0.0186371
1192.300000000 -9.4981 -10.3444 0 0 0 -0.999987 0.00517859
1196.100000000 -10.4894 -10.35 0 0 0 -0.999996 0.00292574
1197.900000000 -11.5648 -10.3559 0 0 0 -0.999996 0.00292618
1199.200000000 -12.5033 -10.3008 0 0 0 0.998548 0.0538764
1200.600000000 -13.4186 -10.0101 0 0 0 0.962985 0.269554
1202.000000000 -14.172 -9.25165 0 0 0 0.921476 0.388436
1203.400000000 -14.7325 -8.51469 0 0 0 0.850939 0.525265
1204.000000000 -14.6492 -8.52858 0 0 0 0.659622 0.751598
1204.500000000 -14.5489 -8.51792 0 0 0 0.457851 0.889029
1205.200000000 -14.4602 -8.61453 0 0 0 0.131004 0.991382
1205.800000000 -14.4603 -8.73059 0 0 0 -0.163587 0.986529
1206.500000000 -14.5209 -8.83108 0 0 0 -0.486913 0.873451
1207.100000000 -14.6509 -8.86967 0 0 0 -0.719111 0.694895
1207.900000000 -14.8394 -9.05553 0 0 0 -0.882864 0.469628
1209.500000000 -15.6731 -9.58327 0 0 0 -0.966867 0.255281
1210.900000000 -16.4757 -10.2725 0 0 0 -0.925954 0.377637
1212.200000000 -17.1394 -10.977 0 0 0 -0.921351 0.388732
1213.500000000 -17.8443 -11.6794 0 0 0 -0.923211 0.384294
1214.800000000 -18.4832 -12.404 0 0 0 -0.903953 0.427632
1216.200000000 -18.9601 -13.2816 0 0 0 -0.805958 0.591972
1217.700000000 -18.9266 -14.3396 0 0 0 -0.67067 0.741756
1219.000000000 -18.7334 -15.322 0 0 0 -0.638072 0.769977
1220.300000000 -18.615 -16.2675 0 0 0 -0.673917 0.738807
1221.600000000 -18.6113 -17.2156 0 0 0 -0.734945 0.678126
1222.300000000 -18.7777 -17.2476 0 0 0 -0.909839 0.414961
1222.900000000 -18.8091 -17.1443 0 0 0 -0.991223 0.132198
1223.500000000 -18.8106 -17.0085 0 0 0 0.986728 0.162382
1224.200000000 -18.7707 -16.9279 0 0 0 0.87322 0.487325
1224.700000000 -18.6408 -16.8761 0 0 0 0.72946 0.684024
1225.400000000 -18.5249 -16.8938 0 0 0 0.454278 0.89086
1226.300000000 -18.1071 -16.6617 0 0 0 0.253847 0.967244
1227.600000000 -17.4221 -16.5963 0 0 0 -0.0467585 0.998906
1228.300000000 -17.4661 -16.7184 0 0 0 -0.381976 0.924172
1228.800000000 -17.5455 -16.7725 0 0 0 -0.595847 0.803098
1229.500000000 -17.6676 -16.8577 0 0 0 -0.81417 0.580627
1230.800000000 -18.2319 -17.4283 0 0 0 -0.92549 0.378772
1232.100000000 -18.9547 -18.0921 0 0 0 -0.929456 0.368934
1233.500000000 -19.6719 -18.8499 0 0 0 -0.921303 0.388844
1234.800000000 -20.3486 -19.5411 0 0 0 -0.916408 0.400244
1236.100000000 -20.913 -20.3329 0 0 0 -0.870487 0.492191
1237.500000000 -21.2356 -21.3128 0 0 0 -0.769362 0.638814
1238.800000000 -21.213 -22.2759 0 0 0 -0.653386 0.757025
1240.000000000 -21.0024 -23.1473 0 0 0 -0.645108 0.764091
1241.400000000 -20.9821 -24.1999 0 0 0 -0.722532 0.691337
1242.700000000 -21.0565 -25.1683 0 0 0 -0.737691 0.675139
1244.100000000 -21.1155 -26.2102 0 0 0 -0.716556 0.69753
1245.600000000 -20.9898 -27.179 0 0 0 -0.575865 0.817545
1247.000000000 -20.4088 -27.882 0 0 0 -0.382372 0.924008
1248.400000000 -19.6342 -28.5871 0 0 0 -0.372948 0.927852
1249.700000000 -18.9538 -29.2843 0 0 0 -0.397273 0.9177
1251.000000000 -18.306 -30.0113 0 0 0 -0.420698 0.907201
1252.200000000 -17.6601 -30.6337 0 0 0 -0.328405 0.944537
1253.900000000 -16.9205 -30.9918 0 0 0 0.0185715 0.999828
1254.500000000 -16.9596 -30.8803 0 0 0 0.313211 0.949683
1255.100000000 -17.0549 -30.8003 0 0 0 0.579873 0.814707
1255.700000000 -17.1748 -30.7304 0 0 0 0.770861 0.637004
1256.500000000 -17.3545 -30.5915 0 0 0 0.92166 0.387997
1257.400000000 -17.7298 -30.557 0 0 0 0.990576 0.136967
1258.700000000 -18.6868 -30.3261 0 0 0 0.997552 0.0699237
1260.100000000 -19.7299 -30.2262 0 0 0 0.993517 0.113679
1261.400000000 -20.6461 -29.8768 0 0 0 0.990138 0.140096
1262.700000000 -21.6088 -29.7244 0 0 0 0.998781 0.049355
1264.000000000 -22.5828 -29.7365 0 0 0 -0.999661 0.0260343
1265.500000000 -23.6283 -29.8337 0 0 0 0.999128 0.041748
1266.500000000 -24.0205 -29.553 0 0 0 0.955151 0.296119
1268.000000000 -24.6397 -28.7338 0 0 0 0.862829 0.505496
1269.300000000 -25.0105 -27.8236 0 0 0 0.812656 0.582743
1270.600000000 -25.4291 -26.9628 0 0 0 0.881598 0.472001
1271.900000000 -26.108 -26.2556 0 0 0 0.924853 0.380325
1273.200000000 -26.8156 -25.5725 0 0 0 0.928573 0.371151
1274.600000000 -27.5686 -24.8572 0 0 0 0.926869 0.375384
1275.900000000 -28.3211 -24.2331 0 0 0 0.95564 0.294536
1277.300000000 -29.1874 -23.7977 0 0 0 0.966083 0.25823
1278.000000000 -29.1782 -23.665 0 0 0 0.840523 0.541776
1278.500000000 -29.0745 -23.5692 0 0 0 0.700526 0.713627
1280.100000000 -28.6578 -22.671 0 0 0 0.520484 0.853871
1281.400000000 -28.3178 -21.7749 0 0 0 0.602026 0.798476
1282.900000000 -28.2471 -20.8283 0 0 0 0.713513 0.700642
1283.800000000 -28.3761 -20.6873 0 0 0 0.907581 0.419877
1284.400000000 -28.4403 -20.7968 0 0 0 0.991128 0.132909
1285.000000000 -28.6086 -20.8562 0 0 0 -0.997076 0.0764212
1286.100000000 -29.0572 -21.2081 0 0 0 -0.940301 0.340344
1287.600000000 -29.8059 -22.0109 0 0 0 -0.917541 0.397641
1288.900000000 -30.4938 -22.6993 0 0 0 -0.928917 0.370287
1290.400000000 -31.1401 -23.5619 0 0 0 -0.854956 0.518701
1291.800000000 -31.3533 -24.5437 0 0 0 -0.738333 0.674436
1293.000000000 -31.24 -25.4414 0 0 0 -0.659929 0.751328
1294.300000000 -31.183 -26.4124 0 0 0 -0.684983 0.728559
1295.600000000 -31.1609 -27.3862 0 0 0 -0.703866 0.710333
1296.900000000 -31.1629 -28.3606 0 0 0 -0.708202 0.70601
1298.300000000 -31.1483 -29.4145 0 0 0 -0.70336 0.710834
1299.600000000 -31.1465 -30.3871 0 0 0 -0.702121 0.712058
1301.100000000 -31.2285 -31.4471 0 0 0 -0.77883 0.627235
1302.500000000 -31.6549 -32.1495 0 0 0 -0.925144 0.379615
1303.100000000 -31.6866 -32.0514 0 0 0 -0.995508 0.0946798
1303.700000000 -31.7028 -31.935 0 0 0 0.979947 0.199257
1304.300000000 -31.6373 -31.8481 0 0 0 0.879312 0.476246
1305.100000000 -31.5612 -31.6708 0 0 0 0.681901 0.731444
1306.800000000 -31.2592 -30.646 0 0 0 0.632598 0.77448
1308.100000000 -31.1532 -29.6661 0 0 0 0.695786 0.71825
1309.400000000 -31.1562 -28.6856 0 0 0 0.71849 0.695537
1310.900000000 -31.0546 -27.6498 0 0 0 0.609617 0.792696
1312.400000000 -30.4796 -26.7731 0 0 0 0.42299 0.906134
1313.700000000 -29.7939 -26.0941 0 0 0 0.355615 0.934633
1315.200000000 -29.1224 -25.2981 0 0 0 0.500827 0.865547
1316.700000000 -28.936 -24.3067 0 0 0 0.694493 0.719499
1318.200000000 -29.0621 -23.2304 0 0 0 0.758635 0.651515
1321.600000000 -29.176 -22.252 0 0 0 0.734052 0.679094
1325.000000000 -29.2156 -21.2804 0 0 0 0.713762 0.700388
1328.700000000 -29.2209 -20.3158 0 0 0 0.708854 0.705356
1331.700000000 -29.2257 -19.3598 0 0 0 0.709178 0.705029
1334.500000000 -29.2076 -18.3602 0 0 0 0.69539 0.718632
1338.300000000 -29.1926 -17.3813 0 0 0 0.703652 0.710545
1341.800000000 -29.2327 -16.422 0 0 0 0.771932 0.635705
1343.100000000 -29.6216 -15.5387 0 0 0 0.867701 0.497086
1344.400000000 -30.292 -14.8492 0 0 0 0.93672 0.35008
1345.800000000 -31.0551 -14.1358 0 0 0 0.928427 0.371516
1347.100000000 -31.7489 -13.4505 0 0 0 0.92283 0.385207
1348.500000000 -32.489 -12.7026 0 0 0 0.922833 0.385201
1349.800000000 -33.1315 -11.9401 0 0 0 0.902728 0.430212
1351.000000000 -33.6357 -11.1793 0 0 0 0.870365 0.492407
1352.400000000 -34.0564 -10.2256 0 0 0 0.825099 0.564989
1353.700000000 -34.3208 -9.2996 0 0 0 0.784545 0.620072
1355.100000000 -34.4461 -8.33948 0 0 0 0.730991 0.682388
1356.700000000 -34.5233 -7.46134 0 0 0 0.741749 0.670677
1358.300000000 -34.9737 -6.53134 0 0 0 0.896712 0.442614
1359.600000000 -35.6319 -6.14329 0 0 0 0.981744 0.190209
1361.000000000 -36.4854 -6.14483 0 0 0 -0.996779 0.0801954
1362.500000000 -37.3072 -6.62983 0 0 0 -0.938758 0.344578
1364.000000000 -37.8369 -7.50072 0 0 0 -0.830498 0.557021
1364.900000000 -37.7715 -7.71908 0 0 0 -0.599722 0.800209
1365.400000000 -37.6831 -7.6737 0 0 0 -0.383638 0.923483
1366.100000000 -37.6175 -7.54888 0 0 0 -0.0430076 0.999075
1366.700000000 -37.6446 -7.42325 0 0 0 0.253797 0.967257
1367.400000000 -37.7318 -7.34992 0 0 0 0.570232 0.821484
1368.000000000 -37.8337 -7.22998 0 0 0 0.752489 0.658605
1369.000000000 -38.149 -6.91404 0 0 0 0.908621 0.417622
1370.300000000 -38.7352 -6.57933 0 0 0 0.992373 0.12327
1370.900000000 -38.7311 -6.69689 0 0 0 -0.984305 0.176474
1371.500000000 -38.6595 -6.79053 0 0 0 -0.88818 0.459496
1372.100000000 -38.5479 -6.82676 0 0 0 -0.713117 0.701045
1372.700000000 -38.4352 -6.79385 0 0 0 -0.474078 0.880483
1373.300000000 -38.3619 -6.70318 0 0 0 -0.192712 0.981255
1374.100000000 -38.1729 -6.61103 0 0 0 0.112865 0.99361
1375.000000000 -37.8193 -6.30283 0 0 0 0.342377 0.939563
1382.400000000 -37.2643 -5.39036 0 0 0 0.485216 0.874394
1383.600000000 -36.6406 -4.71602 0 0 0 0.389386 0.921075
1385.000000000 -35.8978 -3.98844 0 0 0 0.376031 0.926607
1386.200000000 -35.2548 -3.34127 0 0 0 0.38445 0.923146
1387.700000000 -34.4626 -2.55033 0 0 0 0.386012 0.922494
1389.000000000 -33.7863 -1.84038 0 0 0 0.394406 0.918936
1390.300000000 -33.1846 -1.05756 0 0 0 0.491068 0.871121
1391.800000000 -32.894 -0.134391 0 0 0 0.636963 0.770894
1393.100000000 -32.9099 0.835157 0 0 0 0.738526 0.674225
1394.400000000 -33.0956 1.8643 0 0 0 0.788972 0.61443
1396.400000000 -33.1724 2.89774 0 0 0 0.709557 0.704648
1399.800000000 -33.1339 3.83148 0 0 0 0.688876 0.72488
1404.200000000 -33.0891 4.79258 0 0 0 0.691947 0.721948
1408.800000000 -33.0732 5.76589 0 0 0 0.703144 0.711047
1413.600000000 -33.0678 6.72755 0 0 0 0.704846 0.70936
1418.500000000 -33.062 7.7009 0 0 0 0.704767 0.709439
1423.400000000 -33.0559 8.67778 0 0 0 0.704681 0.709524
1426.300000000 -33.0489 9.68296 0 0 0 0.704667 0.709538
1427.500000000 -33.041 10.8341 0 0 0 0.704661 0.709544
1429.200000000 -33.0341 11.8579 0 0 0 0.704651 0.709554
1430.500000000 -33.0272 12.8316 0 0 0 0.704639 0.709566
1431.300000000 -32.9043 13.0012 0 0 0 0.466864 0.884329
1432.000000000 -32.8134 12.9092 0 0 0 0.141041 0.990004
1432.700000000 -32.7842 12.7702 0 0 0 -0.184597 0.982814
1433.400000000 -32.7858 12.6175 0 0 0 -0.468855 0.883275
1434.200000000 -32.9501 12.5875 0 0 0 -0.736868 0.676036
1435.500000000 -33.1125 11.6219 0 0 0 -0.75537 0.655299
1437.300000000 -32.9237 10.4589 0 0 0 -0.585762 0.810483
1438.700000000 -32.4444 9.83475 0 0 0 -0.35563 0.934627
1440.200000000 -31.7425 9.62287 0 0 0 -0.108375 0.99411
1441.900000000 -31.16 9.33346 0 0 0 -0.382604 0.923913
1442.900000000 -30.9495 8.80715 0 0 0 -0.593394 0.804912
1444.200000000 -31.0458 8.1023 0 0 0 -0.804276 0.594256
1445.900000000 -31.474 7.60093 0 0 0 -0.933323 0.359038
1448.000000000 -32.2804 6.94534 0 0 0 -0.934202 0.356745
1449.200000000 -32.4503 6.62862 0 0 0 -0.768372 0.640004
1449.700000000 -32.3409 6.63924 0 0 0 -0.587266 0.809394
1450.300000000 -32.2552 6.70805 0 0 0 -0.320301 0.947316
1451.100000000 -32.0832 6.78143 0 0 0 0.0134779 0.999909
1451.700000000 -32.0167 6.84266 0 0 0 0.249138 0.968468
1452.600000000 -31.9138 7.22226 0 0 0 0.49605 0.868294
1453.900000000 -31.3223 8.11283 0 0 0 0.481396 0.876503
1455.400000000 -30.9213 8.53521 0 0 0 0.189604 0.981861
1456.200000000 -30.9371 8.51855 0 0 0 -0.147762 0.989023
1456.800000000 -31.0174 8.39203 0 0 0 -0.404721 0.91444
1457.300000000 -31.085 8.36309 0 0 0 -0.615738 0.787951
1457.900000000 -31.1818 8.34535 0 0 0 -0.819715 0.572771
1458.600000000 -31.3034 8.25111 0 0 0 -0.957283 0.289151
