0.300000000 0.2 0 0 0 0 0 1
8.500000000 0.984933 -0.132839 0 0 0 -0.343478 0.939161
9.100000000 0.886275 -0.190975 0 0 0 -0.6052 0.796074
9.700000000 0.768318 -0.187512 0 0 0 -0.813431 0.581661
10.300000000 0.672905 -0.117863 0 0 0 -0.948998 0.315284
11.000000000 0.633512 0.00352872 0 0 0 0.999554 0.0298681
11.600000000 0.678312 0.11934 0 0 0 0.946279 0.32335
12.200000000 0.775156 0.187335 0 0 0 0.808457 0.588555
12.800000000 0.892984 0.188611 0 0 0 0.598441 0.801167
13.400000000 0.980924 0.13282 0 0 0 0.334972 0.942228
14.100000000 1.03449 0.00339919 0 0 0 -0.00901861 0.999959
14.600000000 0.997476 -0.108861 0 0 0 -0.255534 0.9668
17.900000000 1.19428 -0.0916253 0 0 0 0.0396259 0.999215
19.700000000 2.13257 0.230717 0 0 0 0.0767624 0.997049
22.400000000 3.08458 0.164547 0 0 0 -0.062054 0.998073
24.100000000 4.1195 0.0288792 0 0 0 -0.0678519 0.997695
25.100000000 4.48822 0.172159 0 0 0 0.200421 0.97971
26.500000000 5.21779 0.800645 0 0 0 0.395209 0.918591
28.600000000 5.88446 1.56076 0 0 0 0.407643 0.913141
30.100000000 6.49253 2.31845 0 0 0 0.452011 0.892012
32.100000000 6.91963 3.22167 0 0 0 0.58855 0.808461
35.100000000 6.99802 4.26815 0 0 0 0.72235 0.691527
36.400000000 6.73035 5.16808 0 0 0 0.833734 0.552166
37.800000000 6.1221 6.02882 0 0 0 0.911248 0.411857
39.000000000 5.43242 6.59121 0 0 0 0.954694 0.29759
40.400000000 4.49032 6.93986 0 0 0 0.994681 0.103001
41.800000000 3.46381 6.99052 0 0 0 -0.997547 0.0699942
43.100000000 2.57563 6.66314 0 0 0 -0.969639 0.24454
43.800000000 2.60903 6.52696 0 0 0 -0.847138 0.531373
44.400000000 2.72341 6.51466 0 0 0 -0.652168 0.758074
45.000000000 2.82978 6.56659 0 0 0 -0.399034 0.916936
45.600000000 2.87797 6.66981 0 0 0 -0.110227 0.993906
46.200000000 2.87884 6.67267 0 0 0 0.138591 0.99035
47.600000000 3.48294 7.25276 0 0 0 0.39894 0.916977
48.900000000 4.2411 7.98011 0 0 0 0.394572 0.918865
49.900000000 4.49263 8.04676 0 0 0 0.0522085 0.998636
50.500000000 4.48965 7.93045 0 0 0 -0.240742 0.970589
51.200000000 4.43297 7.84284 0 0 0 -0.555624 0.831434
51.800000000 4.28627 7.82283 0 0 0 -0.773597 0.633678
52.400000000 4.17804 7.88026 0 0 0 -0.924573 0.381004
53.000000000 4.07311 8.03014 0 0 0 -0.993083 0.117418
53.600000000 3.93413 8.02671 0 0 0 0.99378 0.111362
54.700000000 3.51671 8.41727 0 0 0 0.928131 0.372254
56.200000000 2.80305 9.24151 0 0 0 0.915396 0.402555
57.500000000 2.1162 9.93725 0 0 0 0.925174 0.379543
58.800000000 1.47322 10.6588 0 0 0 0.899696 0.436517
60.300000000 1.02115 11.6297 0 0 0 0.803363 0.59549
61.900000000 0.942985 12.6995 0 0 0 0.698407 0.715701
64.200000000 1.00054 13.7368 0 0 0 0.687559 0.726128
65.400000000 1.05623 14.6291 0 0 0 0.681977 0.731373
66.800000000 1.13095 15.6799 0 0 0 0.680896 0.73238
68.100000000 1.21256 16.5974 0 0 0 0.678453 0.734644
69.900000000 1.54473 17.5521 0 0 0 0.49955 0.866285
72.400000000 2.21815 18.2986 0 0 0 0.374561 0.927202
73.800000000 3.02971 18.8316 0 0 0 0.23582 0.971797
76.300000000 3.94811 19.0771 0 0 0 0.07873 0.996896
79.000000000 4.90091 19.4344 0 0 0 0.292425 0.956288
80.300000000 5.48156 20.1001 0 0 0 0.395489 0.918471
81.500000000 6.21672 20.7616 0 0 0 0.394786 0.918773
82.900000000 6.95297 21.5145 0 0 0 0.382046 0.924143
84.300000000 7.20152 22.1926 0 0 0 0.626699 0.779261
85.800000000 7.07279 23.1916 0 0 0 0.791064 0.611733
87.100000000 6.84893 24.138 0 0 0 0.774116 0.633044
88.700000000 6.7582 25.1708 0 0 0 0.724161 0.689631
91.500000000 6.75535 26.1627 0 0 0 0.701133 0.71303
95.900000000 6.79816 27.1383 0 0 0 0.699829 0.71431
98.400000000 6.79015 28.0731 0 0 0 0.717822 0.696227
99.900000000 6.53977 29.1413 0 0 0 0.82365 0.567099
101.300000000 5.9614 29.9994 0 0 0 0.905238 0.424904
102.700000000 5.16228 30.679 0 0 0 0.957636 0.287981
104.100000000 4.23311 30.9697 0 0 0 0.996909 0.0785604
105.500000000 3.20286 30.9607 0 0 0 -0.995629 0.0933933
107.300000000 2.24085 30.902 0 0 0 0.986711 0.162483
108.700000000 1.59553 31.4955 0 0 0 0.911843 0.41054
110.000000000 1.13424 32.3317 0 0 0 0.834703 0.5507
111.500000000 0.937789 33.2902 0 0 0 0.741265 0.671212
112.900000000 1.02098 34.3518 0 0 0 0.666515 0.745492
114.200000000 1.11362 35.304 0 0 0 0.656291 0.754508
115.600000000 1.22075 36.2806 0 0 0 0.689319 0.724458
118.100000000 1.22248 37.2241 0 0 0 0.719703 0.694282
122.200000000 1.18122 38.159 0 0 0 0.722473 0.691399
124.100000000 1.14608 39.1898 0 0 0 0.716443 0.697646
125.400000000 1.14569 40.1633 0 0 0 0.695257 0.718762
126.800000000 1.30906 41.0874 0 0 0 0.573285 0.819356
127.800000000 1.57029 41.3931 0 0 0 0.300102 0.953907
129.900000000 2.475 41.7728 0 0 0 0.356333 0.934359
131.200000000 2.71924 42.3889 0 0 0 0.611905 0.790932
132.600000000 3.07127 42.939 0 0 0 0.315021 0.949085
133.400000000 3.29244 42.8868 0 0 0 0.0272481 0.999629
134.600000000 4.19436 42.8267 0 0 0 -0.0332492 0.999447
136.100000000 5.13045 42.5886 0 0 0 -0.206587 0.978428
138.100000000 6.02401 42.2248 0 0 0 -0.0924467 0.995718
139.900000000 7.01818 42.3567 0 0 0 0.129212 0.991617
143.800000000 7.96464 42.5811 0 0 0 0.108681 0.994077
148.600000000 8.90267 42.7412 0 0 0 0.0729687 0.997334
153.200000000 9.89583 42.8599 0 0 0 0.0501805 0.99874
157.300000000 10.8504 42.9145 0 0 0 0.0180305 0.999837
161.100000000 11.833 42.931 0 0 0 0.00624821 0.99998
164.700000000 12.778 42.9363 0 0 0 0.00254547 0.999997
168.500000000 13.7642 42.9413 0 0 0 0.00254757 0.999997
172.300000000 14.7379 42.9464 0 0 0 0.00254974 0.999997
174.300000000 15.7341 42.8934 0 0 0 -0.0452739 0.998975
175.600000000 16.6579 42.7061 0 0 0 -0.151852 0.988403
176.300000000 16.684 42.5558 0 0 0 -0.414982 0.90983
179.600000000 17.3369 41.8951 0 0 0 -0.347341 0.937739
182.800000000 18.1599 41.3145 0 0 0 -0.304445 0.95253
187.300000000 18.7865 40.573 0 0 0 -0.497935 0.867214
190.000000000 18.9091 39.6523 0 0 0 -0.723281 0.690554
191.600000000 18.5716 38.674 0 0 0 -0.805175 0.593038
192.800000000 18.5941 38.0435 0 0 0 -0.636131 0.771581
194.200000000 19.0226 37.1266 0 0 0 -0.528977 0.848636
196.000000000 19.2981 36.193 0 0 0 -0.603241 0.797559
200.000000000 19.5092 35.2118 0 0 0 -0.67722 0.735781
202.700000000 19.4056 34.2017 0 0 0 -0.73535 0.677687
204.500000000 19.6416 33.2607 0 0 0 -0.531523 0.847044
206.200000000 20.3213 32.5304 0 0 0 -0.380081 0.924953
208.200000000 21.0292 31.827 0 0 0 -0.37169 0.928357
209.800000000 21.706 31.3455 0 0 0 -0.118411 0.992965
210.500000000 21.709 31.3536 0 0 0 0.229794 0.973239
211.100000000 21.6473 31.4392 0 0 0 0.50714 0.861864
211.700000000 21.642 31.4437 0 0 0 0.740351 0.67222
212.200000000 21.6338 31.4382 0 0 0 0.885793 0.464081
212.900000000 21.5546 31.3363 0 0 0 0.991221 0.132215
213.700000000 21.3685 31.211 0 0 0 -0.985528 0.169512
215.200000000 20.7155 30.5149 0 0 0 -0.904807 0.425822
216.800000000 20.0828 29.758 0 0 0 -0.901405 0.432976
219.700000000 19.4762 28.9784 0 0 0 -0.892457 0.451132
222.500000000 19.0712 28.0887 0 0 0 -0.806002 0.591912
223.900000000 18.93 27.0618 0 0 0 -0.742035 0.670361
225.300000000 18.691 26.516 0 0 0 -0.90675 0.421668
225.900000000 18.6017 26.564 0 0 0 -0.986727 0.162388
226.600000000 18.5762 26.6961 0 0 0 0.984657 0.174502
227.200000000 18.6389 26.7953 0 0 0 0.891218 0.453575
227.700000000 18.7161 26.8426 0 0 0 0.753613 0.657318
228.400000000 18.8509 26.8253 0 0 0 0.48727 0.873251
229.100000000 18.8353 26.8436 0 0 0 0.158871 0.987299
229.600000000 18.8371 26.8565 0 0 0 -0.0868186 0.996224
230.400000000 18.7996 26.5739 0 0 0 -0.381787 0.92425
231.600000000 18.9759 25.9753 0 0 0 -0.585385 0.810756
233.400000000 19.1481 25.0142 0 0 0 -0.654393 0.756155
237.000000000 19.219 24.064 0 0 0 -0.689137 0.724631
241.600000000 19.2392 23.0844 0 0 0 -0.706305 0.707908
244.500000000 19.123 22.0577 0 0 0 -0.73918 0.673508
245.800000000 19.0314 21.0701 0 0 0 -0.767024 0.641618
247.100000000 18.927 20.1001 0 0 0 -0.737573 0.675267
248.800000000 18.8581 19.1211 0 0 0 -0.720304 0.693658
251.700000000 18.8555 18.1401 0 0 0 -0.709888 0.704315
254.200000000 18.843 17.1197 0 0 0 -0.708034 0.706178
255.500000000 18.8502 16.146 0 0 0 -0.708033 0.70618
256.900000000 18.7303 15.1507 0 0 0 -0.794391 0.607407
258.400000000 18.2224 14.2815 0 0 0 -0.91619 0.400744
259.000000000 18.1651 14.3677 0 0 0 -0.993169 0.116682
259.600000000 18.1627 14.495 0 0 0 0.984123 0.177486
260.300000000 18.2359 14.5937 0 0 0 0.86648 0.499212
260.800000000 18.2975 14.5795 0 0 0 0.703764 0.710433
261.400000000 18.3619 14.5535 0 0 0 0.464964 0.88533
262.100000000 18.4678 14.4726 0 0 0 0.158828 0.987306
262.900000000 18.6449 14.355 0 0 0 -0.149881 0.988704
264.500000000 19.5835 13.8179 0 0 0 -0.361984 0.932184
266.000000000 20.3435 13.168 0 0 0 -0.314448 0.949275
267.500000000 21.2995 12.6814 0 0 0 -0.156217 0.987723
269.300000000 22.254 12.6329 0 0 0 0.00598416 0.999982
270.600000000 23.2151 12.8037 0 0 0 0.132659 0.991162
271.900000000 24.1558 13.0689 0 0 0 0.160481 0.987039
273.300000000 25.1627 13.2536 0 0 0 0.0605795 0.998163
275.000000000 26.0841 13.3196 0 0 0 0.00142023 0.999999
278.700000000 27.0344 13.2732 0 0 0 -0.0249716 0.999688
282.100000000 27.9854 13.2344 0 0 0 -0.0046717 0.999989
283.600000000 28.9822 13.4028 0 0 0 0.176673 0.98427
284.700000000 29.2323 13.6517 0 0 0 0.476671 0.879082
285.300000000 29.1189 13.6941 0 0 0 0.715092 0.69903
285.900000000 29.0171 13.6465 0 0 0 0.889703 0.45654
286.500000000 28.9358 13.5624 0 0 0 0.984578 0.174945
287.100000000 28.9455 13.4453 0 0 0 -0.992161 0.124968
287.700000000 28.9874 13.3546 0 0 0 -0.910915 0.412595
288.400000000 28.9787 13.3781 0 0 0 -0.7216 0.692311
288.900000000 29.1847 13.2366 0 0 0 -0.555672 0.831401
290.600000000 29.9834 12.4807 0 0 0 -0.334922 0.942246
292.000000000 30.6881 11.723 0 0 0 -0.455193 0.890393
293.400000000 31.0739 10.7568 0 0 0 -0.612967 0.790109
294.700000000 31.0914 9.80953 0 0 0 -0.735348 0.67769
295.900000000 30.9059 8.90597 0 0 0 -0.771402 0.636349
297.300000000 30.8735 7.92812 0 0 0 -0.713292 0.700867
298.600000000 30.8768 6.89589 0 0 0 -0.695785 0.718251
299.800000000 30.9088 5.99225 0 0 0 -0.703331 0.710862
301.200000000 30.9046 4.94851 0 0 0 -0.710443 0.703754
302.500000000 30.8736 3.97483 0 0 0 -0.71891 0.695103
303.700000000 30.7638 3.0959 0 0 0 -0.783221 0.621743
305.200000000 30.2492 2.19059 0 0 0 -0.887221 0.461346
306.500000000 29.5163 1.52142 0 0 0 -0.947032 0.321138
307.900000000 28.6653 1.15956 0 0 0 -0.992091 0.125518
309.500000000 27.5977 1.12118 0 0 0 0.998217 0.0596842
310.800000000 27.0642 1.37499 0 0 0 0.921702 0.387898
311.400000000 27.1629 1.45155 0 0 0 0.768655 0.639664
312.100000000 27.3033 1.44813 0 0 0 0.514612 0.857423
312.800000000 27.4454 1.4162 0 0 0 0.22424 0.974534
313.500000000 27.4724 1.317 0 0 0 -0.0442233 0.999022
315.100000000 28.5236 1.02439 0 0 0 -0.0893713 0.995998
316.500000000 29.6805 1.05564 0 0 0 0.0519946 0.998647
317.700000000 30.57 1.10767 0 0 0 0.081686 0.996658
319.100000000 31.5182 1.21801 0 0 0 0.0304736 0.999536
320.700000000 32.5271 1.26233 0 0 0 0.0150946 0.999886
323.100000000 33.4945 1.26965 0 0 0 0.0030738 0.999995
326.000000000 34.4436 1.27559 0 0 0 0.00309685 0.999995
329.100000000 35.442 1.28184 0 0 0 0.00312068 0.999995
332.600000000 36.4253 1.28801 0 0 0 0.00314526 0.999995
336.400000000 37.3969 1.27772 0 0 0 -0.00325198 0.999995
340.600000000 38.3772 1.27719 0 0 0 -0.000112743 1
342.200000000 39.388 1.27656 0 0 0 -8.78553e-05 1
343.600000000 40.4419 1.28451 0 0 0 0.00614271 0.999981
345.000000000 41.3029 1.58604 0 0 0 0.231043 0.972944
346.400000000 42.1262 2.23175 0 0 0 0.371931 0.92826
347.800000000 42.7554 3.07008 0 0 0 0.488843 0.872372
349.600000000 43.0863 3.95722 0 0 0 0.606943 0.794746
351.900000000 42.9964 5.00364 0 0 0 0.805192 0.593014
353.400000000 42.5705 5.55656 0 0 0 0.957002 0.290083
354.100000000 42.4345 5.4805 0 0 0 0.999985 0.00547735
354.600000000 42.4363 5.38885 0 0 0 -0.970545 0.240918
355.300000000 42.538 5.28698 0 0 0 -0.829056 0.559166
356.000000000 42.6754 5.27714 0 0 0 -0.586516 0.809938
356.500000000 42.7616 5.34564 0 0 0 -0.368423 0.929658
357.200000000 42.8479 5.45119 0 0 0 -0.041763 0.999128
357.800000000 42.8761 5.55891 0 0 0 0.226552 0.973999
359.200000000 43.4204 6.24591 0 0 0 0.477767 0.878487
360.600000000 43.8272 7.11654 0 0 0 0.496467 0.868056
361.600000000 44.177 7.37603 0 0 0 0.225436 0.974258
362.600000000 44.7492 7.31373 0 0 0 -0.00258076 0.999997
364.000000000 45.7159 7.08153 0 0 0 -0.157764 0.987477
365.400000000 46.7453 6.85698 0 0 0 -0.0537099 0.998557
366.700000000 47.7347 6.90232 0 0 0 0.035433 0.999372
367.900000000 48.6399 6.98071 0 0 0 0.042355 0.999103
369.300000000 49.6874 7.00556 0 0 0 5.3101e-05 1
370.600000000 50.642 6.99091 0 0 0 -0.0103413 0.999947
371.900000000 51.6097 6.89441 0 0 0 -0.0696475 0.997572
373.500000000 52.4018 6.55493 0 0 0 -0.395157 0.918613
374.200000000 52.3246 6.42749 0 0 0 -0.653589 0.75685
376.000000000 52.7015 5.62646 0 0 0 -0.404276 0.914637
377.600000000 53.6025 5.21307 0 0 0 -0.138807 0.990319
379.000000000 54.2258 4.85914 0 0 0 -0.401052 0.916055
379.700000000 54.1846 4.70441 0 0 0 -0.64579 0.763515
381.500000000 53.8771 3.73047 0 0 0 -0.773041 0.634356
383.000000000 53.882 2.92003 0 0 0 -0.576928 0.816795
383.900000000 54.1413 2.78309 0 0 0 -0.292849 0.956159
385.100000000 54.8625 2.61284 0 0 0 -0.0678157 0.997698
386.400000000 55.8283 2.66771 0 0 0 0.0598077 0.99821
387.800000000 56.8708 2.80717 0 0 0 0.0523714 0.998628
389.200000000 57.924 2.84088 0 0 0 0.00488755 0.999988
390.500000000 58.8878 2.83002 0 0 0 -0.00073431 1
391.800000000 59.8705 2.83364 0 0 0 -0.000179706 1
393.300000000 60.9363 2.74921 0 0 0 -0.110537 0.993872
394.300000000 61.3726 2.50068 0 0 0 -0.350751 0.936469
394.900000000 61.2786 2.44052 0 0 0 -0.608159 0.793815
395.600000000 61.1615 2.42493 0 0 0 -0.841311 0.540552
396.200000000 61.1222 2.40689 0 0 0 -0.952597 0.304236
396.800000000 60.9877 2.45667 0 0 0 -0.998003 0.0631702
398.400000000 59.9317 2.64527 0 0 0 0.995331 0.0965238
399.800000000 58.9211 2.9251 0 0 0 0.986972 0.160893
401.200000000 58.2866 3.44117 0 0 0 0.904964 0.425489
402.500000000 58.0397 4.1689 0 0 0 0.763078 0.646306
404.100000000 58.262 5.16347 0 0 0 0.551754 0.834007
405.600000000 58.9312 5.88647 0 0 0 0.32168 0.946848
406.600000000 59.2153 5.97216 0 0 0 0.030241 0.999543
407.200000000 59.2929 5.87562 0 0 0 -0.208526 0.978017
407.900000000 59.2297 5.77043 0 0 0 -0.525201 0.850978
408.400000000 59.1277 5.74097 0 0 0 -0.715743 0.698364
409.000000000 59.0193 5.76322 0 0 0 -0.888047 0.459752
409.600000000 58.9447 5.84951 0 0 0 -0.983426 0.18131
410.200000000 58.871 5.94892 0 0 0 0.996362 0.0852218
410.900000000 58.7866 6.10793 0 0 0 0.937715 0.347406
412.500000000 58.3426 7.05021 0 0 0 0.810287 0.586033
413.900000000 58.2836 7.9963 0 0 0 0.726111 0.687577
415.300000000 58.3767 9.0428 0 0 0 0.682783 0.730621
418.100000000 58.3781 9.95134 0 0 0 0.711376 0.702812
422.200000000 58.3254 10.9084 0 0 0 0.724352 0.689431
426.800000000 58.3208 11.8943 0 0 0 0.714877 0.69925
430.900000000 58.3096 12.8506 0 0 0 0.709611 0.704594
435.500000000 58.3038 13.851 0 0 0 0.709268 0.704939
439.900000000 58.321 14.8973 0 0 0 0.692524 0.721395
441.200000000 58.3859 15.8684 0 0 0 0.67578 0.737103
442.400000000 58.513 16.7614 0 0 0 0.644363 0.76472
444.000000000 59.0253 17.6426 0 0 0 0.41575 0.909479
444.600000000 59.1351 17.6325 0 0 0 0.16867 0.985673
445.300000000 59.1961 17.5054 0 0 0 -0.152944 0.988235
445.900000000 59.1429 17.4108 0 0 0 -0.434342 0.900748
446.500000000 59.0378 17.3589 0 0 0 -0.679023 0.734117
447.200000000 58.8915 17.3846 0 0 0 -0.886931 0.461903
447.800000000 58.8017 17.4806 0 0 0 -0.982974 0.183747
448.500000000 58.6776 17.5885 0 0 0 0.997008 0.0772923
449.400000000 58.3236 17.8236 0 0 0 0.945898 0.324464
450.800000000 57.6395 18.5642 0 0 0 0.920847 0.389923
452.400000000 56.7694 19.1353 0 0 0 0.982643 0.185509
454.100000000 55.715 19.2064 0 0 0 -0.999901 0.0140517
455.500000000 54.6823 19.0541 0 0 0 -0.996842 0.0794044
456.800000000 53.7217 18.9323 0 0 0 -0.998738 0.050224
458.900000000 52.7346 18.8999 0 0 0 -0.999999 0.00121578
462.900000000 51.7354 18.9392 0 0 0 0.99973 0.0232391
464.900000000 50.6669 18.8932 0 0 0 -0.99819 0.0601459
466.600000000 49.7877 18.4986 0 0 0 -0.955169 0.296063
467.500000000 49.7597 18.3089 0 0 0 -0.800293 0.599609
468.100000000 49.8779 18.3007 0 0 0 -0.587353 0.809331
468.700000000 49.9643 18.3789 0 0 0 -0.32028 0.947323
469.300000000 50.015 18.4796 0 0 0 -0.0259977 0.999662
469.800000000 49.9859 18.5938 0 0 0 0.221552 0.975148
470.500000000 49.8978 18.6796 0 0 0 0.542492 0.840061
471.200000000 49.8271 18.7099 0 0 0 0.769125 0.639098
472.100000000 49.5088 19.0965 0 0 0 0.903254 0.429106
473.400000000 48.7906 19.7328 0 0 0 0.937781 0.347229
475.000000000 48.233 20.6427 0 0 0 0.817672 0.575684
476.400000000 48.1441 21.5878 0 0 0 0.687464 0.726219
477.600000000 48.3544 22.4341 0 0 0 0.647865 0.761755
479.200000000 48.4231 23.5327 0 0 0 0.695549 0.718479
481.100000000 48.4422 24.436 0 0 0 0.705048 0.70916
484.600000000 48.4337 25.4137 0 0 0 0.706539 0.707674
488.400000000 48.4353 26.4134 0 0 0 0.706572 0.707641
491.900000000 48.4271 27.3428 0 0 0 0.706615 0.707598
494.500000000 48.4272 28.3649 0 0 0 0.699208 0.714918
495.900000000 48.6691 29.3127 0 0 0 0.563305 0.826249
497.300000000 49.2491 30.152 0 0 0 0.42439 0.90548
498.600000000 49.9878 30.7768 0 0 0 0.308597 0.951193
499.900000000 50.8067 31.1126 0 0 0 0.114656 0.993405
501.400000000 51.9159 31.0769 0 0 0 -0.0855956 0.99633
502.800000000 52.8455 30.6687 0 0 0 -0.270525 0.962713
504.100000000 53.5983 30.0523 0 0 0 -0.347326 0.937744
505.600000000 54.5377 29.518 0 0 0 -0.183731 0.982977
506.900000000 55.4808 29.404 0 0 0 -0.00959271 0.999954
508.300000000 56.5185 29.5485 0 0 0 0.106509 0.994312
509.600000000 57.4839 29.6763 0 0 0 0.0459445 0.998944
510.900000000 58.4573 29.7017 0 0 0 0.00340109 0.999994
512.300000000 59.5096 29.6763 0 0 0 -0.0134005 0.99991
513.700000000 60.5531 29.6571 0 0 0 -0.014713 0.999892
514.800000000 60.9508 29.8117 0 0 0 0.310621 0.950534
515.400000000 60.8559 29.8839 0 0 0 0.577682 0.816262
516.100000000 60.7361 29.9724 0 0 0 0.803593 0.59518
517.600000000 60.114 30.7415 0 0 0 0.91965 0.392738
518.800000000 59.3558 31.3699 0 0 0 0.927658 0.37343
520.200000000 58.7247 32.1066 0 0 0 0.916534 0.399958
521.600000000 58.2311 32.9798 0 0 0 0.81472 0.579854
523.200000000 58.1282 34.0021 0 0 0 0.707176 0.707037
524.500000000 58.3056 34.9598 0 0 0 0.648346 0.761346
526.100000000 58.3834 35.9623 0 0 0 0.68887 0.724885
528.200000000 58.4107 36.9348 0 0 0 0.707635 0.706578
531.800000000 58.4092 37.9102 0 0 0 0.707622 0.706591
534.800000000 58.3978 38.8852 0 0 0 0.707609 0.706605
536.200000000 58.3862 39.9387 0 0 0 0.707602 0.706611
537.500000000 58.3972 40.8917 0 0 0 0.664762 0.747055
538.900000000 58.7918 41.715 0 0 0 0.463407 0.886145
539.800000000 59.0799 41.8928 0 0 0 0.201212 0.979548
540.500000000 59.2085 41.7868 0 0 0 -0.0912526 0.995828
541.300000000 59.2643 41.6107 0 0 0 -0.403752 0.914869
542.600000000 59.5258 41.4885 0 0 0 -0.115205 0.993342
544.200000000 60.5825 41.6785 0 0 0 0.10025 0.994962
545.700000000 61.2669 42.0623 0 0 0 0.424612 0.905376
546.300000000 61.1697 42.1228 0 0 0 0.671499 0.741005
546.800000000 61.0551 42.0944 0 0 0 0.831074 0.556161
548.100000000 60.4756 42.5672 0 0 0 0.950542 0.310596
549.600000000 59.5706 43.0476 0 0 0 0.983264 0.182188
552.000000000 58.6334 43.2733 0 0 0 0.998075 0.0620208
554.200000000 57.5722 43.1836 0 0 0 -0.998538 0.0540569
555.600000000 56.5787 43.1195 0 0 0 -0.998504 0.054671
557.300000000 55.6625 43.0121 0 0 0 -0.999979 0.00644945
560.700000000 54.692 43.0468 0 0 0 0.999805 0.0197576
565.300000000 53.7326 43.0777 0 0 0 0.999957 0.00929397
569.200000000 52.7575 43.0834 0 0 0 1 0.000658041
572.300000000 51.7593 43.085 0 0 0 1 0.000664151
573.900000000 50.7851 43.0049 0 0 0 -0.997699 0.0678027
575.700000000 49.8475 42.5806 0 0 0 -0.95419 0.299201
576.500000000 49.8142 42.4049 0 0 0 -0.82624 0.563318
577.200000000 49.9421 42.4062 0 0 0 -0.582496 0.812834
577.800000000 50.0378 42.4756 0 0 0 -0.316271 0.948669
578.400000000 50.0775 42.5868 0 0 0 -0.0224008 0.999749
579.100000000 50.0376 42.7111 0 0 0 0.322354 0.946619
579.600000000 49.9406 42.7792 0 0 0 0.546023 0.83777
580.300000000 49.839 42.9143 0 0 0 0.76121 0.648506
581.400000000 49.4797 43.3251 0 0 0 0.91172 0.410812
582.800000000 48.7466 43.9129 0 0 0 0.925649 0.378384
584.200000000 48.2676 44.8237 0 0 0 0.817398 0.576074
585.700000000 48.1284 45.8183 0 0 0 0.69034 0.723485
587.000000000 48.3418 46.8681 0 0 0 0.646647 0.762789
588.300000000 48.4755 47.8396 0 0 0 0.66568 0.746238
589.700000000 48.4229 48.7929 0 0 0 0.731364 0.681987
591.000000000 48.3493 49.8599 0 0 0 0.738767 0.673961
592.400000000 48.3108 50.9031 0 0 0 0.713013 0.701151
593.700000000 48.3101 51.8766 0 0 0 0.700158 0.713988
594.900000000 48.3995 52.7744 0 0 0 0.65648 0.754343
596.500000000 48.7304 53.5768 0 0 0 0.378698 0.92552
597.200000000 48.8495 53.5107 0 0 0 0.0775664 0.996987
599.300000000 49.6948 53.7886 0 0 0 0.339633 0.940558
600.500000000 49.948 54.367 0 0 0 0.58747 0.809246
602.400000000 50.2232 55.2358 0 0 0 0.398001 0.917385
602.900000000 50.3335 55.1947 0 0 0 0.183499 0.98302
604.700000000 51.3805 55.0811 0 0 0 -0.0166831 0.999861
606.000000000 51.9176 55.163 0 0 0 0.305586 0.952164
606.600000000 51.8035 55.2544 0 0 0 0.571893 0.820328
607.200000000 51.708 55.3654 0 0 0 0.758731 0.651404
608.100000000 51.4656 55.6344 0 0 0 0.906028 0.423218
609.500000000 50.6761 56.3223 0 0 0 0.939677 0.342062
610.700000000 50.0498 56.9683 0 0 0 0.901251 0.433297
612.000000000 49.6052 57.8382 0 0 0 0.824241 0.566239
613.400000000 49.4215 58.8704 0 0 0 0.745565 0.666433
614.700000000 49.3895 59.8344 0 0 0 0.695198 0.718819
616.000000000 49.4315 60.7941 0 0 0 0.709999 0.704203
617.000000000 49.2997 61.0312 0 0 0 0.910358 0.413822
617.500000000 49.2886 60.9374 0 0 0 0.984109 0.177566
618.100000000 49.1814 60.8418 0 0 0 -0.995884 0.0906334
619.100000000 48.8111 60.5484 0 0 0 -0.937395 0.348268
620.500000000 48.0833 59.7687 0 0 0 -0.91428 0.405083
621.800000000 47.4224 59.0607 0 0 0 -0.922119 0.386906
623.100000000 46.6813 58.4314 0 0 0 -0.962317 0.271929
624.600000000 45.6971 58.1703 0 0 0 -0.996477 0.0838665
625.900000000 44.7247 58.1999 0 0 0 0.99821 0.0598104
627.200000000 43.7512 58.3331 0 0 0 0.997923 0.0644157
628.800000000 42.7831 58.4055 0 0 0 0.999828 0.0185445
631.900000000 41.841 58.3985 0 0 0 -0.999938 0.0111792
636.000000000 40.9034 58.3557 0 0 0 -0.999843 0.0177097
638.500000000 39.8089 58.4114 0 0 0 0.998836 0.0482299
639.800000000 38.9186 58.6118 0 0 0 0.980312 0.197456
641.400000000 38.1949 59.3571 0 0 0 0.886171 0.463358
642.200000000 38.209 59.6687 0 0 0 0.742515 0.669829
643.500000000 38.2044 60.6092 0 0 0 0.685067 0.72848
644.900000000 38.4046 61.5788 0 0 0 0.591676 0.806175
646.100000000 38.6187 61.836 0 0 0 0.295508 0.95534
646.700000000 38.673 61.707 0 0 0 0.00287564 0.999996
647.300000000 38.6484 61.5945 0 0 0 -0.290353 0.95692
648.000000000 38.5531 61.491 0 0 0 -0.590724 0.806874
648.800000000 38.4334 61.3635 0 0 0 -0.821103 0.57078
650.400000000 37.7058 60.6836 0 0 0 -0.937538 0.347883
651.800000000 36.9178 59.9939 0 0 0 -0.930375 0.366609
653.200000000 36.1698 59.2538 0 0 0 -0.920764 0.39012
654.500000000 35.489 58.5465 0 0 0 -0.923156 0.384425
655.800000000 34.8076 57.86 0 0 0 -0.923155 0.384427
657.100000000 34.1163 57.1635 0 0 0 -0.923154 0.384429
658.100000000 33.786 57.0677 0 0 0 -0.996205 0.0870388
658.800000000 33.6234 57.1586 0 0 0 0.984786 0.173772
660.400000000 32.8664 57.8653 0 0 0 0.926892 0.375329
661.800000000 32.0265 58.4341 0 0 0 0.973956 0.226737
663.400000000 30.9691 58.5734 0 0 0 -0.999985 0.00556034
665.800000000 30.0279 58.4863 0 0 0 -0.998788 0.0492143
670.100000000 29.0866 58.4163 0 0 0 -0.999396 0.0347477
673.300000000 28.1459 58.3857 0 0 0 -0.999959 0.00901509
674.900000000 27.1647 58.4508 0 0 0 0.996694 0.081251
676.600000000 26.3112 58.376 0 0 0 -0.974308 0.22522
678.100000000 25.5149 57.6496 0 0 0 -0.917075 0.398715
679.900000000 24.8716 56.9706 0 0 0 -0.919873 0.392215
682.100000000 24.3955 56.6728 0 0 0 -0.998618 0.0525632
682.800000000 24.4164 56.7873 0 0 0 0.957169 0.289531
683.500000000 24.5243 56.8768 0 0 0 0.803349 0.595509
684.000000000 24.6186 56.9215 0 0 0 0.644189 0.764866
685.200000000 25.0116 57.4489 0 0 0 0.416518 0.909127
686.500000000 25.7291 58.1083 0 0 0 0.387063 0.922053
687.900000000 26.0307 58.6832 0 0 0 0.682193 0.731172
688.500000000 25.9115 58.6522 0 0 0 0.866927 0.498435
689.100000000 25.8282 58.5638 0 0 0 0.975504 0.21998
689.700000000 25.8323 58.4572 0 0 0 -0.996945 0.0781037
690.500000000 25.5877 58.1991 0 0 0 -0.948712 0.316142
691.900000000 24.8806 57.4911 0 0 0 -0.914213 0.405234
693.200000000 24.2138 56.8073 0 0 0 -0.923401 0.383837
695.100000000 23.554 56.1365 0 0 0 -0.924057 0.382255
696.800000000 22.8271 55.4819 0 0 0 -0.941923 0.33583
698.200000000 21.9172 54.9992 0 0 0 -0.98476 0.173919
699.600000000 21.0159 54.9225 0 0 0 -0.999986 0.00532151
702.100000000 20.02 54.9737 0 0 0 0.9996 0.0282674
706.300000000 19.0819 55.0367 0 0 0 0.999595 0.0284516
710.500000000 18.0992 55.0507 0 0 0 0.999975 0.00709573
713.200000000 17.0258 55.0644 0 0 0 1 0.000293809
714.500000000 16.0534 55.0525 0 0 0 -0.999842 0.0177701
715.900000000 15.039 54.8501 0 0 0 -0.988459 0.15149
717.400000000 14.0393 54.6676 0 0 0 -0.999985 0.00540344
718.800000000 13.0426 54.877 0 0 0 0.990241 0.139364
720.200000000 12.1003 55.1227 0 0 0 0.998262 0.0589268
721.400000000 11.1171 55.0764 0 0 0 -0.999856 0.0169524
722.800000000 10.0774 55.0017 0 0 0 -0.999364 0.0356693
724.100000000 9.09373 54.9787 0 0 0 0.999986 0.00538459
725.400000000 8.12113 54.9978 0 0 0 0.999999 0.001524
726.800000000 7.06727 54.993 0 0 0 -0.999997 0.00233982
728.100000000 6.09346 54.9886 0 0 0 -0.999997 0.00233918
729.300000000 5.18875 54.9888 0 0 0 -0.999997 0.00228125
730.700000000 4.13579 54.9843 0 0 0 -0.999997 0.00229971
732.100000000 3.10674 54.8038 0 0 0 -0.988811 0.149175
733.500000000 2.5048 54.3821 0 0 0 -0.889627 0.456687
734.100000000 2.59031 54.3035 0 0 0 -0.732867 0.680371
734.600000000 2.67508 54.3005 0 0 0 -0.547829 0.83659
735.300000000 2.78478 54.3787 0 0 0 -0.2288 0.973473
735.900000000 2.80378 54.5057 0 0 0 0.0691114 0.997609
736.400000000 2.77352 54.6032 0 0 0 0.313188 0.949691
737.000000000 2.71886 54.7226 0 0 0 0.552402 0.833578
738.500000000 2.7261 55.6863 0 0 0 0.731166 0.6822
739.800000000 2.62275 56.6539 0 0 0 0.74215 0.670234
741.200000000 2.55727 57.7051 0 0 0 0.721191 0.692736
742.400000000 2.54209 58.6077 0 0 0 0.70703 0.707183
743.700000000 2.55595 59.5704 0 0 0 0.700976 0.713185
745.100000000 2.55681 60.6136 0 0 0 0.720644 0.693306
745.900000000 2.4272 60.7478 0 0 0 0.901793 0.432167
746.500000000 2.36159 60.6499 0 0 0 0.98923 0.146368
747.100000000 2.28332 60.5481 0 0 0 -0.992822 0.119603
748.400000000 1.63901 60.0661 0 0 0 -0.93459 0.355727
749.700000000 0.992701 59.3264 0 0 0 -0.919214 0.393757
750.900000000 0.35362 58.6982 0 0 0 -0.924204 0.381898
752.300000000 -0.397677 57.9644 0 0 0 -0.92506 0.379822
753.600000000 -1.08491 57.2761 0 0 0 -0.923263 0.384169
755.000000000 -1.77483 56.505 0 0 0 -0.895893 0.444269
756.200000000 -2.15476 55.6921 0 0 0 -0.818536 0.574455
757.800000000 -2.23195 54.684 0 0 0 -0.703916 0.710283
760.300000000 -2.20297 53.7501 0 0 0 -0.683842 0.72963
764.600000000 -2.12393 52.8033 0 0 0 -0.683023 0.730397
767.100000000 -2.1498 51.7007 0 0 0 -0.74094 0.671571
768.500000000 -2.27784 50.6669 0 0 0 -0.747739 0.663992
769.900000000 -2.35688 49.7198 0 0 0 -0.715675 0.698434
772.500000000 -2.3506 48.7846 0 0 0 -0.696096 0.717948
776.300000000 -2.29892 47.8348 0 0 0 -0.691242 0.722623
779.800000000 -2.28157 46.8876 0 0 0 -0.703154 0.711038
783.300000000 -2.25249 45.891 0 0 0 -0.694587 0.719409
787.600000000 -2.20583 44.9257 0 0 0 -0.686022 0.727581
791.500000000 -2.18145 43.9493 0 0 0 -0.701173 0.712992
795.200000000 -2.17594 42.9912 0 0 0 -0.70629 0.707923
798.900000000 -2.17427 42.0234 0 0 0 -0.706331 0.707882
802.800000000 -2.18807 41.0212 0 0 0 -0.717314 0.69675
804.500000000 -2.22955 40.0168 0 0 0 -0.72676 0.686892
806.000000000 -2.29689 39.0012 0 0 0 -0.723458 0.690369
808.300000000 -2.30994 37.9967 0 0 0 -0.709314 0.704893
810.900000000 -2.31138 37.0834 0 0 0 -0.707688 0.706525
813.900000000 -2.31309 36.1083 0 0 0 -0.707679 0.706534
816.900000000 -2.31477 35.1433 0 0 0 -0.70767 0.706543
820.900000000 -2.28408 34.1523 0 0 0 -0.691034 0.722822
825.100000000 -2.22363 33.1943 0 0 0 -0.684094 0.729394
829.100000000 -2.18017 32.2293 0 0 0 -0.694076 0.719901
833.600000000 -2.1636 31.2728 0 0 0 -0.703109 0.711082
838.200000000 -2.15704 30.285 0 0 0 -0.705094 0.709114
847.300000000 -2.02959 29.2928 0 0 0 -0.571306 0.820737
848.900000000 -1.41435 28.5145 0 0 0 -0.398606 0.917122
851.800000000 -0.733664 27.8411 0 0 0 -0.382166 0.924094
856.200000000 -0.0344993 27.1348 0 0 0 -0.382306 0.924036
860.500000000 0.645112 26.4405 0 0 0 -0.382407 0.923994
864.900000000 1.33146 25.7544 0 0 0 -0.382415 0.923991
869.500000000 2.02066 25.0755 0 0 0 -0.382412 0.923992
874.300000000 2.70099 24.3856 0 0 0 -0.382412 0.923992
879.200000000 3.40254 23.6846 0 0 0 -0.382412 0.923992
883.800000000 4.08339 23.0229 0 0 0 -0.373892 0.927472
885.600000000 4.89688 22.3851 0 0 0 -0.291664 0.956521
886.900000000 5.7802 22.0044 0 0 0 -0.160427 0.987048
889.000000000 6.78631 21.9206 0 0 0 0.020452 0.999791
890.900000000 7.15801 22.0691 0 0 0 0.351022 0.936367
891.400000000 7.07595 22.1221 0 0 0 0.571257 0.820771
892.400000000 6.98855 22.1949 0 0 0 0.797906 0.602782
893.000000000 6.87959 22.1404 0 0 0 0.940405 0.340058
893.600000000 6.82507 22.0407 0 0 0 0.998899 0.0469033
894.300000000 6.56825 21.9114 0 0 0 -0.985556 0.169351
895.800000000 5.88353 21.2525 0 0 0 -0.910685 0.413101
897.200000000 5.17509 20.4968 0 0 0 -0.916327 0.400432
898.500000000 4.51875 19.7685 0 0 0 -0.918861 0.394582
899.800000000 3.85738 19.0857 0 0 0 -0.912801 0.408404
901.400000000 3.56492 18.5804 0 0 0 -0.728294 0.685265
902.100000000 3.6892 18.6082 0 0 0 -0.448647 0.893709
902.700000000 3.74835 18.6934 0 0 0 -0.164521 0.986374
903.500000000 3.75213 18.8076 0 0 0 0.109379 0.994
904.700000000 3.8205 18.9189 0 0 0 0.417102 0.90886
905.300000000 3.72202 18.9559 0 0 0 0.667056 0.745008
905.900000000 3.60553 18.9439 0 0 0 0.857429 0.514603
906.500000000 3.52115 18.8912 0 0 0 0.971209 0.23823
907.200000000 3.24168 18.8482 0 0 0 0.999762 0.021818
908.700000000 2.2549 18.5733 0 0 0 -0.977152 0.212543
910.100000000 1.45963 17.9456 0 0 0 -0.924139 0.382056
911.400000000 0.96072 17.1356 0 0 0 -0.843966 0.536397
912.800000000 0.743613 16.1866 0 0 0 -0.731934 0.681375
914.000000000 0.879184 15.2467 0 0 0 -0.647876 0.761745
914.700000000 0.991488 15.3135 0 0 0 -0.347852 0.937549
915.400000000 1.03912 15.4224 0 0 0 -0.0048902 0.999988
916.000000000 0.963093 15.5136 0 0 0 0.291877 0.956456
916.700000000 0.870276 15.5655 0 0 0 0.57868 0.815555
918.300000000 0.755647 15.6169 0 0 0 0.80543 0.592691
918.900000000 0.655665 15.6024 0 0 0 0.944103 0.329652
919.400000000 0.59985 15.534 0 0 0 0.996257 0.0864442
920.100000000 0.626011 15.435 0 0 0 -0.965224 0.261425
920.700000000 0.714121 15.3348 0 0 0 -0.844806 0.535073
921.400000000 0.790395 15.1189 0 0 0 -0.688735 0.725013
922.900000000 1.28781 14.3545 0 0 0 -0.468361 0.883537
924.500000000 1.59584 13.3402 0 0 0 -0.668637 0.743589
925.700000000 1.49521 12.4578 0 0 0 -0.759959 0.649971
927.100000000 1.3528 11.4202 0 0 0 -0.755766 0.654842
928.500000000 1.27074 10.4231 0 0 0 -0.719068 0.69494
929.400000000 1.13028 10.3448 0 0 0 -0.911682 0.410897
930.100000000 1.05571 10.456 0 0 0 -0.997282 0.0736749
930.700000000 1.07191 10.554 0 0 0 0.978334 0.207032
931.600000000 1.14773 10.6225 0 0 0 0.876728 0.480986
933.800000000 1.24963 10.6338 0 0 0 0.683107 0.730318
934.400000000 1.37006 10.5911 0 0 0 0.436779 0.899569
935.000000000 1.4176 10.5128 0 0 0 0.151445 0.988466
935.700000000 1.42332 10.5026 0 0 0 -0.134916 0.990857
937.000000000 1.88756 9.94855 0 0 0 -0.352217 0.935918
938.200000000 2.57207 9.30632 0 0 0 -0.391384 0.920228
939.700000000 3.26885 8.60371 0 0 0 -0.367911 0.929861
942.600000000 4.01523 8.00101 0 0 0 -0.313452 0.949604
944.000000000 4.06401 7.83825 0 0 0 -0.606979 0.794718
944.600000000 3.93601 7.84686 0 0 0 -0.814957 0.579521
945.200000000 3.84287 7.91781 0 0 0 -0.94329 0.33197
945.900000000 3.79974 8.00662 0 0 0 -0.998303 0.0582302
947.400000000 3.86417 7.88387 0 0 0 -0.908433 0.418032
948.200000000 3.99827 7.84797 0 0 0 -0.745181 0.666862
948.900000000 4.07222 7.85885 0 0 0 -0.546263 0.837614
949.900000000 4.28837 7.76647 0 0 0 -0.295027 0.955489
951.200000000 4.78675 7.77814 0 0 0 -0.0453015 0.998973
952.100000000 4.80064 7.75222 0 0 0 0.191386 0.981515
954.600000000 4.789 7.7512 0 0 0 -0.116426 0.993199
955.300000000 4.76982 7.64287 0 0 0 -0.450342 0.892856
955.900000000 4.59886 7.56177 0 0 0 -0.693878 0.720093
956.500000000 4.44232 7.38137 0 0 0 -0.829173 0.558992
957.500000000 4.06715 7.09968 0 0 0 -0.946019 0.32411
959.000000000 3.09397 6.64333 0 0 0 -0.980777 0.19513
960.700000000 2.47103 6.28551 0 0 0 -0.869493 0.493945
961.200000000 2.56648 6.25223 0 0 0 -0.720685 0.693263
961.900000000 2.6797 6.29495 0 0 0 -0.438721 0.898623
