0.300000000 0.2 0 0 0 0 0 1
5.400000000 1.25419 -0.00155836 0 0 0 -6.57431e-05 1
6.700000000 2.21656 0.00294293 0 0 0 0.0298007 0.999556
8.200000000 3.06646 0.347358 0 0 0 0.22118 0.975233
8.700000000 3.09272 0.243372 0 0 0 -0.0279431 0.99961
9.400000000 3.0412 0.141653 0 0 0 -0.369405 0.929269
10.000000000 2.93753 0.0934076 0 0 0 -0.628062 0.778163
10.500000000 2.83451 0.0968598 0 0 0 -0.800905 0.598792
11.200000000 2.73413 0.135466 0 0 0 -0.957922 0.287029
11.800000000 2.69808 0.27445 0 0 0 0.99997 0.00778337
12.500000000 2.74056 0.388752 0 0 0 0.93667 0.350213
13.000000000 2.82731 0.444602 0 0 0 0.821452 0.570278
13.700000000 2.95667 0.440112 0 0 0 0.575859 0.817549
14.400000000 3.07019 0.353259 0 0 0 0.261498 0.965204
15.000000000 3.09311 0.257481 0 0 0 -0.0367955 0.999323
18.100000000 3.09179 0.144356 0 0 0 -0.34908 0.937093
18.800000000 3.03327 0.0656518 0 0 0 -0.61366 0.789571
19.400000000 2.96422 -0.133381 0 0 0 -0.774179 0.632966
21.000000000 2.39025 -1.02942 0 0 0 -0.894126 0.447815
22.400000000 1.85194 -1.908 0 0 0 -0.841194 0.540733
24.200000000 1.69988 -2.88972 0 0 0 -0.729446 0.684039
25.100000000 1.79901 -3.0561 0 0 0 -0.496932 0.867789
25.800000000 1.89892 -3.0443 0 0 0 -0.169617 0.98551
26.400000000 1.92214 -2.86388 0 0 0 0.117092 0.993121
27.500000000 2.40386 -2.4982 0 0 0 0.350036 0.936736
28.800000000 3.03268 -1.75242 0 0 0 0.457202 0.889363
30.000000000 3.43741 -0.959116 0 0 0 0.543599 0.839345
31.400000000 3.72176 0.0148602 0 0 0 0.627839 0.778343
32.600000000 3.8381 0.956681 0 0 0 0.684488 0.729024
34.000000000 3.83465 2.00592 0 0 0 0.710455 0.703743
35.400000000 3.80897 3.05533 0 0 0 0.711365 0.702823
36.700000000 3.80005 4.02316 0 0 0 0.715802 0.698303
38.000000000 3.72652 4.99726 0 0 0 0.735176 0.677876
39.300000000 3.68048 5.9658 0 0 0 0.710932 0.703261
40.600000000 3.72261 6.94152 0 0 0 0.683581 0.729874
42.000000000 3.85899 7.98315 0 0 0 0.647475 0.762087
43.600000000 4.18486 8.99672 0 0 0 0.520507 0.853857
44.900000000 4.80945 9.69859 0 0 0 0.377187 0.926137
46.300000000 5.62132 10.3044 0 0 0 0.241189 0.970478
47.700000000 6.60268 10.5241 0 0 0 0.0562315 0.998418
48.900000000 7.55087 10.4448 0 0 0 -0.0668151 0.997765
50.200000000 8.50657 10.2627 0 0 0 -0.0860332 0.996292
51.600000000 9.55036 10.2188 0 0 0 -0.00286801 0.999996
52.900000000 10.514 10.2189 0 0 0 0.00631927 0.99998
54.300000000 11.4662 10.2469 0 0 0 0.0227925 0.99974
55.400000000 11.6981 10.3938 0 0 0 0.373825 0.927499
55.900000000 11.5946 10.4509 0 0 0 0.591173 0.806545
56.500000000 11.4833 10.5233 0 0 0 0.782804 0.622268
57.800000000 11.0096 11.1231 0 0 0 0.917391 0.397986
59.100000000 10.2855 11.7752 0 0 0 0.930591 0.366061
60.500000000 9.62524 12.5904 0 0 0 0.883325 0.468762
61.900000000 9.22091 13.5621 0 0 0 0.803007 0.595969
63.200000000 9.07285 14.5161 0 0 0 0.737359 0.675501
64.600000000 9.08098 15.5686 0 0 0 0.69264 0.721284
65.900000000 9.16989 16.5479 0 0 0 0.65938 0.75181
67.300000000 9.33966 17.5772 0 0 0 0.648655 0.761083
68.500000000 9.65129 18.4259 0 0 0 0.537755 0.843101
69.900000000 10.2348 19.3046 0 0 0 0.476669 0.879083
71.100000000 10.6074 20.0968 0 0 0 0.585114 0.810951
72.500000000 10.6982 21.1259 0 0 0 0.720019 0.693955
73.300000000 10.5621 21.2193 0 0 0 0.909331 0.416074
74.000000000 10.487 21.0983 0 0 0 0.996907 0.0785878
74.600000000 10.5026 20.9872 0 0 0 -0.975733 0.218962
75.100000000 10.584 20.9102 0 0 0 -0.891634 0.452757
75.700000000 10.6542 20.8154 0 0 0 -0.741 0.671505
76.400000000 10.7896 20.6842 0 0 0 -0.531687 0.846941
78.000000000 11.5446 19.8935 0 0 0 -0.366686 0.930345
79.300000000 12.066 19.5749 0 0 0 -0.0558301 0.99844
80.100000000 12.3285 19.7567 0 0 0 0.191086 0.981573
81.600000000 13.0838 20.4511 0 0 0 0.390876 0.920443
83.000000000 13.7959 21.214 0 0 0 0.399173 0.916875
84.300000000 14.4231 21.9672 0 0 0 0.439779 0.898106
85.600000000 14.9779 22.7663 0 0 0 0.471615 0.881805
87.000000000 15.5078 23.6641 0 0 0 0.516223 0.856454
88.300000000 15.9457 24.4987 0 0 0 0.472656 0.881247
89.600000000 16.5924 25.2295 0 0 0 0.383535 0.923526
90.900000000 17.356 25.8461 0 0 0 0.312285 0.949988
92.200000000 18.1766 26.3731 0 0 0 0.252992 0.967468
93.400000000 18.9901 26.7601 0 0 0 0.208916 0.977934
94.800000000 19.9878 27.2189 0 0 0 0.275731 0.961235
96.100000000 20.6906 27.8923 0 0 0 0.371147 0.928574
97.700000000 21.3092 28.2831 0 0 0 0.0762569 0.997088
98.400000000 21.5157 28.1546 0 0 0 -0.177926 0.984044
99.900000000 22.3374 27.5324 0 0 0 -0.332547 0.943087
101.400000000 23.252 27.0485 0 0 0 -0.155112 0.987897
102.800000000 24.2451 27.0017 0 0 0 0.0276341 0.999618
104.100000000 25.2115 27.1103 0 0 0 0.0507155 0.998713
105.500000000 26.2721 27.1943 0 0 0 0.0323224 0.999477
106.800000000 27.2367 27.2173 0 0 0 0.00241983 0.999997
108.100000000 28.2188 27.2189 0 0 0 0.00192416 0.999998
109.500000000 29.2625 27.2101 0 0 0 0.000677173 1
110.800000000 30.2412 27.2117 0 0 0 0.000143223 1
112.000000000 31.144 27.2 0 0 0 0.000347506 1
113.300000000 32.1176 27.1991 0 0 0 0.000355653 1
114.900000000 33.1737 27.3587 0 0 0 0.178726 0.983899
116.300000000 33.9443 27.953 0 0 0 0.375172 0.926955
117.600000000 34.6202 28.6642 0 0 0 0.40017 0.916441
118.900000000 35.2414 29.3549 0 0 0 0.448642 0.893712
119.600000000 35.1822 29.4903 0 0 0 0.692317 0.721594
120.200000000 35.0749 29.6119 0 0 0 0.83818 0.545394
121.800000000 34.306 30.3408 0 0 0 0.949503 0.313758
123.200000000 33.6337 30.6173 0 0 0 0.999974 0.00723926
123.800000000 33.6585 30.4978 0 0 0 -0.958105 0.286418
124.500000000 33.7703 30.423 0 0 0 -0.802423 0.596756
125.100000000 33.8886 30.4252 0 0 0 -0.590163 0.807284
125.800000000 34.1087 30.3662 0 0 0 -0.388035 0.921645
127.100000000 34.883 29.8409 0 0 0 -0.222075 0.97503
128.400000000 35.8181 29.6015 0 0 0 -0.0761994 0.997093
129.400000000 36.1486 29.6816 0 0 0 0.24151 0.970398
130.100000000 36.0546 29.7746 0 0 0 0.56011 0.828418
130.600000000 35.9665 29.7844 0 0 0 0.747235 0.66456
131.300000000 35.8484 29.7262 0 0 0 0.930028 0.367489
131.800000000 35.7962 29.6396 0 0 0 0.991956 0.126584
132.500000000 35.7379 29.5005 0 0 0 -0.982035 0.1887
134.100000000 35.0046 28.7672 0 0 0 -0.912313 0.409493
135.500000000 34.3206 27.9792 0 0 0 -0.915167 0.403076
136.800000000 33.6532 27.2738 0 0 0 -0.924865 0.380295
138.100000000 33.0109 26.5632 0 0 0 -0.907395 0.42028
139.500000000 32.4736 25.6641 0 0 0 -0.814033 0.580819
140.800000000 32.4248 24.7203 0 0 0 -0.705703 0.708508
142.200000000 32.5423 23.6772 0 0 0 -0.660999 0.750387
143.500000000 32.6345 22.7105 0 0 0 -0.682122 0.731238
144.900000000 32.6557 21.659 0 0 0 -0.709982 0.70422
146.300000000 32.6088 20.608 0 0 0 -0.726886 0.686758
147.700000000 32.5497 19.5678 0 0 0 -0.730317 0.683108
149.100000000 32.3777 18.5849 0 0 0 -0.81963 0.572894
150.600000000 31.7283 17.7508 0 0 0 -0.919629 0.392788
151.900000000 30.9437 17.222 0 0 0 -0.968398 0.249411
153.100000000 30.2745 17.0947 0 0 0 0.999999 0.00169659
154.400000000 29.6351 17.4 0 0 0 0.957897 0.287111
155.600000000 28.9779 18.0508 0 0 0 0.930114 0.36727
157.000000000 28.1398 18.6712 0 0 0 0.966 0.258543
158.500000000 27.0834 18.959 0 0 0 0.998286 0.0585177
159.400000000 26.7807 18.8094 0 0 0 -0.97401 0.226504
160.200000000 26.6522 18.5617 0 0 0 -0.879036 0.476756
161.400000000 26.5133 17.8828 0 0 0 -0.734713 0.678378
162.700000000 26.6014 16.8822 0 0 0 -0.657102 0.753802
163.900000000 26.7388 15.9895 0 0 0 -0.660832 0.750534
165.400000000 26.6804 15.3082 0 0 0 -0.868197 0.496219
166.000000000 26.5945 15.3881 0 0 0 -0.975044 0.222013
166.500000000 26.5243 15.4742 0 0 0 -0.999964 0.00851134
167.500000000 26.1559 15.7027 0 0 0 0.960686 0.277638
168.900000000 25.4308 16.4364 0 0 0 0.91966 0.392716
170.100000000 24.8017 17.0724 0 0 0 0.920102 0.39168
171.400000000 24.1004 17.7545 0 0 0 0.934485 0.356002
172.700000000 23.2888 18.2836 0 0 0 0.971477 0.237136
174.200000000 22.2286 18.5151 0 0 0 0.999468 0.0326135
175.400000000 21.3355 18.4639 0 0 0 -0.998906 0.0467687
176.800000000 20.2878 18.3554 0 0 0 -0.998607 0.0527569
178.100000000 19.3169 18.289 0 0 0 -0.999647 0.0265565
179.400000000 18.3437 18.2781 0 0 0 -1 0.000653157
180.700000000 17.3721 18.2776 0 0 0 0.999941 0.0108978
182.200000000 16.2995 18.4572 0 0 0 0.988025 0.154293
183.500000000 15.5453 18.9607 0 0 0 0.941656 0.336578
184.800000000 14.864 19.6566 0 0 0 0.919425 0.393266
186.200000000 14.1597 20.45 0 0 0 0.897514 0.440986
187.500000000 13.7095 21.3237 0 0 0 0.819064 0.573702
188.800000000 13.5945 22.2658 0 0 0 0.717965 0.69608
190.200000000 13.7312 23.3154 0 0 0 0.659526 0.751681
191.500000000 13.7744 24.286 0 0 0 0.694044 0.719933
192.900000000 13.7402 25.3379 0 0 0 0.725168 0.688572
194.100000000 13.7236 26.2413 0 0 0 0.710481 0.703717
195.500000000 13.7255 27.2855 0 0 0 0.706076 0.708136
196.800000000 13.7181 28.2596 0 0 0 0.71012 0.704081
198.200000000 13.804 29.2173 0 0 0 0.631487 0.775387
199.000000000 13.9618 29.3183 0 0 0 0.365511 0.930807
200.600000000 14.9486 29.5443 0 0 0 0.0983277 0.995154
201.500000000 15.1393 29.454 0 0 0 -0.226722 0.97396
202.100000000 15.0664 29.372 0 0 0 -0.501797 0.864985
202.700000000 14.9983 29.2666 0 0 0 -0.708132 0.70608
203.400000000 14.8587 29.1651 0 0 0 -0.878733 0.477314
204.100000000 14.6911 29.1498 0 0 0 -0.977655 0.210215
205.800000000 13.6979 28.9556 0 0 0 -0.978162 0.207842
207.300000000 12.9609 28.2497 0 0 0 -0.91419 0.405285
208.600000000 12.2895 27.5403 0 0 0 -0.924492 0.381201
209.900000000 11.5008 26.9799 0 0 0 -0.967779 0.251801
211.400000000 10.5436 26.7254 0 0 0 -0.996808 0.0798419
213.900000000 9.54649 26.6887 0 0 0 0.999973 0.00732618
216.000000000 8.50266 26.7295 0 0 0 0.999837 0.0180416
217.300000000 7.53872 26.7601 0 0 0 0.99984 0.0178722
218.800000000 6.44583 26.8083 0 0 0 0.999705 0.0242786
220.000000000 5.54626 26.892 0 0 0 0.998184 0.0602356
221.500000000 4.53733 27.2217 0 0 0 0.971374 0.237554
222.900000000 3.76953 27.8985 0 0 0 0.915496 0.402326
224.200000000 3.24805 28.7223 0 0 0 0.849854 0.527018
225.300000000 3.22239 29.2009 0 0 0 0.653423 0.756993
226.200000000 3.44669 29.5081 0 0 0 0.436187 0.899856
227.700000000 4.28859 30.0477 0 0 0 0.201707 0.979446
228.400000000 4.35962 29.9686 0 0 0 -0.117656 0.993054
229.000000000 4.30873 29.8628 0 0 0 -0.401486 0.915865
229.600000000 4.23461 29.7796 0 0 0 -0.637337 0.770585
230.200000000 4.12097 29.709 0 0 0 -0.815466 0.578805
231.300000000 3.70633 29.2662 0 0 0 -0.933557 0.358429
232.600000000 2.96649 28.614 0 0 0 -0.935206 0.354103
233.800000000 2.34442 28.003 0 0 0 -0.920661 0.390362
235.200000000 1.61791 27.2406 0 0 0 -0.921534 0.388297
236.400000000 0.969043 26.6007 0 0 0 -0.925006 0.379952
237.800000000 0.232871 25.8697 0 0 0 -0.923152 0.384436
239.100000000 -0.441489 25.1771 0 0 0 -0.921353 0.388726
240.400000000 -1.11733 24.4653 0 0 0 -0.915971 0.401245
241.800000000 -1.74578 23.7534 0 0 0 -0.909663 0.415348
243.700000000 -2.36129 22.9554 0 0 0 -0.869577 0.493798
245.000000000 -2.67917 22.0444 0 0 0 -0.784228 0.620473
246.400000000 -2.59862 21.2845 0 0 0 -0.563993 0.82578
247.300000000 -2.28795 21.0481 0 0 0 -0.336644 0.941632
248.900000000 -1.27419 20.7323 0 0 0 -0.106317 0.994332
250.200000000 -0.305014 20.6031 0 0 0 -0.0323516 0.999477
251.500000000 0.201706 20.7018 0 0 0 0.288527 0.957472
252.200000000 0.0903906 20.7767 0 0 0 0.599889 0.800083
252.800000000 -0.0277193 20.7753 0 0 0 0.809611 0.586967
253.400000000 -0.124619 20.7087 0 0 0 0.947015 0.32119
253.900000000 -0.164666 20.6033 0 0 0 0.997 0.0774034
254.600000000 -0.313003 20.4695 0 0 0 -0.982301 0.18731
256.200000000 -1.04126 19.7628 0 0 0 -0.913989 0.405739
257.400000000 -1.25762 19.3386 0 0 0 -0.72813 0.685439
258.000000000 -1.12451 19.36 0 0 0 -0.494633 0.869102
258.500000000 -1.05595 19.4424 0 0 0 -0.264932 0.964267
259.100000000 -1.02905 19.5499 0 0 0 0.0317954 0.999494
259.800000000 -1.08173 19.673 0 0 0 0.373147 0.927772
260.300000000 -1.16481 19.7202 0 0 0 0.590594 0.806969
261.100000000 -1.28794 19.875 0 0 0 0.817131 0.576452
262.100000000 -1.67483 20.2099 0 0 0 0.934787 0.355208
263.400000000 -2.49231 20.604 0 0 0 0.982525 0.186129
264.700000000 -3.43752 20.8068 0 0 0 0.997655 0.0684482
266.100000000 -4.48062 20.827 0 0 0 -0.999974 0.00716839
267.400000000 -5.46889 20.8043 0 0 0 -0.999968 0.00801878
268.800000000 -6.5312 20.8526 0 0 0 -0.99995 0.0100081
269.700000000 -6.71372 20.6264 0 0 0 -0.942461 0.334317
270.300000000 -6.69244 20.479 0 0 0 -0.829207 0.558942
271.500000000 -6.61799 19.8747 0 0 0 -0.644521 0.764586
272.800000000 -6.38971 18.9212 0 0 0 -0.621858 0.78313
274.100000000 -6.25566 17.9475 0 0 0 -0.670771 0.741665
275.500000000 -6.34546 17.4006 0 0 0 -0.878479 0.477782
276.200000000 -6.43738 17.4939 0 0 0 -0.988193 0.153214
276.900000000 -6.63538 17.5941 0 0 0 0.995239 0.097469
278.100000000 -7.19675 18.0107 0 0 0 0.938524 0.345215
279.500000000 -7.83788 18.8156 0 0 0 0.882195 0.470884
280.800000000 -8.22436 19.7091 0 0 0 0.809156 0.587594
282.200000000 -8.34263 20.7559 0 0 0 0.704113 0.710088
283.600000000 -8.24503 21.7996 0 0 0 0.653517 0.756912
284.900000000 -8.09796 22.7699 0 0 0 0.680184 0.733042
286.100000000 -8.09972 23.6629 0 0 0 0.722777 0.691081
287.700000000 -8.40842 24.6444 0 0 0 0.867968 0.49662
289.000000000 -9.03823 25.2921 0 0 0 0.927773 0.373145
290.400000000 -9.83424 26.0165 0 0 0 0.929274 0.36939
291.700000000 -10.6261 26.6152 0 0 0 0.95805 0.2866
293.000000000 -11.5277 26.9705 0 0 0 0.990706 0.136018
294.300000000 -12.4837 27.0094 0 0 0 -0.999432 0.0336853
295.700000000 -13.5207 26.8926 0 0 0 -0.998416 0.0562642
297.000000000 -14.481 26.8104 0 0 0 -0.999859 0.0167858
298.300000000 -15.452 26.9183 0 0 0 0.993828 0.110934
299.800000000 -16.3932 27.4042 0 0 0 0.94772 0.319103
301.000000000 -17.0204 28.061 0 0 0 0.923075 0.384619
302.400000000 -17.768 28.8013 0 0 0 0.923429 0.383768
303.600000000 -18.4005 29.4377 0 0 0 0.92632 0.376737
305.000000000 -19.1579 30.1271 0 0 0 0.937708 0.347424
305.700000000 -19.3625 30.1549 0 0 0 0.99523 0.0975524
306.500000000 -19.5849 30.0091 0 0 0 -0.983299 0.181999
308.000000000 -20.404 29.3866 0 0 0 -0.938443 0.345435
309.500000000 -21.3127 28.8657 0 0 0 -0.986398 0.164375
311.000000000 -22.1641 28.8741 0 0 0 0.988464 0.151455
311.500000000 -22.1165 28.9665 0 0 0 0.92226 0.386571
312.100000000 -22.0173 29.0294 0 0 0 0.769783 0.638306
312.800000000 -21.8994 29.0162 0 0 0 0.507743 0.861509
313.300000000 -21.8207 28.9585 0 0 0 0.283836 0.958873
314.000000000 -21.7092 28.7998 0 0 0 -0.0193964 0.999812
314.900000000 -21.4009 28.6239 0 0 0 -0.276922 0.960892
316.300000000 -20.691 27.9362 0 0 0 -0.406114 0.913823
317.700000000 -20.0039 27.1406 0 0 0 -0.401731 0.915758
319.000000000 -19.3102 26.4563 0 0 0 -0.329172 0.94427
319.600000000 -19.2274 26.501 0 0 0 -0.0630752 0.998009
320.200000000 -19.2417 26.6557 0 0 0 0.233045 0.972466
320.800000000 -19.3161 26.7396 0 0 0 0.510034 0.860154
321.500000000 -19.452 26.7596 0 0 0 0.773937 0.633262
322.200000000 -19.5669 26.6924 0 0 0 0.944321 0.329026
322.800000000 -19.6568 26.598 0 0 0 0.998193 0.0600848
323.600000000 -19.8145 26.3819 0 0 0 -0.969709 0.244262
324.900000000 -20.3104 25.8206 0 0 0 -0.878562 0.477628
326.100000000 -20.8581 25.1139 0 0 0 -0.912639 0.408766
327.400000000 -21.58 24.4618 0 0 0 -0.940967 0.338498
328.800000000 -22.1248 23.6712 0 0 0 -0.845719 0.533628
330.300000000 -22.2772 22.6152 0 0 0 -0.713436 0.70072
331.700000000 -22.1874 21.59 0 0 0 -0.699729 0.714408
333.200000000 -22.5041 20.7138 0 0 0 -0.869677 0.493621
334.200000000 -22.818 20.4677 0 0 0 -0.975166 0.221474
334.800000000 -22.8445 20.5817 0 0 0 0.997403 0.0720264
335.300000000 -22.8133 20.6814 0 0 0 0.949619 0.313408
336.000000000 -22.7252 20.7582 0 0 0 0.788117 0.615526
336.600000000 -22.5986 20.7623 0 0 0 0.574824 0.818277
337.200000000 -22.4997 20.7107 0 0 0 0.311715 0.950176
338.100000000 -22.0825 20.6862 0 0 0 0.0709669 0.997479
339.500000000 -21.0747 20.6713 0 0 0 -0.054911 0.998491
340.700000000 -20.1583 20.6211 0 0 0 -0.0168664 0.999858
342.100000000 -19.128 20.6894 0 0 0 0.0493085 0.998784
343.400000000 -18.1548 20.7157 0 0 0 -0.000931562 1
344.700000000 -17.1813 20.7101 0 0 0 -0.00866712 0.999962
346.000000000 -16.2075 20.6721 0 0 0 -0.0140479 0.999901
347.300000000 -15.258 20.5926 0 0 0 -0.0874123 0.996172
348.500000000 -14.808 20.298 0 0 0 -0.41701 0.908902
349.000000000 -14.9106 20.2822 0 0 0 -0.624719 0.780849
349.600000000 -15.0273 20.2798 0 0 0 -0.824917 0.565253
350.300000000 -15.15 20.3579 0 0 0 -0.965473 0.260503
351.000000000 -15.2601 20.4509 0 0 0 0.999346 0.0361545
352.800000000 -16.1996 20.8699 0 0 0 0.998324 0.0578756
354.300000000 -17.1893 20.8217 0 0 0 0.993734 0.111773
355.600000000 -17.8279 21.2893 0 0 0 0.937161 0.348896
356.800000000 -18.4617 21.9247 0 0 0 0.918946 0.394383
358.200000000 -19.1921 22.6778 0 0 0 0.924323 0.381611
359.400000000 -19.8292 23.3134 0 0 0 0.925128 0.379656
360.800000000 -20.5831 24.0496 0 0 0 0.925178 0.379533
362.100000000 -21.2866 24.7259 0 0 0 0.933042 0.359767
363.300000000 -21.9982 25.2699 0 0 0 0.953108 0.302631
364.700000000 -22.9137 25.7647 0 0 0 0.974903 0.222629
366.000000000 -23.8325 26.1033 0 0 0 0.988841 0.148974
367.300000000 -24.7921 26.3088 0 0 0 0.996559 0.0828841
368.700000000 -25.8329 26.3729 0 0 0 0.999932 0.0116236
369.900000000 -26.7362 26.3561 0 0 0 -0.999936 0.0112857
371.300000000 -27.7784 26.3431 0 0 0 -0.999996 0.0028705
372.700000000 -28.8293 26.3757 0 0 0 0.999304 0.0373012
374.100000000 -29.7813 26.6039 0 0 0 0.981852 0.189647
375.400000000 -30.299 27.1181 0 0 0 0.890536 0.454913
376.700000000 -30.4299 27.8314 0 0 0 0.725856 0.687846
378.000000000 -30.1635 28.5484 0 0 0 0.518438 0.855115
379.400000000 -29.4941 29.2041 0 0 0 0.313157 0.949701
380.500000000 -29.0671 29.3372 0 0 0 -0.00499472 0.999988
381.100000000 -29.0532 29.2024 0 0 0 -0.278481 0.960442
381.700000000 -29.1457 29.1279 0 0 0 -0.54589 0.837857
382.300000000 -29.2606 29.1037 0 0 0 -0.766079 0.642746
383.100000000 -29.4642 28.8723 0 0 0 -0.901276 0.433244
384.700000000 -30.3842 28.2693 0 0 0 -0.963382 0.268132
386.000000000 -31.1404 27.7243 0 0 0 -0.930288 0.366831
387.200000000 -31.7244 27.0304 0 0 0 -0.904114 0.427292
388.600000000 -32.4505 26.2733 0 0 0 -0.921748 0.387789
389.900000000 -33.0759 25.517 0 0 0 -0.895964 0.444127
391.300000000 -33.6095 24.6238 0 0 0 -0.857907 0.513805
392.500000000 -33.9307 23.7531 0 0 0 -0.821689 0.569937
393.900000000 -34.2068 22.7653 0 0 0 -0.779258 0.626704
395.500000000 -34.308 21.7459 0 0 0 -0.722958 0.690892
397.600000000 -34.3189 20.7082 0 0 0 -0.717921 0.696125
399.100000000 -34.5249 19.6868 0 0 0 -0.810004 0.586424
400.200000000 -34.9125 19.2122 0 0 0 -0.927953 0.372698
401.700000000 -35.7784 18.9078 0 0 0 -0.995475 0.0950262
403.000000000 -36.7304 18.9288 0 0 0 0.998916 0.0465578
404.400000000 -37.4758 19.173 0 0 0 0.951505 0.307632
405.100000000 -37.4154 19.2965 0 0 0 0.80925 0.587465
406.000000000 -37.3015 19.5919 0 0 0 0.598261 0.801302
407.700000000 -36.888 20.548 0 0 0 0.623009 0.782214
409.100000000 -36.8772 21.4929 0 0 0 0.756072 0.654489
409.700000000 -37.0043 21.476 0 0 0 0.907901 0.419185
410.300000000 -37.0829 21.3891 0 0 0 0.98998 0.141205
410.900000000 -37.1009 21.2732 0 0 0 -0.98889 0.14865
411.400000000 -37.0535 21.1709 0 0 0 -0.922696 0.385529
412.100000000 -36.937 21.1153 0 0 0 -0.739454 0.673207
413.900000000 -36.6163 20.0867 0 0 0 -0.59221 0.805783
415.200000000 -36.1913 19.2203 0 0 0 -0.483226 0.875496
416.800000000 -35.5406 18.4945 0 0 0 -0.390046 0.920795
419.500000000 -34.8866 17.8475 0 0 0 -0.38137 0.924422
422.100000000 -34.1483 17.1331 0 0 0 -0.381389 0.924415
423.400000000 -33.4627 16.4407 0 0 0 -0.381402 0.924409
424.700000000 -32.7672 15.7585 0 0 0 -0.381414 0.924404
426.000000000 -32.1013 14.9348 0 0 0 -0.412012 0.911178
427.500000000 -31.6176 14.0934 0 0 0 -0.590183 0.80727
428.900000000 -31.6489 13.2769 0 0 0 -0.773094 0.634291
430.300000000 -31.9605 12.3077 0 0 0 -0.804232 0.594315
431.800000000 -32.1354 11.3455 0 0 0 -0.752531 0.658556
433.700000000 -31.9878 10.5034 0 0 0 -0.546765 0.837286
435.200000000 -31.4001 9.69586 0 0 0 -0.358074 0.933693
436.500000000 -30.6036 8.96805 0 0 0 -0.448016 0.894026
437.800000000 -30.2864 8.07456 0 0 0 -0.602184 0.798357
439.200000000 -30.3359 7.34673 0 0 0 -0.844872 0.534969
439.800000000 -30.4294 7.41927 0 0 0 -0.964008 0.265873
440.400000000 -30.4886 7.61148 0 0 0 0.999924 0.0122943
441.200000000 -30.7645 7.87809 0 0 0 0.966047 0.258365
442.600000000 -31.5083 8.57787 0 0 0 0.924921 0.38016
444.000000000 -32.3513 9.08854 0 0 0 0.980643 0.195805
445.500000000 -33.3899 9.12653 0 0 0 -0.999987 0.00507727
446.800000000 -34.3683 9.09531 0 0 0 -0.998292 0.058421
448.100000000 -35.336 8.98728 0 0 0 -0.99894 0.0460359
449.300000000 -36.2388 8.95074 0 0 0 -0.999977 0.00675297
450.600000000 -37.2127 8.95432 0 0 0 0.999992 0.00404812
451.800000000 -37.6006 8.82114 0 0 0 -0.942444 0.334365
452.400000000 -37.5034 8.73654 0 0 0 -0.81019 0.586167
453.600000000 -37.3868 8.13149 0 0 0 -0.605496 0.795848
455.200000000 -36.9397 7.21156 0 0 0 -0.574953 0.818187
456.400000000 -36.9473 6.69692 0 0 0 -0.810261 0.58607
457.000000000 -37.0483 6.7564 0 0 0 -0.945202 0.326487
457.600000000 -37.0994 6.86197 0 0 0 -0.999307 0.0372157
458.100000000 -37.0827 6.95813 0 0 0 0.978183 0.207746
458.800000000 -37.0129 7.05269 0 0 0 0.850688 0.525671
459.400000000 -36.9194 7.15697 0 0 0 0.683927 0.729551
460.600000000 -36.537 7.75802 0 0 0 0.477982 0.87837
462.000000000 -35.8294 8.34677 0 0 0 0.26329 0.964717
463.500000000 -34.8931 8.62687 0 0 0 0.0776372 0.996982
464.800000000 -33.8524 8.59171 0 0 0 -0.0337903 0.999429
466.000000000 -32.9484 8.44714 0 0 0 -0.0447071 0.999
467.700000000 -31.9824 8.35205 0 0 0 -0.00229045 0.999997
471.200000000 -31.0086 8.41511 0 0 0 0.0161244 0.99987
473.800000000 -29.9889 8.44012 0 0 0 0.00803726 0.999968
477.300000000 -29.0476 8.44721 0 0 0 0.00739291 0.999973
480.300000000 -28.056 8.41835 0 0 0 0.00759263 0.999971
481.700000000 -27.0194 8.39225 0 0 0 -0.0305009 0.999535
483.100000000 -26.136 8.35748 0 0 0 -0.0110031 0.999939
485.500000000 -25.1372 8.35903 0 0 0 0.00354419 0.999994
488.500000000 -24.1583 8.36993 0 0 0 0.00607748 0.999982
491.500000000 -23.1677 8.38054 0 0 0 0.0062535 0.99998
494.400000000 -22.2167 8.39115 0 0 0 0.00643578 0.999979
497.700000000 -21.2561 8.40199 0 0 0 0.00662435 0.999978
501.600000000 -20.2808 8.41345 0 0 0 0.00681905 0.999977
503.900000000 -19.2588 8.42598 0 0 0 0.00708913 0.999975
505.600000000 -18.3145 8.43743 0 0 0 0.00729575 0.999973
507.400000000 -17.327 8.44951 0 0 0 0.0074844 0.999972
509.300000000 -16.2838 8.46349 0 0 0 0.0076225 0.999971
511.400000000 -15.3213 8.4771 0 0 0 0.00743801 0.999972
515.200000000 -14.3259 8.49073 0 0 0 0.00725906 0.999974
517.800000000 -13.3963 8.52426 0 0 0 0.0192388 0.999815
519.800000000 -12.3205 8.53471 0 0 0 -0.00678044 0.999977
521.200000000 -11.2868 8.39012 0 0 0 -0.125559 0.992086
522.600000000 -10.4033 7.91669 0 0 0 -0.301666 0.953414
524.000000000 -9.63756 7.17934 0 0 0 -0.377752 0.925907
525.200000000 -8.99779 6.5789 0 0 0 -0.37837 0.925654
526.500000000 -8.33794 5.86137 0 0 0 -0.426412 0.904529
527.900000000 -7.81354 4.93403 0 0 0 -0.555365 0.831606
529.300000000 -7.64297 4.0315 0 0 0 -0.656115 0.754661
531.900000000 -7.6094 3.05835 0 0 0 -0.707239 0.706975
536.500000000 -7.64113 2.07454 0 0 0 -0.719979 0.693996
540.800000000 -7.68435 1.10049 0 0 0 -0.716321 0.697771
545.500000000 -7.64826 0.138499 0 0 0 -0.689801 0.723999
549.700000000 -7.5871 -0.829109 0 0 0 -0.681957 0.731392
552.800000000 -7.63494 -1.93366 0 0 0 -0.771644 0.636055
554.000000000 -7.92116 -2.7847 0 0 0 -0.801238 0.598345
555.400000000 -8.10522 -3.74044 0 0 0 -0.746885 0.664953
557.700000000 -8.10765 -4.74655 0 0 0 -0.692395 0.721518
558.700000000 -7.96981 -4.9755 0 0 0 -0.426495 0.90449
559.200000000 -7.904 -4.8971 0 0 0 -0.190237 0.981738
560.000000000 -7.75588 -4.77018 0 0 0 0.129722 0.99155
560.800000000 -7.48035 -4.51877 0 0 0 0.34771 0.937602
562.300000000 -6.89437 -3.63118 0 0 0 0.517765 0.855523
563.700000000 -6.62592 -2.62629 0 0 0 0.636805 0.771025
565.400000000 -6.57026 -1.68568 0 0 0 0.714645 0.699487
568.300000000 -6.63416 -0.739046 0 0 0 0.738963 0.673746
572.500000000 -6.72654 0.21687 0 0 0 0.738865 0.673853
575.700000000 -6.78724 1.20898 0 0 0 0.719516 0.694476
577.400000000 -6.80764 2.25239 0 0 0 0.71406 0.700085
580.200000000 -6.82668 3.18859 0 0 0 0.714025 0.70012
582.900000000 -6.84747 4.19941 0 0 0 0.713999 0.700147
584.800000000 -6.86834 5.24961 0 0 0 0.714062 0.700082
586.900000000 -6.88747 6.19284 0 0 0 0.714089 0.700055
590.200000000 -6.90732 7.15858 0 0 0 0.714106 0.700037
591.700000000 -6.78635 8.20991 0 0 0 0.61402 0.78929
593.200000000 -6.22593 8.96336 0 0 0 0.372721 0.927943
594.500000000 -5.43448 9.3668 0 0 0 0.17544 0.98449
596.000000000 -4.3171 9.50094 0 0 0 -0.00199279 0.999998
597.300000000 -3.39152 9.36078 0 0 0 -0.073664 0.997283
598.700000000 -2.36241 9.15828 0 0 0 -0.1108 0.993843
600.100000000 -1.3535 8.88386 0 0 0 -0.135555 0.99077
601.400000000 -0.361717 8.68577 0 0 0 -0.113911 0.993491
602.900000000 0.530909 8.2841 0 0 0 -0.344268 0.938871
604.100000000 0.821674 7.67811 0 0 0 -0.581856 0.813292
605.200000000 0.800442 7.04202 0 0 0 -0.764168 0.645017
606.700000000 0.369195 6.07643 0 0 0 -0.838639 0.544688
608.000000000 0.109307 5.18299 0 0 0 -0.762702 0.64675
610.100000000 0.139771 4.19006 0 0 0 -0.685265 0.728294
614.200000000 0.230532 3.23366 0 0 0 -0.669292 0.742999
618.900000000 0.307683 2.29443 0 0 0 -0.685734 0.727852
623.800000000 0.352105 1.31672 0 0 0 -0.695649 0.718382
628.700000000 0.375264 0.351419 0 0 0 -0.698208 0.715895
633.500000000 0.397361 -0.597161 0 0 0 -0.698592 0.71552
638.200000000 0.407825 -1.48987 0 0 0 -0.709571 0.704634
642.800000000 0.373485 -2.47808 0 0 0 -0.719957 0.694019
647.500000000 0.343063 -3.46315 0 0 0 -0.712881 0.701285
651.700000000 0.350781 -4.48218 0 0 0 -0.702654 0.711532
653.800000000 0.372536 -5.456 0 0 0 -0.697232 0.716846
655.200000000 0.40182 -6.49115 0 0 0 -0.697094 0.71698
656.700000000 0.424207 -7.59203 0 0 0 -0.709272 0.704935
658.000000000 0.321414 -8.52936 0 0 0 -0.791435 0.611253
659.400000000 -0.233156 -9.43678 0 0 0 -0.894296 0.447476
661.000000000 -1.0805 -10.0998 0 0 0 -0.976027 0.217649
662.700000000 -2.18723 -10.3065 0 0 0 -0.998149 0.0608117
664.600000000 -2.78105 -10.2267 0 0 0 0.971886 0.235451
665.300000000 -2.68738 -10.1306 0 0 0 0.834978 0.550283
665.800000000 -2.58248 -10.1396 0 0 0 0.674656 0.738132
666.500000000 -2.43235 -10.0631 0 0 0 0.436357 0.899773
667.500000000 -1.98071 -9.87652 0 0 0 0.189046 0.981968
668.900000000 -1.04978 -9.7613 0 0 0 0.0140565 0.999901
676.600000000 -0.0920265 -9.57162 0 0 0 0.173834 0.984775
677.900000000 0.501695 -9.09854 0 0 0 0.432137 0.901808
679.400000000 0.791826 -8.18181 0 0 0 0.649945 0.759982
680.800000000 0.731525 -7.15037 0 0 0 0.752216 0.658917
682.200000000 0.531942 -6.12195 0 0 0 0.775439 0.631422
683.500000000 0.45473 -5.15414 0 0 0 0.709568 0.704637
684.800000000 0.511336 -4.18664 0 0 0 0.679289 0.733871
686.100000000 0.536212 -3.21819 0 0 0 0.704212 0.70999
687.300000000 0.528504 -2.3058 0 0 0 0.720763 0.693182
688.700000000 0.482596 -1.25954 0 0 0 0.72084 0.693102
690.000000000 0.473642 -0.293638 0 0 0 0.709593 0.704612
691.300000000 0.461985 0.687992 0 0 0 0.71484 0.699288
692.800000000 0.31021 1.26926 0 0 0 0.907436 0.42019
693.400000000 0.244591 1.16898 0 0 0 0.990908 0.134544
694.100000000 0.253971 1.04891 0 0 0 -0.976965 0.213399
694.600000000 0.273596 0.954922 0 0 0 -0.90579 0.423727
695.300000000 0.351013 0.83673 0 0 0 -0.739152 0.673539
696.100000000 0.475396 0.80858 0 0 0 -0.465101 0.885258
697.500000000 1.11191 0.0220797 0 0 0 -0.462545 0.886596
699.300000000 1.47416 -0.324247 0 0 0 -0.178128 0.984007
700.300000000 1.5703 -0.2203 0 0 0 0.107325 0.994224
702.200000000 2.38651 0.263737 0 0 0 0.301371 0.953507
703.300000000 2.47741 0.176412 0 0 0 -6.0705e-05 1
707.000000000 3.23712 0.0777193 0 0 0 0.3101 0.950704
707.800000000 3.18449 0.165521 0 0 0 0.543193 0.839608
710.300000000 3.17288 1.19016 0 0 0 0.758941 0.65116
710.900000000 3.06754 1.12671 0 0 0 0.912505 0.409065
711.600000000 2.99324 1.02803 0 0 0 0.996693 0.0812581
712.200000000 3.02109 0.896689 0 0 0 -0.978372 0.206852
713.100000000 2.93453 0.678093 0 0 0 -0.865343 0.50118
714.000000000 2.97745 0.366113 0 0 0 -0.68595 0.727649
715.600000000 3.13766 -0.662243 0 0 0 -0.640578 0.767893
716.800000000 3.33616 -1.0616 0 0 0 -0.395488 0.918471
717.400000000 3.38431 -0.996195 0 0 0 -0.1142 0.993458
718.100000000 3.36368 -0.861404 0 0 0 0.223799 0.974635
718.700000000 3.40757 -0.709488 0 0 0 0.442165 0.896934
719.600000000 3.38525 -0.440616 0 0 0 0.707216 0.706997
720.900000000 3.04041 0.220327 0 0 0 0.848975 0.528434
722.700000000 2.53149 0.888768 0 0 0 0.968436 0.249262
723.300000000 2.50063 0.780548 0 0 0 -0.99977 0.0214608
724.000000000 2.55061 0.743185 0 0 0 -0.942537 0.334101
724.600000000 2.59352 0.573835 0 0 0 -0.842237 0.539107
725.600000000 2.6319 0.26835 0 0 0 -0.650936 0.759133
727.800000000 3.18453 -0.642394 0 0 0 -0.518898 0.854836
728.800000000 3.13606 -0.80361 0 0 0 -0.764115 0.64508
729.300000000 3.05731 -0.758886 0 0 0 -0.891104 0.453799
730.000000000 2.97382 -0.713528 0 0 0 -0.988749 0.149583
730.700000000 2.87186 -0.574017 0 0 0 0.991663 0.128855
731.500000000 2.77872 -0.41068 0 0 0 0.916914 0.399085
733.000000000 2.63467 0.239099 0 0 0 0.774169 0.632979
734.700000000 2.69559 0.737646 0 0 0 0.566746 0.823892
735.700000000 2.79487 0.657431 0 0 0 0.277734 0.960658
736.400000000 2.8835 0.58503 0 0 0 0.030299 0.999541
737.300000000 3.08506 0.393139 0 0 0 -0.291996 0.956419
738.700000000 3.58974 -0.336662 0 0 0 -0.516561 0.85625
740.000000000 3.82944 -1.22564 0 0 0 -0.64894 0.760839
741.900000000 3.82969 -2.1965 0 0 0 -0.722456 0.691417
746.000000000 3.77642 -3.18171 0 0 0 -0.721515 0.692399
750.600000000 3.74997 -4.16996 0 0 0 -0.710935 0.703258
755.400000000 3.74826 -5.13023 0 0 0 -0.708731 0.705478
760.200000000 3.74756 -6.09625 0 0 0 -0.708892 0.705317
765.000000000 3.73643 -7.05316 0 0 0 -0.708821 0.705389
769.900000000 3.73955 -8.01887 0 0 0 -0.705013 0.709194
773.000000000 3.83787 -9.02648 0 0 0 -0.645159 0.764048
774.500000000 4.29615 -10.0148 0 0 0 -0.479873 0.877338
775.900000000 5.01858 -10.7666 0 0 0 -0.370552 0.928812
777.200000000 5.69809 -11.4645 0 0 0 -0.375546 0.926804
778.500000000 6.36005 -12.1578 0 0 0 -0.44176 0.897133
779.800000000 6.78587 -13.037 0 0 0 -0.579649 0.814866
781.100000000 6.96166 -13.9867 0 0 0 -0.659104 0.752052
782.400000000 7.24232 -14.5807 0 0 0 -0.392868 0.919595
783.100000000 7.30109 -14.468 0 0 0 -0.0529064 0.998599
783.800000000 7.48778 -14.3258 0 0 0 0.195584 0.980687
785.200000000 8.09057 -13.6875 0 0 0 0.417543 0.908657
786.600000000 8.85084 -12.989 0 0 0 0.304369 0.952554
788.000000000 9.79993 -12.6485 0 0 0 0.13317 0.991093
789.600000000 10.7052 -12.0485 0 0 0 0.350908 0.93641
790.900000000 11.3735 -11.3531 0 0 0 0.386431 0.922318
792.200000000 12.0621 -10.6739 0 0 0 0.381884 0.92421
793.600000000 12.8008 -10.0385 0 0 0 0.285782 0.958295
794.900000000 13.5509 -9.87473 0 0 0 0.0217582 0.999763
796.300000000 14.5366 -10.0129 0 0 0 -0.0603315 0.998178
797.600000000 15.523 -10.121 0 0 0 -0.0503322 0.998733
799.000000000 16.5632 -10.1958 0 0 0 -0.038082 0.999275
800.300000000 17.5491 -10.2393 0 0 0 0.0374233 0.9993
800.900000000 17.463 -10.1279 0 0 0 0.315647 0.948877
801.400000000 17.3928 -10.0619 0 0 0 0.534972 0.84487
802.200000000 17.4123 -10.0733 0 0 0 0.794136 0.60774
803.200000000 16.9435 -9.52131 0 0 0 0.907393 0.420284
804.500000000 16.2292 -8.87436 0 0 0 0.936051 0.351864
805.800000000 15.5288 -8.2075 0 0 0 0.925359 0.379091
807.200000000 14.7909 -7.45757 0 0 0 0.922468 0.386073
808.500000000 14.1025 -6.76823 0 0 0 0.922499 0.385998
809.800000000 13.424 -6.06899 0 0 0 0.922524 0.38594
811.000000000 12.7853 -5.42987 0 0 0 0.922535 0.385913
812.400000000 12.0971 -4.65096 0 0 0 0.890898 0.454203
813.800000000 11.8139 -3.75528 0 0 0 0.766693 0.642014
815.100000000 11.823 -2.80366 0 0 0 0.685074 0.728473
816.500000000 11.9224 -1.75732 0 0 0 0.673046 0.7396
817.800000000 11.9925 -0.777297 0 0 0 0.687394 0.726285
819.200000000 12.0059 0.265017 0 0 0 0.706798 0.707416
820.600000000 11.9825 1.31609 0 0 0 0.737216 0.675657
822.100000000 11.6306 2.30846 0 0 0 0.863859 0.503733
823.600000000 10.9622 2.87364 0 0 0 0.974474 0.224499
824.300000000 10.8372 2.77964 0 0 0 -0.997441 0.0714927
825.100000000 10.7703 2.59661 0 0 0 -0.921097 0.389333
826.900000000 10.025 2.0034 0 0 0 -0.969563 0.244843
828.200000000 9.57475 1.8997 0 0 0 0.995773 0.0918517
828.800000000 9.6208 2.02117 0 0 0 0.92826 0.371932
829.400000000 9.70215 2.13564 0 0 0 0.796694 0.604382
830.100000000 9.82878 2.27396 0 0 0 0.598002 0.801495
831.000000000 10.1029 2.55469 0 0 0 0.391195 0.920308
832.300000000 10.857 3.13554 0 0 0 0.307995 0.951388
833.600000000 11.6927 3.61208 0 0 0 0.204498 0.978867
835.000000000 12.6888 3.76265 0 0 0 0.0173584 0.999849
836.300000000 13.6654 3.64918 0 0 0 -0.0867729 0.996228
837.700000000 14.7029 3.5651 0 0 0 -0.0316271 0.9995
839.000000000 15.6707 3.56405 0 0 0 0.0329961 0.999455
840.300000000 16.6446 3.59271 0 0 0 0.00510903 0.999987
841.600000000 17.6284 3.60437 0 0 0 -0.00458052 0.99999
842.800000000 18.5227 3.6004 0 0 0 -0.000724351 1
844.200000000 19.5764 3.60606 0 0 0 0.00235722 0.999997
845.500000000 20.5501 3.60126 0 0 0 0.00234174 0.999997
846.800000000 21.5239 3.60641 0 0 0 0.00233304 0.999997
848.000000000 22.4276 3.61153 0 0 0 0.00232272 0.999997
849.400000000 23.4801 3.61688 0 0 0 0.00228696 0.999997
850.800000000 24.5225 3.62218 0 0 0 0.00224557 0.999997
852.400000000 25.4828 3.98997 0 0 0 0.278078 0.960558
853.800000000 26.2119 4.68277 0 0 0 0.369573 0.929202
854.900000000 26.5714 4.83184 0 0 0 0.0520649 0.998644
855.500000000 26.5586 4.71528 0 0 0 -0.242598 0.970127
856.200000000 26.4827 4.62597 0 0 0 -0.555788 0.831324
856.900000000 26.3556 4.44401 0 0 0 -0.75566 0.654964
857.700000000 26.1657 4.1924 0 0 0 -0.889867 0.456219
859.200000000 25.3759 3.46275 0 0 0 -0.933868 0.357619
860.600000000 24.6122 2.81102 0 0 0 -0.934855 0.355031
862.200000000 23.9878 2.14988 0 0 0 -0.904138 0.427241
863.600000000 23.5101 1.28109 0 0 0 -0.814434 0.580256
865.300000000 23.4179 0.279021 0 0 0 -0.72903 0.684481
868.600000000 23.4756 -0.685576 0 0 0 -0.675976 0.736924
871.700000000 23.5709 -1.67329 0 0 0 -0.66231 0.74923
873.900000000 23.7698 -2.62949 0 0 0 -0.597726 0.8017
875.400000000 24.3768 -3.49479 0 0 0 -0.432832 0.901475
876.700000000 25.0337 -4.23422 0 0 0 -0.36996 0.929048
877.900000000 25.6918 -4.85226 0 0 0 -0.358545 0.933513
878.700000000 25.8473 -4.82905 0 0 0 -0.028491 0.999594
879.300000000 25.8171 -4.71306 0 0 0 0.268033 0.96341
880.100000000 25.9865 -4.40652 0 0 0 0.481011 0.876714
881.600000000 26.2973 -3.39883 0 0 0 0.590158 0.807288
882.700000000 26.6078 -2.95031 0 0 0 0.35259 0.935778
883.400000000 26.6645 -3.06961 0 0 0 0.0161849 0.999869
884.000000000 26.6531 -3.20143 0 0 0 -0.27743 0.960746
884.600000000 26.574 -3.27035 0 0 0 -0.543182 0.839615
885.300000000 26.4424 -3.2756 0 0 0 -0.79092 0.61192
886.400000000 26.0421 -3.77599 0 0 0 -0.908643 0.417574
887.800000000 25.4156 -4.66558 0 0 0 -0.882749 0.469845
889.300000000 25.1788 -5.57619 0 0 0 -0.729874 0.683582
890.700000000 25.2831 -6.62411 0 0 0 -0.656507 0.75432
892.100000000 25.4063 -7.6248 0 0 0 -0.670239 0.742145
894.400000000 25.4855 -8.55202 0 0 0 -0.683468 0.729981
897.200000000 25.5315 -9.48202 0 0 0 -0.70308 0.71111
898.700000000 25.8234 -10.4841 0 0 0 -0.532978 0.846129
900.200000000 26.4887 -11.1398 0 0 0 -0.275962 0.961169
900.800000000 26.6208 -11.0756 0 0 0 -0.034244 0.999414
901.600000000 26.7355 -10.9214 0 0 0 0.293149 0.956067
904.100000000 27.4426 -10.603 0 0 0 -0.0363059 0.999341
905.500000000 28.4349 -10.7735 0 0 0 -0.107126 0.994245
906.800000000 28.9354 -11.0949 0 0 0 -0.444011 0.896021
907.300000000 28.8284 -11.1246 0 0 0 -0.6479 0.761726
908.000000000 28.7091 -11.1378 0 0 0 -0.867855 0.496818
909.600000000 27.8675 -11.7854 0 0 0 -0.94126 0.337684
910.800000000 27.1921 -12.3774 0 0 0 -0.926634 0.375964
912.200000000 26.5248 -13.1871 0 0 0 -0.88456 0.466426
913.700000000 26.1851 -14.1921 0 0 0 -0.766236 0.642559
914.900000000 26.196 -15.0868 0 0 0 -0.691421 0.722452
916.300000000 26.287 -16.1296 0 0 0 -0.677158 0.735838
917.700000000 26.301 -17.1802 0 0 0 -0.705783 0.708428
919.100000000 26.305 -18.2301 0 0 0 -0.705776 0.708435
920.400000000 26.309 -19.2044 0 0 0 -0.705742 0.708469
921.600000000 26.3135 -20.1078 0 0 0 -0.705686 0.708525
922.900000000 26.3128 -21.0805 0 0 0 -0.709964 0.704238
924.200000000 26.3004 -22.0535 0 0 0 -0.711505 0.702681
925.600000000 26.2736 -23.1062 0 0 0 -0.710556 0.70364
927.000000000 26.3252 -24.1687 0 0 0 -0.706958 0.707256
928.300000000 26.5262 -25.121 0 0 0 -0.587885 0.808944
929.600000000 26.7717 -26.0624 0 0 0 -0.626899 0.779101
931.000000000 26.8447 -27.0896 0 0 0 -0.686758 0.726886
932.500000000 26.763 -27.8364 0 0 0 -0.882266 0.47075
933.100000000 26.6497 -27.7426 0 0 0 -0.980789 0.195074
933.700000000 26.6469 -27.6107 0 0 0 0.99521 0.0977578
934.400000000 26.6843 -27.4917 0 0 0 0.902799 0.430064
935.100000000 26.8313 -27.4453 0 0 0 0.70588 0.708331
936.100000000 27.1172 -27.1343 0 0 0 0.464737 0.885449
937.500000000 27.8645 -26.4496 0 0 0 0.328241 0.944594
938.600000000 28.2484 -26.3383 0 0 0 0.00652545 0.999979
939.100000000 28.2344 -26.4343 0 0 0 -0.237582 0.971368
939.700000000 28.1597 -26.5327 0 0 0 -0.510071 0.860132
940.400000000 28.0277 -26.5756 0 0 0 -0.762601 0.646869
941.300000000 27.7184 -26.8836 0 0 0 -0.89804 0.439914
942.700000000 26.9886 -27.573 0 0 0 -0.938107 0.346345
944.000000000 26.2793 -28.2501 0 0 0 -0.927583 0.373618
945.200000000 25.6013 -28.8431 0 0 0 -0.944501 0.328509
946.600000000 24.6646 -29.2896 0 0 0 -0.985754 0.168196
947.900000000 23.6955 -29.4714 0 0 0 -0.998544 0.053938
949.000000000 23.2462 -29.3919 0 0 0 0.97215 0.234359
949.700000000 23.3428 -29.2905 0 0 0 0.836072 0.54862
950.300000000 23.4778 -29.237 0 0 0 0.650872 0.759188
951.000000000 23.6307 -29.0836 0 0 0 0.442194 0.896919
951.800000000 23.8779 -29.027 0 0 0 0.173875 0.984768
953.600000000 24.8814 -28.8924 0 0 0 0.179618 0.983737
954.600000000 25.1615 -28.5929 0 0 0 0.450849 0.8926
955.200000000 25.1396 -28.4833 0 0 0 0.655229 0.755431
956.800000000 24.8667 -27.4171 0 0 0 0.794598 0.607136
958.200000000 24.4874 -26.6262 0 0 0 0.904853 0.425724
959.500000000 23.7715 -26.2501 0 0 0 0.983899 0.178727
961.500000000 22.8035 -26.1399 0 0 0 0.999972 0.00752657
964.600000000 21.8062 -26.2189 0 0 0 -0.998988 0.0449806
966.700000000 20.7806 -26.3151 0 0 0 -0.998707 0.0508391
969.200000000 19.8929 -26.3964 0 0 0 -0.998971 0.0453475
972.400000000 18.8933 -26.4519 0 0 0 -0.999785 0.0207388
977.000000000 17.9497 -26.4803 0 0 0 -0.999981 0.00619392
980.600000000 16.8946 -26.5319 0 0 0 -0.99798 0.0635219
982.100000000 15.8849 -26.8977 0 0 0 -0.968278 0.249874
983.500000000 15.1228 -27.5577 0 0 0 -0.931371 0.364072
984.900000000 14.3922 -28.1785 0 0 0 -0.958707 0.284396
986.100000000 13.7067 -28.3504 0 0 0 -0.999129 0.0417212
987.600000000 12.6063 -28.1841 0 0 0 0.996089 0.0883523
989.800000000 11.6283 -28.0273 0 0 0 0.998019 0.0629068
993.100000000 10.6478 -27.9864 0 0 0 0.999979 0.00646339
994.700000000 9.71048 -27.9879 0 0 0 -0.999888 0.0149869
996.600000000 8.68773 -28.0255 0 0 0 -0.99975 0.0223448
997.900000000 7.7262 -28.0687 0 0 0 -0.99955 0.0300009
999.400000000 6.78859 -28.1303 0 0 0 -0.999344 0.0362251
1000.800000000 5.81363 -28.3758 0 0 0 -0.980242 0.197803
1002.300000000 5.05062 -28.997 0 0 0 -0.892512 0.451023
1003.100000000 5.09831 -29.1943 0 0 0 -0.710021 0.70418
1004.200000000 5.36836 -29.7825 0 0 0 -0.53896 0.842331
1005.500000000 5.93787 -30.5578 0 0 0 -0.429166 0.903226
1007.200000000 6.61529 -31.2607 0 0 0 -0.228316 0.973587
1007.900000000 6.63709 -31.1152 0 0 0 0.116747 0.993162
1008.500000000 6.57702 -31.0131 0 0 0 0.4033 0.915068
1009.000000000 6.49077 -30.9642 0 0 0 0.61785 0.786296
1009.700000000 6.37399 -30.917 0 0 0 0.831669 0.555272
1010.500000000 6.13788 -30.8962 0 0 0 0.959509 0.281678
1011.900000000 5.19233 -30.6207 0 0 0 0.996335 0.0855398
1013.200000000 4.23865 -30.617 0 0 0 -0.999012 0.0444509
1014.500000000 3.25997 -30.7292 0 0 0 -0.99926 0.0384714
1015.800000000 2.28641 -30.7718 0 0 0 -0.999846 0.0175316
1017.100000000 1.29186 -30.7806 0 0 0 -1 0.00080999
1018.400000000 0.422522 -30.82 0 0 0 -0.994865 0.101215
1019.000000000 0.461789 -30.9266 0 0 0 -0.923393 0.383857
1019.700000000 0.566061 -30.9818 0 0 0 -0.735327 0.677712
1020.200000000 0.661068 -30.9666 0 0 0 -0.54528 0.838254
1020.900000000 0.768378 -30.8891 0 0 0 -0.225686 0.9742
1021.500000000 0.905251 -30.786 0 0 0 0.00993732 0.999951
1023.000000000 1.74158 -30.4008 0 0 0 0.291657 0.956523
1024.500000000 2.46025 -29.6591 0 0 0 0.418432 0.908248
1025.800000000 3.13098 -28.9132 0 0 0 0.378813 0.925473
1027.000000000 3.81135 -28.313 0 0 0 0.319912 0.947447
1028.400000000 4.74566 -27.8511 0 0 0 0.16146 0.986879
1029.700000000 5.70046 -27.693 0 0 0 0.0449786 0.998988
1031.000000000 6.6704 -27.7082 0 0 0 -0.0228291 0.999739
1032.300000000 7.63478 -27.8025 0 0 0 -0.0500958 0.998744
1033.600000000 8.60355 -27.8919 0 0 0 -0.0481991 0.998838
1034.900000000 9.58494 -27.9673 0 0 0 -0.0329778 0.999456
1036.200000000 10.5584 -28.0215 0 0 0 -0.0254985 0.999675
1037.500000000 11.5116 -28.1443 0 0 0 -0.0975645 0.995229
1038.900000000 12.3999 -28.5968 0 0 0 -0.295942 0.955206
1040.100000000 13.0502 -29.2125 0 0 0 -0.381579 0.924336
1041.600000000 13.844 -30.0084 0 0 0 -0.385601 0.922666
1043.000000000 14.1306 -30.4867 0 0 0 -0.674979 0.737837
1043.600000000 14.0237 -30.5588 0 0 0 -0.838728 0.54455
1044.300000000 13.843 -30.6128 0 0 0 -0.953967 0.299911
1045.400000000 13.2411 -30.7692 0 0 0 -0.998148 0.0608322
1046.700000000 12.2622 -30.805 0 0 0 -0.999747 0.02251
1048.000000000 11.8031 -30.9544 0 0 0 -0.93757 0.347796
1048.500000000 11.883 -31.0174 0 0 0 -0.822725 0.568439
1049.100000000 12.0004 -31.025 0 0 0 -0.61794 0.786225
1049.800000000 12.1007 -30.9448 0 0 0 -0.311916 0.95011
1050.400000000 12.1383 -30.8133 0 0 0 -0.0311487 0.999515
1051.100000000 12.3635 -30.7137 0 0 0 0.213121 0.977026
1052.700000000 13.0386 -29.9053 0 0 0 0.455394 0.89029
1054.200000000 13.6963 -29.2095 0 0 0 0.292925 0.956135
1055.700000000 14.6796 -28.9534 0 0 0 0.0548686 0.998494
1057.100000000 15.7301 -29.0699 0 0 0 -0.0739085 0.997265
1058.400000000 16.6572 -29.2998 0 0 0 -0.142262 0.989829
1059.700000000 17.236 -29.2841 0 0 0 0.193966 0.981008
1060.300000000 17.2355 -29.1512 0 0 0 0.44057 0.897718
1060.900000000 17.1363 -29.1066 0 0 0 0.680628 0.732629
1061.500000000 17.0263 -29.0551 0 0 0 0.84781 0.5303
1062.300000000 16.8063 -28.97 0 0 0 0.964445 0.264285
1063.600000000 15.8734 -28.6406 0 0 0 0.981919 0.189303
1065.000000000 14.9541 -28.1766 0 0 0 0.978778 0.204924
1066.600000000 13.9834 -27.9027 0 0 0 0.995157 0.0982973
1069.400000000 12.995 -27.8291 0 0 0 1 0.00039889
1070.900000000 12.0214 -27.8926 0 0 0 -0.999414 0.03423
1072.200000000 11.0627 -27.9544 0 0 0 -0.999159 0.0410099
1073.400000000 10.1632 -28.0022 0 0 0 -0.999473 0.0324478
1075.000000000 9.15685 -28.0469 0 0 0 -0.999901 0.0140515
1077.700000000 8.21154 -28.064 0 0 0 -0.999998 0.00183115
1080.800000000 7.21199 -28.0559 0 0 0 -1 0.000995474
1083.900000000 6.21039 -28.0769 0 0 0 -1 0.000971304
1087.200000000 5.232 -28.0787 0 0 0 -0.999999 0.00107261
1090.300000000 4.30117 -28.0748 0 0 0 -0.999999 0.00164409
1094.000000000 3.32642 -28.0783 0 0 0 -0.999999 0.00163519
1097.600000000 2.3843 -28.0823 0 0 0 -0.999999 0.00159775
1101.300000000 1.42437 -28.0879 0 0 0 -0.999999 0.001548
1105.000000000 0.469551 -28.0786 0 0 0 -0.999977 0.00678641
1107.200000000 -0.570817 -28.1069 0 0 0 -0.999886 0.0151204
1108.800000000 -1.50547 -28.1218 0 0 0 -0.999967 0.00807902
1110.200000000 -2.47291 -28.1207 0 0 0 0.999999 0.00163877
1111.700000000 -3.57359 -28.1138 0 0 0 0.999998 0.00194629
1113.000000000 -4.54704 -28.1006 0 0 0 0.999998 0.00200616
1114.400000000 -5.46712 -28.1151 0 0 0 -0.999673 0.0255751
1115.900000000 -6.44185 -28.4554 0 0 0 -0.967255 0.253807
1117.300000000 -7.18987 -29.1401 0 0 0 -0.917829 0.396975
1118.700000000 -7.50072 -29.7739 0 0 0 -0.756697 0.653766
1119.400000000 -7.40283 -29.8931 0 0 0 -0.540758 0.841178
1120.900000000 -6.69405 -30.662 0 0 0 -0.369838 0.929096
1122.200000000 -5.92278 -31.2527 0 0 0 -0.295164 0.955447
1122.900000000 -5.74694 -31.2592 0 0 0 -0.0313729 0.999508
1123.500000000 -5.77471 -31.135 0 0 0 0.265396 0.96414
1124.100000000 -5.86229 -31.0555 0 0 0 0.538471 0.842644
1124.800000000 -5.98906 -31.0536 0 0 0 0.794821 0.606843
1125.500000000 -6.13705 -31.0676 0 0 0 0.944301 0.329083
1127.000000000 -7.12181 -30.6765 0 0 0 0.993988 0.109493
1128.300000000 -8.09553 -30.6433 0 0 0 -0.999646 0.0266224
1129.600000000 -9.06402 -30.7276 0 0 0 -0.998903 0.0468273
1130.900000000 -10.0453 -30.7963 0 0 0 -0.999744 0.022611
1132.200000000 -10.965 -30.8214 0 0 0 0.99963 0.0271833
1132.900000000 -10.9989 -30.684 0 0 0 0.944145 0.329531
1133.500000000 -10.9185 -30.6142 0 0 0 0.812373 0.583139
1134.200000000 -10.7986 -30.5635 0 0 0 0.583401 0.812184
1135.200000000 -10.4101 -30.1834 0 0 0 0.384615 0.923077
1136.600000000 -9.64081 -29.4786 0 0 0 0.368193 0.929749
1144.300000000 -8.89996 -28.7312 0 0 0 0.39174 0.920076
1145.600000000 -8.2206 -28.0336 0 0 0 0.382451 0.923976
1147.000000000 -7.46988 -27.2982 0 0 0 0.377422 0.926041
1148.300000000 -6.77912 -26.6106 0 0 0 0.384547 0.923106
1149.700000000 -6.14354 -25.8053 0 0 0 0.43064 0.902524
1150.900000000 -5.57068 -25.0661 0 0 0 0.492665 0.870219
1152.300000000 -5.21312 -24.134 0 0 0 0.56264 0.826702
1153.600000000 -4.9014 -23.1883 0 0 0 0.619781 0.784774
1154.900000000 -4.75963 -22.225 0 0 0 0.66811 0.744062
1156.200000000 -4.72696 -21.2029 0 0 0 0.712129 0.702049
1157.600000000 -4.74925 -20.1608 0 0 0 0.712593 0.701578
1158.900000000 -4.75034 -19.1955 0 0 0 0.705111 0.709097
1160.300000000 -4.74205 -18.188 0 0 0 0.704188 0.710014
1161.500000000 -4.7353 -17.2844 0 0 0 0.703388 0.710807
1162.900000000 -4.71348 -16.2337 0 0 0 0.698 0.716098
1164.100000000 -4.68873 -15.3171 0 0 0 0.680654 0.732605
1165.500000000 -4.41446 -14.3549 0 0 0 0.541673 0.84059
1167.000000000 -3.73304 -13.5236 0 0 0 0.393365 0.919382
1168.400000000 -2.94387 -12.8414 0 0 0 0.341584 0.939851
1169.800000000 -2.18713 -12.0961 0 0 0 0.381746 0.924267
1171.100000000 -1.49561 -11.4009 0 0 0 0.382185 0.924086
1172.300000000 -0.847997 -10.7688 0 0 0 0.3802 0.924904
1173.700000000 -0.175031 -9.97263 0 0 0 0.426791 0.90435
1175.100000000 0.290705 -9.14047 0 0 0 0.588539 0.808469
1176.600000000 0.271207 -8.08194 0 0 0 0.737408 0.675448
1177.800000000 0.177776 -7.22279 0 0 0 0.765799 0.643079
1179.100000000 0.0255701 -6.26253 0 0 0 0.755245 0.655442
1180.500000000 0.0362298 -5.19451 0 0 0 0.664492 0.747295
1181.900000000 0.254664 -4.29882 0 0 0 0.653243 0.757148
1183.700000000 0.176789 -3.58621 0 0 0 0.864265 0.503037
1184.300000000 0.0226262 -3.64299 0 0 0 0.974459 0.224566
1184.900000000 0.0233185 -3.7569 0 0 0 -0.99731 0.0733015
1185.500000000 0.0723124 -3.83073 0 0 0 -0.931223 0.36445
1186.600000000 -0.109438 -4.3626 0 0 0 -0.797285 0.603603
1188.300000000 -0.0323845 -5.36747 0 0 0 -0.670222 0.742161
1190.600000000 0.134879 -5.98018 0 0 0 -0.453534 0.891239
1191.600000000 0.223715 -5.9039 0 0 0 -0.184325 0.982865
1192.700000000 0.222902 -5.77551 0 0 0 0.182533 0.9832
1193.500000000 0.136885 -5.69507 0 0 0 0.465483 0.885057
1194.100000000 0.0430972 -5.65668 0 0 0 0.677828 0.735221
1194.700000000 -0.0452264 -5.67811 0 0 0 0.84556 0.533881
1195.400000000 -0.141881 -5.75549 0 0 0 0.96669 0.25595
1196.000000000 -0.164856 -5.84341 0 0 0 -0.999997 0.00227756
1196.700000000 -0.128789 -5.94453 0 0 0 -0.953201 0.302336
1197.400000000 -0.120877 -6.10851 0 0 0 -0.853069 0.521798
1199.100000000 -0.251654 -7.0743 0 0 0 -0.692607 0.721315
1201.100000000 0.113835 -7.89035 0 0 0 -0.485132 0.874441
1202.500000000 0.297981 -7.99101 0 0 0 -0.211118 0.977461
1203.400000000 0.312785 -7.88227 0 0 0 0.0713119 0.997454
1204.200000000 0.273696 -7.79452 0 0 0 0.341094 0.940029
1205.000000000 0.178315 -7.73672 0 0 0 0.584848 0.811143
1205.500000000 0.0858104 -7.73258 0 0 0 0.759744 0.650223
1206.100000000 -0.0122363 -7.78003 0 0 0 0.910862 0.41271
1206.800000000 -0.0640096 -7.87196 0 0 0 0.995478 0.0949948
1207.400000000 -0.0877443 -7.9793 0 0 0 -0.984519 0.17528
1208.200000000 -0.230707 -8.1946 0 0 0 -0.904993 0.425426
1209.000000000 -0.205045 -8.43065 0 0 0 -0.749705 0.661772
1210.400000000 -0.212004 -9.50466 0 0 0 -0.69798 0.716118
1211.800000000 -0.256034 -9.98713 0 0 0 -0.882894 0.469573
1212.600000000 -0.367217 -9.87903 0 0 0 -0.98524 0.171179
1213.400000000 -0.415859 -9.7307 0 0 0 0.991198 0.13239
1214.200000000 -0.451776 -9.57862 0 0 0 0.916408 0.400245
1215.000000000 -0.414325 -9.43919 0 0 0 0.770807 0.637068
1215.600000000 -0.308626 -9.43532 0 0 0 0.557349 0.830279
1216.200000000 -0.212083 -9.495 0 0 0 0.296547 0.955018
1216.900000000 -0.168025 -9.6165 0 0 0 -0.037556 0.999295
1217.600000000 -0.209778 -9.72492 0 0 0 -0.367867 0.929878
1218.100000000 -0.307788 -9.80483 0 0 0 -0.578656 0.815572
1218.800000000 -0.435782 -9.81169 0 0 0 -0.816875 0.576815
1219.500000000 -0.629605 -9.86735 0 0 0 -0.940327 0.340273
1221.100000000 -1.58854 -10.3013 0 0 0 -0.992207 0.124603
1223.200000000 -2.65657 -10.3706 0 0 0 -0.999767 0.0216002
1224.200000000 -2.86931 -10.2734 0 0 0 0.970535 0.240961
1224.800000000 -2.7242 -10.1954 0 0 0 0.861416 0.507901
1225.500000000 -2.59209 -10.1636 0 0 0 0.642315 0.766441
1226.200000000 -2.47874 -10.2239 0 0 0 0.34492 0.938632
1226.800000000 -2.43365 -10.3203 0 0 0 0.0567603 0.998388
1227.400000000 -2.37388 -10.408 0 0 0 -0.20529 0.978701
1228.800000000 -1.4067 -10.7562 0 0 0 -0.115443 0.993314
1229.800000000 -1.08321 -10.7118 0 0 0 0.189432 0.981894
1230.300000000 -1.13971 -10.6526 0 0 0 0.423347 0.905968
1231.000000000 -1.2444 -10.6234 0 0 0 0.704443 0.70976
1231.500000000 -1.36476 -10.5791 0 0 0 0.838931 0.544238
1232.600000000 -1.8254 -10.2658 0 0 0 0.963093 0.26917
1233.900000000 -2.33681 -10.1929 0 0 0 0.999648 0.0265427
1235.800000000 -2.99572 -10.4407 0 0 0 -0.971016 0.239015
1237.500000000 -3.27634 -10.8101 0 0 0 -0.854149 0.520029
1238.300000000 -3.17489 -10.8185 0 0 0 -0.685512 0.728062
1239.200000000 -3.05298 -10.7316 0 0 0 -0.434975 0.900442
1240.000000000 -2.9953 -10.693 0 0 0 -0.167452 0.98588
1240.800000000 -2.99348 -10.5983 0 0 0 0.111321 0.993785
1241.600000000 -3.01978 -10.4763 0 0 0 0.372145 0.928175
1242.700000000 -2.98849 -10.2262 0 0 0 0.603028 0.79772
1243.800000000 -3.07186 -10.1014 0 0 0 0.809676 0.586877
1244.700000000 -3.24209 -10.1459 0 0 0 0.938369 0.345634
1245.800000000 -3.40243 -10.1262 0 0 0 0.999298 0.0374629
1246.300000000 -3.39117 -10.2233 0 0 0 -0.982994 0.183637
1247.000000000 -3.42326 -10.2494 0 0 0 -0.876811 0.480835
1247.500000000 -3.23936 -10.345 0 0 0 -0.749816 0.661647
1248.200000000 -3.14194 -10.3033 0 0 0 -0.501063 0.865411
1248.700000000 -3.04432 -10.2481 0 0 0 -0.291352 0.956616
1249.500000000 -2.99891 -10.1379 0 0 0 0.0612617 0.998122
1251.000000000 -1.98123 -9.92987 0 0 0 0.0773886 0.997001
1252.700000000 -1.50204 -9.93074 0 0 0 -0.23651 0.971629
1256.000000000 -0.976194 -10.2713 0 0 0 0.103195 0.994661
1256.600000000 -1.01426 -10.2289 0 0 0 0.355643 0.934622
1257.400000000 -1.09739 -10.1218 0 0 0 0.633321 0.773889
1258.200000000 -1.22262 -9.92612 0 0 0 0.800402 0.599464
1259.200000000 -1.47748 -9.79464 0 0 0 0.948118 0.317918
1259.800000000 -1.45095 -9.90972 0 0 0 0.99899 0.0449441
1260.300000000 -1.41207 -9.99935 0 0 0 -0.982084 0.188441
1261.000000000 -1.38837 -10.0943 0 0 0 -0.867296 0.497793
1261.600000000 -1.27136 -10.1034 0 0 0 -0.697844 0.716249
1262.200000000 -1.16023 -10.0535 0 0 0 -0.471272 0.881988
1262.800000000 -1.08603 -9.97572 0 0 0 -0.206644 0.978416
1263.400000000 -1.07324 -9.87531 0 0 0 0.0739934 0.997259
1265.100000000 -0.128919 -9.34889 0 0 0 0.258148 0.966105
1267.600000000 0.673202 -9.13238 0 0 0 -0.0348443 0.999393
1268.300000000 0.630668 -9.24962 0 0 0 -0.341898 0.939737
1269.000000000 0.576275 -9.32245 0 0 0 -0.617618 0.786479
1269.600000000 0.40058 -9.38819 0 0 0 -0.787583 0.616209
1270.600000000 0.210572 -9.46018 0 0 0 -0.955024 0.29653
1271.400000000 0.029039 -9.40307 0 0 0 -0.999736 0.0229776
1273.700000000 -0.807217 -9.78562 0 0 0 -0.923999 0.382395
1274.300000000 -0.683331 -9.84319 0 0 0 -0.779511 0.626389
1275.000000000 -0.602105 -9.84807 0 0 0 -0.524584 0.851359
1275.600000000 -0.485473 -9.798 0 0 0 -0.270909 0.962605
1276.100000000 -0.442175 -9.69637 0 0 0 -0.0342045 0.999415
1276.800000000 -0.454718 -9.59053 0 0 0 0.302881 0.953028
1277.500000000 -0.424544 -9.36958 0 0 0 0.513085 0.858338
1278.800000000 0.173355 -8.61026 0 0 0 0.388524 0.921439
1280.100000000 0.571254 -8.39875 0 0 0 0.135298 0.990805
1281.100000000 0.573383 -8.50265 0 0 0 -0.166337 0.986069
1282.100000000 0.524646 -8.58941 0 0 0 -0.424039 0.905644
1283.100000000 0.433964 -8.63845 0 0 0 -0.650906 0.759159
1284.200000000 0.161285 -9.11737 0 0 0 -0.812436 0.583051
1285.700000000 -0.397135 -9.99303 0 0 0 -0.926736 0.375713
1287.200000000 -1.32506 -10.4384 0 0 0 -0.988935 0.148352
1289.100000000 -2.38989 -10.5249 0 0 0 -0.999983 0.00577508
1290.400000000 -3.29657 -10.4523 0 0 0 0.998244 0.0592321
1291.700000000 -4.26309 -10.3232 0 0 0 0.997863 0.0653483
1293.200000000 -5.25441 -10.2411 0 0 0 0.999882 0.0153789
1296.400000000 -6.25561 -10.2716 0 0 0 -0.999594 0.0285019
1300.100000000 -7.20537 -10.3217 0 0 0 -0.999837 0.0180459
1303.100000000 -8.16685 -10.3448 0 0 0 -0.999991 0.00421757
1306.000000000 -9.11191 -10.3469 0 0 0 -1 0.000918963
1309.300000000 -10.0682 -10.3489 0 0 0 -1 0.000918702
1312.300000000 -11.1577 -10.3516 0 0 0 -1 0.000923787
1313.700000000 -12.164 -10.343 0 0 0 0.999753 0.0222325
1315.100000000 -13.2172 -10.2156 0 0 0 0.98645 0.164065
1316.500000000 -13.9863 -9.64391 0 0 0 0.936125 0.351667
1317.800000000 -14.7453 -9.01693 0 0 0 0.936438 0.350834
1319.200000000 -15.4957 -8.48846 0 0 0 0.975492 0.220033
1319.900000000 -15.6802 -8.53618 0 0 0 -0.998942 0.0459979
1320.700000000 -15.9547 -8.73077 0 0 0 -0.961178 0.275929
1322.200000000 -16.7006 -9.49359 0 0 0 -0.91401 0.405692
1323.600000000 -17.4169 -10.2592 0 0 0 -0.922794 0.385294
1324.800000000 -18.0676 -10.8872 0 0 0 -0.929607 0.368553
1326.200000000 -18.6581 -11.6397 0 0 0 -0.861203 0.508261
1327.600000000 -18.8485 -12.5851 0 0 0 -0.734537 0.678568
1328.900000000 -18.776 -13.5559 0 0 0 -0.661838 0.749647
1330.300000000 -18.6362 -14.6005 0 0 0 -0.671041 0.741421
1331.600000000 -18.5848 -15.5725 0 0 0 -0.689602 0.724189
1333.000000000 -18.1965 -16.3049 0 0 0 -0.459601 0.888125
1334.400000000 -17.4216 -16.945 0 0 0 -0.277848 0.960625
1335.600000000 -16.5842 -17.2497 0 0 0 -0.126118 0.992015
1336.800000000 -16.0977 -17.2196 0 0 0 0.20846 0.978031
1337.400000000 -16.1758 -17.1318 0 0 0 0.488181 0.872742
1337.900000000 -16.2705 -17.1034 0 0 0 0.688484 0.725252
1338.600000000 -16.4269 -17.0263 0 0 0 0.868555 0.495592
1339.700000000 -16.9282 -16.657 0 0 0 0.962187 0.272388
1341.200000000 -17.8817 -16.313 0 0 0 0.997963 0.0638024
1342.500000000 -18.9405 -16.4611 0 0 0 -0.997176 0.0750962
1343.800000000 -19.8828 -16.6645 0 0 0 -0.995976 0.0896162
1345.000000000 -20.7834 -16.7474 0 0 0 -0.999503 0.0315165
1346.400000000 -21.8357 -16.7484 0 0 0 0.999955 0.00944086
1347.900000000 -22.9088 -16.8017 0 0 0 -0.995523 0.0945163
1348.700000000 -23.0863 -16.955 0 0 0 -0.92882 0.370531
1349.300000000 -22.9833 -17.0126 0 0 0 -0.778959 0.627075
1350.100000000 -22.8697 -17.2522 0 0 0 -0.583441 0.812156
1351.800000000 -22.1066 -18.0348 0 0 0 -0.359866 0.933004
1353.100000000 -21.4078 -18.7249 0 0 0 -0.407631 0.913147
1354.600000000 -20.879 -19.6228 0 0 0 -0.571779 0.820407
1356.100000000 -20.8699 -20.6369 0 0 0 -0.749716 0.661759
1357.500000000 -21.0436 -21.6675 0 0 0 -0.756074 0.654487
1358.700000000 -21.1504 -22.5656 0 0 0 -0.740722 0.671812
1360.100000000 -21.1858 -23.6078 0 0 0 -0.71904 0.694969
1361.400000000 -21.1945 -24.5899 0 0 0 -0.678678 0.734436
1362.700000000 -21.1574 -25.562 0 0 0 -0.703226 0.710966
1364.000000000 -21.1625 -26.5357 0 0 0 -0.708622 0.705589
1365.300000000 -21.1669 -27.5094 0 0 0 -0.708622 0.705589
1366.600000000 -21.1619 -28.4647 0 0 0 -0.684736 0.728792
1368.000000000 -20.7538 -29.17 0 0 0 -0.444001 0.896026
1369.300000000 -20.0587 -29.8206 0 0 0 -0.355689 0.934604
1370.600000000 -19.356 -30.4952 0 0 0 -0.369699 0.929151
1371.900000000 -18.6126 -31.1359 0 0 0 -0.343986 0.938975
1373.100000000 -18.0994 -31.2886 0 0 0 -0.0275396 0.999621
1374.000000000 -17.8675 -31.1177 0 0 0 0.282585 0.959242
1374.700000000 -17.8495 -30.9565 0 0 0 0.539502 0.841985
1375.300000000 -17.9568 -30.9511 0 0 0 0.764228 0.644946
1376.200000000 -18.2016 -30.6255 0 0 0 0.905325 0.42472
1377.600000000 -19.041 -30.1288 0 0 0 0.972787 0.231701
1378.900000000 -19.9736 -29.8634 0 0 0 0.996267 0.0863219
1380.200000000 -20.9349 -29.8443 0 0 0 0.999745 0.0225735
1381.400000000 -21.5349 -29.4863 0 0 0 0.959233 0.282615
1382.700000000 -22.2465 -28.8225 0 0 0 0.91991 0.39213
1384.000000000 -22.9215 -28.1538 0 0 0 0.922137 0.386863
1385.300000000 -23.6127 -27.4668 0 0 0 0.923835 0.38279
1386.700000000 -24.3644 -26.7319 0 0 0 0.930269 0.366878
1388.000000000 -25.0966 -26.0908 0 0 0 0.937805 0.347164
1389.200000000 -25.7884 -25.5044 0 0 0 0.944541 0.328392
1390.500000000 -26.565 -24.9269 0 0 0 0.946737 0.322007
1391.900000000 -27.3339 -24.1895 0 0 0 0.922602 0.385754
1393.000000000 -27.5058 -23.8806 0 0 0 0.749269 0.662265
1393.700000000 -27.3618 -23.8892 0 0 0 0.483084 0.875574
1394.300000000 -27.2773 -23.9404 0 0 0 0.207207 0.978297
1394.900000000 -27.2548 -24.0644 0 0 0 -0.0866137 0.996242
1395.500000000 -27.2949 -24.1847 0 0 0 -0.371585 0.928399
1396.200000000 -27.4038 -24.2403 0 0 0 -0.664424 0.747356
1397.000000000 -27.5584 -24.4813 0 0 0 -0.839647 0.543133
1397.900000000 -27.8687 -24.6814 0 0 0 -0.955475 0.295072
1398.500000000 -27.9148 -24.5883 0 0 0 -0.999899 0.014247
1399.200000000 -27.8846 -24.4736 0 0 0 0.945442 0.32579
1400.000000000 -27.9944 -24.1942 0 0 0 0.831933 0.554876
1401.600000000 -27.996 -23.1603 0 0 0 0.697171 0.716904
1403.200000000 -28.0038 -22.1579 0 0 0 0.710096 0.704105
1405.200000000 -28.1245 -21.561 0 0 0 0.900651 0.434544
1405.800000000 -28.1908 -21.6602 0 0 0 0.988849 0.148924
1406.500000000 -28.2575 -21.7825 0 0 0 -0.985942 0.167085
1408.000000000 -28.9498 -22.4351 0 0 0 -0.917971 0.396646
1409.300000000 -29.6051 -23.1489 0 0 0 -0.92212 0.386903
1410.700000000 -30.3657 -23.8744 0 0 0 -0.927483 0.373865
1412.000000000 -31.0035 -24.6065 0 0 0 -0.894715 0.446637
1413.400000000 -31.4542 -25.5526 0 0 0 -0.809689 0.586859
1414.600000000 -31.5818 -26.4363 0 0 0 -0.746235 0.665683
1415.900000000 -31.6 -27.4107 0 0 0 -0.693866 0.720104
1417.200000000 -31.5191 -28.3811 0 0 0 -0.671083 0.741383
1418.600000000 -31.4011 -29.4293 0 0 0 -0.670659 0.741766
1419.900000000 -31.3334 -30.3994 0 0 0 -0.676795 0.736172
1421.300000000 -31.3438 -31.3443 0 0 0 -0.775807 0.630971
1421.900000000 -31.4478 -31.3077 0 0 0 -0.923415 0.383802
1422.500000000 -31.5116 -31.2093 0 0 0 -0.995148 0.0983926
1423.100000000 -31.5116 -31.0936 0 0 0 0.980659 0.195723
1423.700000000 -31.5003 -30.9742 0 0 0 0.894884 0.446298
1424.400000000 -31.4549 -30.7819 0 0 0 0.744453 0.667675
1425.700000000 -31.4518 -29.8176 0 0 0 0.692725 0.721201
1427.100000000 -31.3068 -28.7756 0 0 0 0.648426 0.761277
1428.500000000 -31.1595 -27.7854 0 0 0 0.595472 0.803376
1429.900000000 -30.5902 -26.9272 0 0 0 0.436254 0.899823
1431.300000000 -29.8359 -26.2075 0 0 0 0.368797 0.92951
1432.600000000 -29.226 -25.4298 0 0 0 0.481754 0.876307
1434.000000000 -28.9215 -24.5042 0 0 0 0.634601 0.77284
1435.300000000 -28.9534 -23.553 0 0 0 0.755004 0.65572
1437.200000000 -29.114 -22.5784 0 0 0 0.757851 0.652428
1440.800000000 -29.1766 -21.6053 0 0 0 0.720543 0.69341
1443.900000000 -29.1813 -20.6412 0 0 0 0.700949 0.713211
1445.300000000 -29.1026 -19.5932 0 0 0 0.674846 0.737959
1447.300000000 -29.0684 -18.6937 0 0 0 0.700062 0.714082
1451.200000000 -29.1129 -17.7075 0 0 0 0.724012 0.689787
1455.100000000 -29.1406 -16.7568 0 0 0 0.733346 0.679855
1456.900000000 -29.3709 -15.849 0 0 0 0.826251 0.563303
1458.500000000 -29.6675 -14.8241 0 0 0 0.715313 0.698804
1460.000000000 -29.3529 -13.8547 0 0 0 0.528274 0.849074
1461.400000000 -28.8515 -13.0368 0 0 0 0.563899 0.825844
1462.900000000 -28.7587 -11.9587 0 0 0 0.701556 0.712614
1465.500000000 -28.856 -11.01 0 0 0 0.739563 0.673088
1469.800000000 -28.933 -10.0155 0 0 0 0.728254 0.685307
1472.800000000 -28.9313 -9.04237 0 0 0 0.693148 0.720795
1475.700000000 -28.8872 -8.08667 0 0 0 0.693855 0.720114
1479.300000000 -28.8534 -7.12769 0 0 0 0.699751 0.714387
1483.100000000 -28.8343 -6.18186 0 0 0 0.700976 0.713185
1486.800000000 -28.8146 -5.22384 0 0 0 0.701229 0.712936
1490.500000000 -28.7977 -4.25676 0 0 0 0.701288 0.712878
1494.300000000 -28.7808 -3.25922 0 0 0 0.70135 0.712817
1498.000000000 -28.7651 -2.30072 0 0 0 0.701393 0.712775
1501.600000000 -28.7504 -1.37146 0 0 0 0.701553 0.712618
1504.300000000 -28.8645 -0.787787 0 0 0 0.893186 0.449688
1504.800000000 -28.9349 -0.912732 0 0 0 0.976531 0.215378
1505.500000000 -29.0385 -0.988123 0 0 0 -0.996294 0.0860099
1506.200000000 -29.1266 -1.10455 0 0 0 -0.934108 0.356991
1507.800000000 -29.7177 -2.1196 0 0 0 -0.886847 0.462062
1509.200000000 -30.4685 -2.84482 0 0 0 -0.939039 0.34381
1510.400000000 -31.0871 -3.4802 0 0 0 -0.924905 0.380198
1511.800000000 -31.8271 -4.22237 0 0 0 -0.92224 0.386618
1513.100000000 -32.5053 -4.90974 0 0 0 -0.92224 0.386618
1514.300000000 -33.0887 -5.59897 0 0 0 -0.900139 0.435603
1515.800000000 -33.7364 -6.43003 0 0 0 -0.923025 0.384739
1517.100000000 -34.4468 -6.73721 0 0 0 -0.991167 0.132617
1518.700000000 -35.4767 -6.67452 0 0 0 0.995158 0.0982872
1520.100000000 -36.4211 -6.63922 0 0 0 -0.996645 0.0818436
1521.600000000 -37.2399 -7.12734 0 0 0 -0.938651 0.344869
1522.900000000 -37.6409 -7.79494 0 0 0 -0.820337 0.571881
1523.400000000 -37.6076 -7.92473 0 0 0 -0.698082 0.716018
1524.500000000 -37.3609 -8.08617 0 0 0 -0.346368 0.938099
1525.000000000 -37.2788 -8.0426 0 0 0 -0.129476 0.991583
1525.700000000 -37.3039 -7.88809 0 0 0 0.217415 0.976079
1526.300000000 -37.3905 -7.79764 0 0 0 0.49577 0.868454
1527.000000000 -37.4725 -7.72852 0 0 0 0.754933 0.655802
1527.700000000 -37.6744 -7.61513 0 0 0 0.89153 0.452961
1529.100000000 -38.4067 -6.9603 0 0 0 0.934326 0.35642
1530.400000000 -39.0728 -6.2989 0 0 0 0.910573 0.413349
1531.000000000 -38.9898 -6.22379 0 0 0 0.759466 0.650547
1531.600000000 -38.8925 -6.11857 0 0 0 0.58325 0.812292
1533.000000000 -38.3126 -5.43957 0 0 0 0.374334 0.927294
1534.400000000 -37.5233 -4.74974 0 0 0 0.365836 0.930679
1535.700000000 -36.8336 -4.06247 0 0 0 0.393483 0.919332
1543.300000000 -36.1445 -3.36742 0 0 0 0.378862 0.925453
1544.700000000 -35.4046 -2.63689 0 0 0 0.380954 0.924594
1545.900000000 -34.785 -1.9764 0 0 0 0.413283 0.910603
1547.300000000 -34.2405 -1.08333 0 0 0 0.5443 0.83889
1549.200000000 -34.0499 -0.139411 0 0 0 0.667404 0.744696
1551.500000000 -34.0196 0.852278 0 0 0 0.709967 0.704235
1552.900000000 -34.0612 1.89416 0 0 0 0.727511 0.686096
1554.200000000 -34.126 2.87796 0 0 0 0.728348 0.685207
1555.500000000 -34.1675 3.85286 0 0 0 0.722442 0.691431
1556.700000000 -34.198 4.75519 0 0 0 0.717989 0.696054
1558.000000000 -34.2262 5.72711 0 0 0 0.717851 0.696197
1559.300000000 -34.2682 6.69181 0 0 0 0.71756 0.696497
1560.800000000 -34.3696 7.7762 0 0 0 0.742801 0.669513
1562.100000000 -34.4518 8.75342 0 0 0 0.729484 0.683998
1563.300000000 -34.476 9.65078 0 0 0 0.709624 0.704581
1564.600000000 -34.453 10.6239 0 0 0 0.692537 0.721383
1566.000000000 -34.3736 11.6645 0 0 0 0.673628 0.73907
1567.300000000 -34.2663 12.6588 0 0 0 0.664258 0.747503
1568.600000000 -34.1728 13.6005 0 0 0 0.682281 0.73109
1569.900000000 -34.1092 14.5744 0 0 0 0.692534 0.721385
1571.100000000 -34.0802 15.4691 0 0 0 0.703333 0.71086
1572.500000000 -34.1001 16.4934 0 0 0 0.743163 0.66911
1574.000000000 -34.5201 17.377 0 0 0 0.888602 0.458679
1575.500000000 -35.2302 18.2082 0 0 0 0.893198 0.449664
1577.000000000 -35.5927 18.9565 0 0 0 0.746034 0.665908
1577.800000000 -35.455 18.9241 0 0 0 0.434102 0.900864
1578.400000000 -35.3908 18.8336 0 0 0 0.152778 0.988261
1579.300000000 -35.1417 18.711 0 0 0 -0.169417 0.985544
1580.200000000 -35.0128 18.4649 0 0 0 -0.473629 0.880725
1582.000000000 -34.7104 17.4667 0 0 0 -0.514549 0.857461
1583.600000000 -34.1476 17.0024 0 0 0 -0.244918 0.969544
1585.300000000 -33.5322 16.9773 0 0 0 0.0246555 0.999696
1586.900000000 -33.2023 17.1901 0 0 0 0.344191 0.9389
1587.600000000 -33.2653 17.233 0 0 0 0.574907 0.818219
1588.500000000 -33.3966 17.2349 0 0 0 0.815517 0.578733
1589.200000000 -33.4876 17.1519 0 0 0 0.953643 0.30094
1589.800000000 -33.5432 17.0464 0 0 0 0.999187 0.0403216
1590.600000000 -33.5041 16.8692 0 0 0 -0.954077 0.299562
1591.200000000 -33.4245 16.8649 0 0 0 -0.848739 0.528812
1592.000000000 -33.3052 16.853 0 0 0 -0.625291 0.780392
1592.700000000 -33.1686 16.8628 0 0 0 -0.395492 0.918469
1594.200000000 -32.535 16.1163 0 0 0 -0.481266 0.876574
1595.300000000 -32.5474 15.8389 0 0 0 -0.693728 0.720237
1598.000000000 -32.9291 14.7906 0 0 0 -0.783056 0.621951
1599.000000000 -32.8922 14.4989 0 0 0 -0.587272 0.80939
1599.800000000 -32.7841 14.6128 0 0 0 -0.230835 0.972993
1600.300000000 -32.7456 14.7869 0 0 0 0.0114467 0.999934
1601.000000000 -32.6898 14.9271 0 0 0 0.294413 0.955678
1602.200000000 -32.4243 15.4425 0 0 0 0.562711 0.826654
1604.100000000 -32.4354 16.2718 0 0 0 0.752636 0.658437
1605.300000000 -32.6178 16.5692 0 0 0 0.921434 0.388534
1605.900000000 -32.6733 16.4616 0 0 0 0.995133 0.0985417
1606.600000000 -32.6493 16.3446 0 0 0 -0.968836 0.247702
1607.200000000 -32.5553 16.1378 0 0 0 -0.852278 0.52309
1607.700000000 -32.4593 16.157 0 0 0 -0.696529 0.717529
1608.300000000 -32.3233 16.125 0 0 0 -0.482596 0.875843
1609.400000000 -31.9173 15.3677 0 0 0 -0.506914 0.861997
1611.600000000 -31.6399 14.4643 0 0 0 -0.753009 0.65801
1612.500000000 -31.7267 14.4691 0 0 0 -0.892298 0.451448
1615.000000000 -32.0263 13.6533 0 0 0 -0.724213 0.689576
1616.300000000 -31.8522 13.468 0 0 0 -0.489243 0.872148
1618.400000000 -31.1509 12.8139 0 0 0 -0.328342 0.944559
1619.300000000 -31.0246 12.8798 0 0 0 -0.00819713 0.999966
1620.100000000 -31.082 13.0001 0 0 0 0.322993 0.946402
1620.800000000 -31.1571 13.0698 0 0 0 0.583968 0.811777
1621.400000000 -31.2711 13.0806 0 0 0 0.767949 0.640511
1622.500000000 -31.4234 12.9726 0 0 0 0.970611 0.240655
1624.200000000 -32.2799 13.0438 0 0 0 -0.999059 0.0433813
1625.200000000 -32.3875 12.8362 0 0 0 -0.937953 0.346763
1625.900000000 -32.2909 12.8493 0 0 0 -0.811679 0.584104
1626.600000000 -32.1011 12.7149 0 0 0 -0.64037 0.768066
1628.000000000 -31.8433 11.804 0 0 0 -0.557881 0.829921
1629.300000000 -31.903 11.3142 0 0 0 -0.780564 0.625076
1630.300000000 -32.0673 11.3073 0 0 0 -0.929004 0.370068
1632.100000000 -32.8656 10.6966 0 0 0 -0.950752 0.309951
1633.300000000 -33.1849 10.6216 0 0 0 -0.999984 0.00565713
1634.000000000 -33.1619 10.7445 0 0 0 0.959022 0.283332
1634.700000000 -33.0832 10.8392 0 0 0 0.819283 0.573389
1635.300000000 -32.935 10.8409 0 0 0 0.62542 0.780288
1636.000000000 -32.8427 10.7953 0 0 0 0.333576 0.942723
1636.600000000 -32.7331 10.7057 0 0 0 0.0848982 0.99639
1638.000000000 -31.6369 10.7144 0 0 0 -0.0819898 0.996633
1639.100000000 -31.5124 10.4963 0 0 0 -0.354716 0.934974
1640.000000000 -31.6107 10.4125 0 0 0 -0.620858 0.783923
1642.000000000 -31.8039 9.37107 0 0 0 -0.739629 0.673015
1643.100000000 -31.7328 9.07736 0 0 0 -0.490687 0.871336
1643.900000000 -31.6386 9.12469 0 0 0 -0.176065 0.984379
1644.600000000 -31.6463 9.37334 0 0 0 0.11766 0.993054
1646.200000000 -30.8641 10.0017 0 0 0 0.360748 0.932663
1647.300000000 -30.6245 10.404 0 0 0 0.59989 0.800083
1648.000000000 -30.7457 10.4024 0 0 0 0.828458 0.560051
1648.600000000 -30.8413 10.3223 0 0 0 0.953767 0.300546
1649.200000000 -30.8743 10.2048 0 0 0 0.999986 0.00524369
1649.800000000 -30.8298 10.0741 0 0 0 -0.957046 0.289935
1650.500000000 -30.7891 9.88105 0 0 0 -0.835435 0.549589
1651.900000000 -30.8148 9.04752 0 0 0 -0.652989 0.757367
1653.700000000 -30.4519 8.34342 0 0 0 -0.434343 0.900748
1655.300000000 -30.0842 8.26933 0 0 0 -0.151718 0.988424
1656.400000000 -30.1123 8.34676 0 0 0 0.184029 0.982921
1657.000000000 -30.1811 8.43217 0 0 0 0.437705 0.899119
1657.400000000 -30.1784 8.42891 0 0 0 0.591591 0.806238
1658.400000000 -30.4113 8.44682 0 0 0 0.880433 0.474171
1659.100000000 -30.4848 8.3547 0 0 0 0.983481 0.181014
1659.800000000 -30.4899 8.23149 0 0 0 -0.991558 0.129661
1660.500000000 -30.4418 8.12139 0 0 0 -0.908511 0.417862
1662.300000000 -30.7522 7.11004 0 0 0 -0.753478 0.657473
1663.200000000 -30.6628 7.07829 0 0 0 -0.525774 0.850625
1664.000000000 -30.5693 7.1533 0 0 0 -0.253951 0.967217
1664.700000000 -30.5439 7.25 0 0 0 0.0183398 0.999832
1665.300000000 -30.5757 7.36211 0 0 0 0.26082 0.965388
1666.100000000 -30.6751 7.4192 0 0 0 0.558055 0.829804
1667.900000000 -30.7682 8.43501 0 0 0 0.7231 0.690744
1669.300000000 -30.8943 8.9343 0 0 0 0.890461 0.455059
1670.000000000 -30.9096 8.85581 0 0 0 0.978704 0.205276
1670.800000000 -30.9138 8.72622 0 0 0 -0.991751 0.128176
1671.300000000 -30.8849 8.68137 0 0 0 -0.940106 0.340882
1672.000000000 -30.7996 8.62828 0 0 0 -0.793598 0.608443
