0.300000000 0.2 0 0 0 0 0 1
9.300000000 1.0036 -0.113332 0 0 0 -0.295521 0.955336
10.000000000 0.890982 -0.186518 0 0 0 -0.605677 0.795711
10.500000000 0.772802 -0.18279 0 0 0 -0.783328 0.621608
11.200000000 0.670738 -0.112912 0 0 0 -0.949179 0.314736
11.700000000 0.631222 -0.0213416 0 0 0 -0.997495 0.0707337
12.400000000 0.649844 0.105511 0 0 0 0.961105 0.276185
13.000000000 0.749379 0.182853 0 0 0 0.83656 0.547876
13.600000000 0.867057 0.195433 0 0 0 0.637291 0.770623
14.200000000 0.971367 0.149835 0 0 0 0.381094 0.924536
14.800000000 1.02613 0.0551315 0 0 0 0.0908536 0.995864
15.400000000 1.01221 -0.0629662 0 0 0 -0.207504 0.978234
19.200000000 1.19131 -0.0342791 0 0 0 0.188481 0.982077
19.800000000 1.12706 0.0576202 0 0 0 0.470287 0.882514
20.400000000 1.03884 0.170973 0 0 0 0.681747 0.731588
21.200000000 0.861255 0.353735 0 0 0 0.861149 0.508353
22.700000000 0.119947 1.04972 0 0 0 0.938979 0.343975
24.100000000 -0.65341 1.76043 0 0 0 0.922225 0.386652
25.400000000 -1.26723 2.51399 0 0 0 0.891338 0.45334
26.700000000 -1.76765 3.34214 0 0 0 0.862326 0.506353
28.000000000 -2.144 4.24966 0 0 0 0.819449 0.573152
29.400000000 -2.5147 5.22384 0 0 0 0.823227 0.567713
30.700000000 -2.79173 6.1424 0 0 0 0.787505 0.616309
32.100000000 -2.74444 6.91518 0 0 0 0.583189 0.812337
33.500000000 -2.19339 7.58468 0 0 0 0.382618 0.923907
34.800000000 -1.48737 8.28264 0 0 0 0.429984 0.902837
36.300000000 -1.08579 9.24829 0 0 0 0.62553 0.7802
37.800000000 -1.21956 10.1334 0 0 0 0.816966 0.576686
39.200000000 -1.7527 11.0209 0 0 0 0.876001 0.482309
40.500000000 -2.14077 11.9287 0 0 0 0.8177 0.575644
41.900000000 -2.32653 12.8932 0 0 0 0.740602 0.671944
43.900000000 -2.31813 13.8228 0 0 0 0.691921 0.721973
47.700000000 -2.25757 14.7665 0 0 0 0.685644 0.727937
51.700000000 -2.19379 15.7189 0 0 0 0.68728 0.726393
53.100000000 -2.28743 16.7131 0 0 0 0.768118 0.640308
54.500000000 -2.62593 17.6969 0 0 0 0.818281 0.574819
55.900000000 -2.72263 18.3193 0 0 0 0.598294 0.801276
56.500000000 -2.63988 18.2746 0 0 0 0.339165 0.940727
57.100000000 -2.56624 18.152 0 0 0 0.0524082 0.998626
57.700000000 -2.56895 18.0779 0 0 0 -0.242233 0.970218
58.300000000 -2.67465 17.9687 0 0 0 -0.512655 0.858595
58.900000000 -2.74701 17.9377 0 0 0 -0.740617 0.671927
59.500000000 -2.85868 17.9638 0 0 0 -0.904128 0.427261
60.200000000 -2.93779 18.0848 0 0 0 -0.995309 0.0967454
60.900000000 -2.9284 18.211 0 0 0 0.969485 0.245152
61.600000000 -2.85189 18.3118 0 0 0 0.828909 0.559384
62.200000000 -2.71985 18.3174 0 0 0 0.677415 0.735601
63.700000000 -2.339 19.3185 0 0 0 0.528693 0.848813
65.200000000 -2.04103 20.2774 0 0 0 0.636021 0.771672
66.600000000 -2.05497 21.3187 0 0 0 0.744123 0.668042
68.000000000 -2.17367 22.3562 0 0 0 0.738232 0.674546
70.000000000 -2.21149 23.3036 0 0 0 0.713135 0.701027
73.500000000 -2.22077 24.2598 0 0 0 0.708726 0.705484
77.100000000 -2.22889 25.2259 0 0 0 0.708712 0.705497
80.300000000 -2.22341 26.2118 0 0 0 0.708709 0.705501
84.000000000 -2.22783 27.2096 0 0 0 0.708708 0.705502
86.400000000 -2.25773 28.2495 0 0 0 0.734156 0.678981
87.700000000 -2.45379 29.2069 0 0 0 0.80082 0.598906
89.100000000 -2.7966 30.1958 0 0 0 0.812086 0.583538
90.000000000 -2.97111 30.3064 0 0 0 0.962699 0.270573
90.500000000 -2.99995 30.2116 0 0 0 0.999697 0.0246028
91.100000000 -2.97049 30.0971 0 0 0 -0.962319 0.271924
91.700000000 -2.88151 30.0192 0 0 0 -0.838982 0.544159
92.400000000 -2.77395 30.015 0 0 0 -0.601038 0.799221
93.000000000 -2.66313 30.0759 0 0 0 -0.338588 0.940935
93.700000000 -2.62762 30.1855 0 0 0 0.00519504 0.999987
94.400000000 -2.48264 30.3443 0 0 0 0.263652 0.964618
95.400000000 -2.25339 30.7673 0 0 0 0.512742 0.858543
96.900000000 -2.0257 31.8184 0 0 0 0.672799 0.739826
98.300000000 -2.07629 32.8696 0 0 0 0.73574 0.677264
99.700000000 -2.16689 33.9188 0 0 0 0.736721 0.676197
101.300000000 -2.21576 34.8042 0 0 0 0.718131 0.695908
104.100000000 -2.22893 35.7946 0 0 0 0.710011 0.704191
107.800000000 -2.23741 36.7543 0 0 0 0.708878 0.705331
111.500000000 -2.24207 37.714 0 0 0 0.708867 0.705342
114.600000000 -2.24412 38.7263 0 0 0 0.703056 0.711135
116.000000000 -2.21886 39.7124 0 0 0 0.692357 0.721555
117.300000000 -2.21198 40.6697 0 0 0 0.743503 0.668732
118.700000000 -2.52745 41.6362 0 0 0 0.820301 0.571932
120.000000000 -2.81655 42.5671 0 0 0 0.784342 0.620329
121.500000000 -2.87012 43.5378 0 0 0 0.631188 0.77563
122.100000000 -2.84533 43.4654 0 0 0 0.373572 0.927601
122.800000000 -2.78035 43.3462 0 0 0 0.0382181 0.999269
123.500000000 -2.78662 43.3597 0 0 0 -0.302931 0.953013
124.100000000 -2.78828 43.3422 0 0 0 -0.553626 0.832765
124.700000000 -2.87662 43.2689 0 0 0 -0.753299 0.657678
125.600000000 -3.13619 42.9307 0 0 0 -0.8955 0.445061
127.100000000 -3.96749 42.2623 0 0 0 -0.954516 0.298158
128.000000000 -4.20458 42.1248 0 0 0 0.999671 0.0256449
128.600000000 -4.17477 42.1882 0 0 0 0.948334 0.317275
129.100000000 -4.10599 42.245 0 0 0 0.843178 0.537635
129.700000000 -3.98113 42.2709 0 0 0 0.650144 0.759811
130.700000000 -3.67656 42.6463 0 0 0 0.430103 0.90278
132.000000000 -2.99105 43.314 0 0 0 0.369666 0.929165
133.300000000 -2.36772 44.0591 0 0 0 0.455938 0.890011
134.800000000 -1.98834 45.0418 0 0 0 0.641582 0.767054
136.000000000 -2.01193 45.9472 0 0 0 0.731491 0.681851
137.400000000 -2.15034 46.9886 0 0 0 0.752045 0.659112
138.700000000 -2.2119 47.9605 0 0 0 0.71494 0.699186
140.100000000 -2.20446 49.0143 0 0 0 0.700771 0.713386
141.400000000 -2.19543 49.9868 0 0 0 0.708127 0.706085
142.800000000 -2.2083 51.0391 0 0 0 0.710847 0.703347
144.100000000 -2.21169 52.0129 0 0 0 0.710049 0.704152
145.500000000 -2.30483 53.0242 0 0 0 0.772749 0.634712
146.900000000 -2.76838 53.755 0 0 0 0.910687 0.413097
148.000000000 -3.14697 53.9136 0 0 0 0.996322 0.0856861
148.700000000 -3.30712 53.7969 0 0 0 -0.983593 0.180403
149.500000000 -3.31554 53.6274 0 0 0 -0.86572 0.500529
150.100000000 -3.19962 53.6014 0 0 0 -0.67914 0.734009
150.700000000 -3.09943 53.6451 0 0 0 -0.431892 0.901925
151.300000000 -3.03274 53.7332 0 0 0 -0.146063 0.989275
151.800000000 -3.03289 53.8509 0 0 0 0.102601 0.994723
152.900000000 -2.63786 54.2373 0 0 0 0.379878 0.925037
154.300000000 -1.93087 55.0173 0 0 0 0.406345 0.91372
155.700000000 -1.20484 55.7689 0 0 0 0.380511 0.924776
156.900000000 -0.560501 56.3923 0 0 0 0.378615 0.925554
158.300000000 0.182552 57.1383 0 0 0 0.375309 0.9269
159.600000000 0.949489 57.7454 0 0 0 0.2897 0.957118
160.900000000 1.84879 58.1241 0 0 0 0.150161 0.988662
162.600000000 2.88165 58.2233 0 0 0 -0.00132209 0.999999
165.500000000 3.86224 58.1429 0 0 0 -0.0481529 0.99884
168.000000000 4.79531 58.1772 0 0 0 0.10422 0.994554
169.500000000 5.54228 58.6736 0 0 0 0.389647 0.920964
170.100000000 5.50642 58.8065 0 0 0 0.606317 0.795223
170.900000000 5.37046 58.9279 0 0 0 0.834868 0.55045
171.600000000 5.24659 58.9013 0 0 0 0.964907 0.262592
172.300000000 5.2194 58.7666 0 0 0 -0.996397 0.0848092
172.900000000 5.27278 58.6617 0 0 0 -0.926831 0.37548
173.500000000 5.37631 58.6057 0 0 0 -0.774473 0.632607
174.100000000 5.50635 58.5538 0 0 0 -0.578206 0.815891
175.100000000 5.85127 58.2851 0 0 0 -0.327677 0.94479
176.600000000 6.83501 57.9154 0 0 0 -0.104282 0.994548
177.900000000 7.80497 57.8949 0 0 0 0.0329997 0.999455
179.200000000 8.76113 58.0458 0 0 0 0.0712776 0.997457
180.600000000 9.69932 58.1172 0 0 0 0.0271268 0.999632
183.200000000 10.6113 58.1095 0 0 0 -0.0202678 0.999795
187.700000000 11.6132 58.0497 0 0 0 -0.0234677 0.999725
191.900000000 12.5748 58.0367 0 0 0 -0.00739066 0.999973
196.400000000 13.5425 58.0311 0 0 0 -0.0016771 0.999999
201.200000000 14.5188 58.0275 0 0 0 -0.0016798 0.999999
205.200000000 15.4849 58.0239 0 0 0 -0.00167985 0.999999
209.000000000 16.4657 58.0202 0 0 0 -0.00167877 0.999999
212.700000000 17.4307 58.0167 0 0 0 -0.0016775 0.999999
214.000000000 17.74 58.1387 0 0 0 0.28897 0.957338
214.700000000 17.6843 58.2461 0 0 0 0.579722 0.814814
216.400000000 17.5909 59.2979 0 0 0 0.73407 0.679073
217.300000000 17.4394 59.4266 0 0 0 0.920647 0.390396
218.000000000 17.3795 59.3034 0 0 0 0.998697 0.0510365
218.700000000 17.4131 59.1806 0 0 0 -0.955648 0.29451
219.300000000 17.4956 59.107 0 0 0 -0.825932 0.56377
220.000000000 17.6539 59.1208 0 0 0 -0.593341 0.804951
221.100000000 18.0309 58.5878 0 0 0 -0.39766 0.917533
222.500000000 18.8287 57.9068 0 0 0 -0.327244 0.94494
223.900000000 19.5352 57.2772 0 0 0 -0.374241 0.927332
226.300000000 20.1895 56.6585 0 0 0 -0.380937 0.924601
229.100000000 20.8808 55.9517 0 0 0 -0.383641 0.923482
233.000000000 21.4901 55.0642 0 0 0 -0.464933 0.885346
234.300000000 21.9252 54.2354 0 0 0 -0.572806 0.819691
236.800000000 22.0416 53.2923 0 0 0 -0.698234 0.715869
241.100000000 21.9872 52.3452 0 0 0 -0.737984 0.674819
245.600000000 21.9076 51.3721 0 0 0 -0.733497 0.679692
247.800000000 22.1025 50.6104 0 0 0 -0.508201 0.861238
249.200000000 22.7843 49.8622 0 0 0 -0.378126 0.925754
251.200000000 23.4314 49.2338 0 0 0 -0.378441 0.925626
253.200000000 23.6769 48.8169 0 0 0 -0.612183 0.790716
253.900000000 23.5715 48.7159 0 0 0 -0.815011 0.579445
255.500000000 22.8658 47.9947 0 0 0 -0.929263 0.369419
256.900000000 22.0911 47.2832 0 0 0 -0.927774 0.373142
258.200000000 21.4033 46.5932 0 0 0 -0.920203 0.391442
259.500000000 20.7115 45.8975 0 0 0 -0.922701 0.385516
260.800000000 20.0362 45.2049 0 0 0 -0.924185 0.381945
262.100000000 19.3411 44.5222 0 0 0 -0.924185 0.381945
263.400000000 18.7136 43.7444 0 0 0 -0.90498 0.425453
264.700000000 18.1147 43.0112 0 0 0 -0.89888 0.438196
265.800000000 17.6298 42.6959 0 0 0 -0.981442 0.191757
267.400000000 16.6304 42.6885 0 0 0 0.998966 0.0454646
268.900000000 15.602 42.8762 0 0 0 0.996631 0.0820152
270.200000000 14.7287 42.7687 0 0 0 -0.992031 0.125996
271.600000000 13.8775 42.2619 0 0 0 -0.945615 0.325287
273.100000000 13.1289 41.5242 0 0 0 -0.921616 0.388103
275.300000000 12.4799 40.8628 0 0 0 -0.92279 0.385302
279.000000000 11.7978 40.1824 0 0 0 -0.92279 0.385302
282.100000000 11.0857 39.4145 0 0 0 -0.903704 0.428158
283.500000000 10.4943 38.7109 0 0 0 -0.903576 0.428429
284.900000000 9.89983 37.8378 0 0 0 -0.864588 0.502482
286.300000000 9.66659 36.9113 0 0 0 -0.771874 0.635775
288.700000000 9.7204 35.9035 0 0 0 -0.667397 0.744702
289.900000000 9.98855 35.3352 0 0 0 -0.447293 0.894388
291.300000000 10.7339 34.5912 0 0 0 -0.371112 0.928588
292.700000000 11.4899 33.9543 0 0 0 -0.316048 0.948743
295.900000000 12.3805 33.5471 0 0 0 -0.152918 0.988239
300.700000000 13.3439 33.4409 0 0 0 -0.0241971 0.999707
305.500000000 14.2833 33.486 0 0 0 0.04074 0.99917
310.400000000 15.2548 33.5506 0 0 0 0.0207493 0.999785
313.600000000 16.2779 33.7693 0 0 0 0.210116 0.977676
315.100000000 17.1676 34.3868 0 0 0 0.296034 0.955177
316.600000000 18.1449 34.8465 0 0 0 0.112216 0.993684
318.500000000 19.0742 34.7711 0 0 0 -0.061774 0.99809
320.200000000 20.0081 34.3125 0 0 0 -0.260573 0.965454
321.800000000 20.8472 33.9432 0 0 0 -0.199831 0.97983
323.300000000 21.801 33.675 0 0 0 -0.086726 0.996232
326.100000000 22.7654 33.5663 0 0 0 -0.0220721 0.999756
330.900000000 23.7137 33.5768 0 0 0 0.0159184 0.999873
335.700000000 24.664 33.6123 0 0 0 0.0125926 0.999921
340.600000000 25.6407 33.6229 0 0 0 0.00315338 0.999995
345.400000000 26.6162 33.6282 0 0 0 0.00268211 0.999996
349.200000000 27.579 33.7546 0 0 0 0.167897 0.985805
350.800000000 28.3078 34.4457 0 0 0 0.389762 0.920915
353.300000000 29.0457 35.1139 0 0 0 0.392562 0.919726
357.900000000 29.689 35.8084 0 0 0 0.385409 0.922746
362.300000000 30.3739 36.4916 0 0 0 0.385409 0.922746
367.000000000 31.041 37.1673 0 0 0 0.385409 0.922746
371.000000000 31.7296 37.8643 0 0 0 0.385409 0.922746
375.300000000 32.409 38.5524 0 0 0 0.385409 0.922746
380.000000000 33.0926 39.2444 0 0 0 0.385409 0.922746
383.100000000 33.7501 39.968 0 0 0 0.465803 0.884889
384.400000000 34.1548 40.9371 0 0 0 0.580288 0.814411
385.700000000 34.1899 41.8719 0 0 0 0.688831 0.724922
387.000000000 34.2001 42.8458 0 0 0 0.713337 0.700821
388.400000000 34.1937 43.8995 0 0 0 0.708988 0.705221
389.700000000 34.1879 44.872 0 0 0 0.708988 0.705221
391.000000000 34.1824 45.8457 0 0 0 0.708988 0.705221
392.400000000 34.1765 46.8982 0 0 0 0.708988 0.705221
393.800000000 34.1707 47.9507 0 0 0 0.708988 0.705221
395.100000000 34.1652 48.9244 0 0 0 0.708988 0.705221
396.500000000 34.1598 49.9781 0 0 0 0.708988 0.705221
397.800000000 34.1543 50.9519 0 0 0 0.708988 0.705221
399.100000000 34.1488 51.9256 0 0 0 0.708988 0.705221
400.400000000 34.143 52.8981 0 0 0 0.708988 0.705221
401.800000000 34.1375 53.9518 0 0 0 0.708988 0.705221
403.300000000 33.9479 54.8994 0 0 0 0.820996 0.570934
404.800000000 33.2853 55.647 0 0 0 0.931426 0.36393
406.100000000 32.5703 56.3019 0 0 0 0.928321 0.371781
407.400000000 31.9273 56.9853 0 0 0 0.924114 0.382117
414.600000000 31.2897 57.6249 0 0 0 0.927627 0.373508
416.000000000 30.3495 58.1598 0 0 0 0.978644 0.205562
417.400000000 29.3945 58.3665 0 0 0 0.998757 0.0498489
419.000000000 28.4962 58.2577 0 0 0 -0.995538 0.0943649
421.500000000 27.4571 58.2239 0 0 0 0.998216 0.0597031
422.900000000 26.6042 58.6127 0 0 0 0.958613 0.284711
424.300000000 25.7579 59.235 0 0 0 0.960166 0.27943
425.500000000 24.9667 59.5487 0 0 0 0.989498 0.144548
427.000000000 23.9208 59.6291 0 0 0 -0.999908 0.0135801
429.000000000 22.9443 59.5233 0 0 0 -0.998036 0.0626451
431.100000000 21.9278 59.4335 0 0 0 -0.999503 0.0315315
432.400000000 20.955 59.4409 0 0 0 0.999794 0.0202912
433.700000000 19.9822 59.4661 0 0 0 0.999978 0.00659105
435.100000000 18.9695 59.4504 0 0 0 -0.999814 0.0192728
436.800000000 18.038 59.36 0 0 0 -0.997876 0.0651391
440.300000000 17.2133 59.3925 0 0 0 0.971732 0.236085
441.200000000 17.2681 59.4465 0 0 0 0.885409 0.464812
442.300000000 17.3628 59.4984 0 0 0 0.711579 0.702606
443.200000000 17.4709 59.4616 0 0 0 0.495764 0.868457
444.100000000 17.5502 59.3946 0 0 0 0.22905 0.973415
445.000000000 17.6837 59.2916 0 0 0 -0.0190195 0.999819
446.600000000 18.2855 59.0284 0 0 0 -0.282092 0.959387
447.800000000 18.5208 58.6926 0 0 0 -0.567674 0.823253
448.900000000 18.3323 58.3869 0 0 0 -0.753472 0.65748
450.400000000 18.2632 57.4281 0 0 0 -0.725421 0.688305
451.300000000 18.4463 57.2955 0 0 0 -0.487687 0.873018
451.800000000 18.439 57.3554 0 0 0 -0.27013 0.962824
452.500000000 18.4703 57.4757 0 0 0 0.0313574 0.999508
453.800000000 18.9569 57.8055 0 0 0 0.312013 0.950078
456.000000000 19.3825 58.0925 0 0 0 0.0391283 0.999234
456.800000000 19.4529 57.9469 0 0 0 -0.258042 0.966134
458.100000000 19.8276 57.3974 0 0 0 -0.524385 0.851481
459.800000000 20.0131 56.4628 0 0 0 -0.67025 0.742135
461.300000000 19.9111 56.0921 0 0 0 -0.857667 0.514205
462.100000000 19.8243 56.1629 0 0 0 -0.969341 0.24572
462.900000000 19.8101 56.2752 0 0 0 0.998474 0.0552231
463.600000000 19.8245 56.3736 0 0 0 0.943302 0.331935
464.300000000 19.913 56.4355 0 0 0 0.81333 0.581803
465.000000000 20.008 56.4831 0 0 0 0.62654 0.779389
465.800000000 20.1612 56.5028 0 0 0 0.383799 0.923417
466.500000000 20.27 56.4547 0 0 0 0.145124 0.989414
467.600000000 20.7601 56.2853 0 0 0 -0.150921 0.988546
468.800000000 21.1641 55.9135 0 0 0 -0.414424 0.910084
470.500000000 21.455 55.149 0 0 0 -0.634207 0.773163
472.500000000 21.5324 54.1761 0 0 0 -0.692955 0.720981
473.700000000 21.4487 54.1357 0 0 0 -0.886746 0.462257
474.500000000 21.341 54.1882 0 0 0 -0.980699 0.195526
475.200000000 21.3152 54.2638 0 0 0 0.998852 0.0478925
476.000000000 21.3401 54.3747 0 0 0 0.948228 0.31759
476.700000000 21.4204 54.4469 0 0 0 0.832671 0.553769
477.400000000 21.5283 54.4702 0 0 0 0.636394 0.771364
478.100000000 21.6446 54.4261 0 0 0 0.385756 0.922601
478.900000000 21.7069 54.3086 0 0 0 0.0600579 0.998195
479.600000000 21.9596 54.2605 0 0 0 -0.166047 0.986118
480.600000000 22.1307 53.9952 0 0 0 -0.455541 0.890215
482.200000000 22.28 53.1912 0 0 0 -0.680305 0.732929
483.900000000 22.0471 52.4842 0 0 0 -0.85345 0.521174
485.700000000 21.6352 52.2213 0 0 0 -0.96798 0.251026
486.600000000 21.6303 52.2141 0 0 0 -0.999958 0.00917778
487.400000000 21.6114 52.27 0 0 0 0.960126 0.279568
488.300000000 21.6941 52.3604 0 0 0 0.823194 0.56776
488.900000000 21.8023 52.3771 0 0 0 0.648939 0.760841
489.600000000 21.9155 52.3352 0 0 0 0.377981 0.925814
490.200000000 21.9728 52.2537 0 0 0 0.115664 0.993288
490.800000000 21.9778 52.0988 0 0 0 -0.164329 0.986406
491.400000000 22.0573 51.8873 0 0 0 -0.371279 0.928521
492.300000000 22.1047 51.6683 0 0 0 -0.628272 0.777994
495.000000000 22.0213 50.7535 0 0 0 -0.739111 0.673583
497.700000000 22.1604 50.1185 0 0 0 -0.515279 0.857022
498.800000000 22.5603 49.9486 0 0 0 -0.287204 0.957869
500.300000000 23.4012 49.4262 0 0 0 -0.209374 0.977836
502.200000000 24.2873 49.1986 0 0 0 -0.109522 0.993984
505.800000000 25.2254 49.1259 0 0 0 -0.0163652 0.999866
509.200000000 26.2596 49.1526 0 0 0 0.0182729 0.999833
510.600000000 27.29 49.1792 0 0 0 0.0182729 0.999833
511.900000000 28.2555 49.2302 0 0 0 0.0319353 0.99949
513.300000000 29.2669 49.3966 0 0 0 0.142614 0.989778
514.700000000 30.1048 49.921 0 0 0 0.339376 0.940651
516.000000000 30.7881 50.6056 0 0 0 0.397388 0.917651
517.300000000 31.4783 51.3032 0 0 0 0.38191 0.924199
518.600000000 32.1734 51.9856 0 0 0 0.374033 0.927415
520.000000000 32.9157 52.7223 0 0 0 0.383336 0.923609
521.400000000 33.6586 53.4671 0 0 0 0.383335 0.923609
522.700000000 34.3515 54.152 0 0 0 0.383335 0.923609
523.900000000 34.9844 54.7968 0 0 0 0.383335 0.923609
525.200000000 35.6773 55.4817 0 0 0 0.383337 0.923609
526.500000000 36.3601 56.1766 0 0 0 0.383338 0.923608
527.900000000 37.0663 56.9174 0 0 0 0.411273 0.911512
529.100000000 37.6353 57.6476 0 0 0 0.43664 0.899636
530.700000000 38.5191 58.181 0 0 0 0.174454 0.984665
532.300000000 39.5986 58.1722 0 0 0 -0.0779077 0.996961
533.700000000 40.6244 58.0854 0 0 0 -0.061304 0.998119
534.900000000 41.518 58.031 0 0 0 0.0042798 0.999991
536.300000000 42.57 58.057 0 0 0 0.015135 0.999885
537.300000000 42.7878 58.1959 0 0 0 0.358608 0.933488
537.900000000 42.6862 58.2565 0 0 0 0.618449 0.785825
538.500000000 42.6098 58.4256 0 0 0 0.772633 0.634853
539.500000000 42.3215 58.7047 0 0 0 0.92697 0.375134
540.500000000 41.8936 58.841 0 0 0 0.993596 0.112989
541.000000000 41.8851 58.7076 0 0 0 -0.991488 0.130196
541.700000000 41.9379 58.6179 0 0 0 -0.886449 0.462827
542.300000000 42.0406 58.5824 0 0 0 -0.710084 0.704117
542.800000000 42.1338 58.6067 0 0 0 -0.514341 0.857586
543.900000000 42.6055 58.4137 0 0 0 -0.235974 0.971759
545.300000000 43.5988 58.0961 0 0 0 -0.110161 0.993914
546.600000000 44.5688 58.0096 0 0 0 -0.0141021 0.999901
547.900000000 45.5403 58.0006 0 0 0 0.0130981 0.999914
549.200000000 46.5181 58.0192 0 0 0 0.00303029 0.999995
550.600000000 47.5699 58.0244 0 0 0 -0.00237729 0.999997
551.900000000 48.5436 58.0128 0 0 0 -0.00238564 0.999997
553.300000000 49.5973 58.0074 0 0 0 -0.00238742 0.999997
554.600000000 50.5711 58.0025 0 0 0 -0.00238741 0.999997
555.900000000 51.5448 57.9977 0 0 0 -0.00238739 0.999997
557.200000000 52.5185 57.9928 0 0 0 -0.00238738 0.999997
558.500000000 53.5023 58.0079 0 0 0 -0.0163493 0.999866
559.700000000 54.0816 57.6179 0 0 0 -0.277356 0.960767
561.100000000 54.8003 56.9713 0 0 0 -0.406265 0.913756
562.300000000 55.4079 56.3215 0 0 0 -0.389697 0.920943
563.700000000 56.1599 55.5843 0 0 0 -0.381263 0.924467
565.100000000 56.894 54.8395 0 0 0 -0.39727 0.917702
566.500000000 57.5176 53.9393 0 0 0 -0.496528 0.868021
567.800000000 57.8385 53.0658 0 0 0 -0.610615 0.791928
569.300000000 57.9143 52.1214 0 0 0 -0.694244 0.71974
571.500000000 58.0325 51.0782 0 0 0 -0.597643 0.801762
572.900000000 58.538 50.3366 0 0 0 -0.388617 0.921399
574.200000000 59.199 49.9784 0 0 0 -0.124537 0.992215
574.900000000 59.3207 50.0803 0 0 0 0.158884 0.987297
575.700000000 59.3429 50.2535 0 0 0 0.478479 0.878099
576.300000000 59.2092 50.2838 0 0 0 0.717393 0.696669
576.900000000 59.1173 50.2356 0 0 0 0.891231 0.453549
577.500000000 59.0566 50.1609 0 0 0 0.985459 0.169915
578.200000000 59.0607 50.0738 0 0 0 -0.991848 0.127426
579.200000000 58.5494 49.7315 0 0 0 -0.93253 0.361092
580.400000000 58.0252 49.0317 0 0 0 -0.915439 0.402456
581.700000000 57.3327 48.3365 0 0 0 -0.925839 0.377918
583.000000000 56.6366 47.6448 0 0 0 -0.923483 0.383639
584.400000000 55.8942 46.8994 0 0 0 -0.923483 0.383638
586.700000000 55.1371 46.2832 0 0 0 -0.958013 0.286723
588.500000000 54.273 45.8476 0 0 0 -0.966547 0.256491
592.800000000 53.4987 45.2383 0 0 0 -0.937894 0.346923
597.100000000 52.8001 44.562 0 0 0 -0.928334 0.371747
601.400000000 52.0844 43.8601 0 0 0 -0.924869 0.380287
605.700000000 51.3944 43.2458 0 0 0 -0.943656 0.330928
610.600000000 50.5593 42.7063 0 0 0 -0.961101 0.276199
614.500000000 49.7238 42.2289 0 0 0 -0.959945 0.280188
619.400000000 48.9806 41.6061 0 0 0 -0.936597 0.350408
624.100000000 48.2731 40.9614 0 0 0 -0.927329 0.374247
628.800000000 47.5846 40.2846 0 0 0 -0.924939 0.380114
631.100000000 46.9057 39.4654 0 0 0 -0.895075 0.445915
632.400000000 46.4654 38.6029 0 0 0 -0.822589 0.568636
634.200000000 46.2007 37.6181 0 0 0 -0.731312 0.682043
636.100000000 46.2899 36.965 0 0 0 -0.521657 0.853156
636.900000000 46.5121 36.8991 0 0 0 -0.244376 0.96968
638.300000000 47.3623 36.848 0 0 0 0.0176516 0.999844
639.700000000 48.4106 36.9365 0 0 0 0.0381783 0.999271
641.100000000 49.4524 36.9996 0 0 0 0.0281316 0.999604
642.300000000 50.3548 37.0411 0 0 0 0.0250393 0.999686
643.600000000 51.3273 37.0925 0 0 0 0.0270489 0.999634
645.100000000 52.3427 37.4302 0 0 0 0.233778 0.97229
646.100000000 52.5955 37.7225 0 0 0 0.512138 0.858903
646.600000000 52.4996 37.7454 0 0 0 0.70951 0.704695
647.300000000 52.377 37.6997 0 0 0 0.908389 0.418126
647.900000000 52.324 37.5997 0 0 0 0.991381 0.131008
648.500000000 52.1278 37.5193 0 0 0 -0.996927 0.078334
649.800000000 51.5539 37.0777 0 0 0 -0.934227 0.356679
651.100000000 51.0237 36.3932 0 0 0 -0.908141 0.418665
652.400000000 50.7654 35.7898 0 0 0 -0.746959 0.66487
653.000000000 50.7594 35.7083 0 0 0 -0.56299 0.826464
654.600000000 51.5702 34.8654 0 0 0 -0.383325 0.923614
655.900000000 52.1828 34.2312 0 0 0 -0.368268 0.92972
657.200000000 52.8844 33.5539 0 0 0 -0.378309 0.925679
658.600000000 53.6276 32.8094 0 0 0 -0.38331 0.92362
659.900000000 54.316 32.1189 0 0 0 -0.383296 0.923626
661.300000000 55.0589 31.3741 0 0 0 -0.383282 0.923631
662.500000000 55.6918 30.7397 0 0 0 -0.383271 0.923636
663.800000000 56.3594 30.0311 0 0 0 -0.414568 0.910018
665.200000000 56.9751 29.159 0 0 0 -0.477078 0.878861
666.400000000 57.4302 28.3076 0 0 0 -0.523893 0.851784
667.800000000 57.7876 27.3205 0 0 0 -0.609042 0.793138
669.400000000 57.8473 26.3953 0 0 0 -0.714812 0.699316
670.400000000 57.7174 25.9914 0 0 0 -0.898636 0.438695
671.000000000 57.6411 26.0926 0 0 0 -0.987415 0.158148
671.600000000 57.6287 26.1903 0 0 0 0.990694 0.136109
672.200000000 57.6834 26.2848 0 0 0 0.908178 0.418584
672.800000000 57.7967 26.3405 0 0 0 0.747015 0.664807
673.500000000 57.9153 26.3532 0 0 0 0.489936 0.871758
674.100000000 58.0676 26.3397 0 0 0 0.257282 0.966336
675.300000000 58.7537 26.4341 0 0 0 -0.000648 1
676.100000000 58.9248 26.3189 0 0 0 -0.292923 0.956136
676.800000000 58.8201 26.2223 0 0 0 -0.598361 0.801227
677.500000000 58.718 26.1159 0 0 0 -0.78276 0.622323
678.500000000 58.373 25.6916 0 0 0 -0.90413 0.427256
680.000000000 57.5258 24.8925 0 0 0 -0.935216 0.354077
681.200000000 56.8784 24.2724 0 0 0 -0.921585 0.388177
682.500000000 56.2093 23.5646 0 0 0 -0.920091 0.391705
683.900000000 55.4617 22.8245 0 0 0 -0.925736 0.37817
685.300000000 54.7611 22.1461 0 0 0 -0.92839 0.371606
688.400000000 53.9266 21.5309 0 0 0 -0.965168 0.261632
689.900000000 52.9714 21.2149 0 0 0 -0.993889 0.110388
692.600000000 52.0156 21.1552 0 0 0 -0.999994 0.00344552
694.800000000 51.2433 20.8779 0 0 0 -0.958123 0.286356
696.200000000 50.57 20.2371 0 0 0 -0.920703 0.390265
700.100000000 49.8535 19.5656 0 0 0 -0.922699 0.385521
704.700000000 49.1681 18.8712 0 0 0 -0.9227 0.385518
709.200000000 48.4748 18.1691 0 0 0 -0.9227 0.385519
713.500000000 47.7906 17.4759 0 0 0 -0.9227 0.385519
717.800000000 47.1361 16.7227 0 0 0 -0.910114 0.414357
718.600000000 47.0806 16.5028 0 0 0 -0.748579 0.663046
719.800000000 47.3261 15.8596 0 0 0 -0.571115 0.82087
721.200000000 47.7715 15.0171 0 0 0 -0.490738 0.871307
722.600000000 48.3903 14.1637 0 0 0 -0.446515 0.894776
723.900000000 48.9934 13.3929 0 0 0 -0.419987 0.90753
725.400000000 49.8417 12.8946 0 0 0 -0.178986 0.983852
726.700000000 50.7549 12.8146 0 0 0 0.00966998 0.999953
728.200000000 51.7122 13.0983 0 0 0 0.25423 0.967144
728.900000000 51.6094 13.1813 0 0 0 0.569694 0.821857
729.400000000 51.5113 13.1986 0 0 0 0.754905 0.655834
730.100000000 51.4103 13.1344 0 0 0 0.934019 0.357224
730.800000000 51.3587 13.0074 0 0 0 0.999883 0.0153008
731.700000000 51.0229 12.8062 0 0 0 -0.969633 0.244566
733.100000000 50.2391 12.1734 0 0 0 -0.938141 0.346253
734.500000000 49.5031 11.5488 0 0 0 -0.958917 0.283688
735.900000000 48.7305 11.4727 0 0 0 0.999934 0.0114685
737.200000000 47.7331 11.5742 0 0 0 0.993442 0.114339
738.600000000 46.8036 11.7523 0 0 0 0.998208 0.0598407
740.400000000 46.2454 11.7041 0 0 0 -0.962761 0.270355
741.000000000 46.3162 11.5952 0 0 0 -0.843231 0.537552
741.700000000 46.4152 11.4911 0 0 0 -0.64508 0.764115
742.900000000 46.842 11.0235 0 0 0 -0.395813 0.918331
744.200000000 47.5605 10.3743 0 0 0 -0.354502 0.935055
745.400000000 48.2072 9.75027 0 0 0 -0.386994 0.922082
746.700000000 48.879 9.04476 0 0 0 -0.386876 0.922132
748.100000000 49.6254 8.3048 0 0 0 -0.378309 0.925679
749.400000000 50.3209 7.61597 0 0 0 -0.381155 0.924511
750.700000000 51.0072 6.94265 0 0 0 -0.38472 0.923033
752.000000000 51.6993 6.23563 0 0 0 -0.384712 0.923037
753.300000000 52.3841 5.54948 0 0 0 -0.384722 0.923033
754.700000000 53.1251 4.80235 0 0 0 -0.384722 0.923032
756.000000000 53.8062 4.10518 0 0 0 -0.384726 0.923031
757.200000000 54.4469 3.46799 0 0 0 -0.384734 0.923027
758.600000000 55.1875 2.72081 0 0 0 -0.384742 0.923024
759.800000000 55.8182 2.08362 0 0 0 -0.384748 0.923022
761.100000000 56.5089 1.38643 0 0 0 -0.384754 0.923019
762.500000000 57.2138 0.6241 0 0 0 -0.41236 0.911021
763.800000000 57.8049 -0.152507 0 0 0 -0.470104 0.882611
764.600000000 57.8092 -0.404069 0 0 0 -0.695741 0.718293
765.600000000 57.5603 -0.76884 0 0 0 -0.872117 0.489297
767.000000000 56.8458 -1.45703 0 0 0 -0.936866 0.349689
768.300000000 56.0593 -2.02813 0 0 0 -0.960994 0.276568
769.600000000 55.1574 -2.40226 0 0 0 -0.988426 0.151701
771.200000000 54.1327 -2.51359 0 0 0 -0.999788 0.0205895
773.500000000 53.216 -2.47304 0 0 0 0.99938 0.0352124
778.100000000 52.2202 -2.40932 0 0 0 0.999353 0.0359801
781.700000000 51.2853 -2.33982 0 0 0 0.998837 0.048223
782.900000000 50.7098 -2.02238 0 0 0 0.94977 0.312948
784.400000000 50.0285 -1.3064 0 0 0 0.911927 0.410352
786.000000000 49.4364 -0.555124 0 0 0 0.888046 0.459755
787.500000000 48.9768 0.381188 0 0 0 0.817233 0.576308
788.300000000 49.0915 0.516595 0 0 0 0.589398 0.807842
789.000000000 49.1962 0.452772 0 0 0 0.281856 0.959457
789.700000000 49.2286 0.342732 0 0 0 -0.0602134 0.998186
790.200000000 49.211 0.221773 0 0 0 -0.3003 0.953845
790.900000000 49.1071 0.121847 0 0 0 -0.596224 0.802818
791.500000000 49.0633 -0.037661 0 0 0 -0.76146 0.648212
792.600000000 48.6786 -0.428385 0 0 0 -0.913317 0.407249
794.000000000 47.863 -0.962944 0 0 0 -0.962054 0.272858
795.400000000 47.0462 -1.63136 0 0 0 -0.939121 0.343585
796.700000000 46.2352 -2.1534 0 0 0 -0.972481 0.232981
797.900000000 45.3807 -2.38727 0 0 0 -0.996092 0.0883215
799.600000000 44.321 -2.34693 0 0 0 0.997336 0.0729435
803.500000000 43.3704 -2.24352 0 0 0 0.999189 0.0402782
807.300000000 42.3763 -2.21129 0 0 0 0.999958 0.00920871
811.100000000 41.3938 -2.20435 0 0 0 0.999996 0.00288526
815.400000000 40.4058 -2.19853 0 0 0 0.999996 0.00288526
818.400000000 39.3611 -2.19896 0 0 0 -0.999949 0.0101434
819.700000000 38.3952 -2.31203 0 0 0 -0.992336 0.123568
821.300000000 37.5514 -2.88867 0 0 0 -0.920699 0.390273
822.400000000 37.3878 -3.33726 0 0 0 -0.758125 0.652109
823.200000000 37.5343 -3.50951 0 0 0 -0.528034 0.849223
823.900000000 37.7095 -3.56011 0 0 0 -0.283177 0.959068
824.500000000 37.7664 -3.47785 0 0 0 0.000462376 1
825.200000000 37.7214 -3.36495 0 0 0 0.343909 0.939003
825.700000000 37.6418 -3.3013 0 0 0 0.565024 0.825074
826.500000000 37.515 -3.12948 0 0 0 0.791158 0.611612
827.500000000 37.1598 -2.72873 0 0 0 0.915817 0.401596
828.700000000 36.4894 -2.14072 0 0 0 0.931265 0.364342
830.000000000 35.7918 -1.49072 0 0 0 0.928009 0.372558
832.300000000 35.119 -0.810512 0 0 0 0.922403 0.38623
835.700000000 34.4292 0.0768756 0 0 0 0.876724 0.480993
837.100000000 34.1354 0.908852 0 0 0 0.796191 0.605046
840.000000000 34.0532 1.85857 0 0 0 0.719797 0.694185
844.700000000 34.0784 2.82324 0 0 0 0.693774 0.720192
849.100000000 34.1268 3.79006 0 0 0 0.684915 0.728623
860.100000000 34.1419 4.81942 0 0 0 0.713168 0.700993
861.200000000 33.8911 5.32864 0 0 0 0.867167 0.498017
862.700000000 33.1611 6.04253 0 0 0 0.92558 0.378552
864.600000000 32.4969 6.72537 0 0 0 0.92463 0.380866
868.800000000 31.8246 7.39859 0 0 0 0.923815 0.382838
871.900000000 31.0668 8.20594 0 0 0 0.901516 0.432746
873.200000000 30.7257 9.04611 0 0 0 0.809495 0.587126
875.200000000 30.6299 10.0591 0 0 0 0.717234 0.696833
879.200000000 30.6194 11.0077 0 0 0 0.697426 0.716657
884.200000000 30.64 11.9855 0 0 0 0.70367 0.710527
889.000000000 30.6144 12.9416 0 0 0 0.723395 0.690434
893.300000000 30.5526 13.93 0 0 0 0.729612 0.683862
896.700000000 30.4954 14.9258 0 0 0 0.725104 0.688639
899.300000000 30.4559 15.9857 0 0 0 0.720205 0.693761
901.200000000 30.2983 16.9144 0 0 0 0.792378 0.61003
905.700000000 29.8732 17.7519 0 0 0 0.873712 0.486444
910.300000000 29.2394 18.5043 0 0 0 0.910605 0.413278
914.800000000 28.5961 19.1959 0 0 0 0.92075 0.390153
919.500000000 27.9281 19.8835 0 0 0 0.922786 0.385314
924.100000000 27.262 20.5578 0 0 0 0.922786 0.385314
928.600000000 26.566 21.262 0 0 0 0.922785 0.385314
932.800000000 25.8848 21.9513 0 0 0 0.922785 0.385314
937.300000000 25.2754 22.8465 0 0 0 0.903049 0.429537
938.600000000 24.7515 23.642 0 0 0 0.850129 0.526575
941.000000000 24.5321 24.4608 0 0 0 0.752893 0.658143
944.000000000 24.5189 25.4538 0 0 0 0.688986 0.724774
945.400000000 24.6248 26.4864 0 0 0 0.665948 0.745998
947.300000000 24.7063 27.4299 0 0 0 0.694032 0.719944
950.200000000 24.714 28.3544 0 0 0 0.705418 0.708791
953.300000000 24.6972 29.3599 0 0 0 0.707784 0.706429
956.500000000 24.7085 30.3043 0 0 0 0.7083 0.705911
960.500000000 24.7051 31.2658 0 0 0 0.7083 0.705912
964.200000000 24.7016 32.2266 0 0 0 0.708301 0.705911
967.900000000 24.6982 33.1863 0 0 0 0.708302 0.70591
971.800000000 24.8228 33.906 0 0 0 0.438299 0.898829
972.700000000 24.8178 33.9159 0 0 0 0.128322 0.991733
973.500000000 25.0252 33.6375 0 0 0 -0.117206 0.993108
974.900000000 26.0593 33.2409 0 0 0 -0.257823 0.966192
975.800000000 26.0751 33.052 0 0 0 -0.48822 0.872721
976.500000000 26.0377 33.0342 0 0 0 -0.703031 0.711159
977.200000000 26.0274 33.0353 0 0 0 -0.874248 0.48548
977.900000000 25.8749 33.114 0 0 0 -0.975531 0.21986
978.700000000 25.768 33.3748 0 0 0 0.994982 0.100055
979.400000000 25.8855 33.3633 0 0 0 0.921683 0.387943
980.200000000 25.9143 33.3955 0 0 0 0.745725 0.666254
980.900000000 26.0405 33.4039 0 0 0 0.520554 0.853829
982.000000000 26.5347 33.7102 0 0 0 0.308691 0.951162
983.800000000 27.3292 33.9222 0 0 0 0.0321627 0.999483
985.900000000 28.0466 33.6489 0 0 0 -0.241999 0.970276
987.300000000 28.2052 33.3671 0 0 0 -0.520392 0.853928
987.900000000 28.214 33.3666 0 0 0 -0.700598 0.713556
988.700000000 28.2298 33.364 0 0 0 -0.882057 0.471143
989.300000000 28.2317 33.3521 0 0 0 -0.969484 0.245156
990.100000000 28.1591 33.5813 0 0 0 0.997117 0.0758847
990.700000000 28.1789 33.6281 0 0 0 0.94835 0.317225
992.400000000 27.5961 34.4844 0 0 0 0.868025 0.496521
993.600000000 27.5276 34.8586 0 0 0 0.674008 0.738724
994.400000000 27.5386 34.8539 0 0 0 0.392265 0.919852
995.100000000 27.5496 34.809 0 0 0 0.133033 0.991112
996.000000000 27.8773 34.7142 0 0 0 -0.105497 0.99442
998.200000000 28.8548 34.0276 0 0 0 -0.292896 0.956144
999.600000000 29.1902 33.9131 0 0 0 0.0465143 0.998918
1000.100000000 29.1878 33.9787 0 0 0 0.2757 0.961244
1000.800000000 29.0824 34.0741 0 0 0 0.574168 0.818737
1001.700000000 29.0481 34.4949 0 0 0 0.767171 0.641443
1002.700000000 28.7628 34.8733 0 0 0 0.908695 0.417461
1003.600000000 28.5106 34.9193 0 0 0 0.990773 0.135528
1004.400000000 28.5135 34.9125 0 0 0 -0.987406 0.158209
1005.200000000 28.5601 34.8738 0 0 0 -0.887538 0.460735
1005.800000000 28.567 34.8675 0 0 0 -0.716607 0.697477
1006.500000000 28.5761 34.8764 0 0 0 -0.449078 0.893492
1007.100000000 28.5819 34.8882 0 0 0 -0.195882 0.980628
1007.900000000 28.8342 34.9677 0 0 0 0.0819371 0.996638
1008.800000000 29.0193 35.1925 0 0 0 0.385842 0.922565
1010.500000000 29.5176 36.0777 0 0 0 0.471332 0.881956
1011.900000000 29.9291 36.3451 0 0 0 0.223033 0.974811
1012.800000000 29.9269 36.3638 0 0 0 -0.0705673 0.997507
1014.700000000 30.8985 35.8123 0 0 0 -0.188205 0.98213
1015.800000000 31.1167 35.663 0 0 0 -0.443761 0.896145
1016.500000000 31.1118 35.6652 0 0 0 -0.698852 0.715267
1017.100000000 31.107 35.6723 0 0 0 -0.861858 0.50715
1017.600000000 31.1012 35.676 0 0 0 -0.959382 0.282111
1018.300000000 31.1097 35.652 0 0 0 0.998676 0.0514504
1019.100000000 31.0966 35.7943 0 0 0 0.93973 0.341917
1020.300000000 30.3916 36.5384 0 0 0 0.896841 0.442352
1021.500000000 30.2221 36.967 0 0 0 0.751993 0.659171
1022.400000000 30.3576 36.9379 0 0 0 0.499006 0.866599
1023.200000000 30.4914 36.9085 0 0 0 0.236676 0.971589
1024.600000000 31.6207 37.1578 0 0 0 0.092543 0.995709
1025.900000000 31.9837 37.0853 0 0 0 -0.220966 0.975281
1026.700000000 31.9803 37.0815 0 0 0 -0.497923 0.867221
1027.400000000 31.9881 37.0856 0 0 0 -0.716594 0.697491
1028.200000000 32.0097 37.0704 0 0 0 -0.900382 0.435101
1028.900000000 32.0051 37.0648 0 0 0 -0.982969 0.183769
1029.900000000 31.5613 37.1271 0 0 0 0.997158 0.0753421
1031.000000000 31.1923 37.391 0 0 0 0.941869 0.335981
1032.500000000 31.0797 37.7564 0 0 0 0.801571 0.597899
1033.300000000 31.163 37.864 0 0 0 0.617952 0.786216
1034.100000000 31.1662 37.8555 0 0 0 0.349733 0.936849
1034.800000000 31.1658 37.8676 0 0 0 0.0985439 0.995133
1036.300000000 32.2246 37.8809 0 0 0 -0.00344317 0.999994
1037.700000000 32.6316 37.9885 0 0 0 0.2587 0.965958
1038.600000000 32.6262 37.9982 0 0 0 0.563313 0.826244
1039.400000000 32.6283 37.9953 0 0 0 0.753371 0.657596
1040.900000000 32.2714 38.884 0 0 0 0.861195 0.508275
1041.900000000 32.1124 38.9178 0 0 0 0.971028 0.238967
1042.800000000 32.1105 38.9262 0 0 0 -0.998448 0.0556901
1043.400000000 32.0979 38.9377 0 0 0 -0.946016 0.324119
1044.100000000 32.0704 38.9513 0 0 0 -0.787468 0.616355
1044.700000000 32.1042 38.9266 0 0 0 -0.57374 0.819038
1045.300000000 32.1335 38.9281 0 0 0 -0.352654 0.935754
1046.100000000 32.4032 38.938 0 0 0 -0.0900175 0.99594
1046.900000000 32.6468 39.0583 0 0 0 0.180869 0.983507
1048.400000000 33.5343 39.5565 0 0 0 0.238885 0.971048
1050.100000000 34.1043 39.7124 0 0 0 -0.0311245 0.999516
1051.200000000 34.0746 39.6632 0 0 0 -0.371672 0.928364
1052.100000000 34.0454 39.65 0 0 0 -0.611192 0.791482
1052.900000000 34.0775 39.6552 0 0 0 -0.798905 0.601457
1053.600000000 34.08 39.6552 0 0 0 -0.931824 0.36291
1054.400000000 34.0728 39.6587 0 0 0 -0.998257 0.0590197
1055.000000000 34.07 39.6414 0 0 0 0.982802 0.184663
1055.900000000 33.9068 39.9036 0 0 0 0.890219 0.455533
1056.900000000 33.8468 40.2711 0 0 0 0.721117 0.692814
1058.300000000 33.898 41.3427 0 0 0 0.682867 0.730543
1059.500000000 34.0144 41.7087 0 0 0 0.46926 0.88306
1060.200000000 34.0626 41.6494 0 0 0 0.207086 0.978323
1061.000000000 34.0367 41.6008 0 0 0 -0.105972 0.994369
1061.900000000 34.3256 41.3038 0 0 0 -0.34365 0.939098
1063.000000000 34.4382 40.9577 0 0 0 -0.588923 0.808189
1064.400000000 34.3323 40.52 0 0 0 -0.802268 0.596964
1065.300000000 34.2817 40.5342 0 0 0 -0.941416 0.337248
1065.900000000 34.2773 40.5332 0 0 0 -0.996906 0.0786042
1066.500000000 34.2798 40.5579 0 0 0 0.983004 0.183582
1067.300000000 34.1504 40.8147 0 0 0 0.893095 0.449868
1068.600000000 34.0282 41.6968 0 0 0 0.744182 0.667977
1070.600000000 34.3437 42.6032 0 0 0 0.586331 0.810072
1071.900000000 34.3909 42.7771 0 0 0 0.311264 0.950324
1072.900000000 34.3174 42.6983 0 0 0 0.0083615 0.999965
1073.800000000 34.3181 42.7104 0 0 0 -0.267838 0.963464
1074.700000000 34.2948 42.6993 0 0 0 -0.526837 0.849966
1075.500000000 34.2789 42.7016 0 0 0 -0.754315 0.656512
1076.300000000 34.2889 42.7019 0 0 0 -0.914172 0.405326
1077.100000000 34.2651 42.7056 0 0 0 -0.994786 0.101986
1077.800000000 34.2793 42.7121 0 0 0 0.982706 0.185174
1078.600000000 34.3394 42.8458 0 0 0 0.875418 0.483367
1080.200000000 34.1199 43.839 0 0 0 0.783036 0.621976
1081.900000000 34.0885 44.3281 0 0 0 0.5509 0.834571
1082.900000000 34.0988 44.2867 0 0 0 0.275176 0.961394
1083.600000000 34.1386 44.1716 0 0 0 -0.0476527 0.998864
1084.100000000 34.1529 44.1798 0 0 0 -0.294945 0.955514
1084.800000000 34.1678 44.1791 0 0 0 -0.607058 0.794657
1085.500000000 34.1587 44.1546 0 0 0 -0.790748 0.612141
1086.500000000 33.7539 43.9034 0 0 0 -0.909117 0.41654
1087.700000000 33.1363 43.1902 0 0 0 -0.935236 0.354026
1089.400000000 32.4052 42.5389 0 0 0 -0.932768 0.360477
1093.300000000 31.7309 41.8579 0 0 0 -0.916904 0.399108
1098.000000000 31.1337 40.9002 0 0 0 -0.833504 0.552513
1099.500000000 30.9194 39.7851 0 0 0 -0.771011 0.636822
1104.200000000 30.4835 38.7683 0 0 0 -0.879878 0.475199
1108.500000000 29.8961 38.0126 0 0 0 -0.913295 0.407299
1113.100000000 29.2215 37.3171 0 0 0 -0.920682 0.390315
1117.600000000 28.5435 36.6297 0 0 0 -0.923106 0.384546
1122.100000000 27.866 35.9565 0 0 0 -0.923106 0.384546
1126.600000000 27.1925 35.2672 0 0 0 -0.923106 0.384546
1131.200000000 26.5064 34.5853 0 0 0 -0.923106 0.384546
1135.800000000 25.8228 33.896 0 0 0 -0.923106 0.384546
1140.300000000 25.158 33.2254 0 0 0 -0.923106 0.384546
1145.000000000 24.4706 32.5322 0 0 0 -0.923106 0.384546
1149.700000000 23.807 31.8629 0 0 0 -0.923106 0.384546
1154.600000000 23.1122 31.1623 0 0 0 -0.923106 0.384546
1159.400000000 22.4311 30.4754 0 0 0 -0.923106 0.384546
1164.100000000 21.7626 29.801 0 0 0 -0.923106 0.384546
1168.900000000 21.0864 29.1191 0 0 0 -0.923106 0.384546
1173.900000000 20.3916 28.4185 0 0 0 -0.923106 0.384546
1178.600000000 19.7342 27.7554 0 0 0 -0.923106 0.384546
1183.500000000 19.0455 27.061 0 0 0 -0.923106 0.384546
1188.300000000 18.3622 26.3718 0 0 0 -0.923106 0.384546
1192.600000000 17.6674 25.6712 0 0 0 -0.923106 0.384546
1196.800000000 16.9912 24.9893 0 0 0 -0.923106 0.384546
1200.700000000 16.335 24.3273 0 0 0 -0.923106 0.384546
1204.800000000 15.6378 23.6243 0 0 0 -0.923106 0.384546
1208.700000000 14.9591 22.9499 0 0 0 -0.923106 0.384546
1213.000000000 14.2817 22.2667 0 0 0 -0.923106 0.384546
1216.400000000 13.5959 21.575 0 0 0 -0.923106 0.384546
1219.800000000 12.8999 20.8732 0 0 0 -0.923106 0.384546
1223.200000000 12.2437 20.2113 0 0 0 -0.923106 0.384546
1226.800000000 11.5505 19.5019 0 0 0 -0.922965 0.384884
1228.800000000 10.8596 18.681 0 0 0 -0.891594 0.452836
1230.200000000 10.4264 17.7278 0 0 0 -0.805262 0.59292
1231.500000000 10.3331 16.7755 0 0 0 -0.704002 0.710198
1232.800000000 10.5097 15.8218 0 0 0 -0.609308 0.792934
1234.000000000 10.7315 14.9498 0 0 0 -0.69517 0.718845
1235.400000000 10.5518 13.8809 0 0 0 -0.750192 0.66122
1236.600000000 10.455 13.0062 0 0 0 -0.741049 0.671451
1237.900000000 10.4177 12.0132 0 0 0 -0.703172 0.71102
1239.300000000 10.4491 11.0363 0 0 0 -0.729987 0.683461
1240.600000000 10.0628 10.3939 0 0 0 -0.890238 0.455496
1241.900000000 9.3911 9.71358 0 0 0 -0.929367 0.369156
1243.200000000 8.7192 9.06007 0 0 0 -0.927723 0.37327
1244.500000000 8.00071 8.34297 0 0 0 -0.920228 0.391382
1245.600000000 7.8917 8.02745 0 0 0 -0.731531 0.681808
1246.500000000 8.10415 7.73455 0 0 0 -0.511635 0.859203
1248.000000000 8.83793 6.99211 0 0 0 -0.358976 0.933347
1249.200000000 9.49448 6.37221 0 0 0 -0.369597 0.929192
1250.600000000 10.2251 5.63752 0 0 0 -0.39718 0.917741
1252.000000000 10.6722 4.79187 0 0 0 -0.580243 0.814443
1253.300000000 10.7509 3.85713 0 0 0 -0.713822 0.700327
1254.600000000 10.6113 2.89474 0 0 0 -0.766107 0.642713
1255.900000000 10.4854 1.9299 0 0 0 -0.733308 0.679896
1257.300000000 10.5052 0.887635 0 0 0 -0.676369 0.736563
1258.600000000 10.8694 0.221317 0 0 0 -0.45586 0.890051
1259.900000000 11.5799 -0.406814 0 0 0 -0.313425 0.949613
1261.300000000 12.2999 -1.18376 0 0 0 -0.453333 0.891341
1262.600000000 12.7129 -2.06545 0 0 0 -0.581771 0.813352
1263.200000000 12.6264 -2.13596 0 0 0 -0.770138 0.637877
1263.900000000 12.5035 -2.07799 0 0 0 -0.940291 0.340372
1264.500000000 12.4479 -1.9787 0 0 0 -0.998651 0.0519264
1265.200000000 12.4701 -1.85225 0 0 0 0.957135 0.289642
1265.800000000 12.5738 -1.76218 0 0 0 0.83242 0.554145
1266.400000000 12.6197 -1.70775 0 0 0 0.656236 0.754555
1266.900000000 12.6179 -1.69695 0 0 0 0.475389 0.879776
1268.500000000 13.6008 -1.05003 0 0 0 0.225408 0.974265
1270.000000000 14.5699 -0.843487 0 0 0 0.0493554 0.998781
1271.300000000 15.315 -1.04481 0 0 0 -0.218218 0.9759
1272.500000000 15.6245 -1.46754 0 0 0 -0.525045 0.851074
1273.100000000 15.5646 -1.5405 0 0 0 -0.723775 0.690036
1273.800000000 15.4232 -1.59577 0 0 0 -0.895132 0.445801
1274.600000000 15.2455 -1.58234 0 0 0 -0.992654 0.120989
1275.300000000 15.1564 -1.45446 0 0 0 0.984719 0.17415
1276.000000000 14.9862 -1.23731 0 0 0 0.920503 0.390734
1277.500000000 14.1541 -0.658388 0 0 0 0.978604 0.205751
1278.800000000 13.3628 -0.578685 0 0 0 -0.999251 0.0387004
1280.400000000 12.4363 -1.02193 0 0 0 -0.950002 0.312245
1284.100000000 11.9229 -1.17833 0 0 0 -0.999996 0.00283309
1285.100000000 11.4592 -0.884939 0 0 0 0.974168 0.225823
1286.500000000 10.6185 -0.284902 0 0 0 0.954863 0.297047
1287.900000000 9.68362 0.102458 0 0 0 0.990302 0.138934
1289.400000000 8.57864 0.0951193 0 0 0 -0.998879 0.0473423
1290.600000000 7.69362 0.0191216 0 0 0 -0.998501 0.0547311
1292.000000000 6.64307 -0.0808639 0 0 0 -0.99955 0.0299998
1293.300000000 5.66078 -0.0983046 0 0 0 0.999985 0.00541124
1294.700000000 4.61889 -0.0702619 0 0 0 0.999868 0.0162765
1296.100000000 3.56531 -0.0601754 0 0 0 1 0.000295967
1297.400000000 2.59165 -0.0710866 0 0 0 -0.999997 0.00256632
1298.600000000 1.68809 -0.0718257 0 0 0 0.999972 0.00751695
1299.900000000 0.714077 -0.0657297 0 0 0 1 0.000420908
1302.300000000 -0.186265 -0.14227 0 0 0 -0.951485 0.307694
1303.100000000 -0.107201 -0.242298 0 0 0 -0.854789 0.518975
1303.900000000 0.0239484 -0.258769 0 0 0 -0.632721 0.77438
1304.700000000 0.125972 -0.187806 0 0 0 -0.336603 0.941647
1305.800000000 0.532672 -0.186922 0 0 0 -0.0636709 0.997971
1307.800000000 1.52217 -0.0289346 0 0 0 0.079812 0.99681
1309.500000000 2.08808 -0.0728666 0 0 0 -0.255971 0.966685
1310.200000000 1.98371 -0.182041 0 0 0 -0.557904 0.829906
1310.800000000 1.88458 -0.203354 0 0 0 -0.769828 0.638252
1311.500000000 1.72483 -0.288982 0 0 0 -0.916556 0.399906
1312.000000000 1.57946 -0.318546 0 0 0 -0.97654 0.215335
1312.900000000 1.37526 -0.133694 0 0 0 0.991886 0.127127
1314.400000000 0.435128 0.322353 0 0 0 0.971871 0.235516
1315.800000000 -0.0138254 0.673922 0 0 0 0.85556 0.517703
1316.400000000 0.0790294 0.685059 0 0 0 0.687913 0.725793
1317.000000000 0.180217 0.677451 0 0 0 0.462637 0.886548
1317.600000000 0.249191 0.595034 0 0 0 0.191784 0.981437
1318.200000000 0.272514 0.452321 0 0 0 -0.0937972 0.995591
1318.900000000 0.226904 0.358569 0 0 0 -0.41724 0.908796
1319.600000000 0.204907 0.131536 0 0 0 -0.617002 0.786961
1320.900000000 0.419713 -0.828124 0 0 0 -0.631046 0.775745
1321.900000000 0.353744 -1.05778 0 0 0 -0.82368 0.567055
1322.600000000 0.262156 -0.989731 0 0 0 -0.948323 0.317307
1323.300000000 0.226635 -0.82168 0 0 0 -0.99984 0.0178783
1323.900000000 0.228379 -0.787013 0 0 0 0.967457 0.253034
1324.600000000 0.314555 -0.676575 0 0 0 0.842874 0.538111
1325.600000000 0.425027 -0.339243 0 0 0 0.652556 0.75774
1327.000000000 0.809347 0.305619 0 0 0 0.43268 0.901548
1327.900000000 0.876714 0.261537 0 0 0 0.180358 0.983601
1328.900000000 0.903085 0.137548 0 0 0 -0.136821 0.990596
1329.900000000 0.84875 0.0370327 0 0 0 -0.428555 0.903516
1330.800000000 0.771374 -0.018742 0 0 0 -0.654676 0.75591
1332.400000000 0.615194 -0.366632 0 0 0 -0.835324 0.549757
1333.500000000 0.463545 -0.407318 0 0 0 -0.957563 0.288226
1334.300000000 0.422311 -0.310688 0 0 0 -0.999963 0.00856665
1335.200000000 0.438888 -0.178404 0 0 0 0.94987 0.312645
1336.100000000 0.529934 -0.07944 0 0 0 0.799568 0.600576
1336.900000000 0.626838 -0.0107884 0 0 0 0.614306 0.789068
1338.800000000 1.13435 0.916541 0 0 0 0.454068 0.890967
1339.400000000 1.23713 0.920922 0 0 0 0.20742 0.978252
1340.000000000 1.27591 0.791089 0 0 0 -0.074588 0.997214
1341.100000000 1.7036 0.478518 0 0 0 -0.351551 0.936169
1342.400000000 2.44621 -0.149178 0 0 0 -0.329208 0.944257
1343.700000000 3.26181 -0.687006 0 0 0 -0.265543 0.964099
1345.000000000 4.13308 -1.08318 0 0 0 -0.160079 0.987104
1346.500000000 5.19022 -1.13565 0 0 0 0.0271951 0.99963
1347.800000000 6.15157 -0.98175 0 0 0 0.0888256 0.996047
1351.300000000 7.13241 -0.864215 0 0 0 0.03292 0.999458
1355.300000000 8.11376 -0.865476 0 0 0 -0.0139516 0.999903
1357.500000000 9.11329 -0.928539 0 0 0 -0.0313472 0.999509
1361.600000000 10.0814 -0.96212 0 0 0 -0.00805938 0.999968
1365.400000000 11.0084 -0.961951 0 0 0 -0.00280054 0.999996
1369.400000000 12.0088 -0.96286 0 0 0 -0.00280005 0.999996
1373.800000000 12.9691 -0.971211 0 0 0 -0.00266095 0.999996
1377.700000000 13.9408 -0.978652 0 0 0 -0.00260498 0.999997
1379.200000000 14.9564 -1.09114 0 0 0 -0.107887 0.994163
1380.600000000 15.8056 -1.56139 0 0 0 -0.313609 0.949552
1382.000000000 16.638 -2.19595 0 0 0 -0.290867 0.956764
1383.400000000 17.6085 -2.53058 0 0 0 -0.105814 0.994386
1384.800000000 18.5809 -2.51506 0 0 0 0.0535258 0.998566
1387.200000000 19.6188 -2.32782 0 0 0 0.139735 0.990189
1388.800000000 20.4771 -1.84847 0 0 0 0.264443 0.964401
1390.200000000 21.4652 -1.41809 0 0 0 0.148239 0.988952
1391.900000000 22.4262 -1.33752 0 0 0 0.0116525 0.999932
1393.400000000 23.5362 -1.5446 0 0 0 -0.146329 0.989236
1395.300000000 24.4558 -1.63845 0 0 0 -0.0126802 0.99992
1398.200000000 25.4353 -1.56837 0 0 0 0.0295919 0.999562
1400.900000000 26.4358 -1.61468 0 0 0 -0.0427002 0.999088
1402.500000000 27.2826 -1.9717 0 0 0 -0.332259 0.943188
1403.700000000 27.5533 -2.47775 0 0 0 -0.609907 0.792473
1404.300000000 27.4308 -2.50411 0 0 0 -0.808249 0.588841
1404.900000000 27.3303 -2.46073 0 0 0 -0.941762 0.336281
1405.500000000 27.2534 -2.37438 0 0 0 -0.998508 0.0545993
1406.000000000 27.2717 -2.26932 0 0 0 0.982786 0.184747
1406.700000000 27.3527 -2.15327 0 0 0 0.862849 0.505462
1407.300000000 27.441 -2.12844 0 0 0 0.677113 0.735879
1407.900000000 27.5513 -2.17485 0 0 0 0.433367 0.901218
1408.600000000 27.6026 -2.24615 0 0 0 0.102049 0.994779
1410.400000000 28.6475 -2.00291 0 0 0 0.257336 0.966322
1411.900000000 29.399 -1.24275 0 0 0 0.404389 0.914587
1413.700000000 30.1009 -0.512554 0 0 0 0.390306 0.920685
1421.700000000 30.8524 0.0771694 0 0 0 0.24888 0.968534
1423.300000000 31.8704 0.256518 0 0 0 0.0373933 0.999301
1424.900000000 32.8883 0.163496 0 0 0 -0.0989498 0.995092
1428.700000000 33.7737 0.0145153 0 0 0 -0.0500429 0.998747
1431.900000000 34.7673 0.0426239 0 0 0 0.0699361 0.997551
1433.400000000 35.2578 0.275607 0 0 0 0.37926 0.92529
1433.900000000 35.2579 0.280025 0 0 0 0.600153 0.799885
1434.600000000 35.16 0.261929 0 0 0 0.834533 0.550958
1435.200000000 34.8904 0.37722 0 0 0 0.936369 0.351016
1436.600000000 34.0792 0.672135 0 0 0 0.995779 0.0917838
1437.700000000 33.8602 0.584821 0 0 0 -0.980312 0.197456
1438.500000000 33.9163 0.501501 0 0 0 -0.896592 0.442857
1439.300000000 33.9767 0.473623 0 0 0 -0.727601 0.686001
1439.800000000 34.1547 0.47205 0 0 0 -0.566438 0.824105
1440.500000000 34.1817 0.550362 0 0 0 -0.291249 0.956647
1441.100000000 34.202 0.659689 0 0 0 -0.0359391 0.999354
1441.800000000 34.2014 0.696006 0 0 0 0.269467 0.96301
1442.300000000 34.1819 0.719521 0 0 0 0.475529 0.8797
1443.000000000 34.0776 0.752674 0 0 0 0.717459 0.696601
1444.600000000 33.9078 1.80389 0 0 0 0.761238 0.648473
1446.900000000 34.0201 2.75529 0 0 0 0.544364 0.838849
1448.300000000 34.042 2.75951 0 0 0 0.211066 0.977472
1449.300000000 34.1486 2.60165 0 0 0 -0.0524212 0.998625
1451.200000000 34.7309 2.68664 0 0 0 0.275748 0.96123
1451.900000000 34.5985 2.77451 0 0 0 0.582698 0.812689
1452.600000000 34.5019 2.77724 0 0 0 0.823474 0.567354
1453.200000000 34.3568 2.72094 0 0 0 0.935768 0.352617
1454.500000000 33.628 3.44527 0 0 0 0.919109 0.394003
1455.600000000 33.5277 3.76292 0 0 0 0.761055 0.648688
1456.300000000 33.5879 3.76846 0 0 0 0.550897 0.834573
1457.000000000 33.6434 3.73217 0 0 0 0.307439 0.951568
1458.800000000 34.631 3.94076 0 0 0 0.0265667 0.999647
1459.700000000 34.789 3.8233 0 0 0 -0.231825 0.972757
1460.500000000 34.7112 3.73051 0 0 0 -0.508932 0.860807
1461.200000000 34.626 3.69552 0 0 0 -0.725268 0.688467
1461.900000000 34.553 3.71911 0 0 0 -0.887286 0.461219
1462.700000000 34.4371 3.81946 0 0 0 -0.987342 0.158606
1463.600000000 34.1888 3.91701 0 0 0 0.99609 0.0883477
1464.700000000 33.9204 4.15884 0 0 0 0.934162 0.356849
1465.700000000 33.8183 4.51548 0 0 0 0.799594 0.600542
1466.700000000 33.8975 4.88349 0 0 0 0.607225 0.79453
1468.100000000 34.2061 5.15831 0 0 0 0.382021 0.924154
1469.600000000 34.4801 5.29385 0 0 0 0.0417963 0.999126
1470.300000000 34.4904 5.19111 0 0 0 -0.194464 0.98091
1471.200000000 34.4097 5.08258 0 0 0 -0.480064 0.877234
1471.800000000 34.3286 5.04362 0 0 0 -0.701782 0.712392
1472.400000000 34.2282 5.06537 0 0 0 -0.876474 0.48145
1472.900000000 34.1166 5.11257 0 0 0 -0.96301 0.269466
1473.800000000 33.8455 5.15419 0 0 0 0.9992 0.0399978
1474.500000000 33.6828 5.31815 0 0 0 0.9602 0.279314
1476.400000000 33.1146 6.15565 0 0 0 0.866545 0.499099
1477.900000000 33.1681 6.46432 0 0 0 0.695795 0.718241
1478.900000000 33.1514 6.47176 0 0 0 0.448661 0.893702
1479.700000000 33.1928 6.45482 0 0 0 0.198071 0.980188
1480.400000000 33.2128 6.39273 0 0 0 -0.0331858 0.999449
1481.300000000 33.1994 6.25911 0 0 0 -0.354164 0.935183
1482.000000000 33.1137 6.1973 0 0 0 -0.605177 0.796091
1482.900000000 32.9689 6.19629 0 0 0 -0.851644 0.52412
1483.600000000 32.8822 6.25605 0 0 0 -0.965203 0.261501
1484.200000000 32.8855 6.30486 0 0 0 -0.999843 0.0177151
1485.000000000 32.9049 6.43722 0 0 0 0.952512 0.3045
1486.700000000 32.2483 7.31054 0 0 0 0.882997 0.469378
1488.200000000 31.9871 7.82201 0 0 0 0.698905 0.715214
1489.100000000 32.0032 7.80667 0 0 0 0.42669 0.904398
1489.900000000 32.2334 7.68848 0 0 0 0.119088 0.992884
1490.700000000 32.2456 7.51851 0 0 0 -0.200678 0.979657
1491.500000000 32.3204 7.35245 0 0 0 -0.420696 0.907202
1493.000000000 32.477 6.80126 0 0 0 -0.672789 0.739834
1493.700000000 32.3673 6.80607 0 0 0 -0.85761 0.5143
1494.400000000 32.2724 6.87888 0 0 0 -0.970595 0.240719
1495.100000000 32.2619 6.87007 0 0 0 0.998816 0.0486572
1496.400000000 31.6469 7.28798 0 0 0 0.956263 0.292508
1498.200000000 30.9792 8.02873 0 0 0 0.869826 0.493359
1499.900000000 30.984 8.54735 0 0 0 0.717592 0.696464
1501.300000000 31.0534 8.91184 0 0 0 0.500217 0.8659
1503.200000000 31.0669 9.54207 0 0 0 0.723863 0.689943
1504.200000000 31.0468 9.53876 0 0 0 0.914587 0.404388
1504.900000000 31.041 9.53063 0 0 0 0.990083 0.140486
1506.600000000 29.8906 9.45871 0 0 0 0.999381 0.0351675
1507.900000000 29.4011 9.63559 0 0 0 0.944585 0.328267
1508.600000000 29.3915 9.62931 0 0 0 0.78068 0.624931
1509.200000000 29.5012 9.6947 0 0 0 0.589048 0.808098
1510.200000000 29.8352 9.82531 0 0 0 0.313427 0.949612
1511.200000000 30.1787 9.95063 0 0 0 0.00118748 0.999999
1512.800000000 31.3107 9.95426 0 0 0 0.0325796 0.999469
1513.700000000 31.4692 9.94783 0 0 0 0.30986 0.950782
1514.400000000 31.4647 9.95537 0 0 0 0.593851 0.804575
1514.900000000 31.3662 9.93799 0 0 0 0.762843 0.646584
1515.900000000 31.0326 10.2634 0 0 0 0.908917 0.416977
1517.500000000 30.4109 10.7791 0 0 0 0.991539 0.129809
1518.600000000 30.4026 10.7505 0 0 0 -0.989281 0.146025
1519.600000000 30.4129 10.6997 0 0 0 -0.910324 0.413897
1520.500000000 30.5504 10.6142 0 0 0 -0.767017 0.641627
1521.300000000 30.5965 10.578 0 0 0 -0.566506 0.824058
1521.900000000 30.6321 10.6336 0 0 0 -0.353607 0.935394
1522.700000000 30.6094 10.8451 0 0 0 -0.0465609 0.998915
1523.400000000 30.6322 10.8313 0 0 0 0.198519 0.980097
1524.000000000 30.8331 11.0022 0 0 0 0.371217 0.928546
1525.400000000 30.8314 11.3889 0 0 0 0.680202 0.733024
1527.000000000 30.6191 12.0747 0 0 0 0.849054 0.528305
1529.500000000 30.0094 12.7466 0 0 0 0.96566 0.259809
1530.300000000 30.0126 12.756 0 0 0 -0.999581 0.0289464
1531.000000000 30.0112 12.6791 0 0 0 -0.961855 0.27356
1531.900000000 30.1228 12.4664 0 0 0 -0.819229 0.573467
1532.800000000 30.2596 12.4602 0 0 0 -0.586592 0.809883
1533.500000000 30.3059 12.5165 0 0 0 -0.356544 0.934279
1534.000000000 30.3165 12.6511 0 0 0 -0.177737 0.984078
1535.100000000 30.3135 12.6526 0 0 0 0.2378 0.971314
1536.900000000 31.1554 13.3326 0 0 0 0.416689 0.909049
1537.800000000 31.2106 13.3377 0 0 0 0.654627 0.755952
1538.600000000 31.1623 13.3332 0 0 0 0.836167 0.548475
1539.600000000 30.7727 13.5251 0 0 0 0.941176 0.337916
1541.200000000 30.1225 13.8921 0 0 0 0.99776 0.0668968
