0.300000000 0.2 0 0 0 0 0 1
9.300000000 0.992972 -0.113022 0 0 0 -0.29552 0.955337
10.000000000 0.899697 -0.187043 0 0 0 -0.605675 0.795712
10.500000000 0.781246 -0.183773 0 0 0 -0.783327 0.62161
11.200000000 0.668849 -0.124512 0 0 0 -0.949179 0.314738
11.800000000 0.629169 -0.0133955 0 0 0 -0.999796 0.0201778
12.400000000 0.66074 0.116754 0 0 0 0.961274 0.275594
13.100000000 0.759758 0.183344 0 0 0 0.808143 0.588986
13.700000000 0.8796 0.186518 0 0 0 0.597985 0.801508
14.300000000 0.990467 0.12558 0 0 0 0.334988 0.942223
15.000000000 1.02531 -0.00382149 0 0 0 -0.00840728 0.999965
15.600000000 0.988459 -0.116154 0 0 0 -0.303541 0.952818
18.700000000 1.19691 -0.111918 0 0 0 -0.0103858 0.999946
19.400000000 1.16468 0.00224178 0 0 0 0.333703 0.942678
19.900000000 1.07511 0.08629 0 0 0 0.549851 0.835263
20.700000000 0.95848 0.201497 0 0 0 0.794454 0.607324
21.900000000 0.516937 0.711867 0 0 0 0.929803 0.368057
23.200000000 -0.230537 1.33664 0 0 0 0.935415 0.353553
24.500000000 -0.899739 2.03427 0 0 0 0.909439 0.415838
25.900000000 -1.50647 2.89316 0 0 0 0.876374 0.481631
27.200000000 -1.95194 3.75361 0 0 0 0.844927 0.534881
28.600000000 -2.33705 4.7407 0 0 0 0.824907 0.565269
29.800000000 -2.66951 5.5663 0 0 0 0.834699 0.550706
31.200000000 -2.89969 6.56763 0 0 0 0.751184 0.660093
31.900000000 -2.85542 6.54837 0 0 0 0.497676 0.867363
32.500000000 -2.78203 6.50912 0 0 0 0.225313 0.974287
33.100000000 -2.74447 6.38516 0 0 0 -0.0680531 0.997682
33.700000000 -2.79489 6.27493 0 0 0 -0.35552 0.934669
34.300000000 -2.82965 6.19576 0 0 0 -0.610811 0.791776
34.800000000 -2.92686 6.19062 0 0 0 -0.785545 0.618805
36.000000000 -3.3229 5.76503 0 0 0 -0.936292 0.351224
36.700000000 -3.4187 5.84778 0 0 0 -0.999245 0.0388427
37.200000000 -3.40103 5.9437 0 0 0 0.978523 0.20614
37.900000000 -3.33233 6.07788 0 0 0 0.854284 0.519807
38.600000000 -3.19903 6.22538 0 0 0 0.669164 0.743115
39.800000000 -2.88652 6.70469 0 0 0 0.422099 0.90655
41.100000000 -2.27096 7.46086 0 0 0 0.487943 0.872876
42.400000000 -1.97702 8.37251 0 0 0 0.623701 0.781663
43.600000000 -1.98451 9.26025 0 0 0 0.735784 0.677216
44.900000000 -2.12023 10.2191 0 0 0 0.759371 0.650658
46.300000000 -2.19154 11.2032 0 0 0 0.726477 0.68719
48.500000000 -2.20616 12.2254 0 0 0 0.70979 0.704413
52.000000000 -2.21753 13.1538 0 0 0 0.707622 0.706591
55.800000000 -2.21876 14.136 0 0 0 0.707658 0.706555
59.700000000 -2.2202 15.1447 0 0 0 0.707693 0.70652
62.200000000 -2.22179 16.1303 0 0 0 0.725173 0.688567
63.500000000 -2.45434 17.0886 0 0 0 0.803985 0.594649
64.800000000 -2.76397 17.9959 0 0 0 0.819201 0.573507
66.000000000 -2.98297 18.866 0 0 0 0.751731 0.65947
66.800000000 -2.88177 19.0185 0 0 0 0.504173 0.863602
67.400000000 -2.80385 18.9147 0 0 0 0.23067 0.973032
67.900000000 -2.77049 18.8365 0 0 0 -0.0136257 0.999907
68.600000000 -2.767 18.8494 0 0 0 -0.348549 0.93729
69.200000000 -2.8585 18.7726 0 0 0 -0.606566 0.795033
69.800000000 -2.99507 18.7663 0 0 0 -0.811721 0.584046
71.000000000 -3.44333 18.2927 0 0 0 -0.936087 0.351769
72.400000000 -4.26587 17.8248 0 0 0 -0.984588 0.174889
73.100000000 -4.29513 17.8192 0 0 0 0.986092 0.166202
73.800000000 -4.24351 17.9287 0 0 0 0.871321 0.490713
74.400000000 -4.17221 18.0307 0 0 0 0.713494 0.700662
75.100000000 -4.0254 18.1782 0 0 0 0.513726 0.857954
76.600000000 -3.27905 18.8813 0 0 0 0.345055 0.938582
77.800000000 -2.64135 19.4978 0 0 0 0.400998 0.916079
79.300000000 -2.09418 20.4319 0 0 0 0.574093 0.81879
80.600000000 -2.01119 21.3706 0 0 0 0.705917 0.708294
82.000000000 -2.14458 22.4073 0 0 0 0.760704 0.649099
83.500000000 -2.23644 23.4427 0 0 0 0.72672 0.686933
85.800000000 -2.24648 24.4264 0 0 0 0.701536 0.712634
89.800000000 -2.21065 25.3926 0 0 0 0.699088 0.715036
93.500000000 -2.20204 26.3623 0 0 0 0.704788 0.709418
97.000000000 -2.19644 27.317 0 0 0 0.704787 0.709419
99.300000000 -2.20825 28.2912 0 0 0 0.726534 0.68713
100.700000000 -2.41476 29.3453 0 0 0 0.816873 0.576817
101.900000000 -2.73952 30.1904 0 0 0 0.80622 0.591616
102.900000000 -2.72601 30.5008 0 0 0 0.586084 0.81025
103.500000000 -2.63202 30.4458 0 0 0 0.324857 0.945763
104.100000000 -2.5794 30.313 0 0 0 0.0354986 0.99937
104.700000000 -2.56471 30.3299 0 0 0 -0.255602 0.966782
105.400000000 -2.66223 30.2321 0 0 0 -0.566873 0.823805
106.000000000 -2.78727 30.2141 0 0 0 -0.782128 0.623118
106.600000000 -2.88708 30.2576 0 0 0 -0.929775 0.368127
107.200000000 -2.94703 30.3577 0 0 0 -0.99667 0.0815409
107.800000000 -2.9376 30.4255 0 0 0 0.977247 0.212106
108.400000000 -2.8736 30.4835 0 0 0 0.873182 0.487394
109.100000000 -2.79886 30.6579 0 0 0 0.716886 0.697191
110.700000000 -2.31898 31.6293 0 0 0 0.52682 0.849977
112.100000000 -1.98836 32.5553 0 0 0 0.614393 0.789
113.500000000 -2.03927 33.5536 0 0 0 0.732678 0.680575
114.900000000 -2.17543 34.5993 0 0 0 0.767235 0.641367
116.300000000 -2.28183 35.4948 0 0 0 0.721974 0.69192
118.900000000 -2.26524 36.4378 0 0 0 0.69384 0.720129
123.000000000 -2.2255 37.4316 0 0 0 0.691879 0.722014
127.300000000 -2.20567 38.4067 0 0 0 0.702366 0.711816
128.900000000 -2.20702 39.4678 0 0 0 0.710948 0.703245
130.300000000 -2.40122 40.5065 0 0 0 0.756688 0.653776
131.800000000 -2.7855 41.4104 0 0 0 0.886276 0.463157
133.100000000 -3.45534 42.1223 0 0 0 0.923835 0.38279
134.300000000 -4.1028 42.7522 0 0 0 0.926325 0.376727
136.000000000 -4.58882 43.4403 0 0 0 0.766906 0.641759
136.600000000 -4.51828 43.576 0 0 0 0.592291 0.805724
137.900000000 -3.9062 44.0693 0 0 0 0.35267 0.935748
139.200000000 -3.28119 44.7405 0 0 0 0.367384 0.930069
140.500000000 -2.47921 45.3946 0 0 0 0.346474 0.938059
142.000000000 -1.78991 46.0747 0 0 0 0.494981 0.868904
143.100000000 -1.80264 46.6725 0 0 0 0.690222 0.723598
144.600000000 -2.03079 47.7023 0 0 0 0.795638 0.605772
145.800000000 -2.19433 48.5849 0 0 0 0.755268 0.655416
147.200000000 -2.17602 49.628 0 0 0 0.683458 0.729989
148.500000000 -2.11038 50.5972 0 0 0 0.691862 0.72203
149.800000000 -2.09731 51.5798 0 0 0 0.708831 0.705378
151.200000000 -2.10957 52.6031 0 0 0 0.748033 0.663661
152.600000000 -2.451 53.5549 0 0 0 0.847827 0.530273
153.800000000 -2.85296 53.9635 0 0 0 0.966053 0.258345
154.600000000 -3.03313 53.9025 0 0 0 -0.998514 0.0544901
155.300000000 -3.09485 53.756 0 0 0 -0.940212 0.340591
156.000000000 -2.99495 53.6817 0 0 0 -0.76604 0.642793
156.500000000 -2.8956 53.6964 0 0 0 -0.583719 0.811956
157.200000000 -2.79814 53.7651 0 0 0 -0.269336 0.963046
157.800000000 -2.77856 53.8697 0 0 0 0.0272867 0.999628
158.700000000 -2.43762 54.1116 0 0 0 0.288881 0.957365
160.100000000 -1.78218 54.8538 0 0 0 0.416773 0.909011
161.400000000 -1.1211 55.5625 0 0 0 0.389979 0.920824
162.700000000 -0.427408 56.2574 0 0 0 0.382567 0.923928
164.100000000 0.312331 56.9967 0 0 0 0.382567 0.923928
165.400000000 1.03402 57.6484 0 0 0 0.32502 0.945707
166.800000000 1.96923 58.1167 0 0 0 0.176138 0.984365
168.300000000 2.98845 58.2769 0 0 0 0.0302874 0.999541
170.600000000 3.97596 58.2253 0 0 0 -0.03606 0.99935
173.600000000 4.90126 58.1938 0 0 0 0.0408773 0.999164
174.800000000 5.49796 58.5296 0 0 0 0.297253 0.954799
175.800000000 5.62675 58.8465 0 0 0 0.584 0.811753
176.500000000 5.52921 58.951 0 0 0 0.796593 0.604516
177.200000000 5.40846 58.9657 0 0 0 0.94076 0.339073
177.800000000 5.35126 58.858 0 0 0 0.998962 0.0455585
178.500000000 5.37592 58.7225 0 0 0 -0.953835 0.300331
179.000000000 5.48936 58.6602 0 0 0 -0.850204 0.526453
179.700000000 5.60592 58.655 0 0 0 -0.618142 0.786067
180.600000000 5.85793 58.4592 0 0 0 -0.361575 0.932343
182.100000000 6.79701 58.0969 0 0 0 -0.127665 0.991817
183.500000000 7.76208 57.8944 0 0 0 -0.0921313 0.995747
185.000000000 8.63073 57.391 0 0 0 -0.304845 0.952402
186.300000000 9.44736 56.8732 0 0 0 -0.254768 0.967002
187.700000000 10.3767 56.6143 0 0 0 -0.084623 0.996413
189.200000000 11.3396 56.6626 0 0 0 0.0658889 0.997827
190.600000000 12.084 57.1151 0 0 0 0.327635 0.944805
191.900000000 12.7901 57.7645 0 0 0 0.348808 0.937194
193.200000000 13.6299 58.1983 0 0 0 0.176607 0.984281
194.800000000 14.6625 58.2972 0 0 0 -0.00984285 0.999952
196.900000000 15.5921 58.1103 0 0 0 -0.0963747 0.995345
200.300000000 16.5413 58.0282 0 0 0 -0.023697 0.999719
202.000000000 17.4221 58.2447 0 0 0 0.296895 0.95491
202.600000000 17.4101 58.352 0 0 0 0.536635 0.843815
203.200000000 17.3262 58.4418 0 0 0 0.738978 0.673729
203.800000000 17.2215 58.378 0 0 0 0.905067 0.425268
204.400000000 17.1569 58.2791 0 0 0 0.990319 0.138808
205.100000000 17.1594 58.1609 0 0 0 -0.977747 0.209786
205.700000000 17.2176 58.0722 0 0 0 -0.872081 0.489361
206.300000000 17.2262 58.0725 0 0 0 -0.705931 0.708281
206.900000000 17.4528 57.8564 0 0 0 -0.528257 0.849085
208.400000000 18.1525 57.1814 0 0 0 -0.374303 0.927306
209.800000000 18.8527 56.5101 0 0 0 -0.345983 0.938241
213.000000000 19.5389 55.8616 0 0 0 -0.37125 0.928533
217.100000000 20.2362 55.1886 0 0 0 -0.380034 0.924972
221.400000000 20.9195 54.4891 0 0 0 -0.381973 0.924174
225.100000000 21.5009 53.8229 0 0 0 -0.463251 0.886227
226.500000000 21.9065 52.9372 0 0 0 -0.582474 0.81285
229.000000000 22.0581 51.8848 0 0 0 -0.688948 0.724811
233.300000000 21.9873 51.0453 0 0 0 -0.724656 0.689111
234.500000000 22.2105 50.5102 0 0 0 -0.50935 0.86056
235.900000000 22.888 49.7832 0 0 0 -0.368104 0.929785
237.500000000 23.5724 49.0847 0 0 0 -0.436085 0.899905
238.700000000 23.9462 48.0968 0 0 0 -0.561231 0.827659
240.100000000 24.056 47.5691 0 0 0 -0.767236 0.641364
241.200000000 23.6874 47.1389 0 0 0 -0.903001 0.429638
242.400000000 22.9502 46.3454 0 0 0 -0.935573 0.353132
243.800000000 22.1944 45.6238 0 0 0 -0.922965 0.384885
245.100000000 21.5139 44.9265 0 0 0 -0.922965 0.384885
246.400000000 20.8235 44.2291 0 0 0 -0.922965 0.384885
247.700000000 20.143 43.5418 0 0 0 -0.922965 0.384885
249.000000000 19.4979 42.8122 0 0 0 -0.900112 0.435658
250.400000000 19.034 41.889 0 0 0 -0.815375 0.578933
251.800000000 18.8952 40.9454 0 0 0 -0.744824 0.667261
253.200000000 18.7814 39.9011 0 0 0 -0.744136 0.668028
254.600000000 18.6195 38.8543 0 0 0 -0.795256 0.606273
256.700000000 18.1262 38.0782 0 0 0 -0.89591 0.444235
261.000000000 17.4554 37.337 0 0 0 -0.917972 0.396646
265.400000000 16.7674 36.6522 0 0 0 -0.922597 0.385765
269.900000000 16.0934 35.9612 0 0 0 -0.922925 0.384979
274.400000000 15.4078 35.2686 0 0 0 -0.922925 0.384979
276.200000000 15.1528 34.8706 0 0 0 -0.753445 0.657511
276.700000000 15.1393 34.8355 0 0 0 -0.589603 0.807693
278.300000000 15.9162 34.0841 0 0 0 -0.345995 0.938236
279.500000000 16.7139 33.6353 0 0 0 -0.217009 0.97617
281.100000000 17.7486 33.4284 0 0 0 -0.0463344 0.998926
283.700000000 18.6223 33.0841 0 0 0 -0.272828 0.962063
287.900000000 19.4229 32.6225 0 0 0 -0.183344 0.983049
288.800000000 19.6207 32.8039 0 0 0 0.0961905 0.995363
290.200000000 20.5001 33.2627 0 0 0 0.216163 0.976357
291.600000000 21.6129 33.4273 0 0 0 0.127277 0.991867
294.000000000 22.5797 33.4975 0 0 0 0.0306169 0.999531
298.800000000 23.5629 33.5659 0 0 0 0.0339272 0.999424
303.700000000 24.5305 33.6083 0 0 0 0.0140027 0.999902
308.600000000 25.5031 33.6202 0 0 0 0.00385625 0.999993
313.400000000 26.4446 33.6237 0 0 0 0.00185332 0.999998
317.900000000 27.4519 33.5421 0 0 0 -0.117493 0.993074
319.300000000 28.159 33.0028 0 0 0 -0.356521 0.934287
321.100000000 28.8606 32.3445 0 0 0 -0.392045 0.919946
325.300000000 29.4667 31.69 0 0 0 -0.38562 0.922658
329.500000000 30.1311 31.0265 0 0 0 -0.38562 0.922658
333.400000000 30.8179 30.3305 0 0 0 -0.38562 0.922658
337.700000000 31.5206 29.6184 0 0 0 -0.38562 0.922658
342.400000000 32.2137 28.9161 0 0 0 -0.38562 0.922658
347.000000000 32.8953 28.2252 0 0 0 -0.38562 0.922658
351.600000000 33.6023 27.4485 0 0 0 -0.427287 0.904116
353.000000000 34.1342 26.6232 0 0 0 -0.534883 0.844926
354.200000000 34.4659 25.7113 0 0 0 -0.567644 0.823274
355.600000000 34.6551 24.7576 0 0 0 -0.621213 0.783642
357.200000000 34.8972 23.7814 0 0 0 -0.677851 0.735199
360.200000000 34.8056 22.7331 0 0 0 -0.799216 0.601044
361.700000000 34.1876 21.956 0 0 0 -0.922268 0.38655
363.100000000 33.3349 21.4051 0 0 0 -0.973726 0.227723
364.600000000 32.4102 21.2102 0 0 0 -0.998086 0.0618396
367.900000000 31.4211 21.1753 0 0 0 -0.999998 0.00214768
372.800000000 30.4679 21.1885 0 0 0 0.999964 0.00851583
377.700000000 29.4993 21.2273 0 0 0 0.999605 0.02811
382.500000000 28.5468 21.2805 0 0 0 0.999569 0.0293485
387.300000000 27.6056 21.3067 0 0 0 0.999959 0.00908548
392.300000000 26.6154 21.3147 0 0 0 0.999998 0.0022259
397.200000000 25.6487 21.3192 0 0 0 0.999998 0.0022259
401.500000000 24.6946 21.3144 0 0 0 -0.999517 0.0310713
402.700000000 24.0857 21.011 0 0 0 -0.957817 0.287379
404.100000000 23.3463 20.2964 0 0 0 -0.923786 0.38291
405.600000000 22.7173 19.665 0 0 0 -0.922148 0.386837
408.800000000 22.027 18.9649 0 0 0 -0.923173 0.384385
412.100000000 21.3311 18.2635 0 0 0 -0.923173 0.384385
415.000000000 20.6524 17.5794 0 0 0 -0.923173 0.384385
418.800000000 19.9661 16.8878 0 0 0 -0.923173 0.384385
422.500000000 19.2873 16.1863 0 0 0 -0.915791 0.401655
425.800000000 18.7063 15.4613 0 0 0 -0.896353 0.443342
427.700000000 18.0953 14.663 0 0 0 -0.897998 0.439999
429.200000000 17.432 13.8578 0 0 0 -0.911047 0.412302
431.900000000 16.7313 13.1409 0 0 0 -0.9225 0.385997
436.000000000 16.0361 12.4409 0 0 0 -0.923186 0.384354
439.500000000 15.3723 11.7719 0 0 0 -0.923186 0.384354
443.400000000 14.6968 11.0919 0 0 0 -0.923212 0.384292
446.200000000 14.0202 10.4108 0 0 0 -0.92323 0.384247
447.500000000 13.3285 9.71476 0 0 0 -0.923242 0.384219
448.800000000 12.6469 9.02874 0 0 0 -0.923248 0.384204
450.100000000 11.9551 8.33276 0 0 0 -0.923248 0.384204
451.500000000 11.2135 7.58673 0 0 0 -0.923243 0.384217
452.800000000 10.5319 6.90062 0 0 0 -0.923232 0.384243
454.100000000 9.84029 6.20435 0 0 0 -0.923217 0.38428
455.400000000 9.15742 5.5095 0 0 0 -0.918435 0.395571
456.100000000 9.13737 5.29906 0 0 0 -0.791377 0.611328
456.900000000 9.26781 5.10018 0 0 0 -0.578167 0.815919
458.500000000 9.95196 4.32053 0 0 0 -0.389843 0.920882
459.900000000 10.5744 3.47721 0 0 0 -0.50788 0.861428
461.300000000 10.746 2.55431 0 0 0 -0.686679 0.726961
462.500000000 10.4813 1.99323 0 0 0 -0.867203 0.497955
463.800000000 9.85383 1.31703 0 0 0 -0.926035 0.377437
465.200000000 9.10565 0.581138 0 0 0 -0.925172 0.379548
466.400000000 8.46466 -0.054919 0 0 0 -0.923115 0.384523
473.800000000 7.72305 -0.705369 0 0 0 -0.964459 0.264232
474.700000000 7.39226 -0.685483 0 0 0 0.999737 0.022946
476.300000000 6.43668 -0.235707 0 0 0 0.974518 0.224309
477.600000000 5.51032 0.0654032 0 0 0 0.994153 0.10798
479.000000000 4.45883 0.0909015 0 0 0 -0.999754 0.0221579
480.400000000 3.41873 0.0235944 0 0 0 -0.999569 0.0293573
481.700000000 2.4344 -0.0207551 0 0 0 0.999925 0.0122876
483.100000000 1.38063 0.0212109 0 0 0 0.999919 0.0127026
484.400000000 0.406654 0.0142795 0 0 0 -0.999863 0.0165724
486.000000000 -0.561431 0.010857 0 0 0 -0.999988 0.00481457
487.200000000 -0.886273 0.137328 0 0 0 0.942895 0.333091
487.800000000 -0.794039 0.198588 0 0 0 0.805109 0.593127
488.400000000 -0.661528 0.208955 0 0 0 0.597649 0.801758
489.100000000 -0.485088 0.23578 0 0 0 0.343874 0.939016
489.900000000 -0.226961 0.239194 0 0 0 0.0717997 0.997419
491.300000000 0.488907 -0.048576 0 0 0 -0.194467 0.980909
492.600000000 1.39007 -0.490667 0 0 0 -0.255613 0.966779
493.600000000 1.53837 -0.431097 0 0 0 0.0155052 0.99988
494.500000000 1.45024 -0.321075 0 0 0 0.330692 0.943739
495.200000000 1.42631 -0.296772 0 0 0 0.557342 0.830283
496.000000000 1.2857 -0.285901 0 0 0 0.768242 0.64016
497.100000000 1.02629 -0.0677987 0 0 0 0.920302 0.391209
498.700000000 0.402733 0.192685 0 0 0 0.991223 0.132199
499.700000000 0.362908 0.118039 0 0 0 -0.987728 0.156185
500.600000000 0.424885 -0.0041655 0 0 0 -0.907438 0.420185
501.800000000 0.454848 -0.220592 0 0 0 -0.755546 0.655095
503.000000000 0.591892 -0.33028 0 0 0 -0.515728 0.856752
503.800000000 0.625676 -0.263334 0 0 0 -0.260847 0.96538
504.700000000 0.673282 -0.106925 0 0 0 0.055105 0.998481
505.800000000 0.947601 0.10286 0 0 0 0.307718 0.951478
507.100000000 1.0954 0.395946 0 0 0 0.55102 0.834492
508.100000000 0.97933 0.409263 0 0 0 0.756963 0.653457
508.900000000 0.8688 0.370645 0 0 0 0.929027 0.370012
509.500000000 0.81444 0.248334 0 0 0 0.99683 0.0795596
510.100000000 0.830786 0.132149 0 0 0 -0.975821 0.218573
510.800000000 0.930223 0.0432472 0 0 0 -0.841383 0.540439
511.300000000 1.00399 -0.0422957 0 0 0 -0.706131 0.708082
512.100000000 1.2064 -0.194633 0 0 0 -0.4714 0.88192
513.500000000 1.91263 -0.833915 0 0 0 -0.335794 0.941935
514.800000000 2.70779 -1.42458 0 0 0 -0.312333 0.949973
516.100000000 3.50971 -1.97123 0 0 0 -0.277864 0.96062
517.400000000 4.40748 -2.34632 0 0 0 -0.144418 0.989517
519.000000000 5.46374 -2.45173 0 0 0 -0.012749 0.999919
521.700000000 6.46598 -2.3953 0 0 0 0.0335057 0.999439
525.800000000 7.40693 -2.33696 0 0 0 0.033702 0.999432
529.900000000 8.40596 -2.29419 0 0 0 0.012704 0.999919
533.600000000 9.36041 -2.28342 0 0 0 0.00336953 0.999994
537.700000000 10.3314 -2.27764 0 0 0 0.00296371 0.999996
542.200000000 11.3046 -2.27163 0 0 0 0.0029637 0.999996
546.300000000 12.2674 -2.26569 0 0 0 0.0029637 0.999996
550.600000000 13.2006 -2.25968 0 0 0 0.0029637 0.999996
555.100000000 14.1733 -2.24374 0 0 0 0.0029637 0.999996
558.100000000 15.1303 -2.2515 0 0 0 -0.0172004 0.999852
561.800000000 16.1319 -2.26843 0 0 0 -0.00558766 0.999984
565.600000000 17.1374 -2.272 0 0 0 -0.00149322 0.999999
569.000000000 18.1552 -2.16676 0 0 0 0.0685651 0.997647
570.300000000 18.8489 -1.67962 0 0 0 0.317611 0.948221
571.600000000 19.4483 -1.10519 0 0 0 0.397604 0.917557
573.500000000 20.093 -0.435751 0 0 0 0.390947 0.920413
576.800000000 20.7927 0.269916 0 0 0 0.383874 0.923385
581.300000000 21.4169 0.987125 0 0 0 0.424262 0.905539
585.300000000 22.0715 1.68939 0 0 0 0.397335 0.917674
588.800000000 22.7262 2.36507 0 0 0 0.38746 0.921886
592.900000000 23.4219 3.07965 0 0 0 0.385649 0.922645
596.700000000 24.0892 3.755 0 0 0 0.392043 0.919947
601.300000000 24.7674 4.48172 0 0 0 0.394053 0.919088
605.700000000 25.4239 5.17024 0 0 0 0.391126 0.920337
610.100000000 26.134 5.87062 0 0 0 0.384005 0.923331
614.200000000 26.8008 6.54922 0 0 0 0.383353 0.923602
618.700000000 27.4875 7.22798 0 0 0 0.383353 0.923602
622.800000000 28.2396 7.89084 0 0 0 0.2886 0.95745
623.400000000 28.2178 7.92974 0 0 0 0.00721986 0.999974
623.900000000 28.306 7.70302 0 0 0 -0.209869 0.97773
625.300000000 29.0147 7.06394 0 0 0 -0.388468 0.921462
626.700000000 29.7346 6.29753 0 0 0 -0.393829 0.919184
627.900000000 30.3645 5.65964 0 0 0 -0.375817 0.926694
629.300000000 31.1241 4.93191 0 0 0 -0.378866 0.925452
630.500000000 31.7625 4.29252 0 0 0 -0.384294 0.923211
631.900000000 32.4994 3.55022 0 0 0 -0.384294 0.923211
633.300000000 33.2408 2.80381 0 0 0 -0.384295 0.92321
634.600000000 33.9222 2.10737 0 0 0 -0.384294 0.923211
635.400000000 33.9623 1.89989 0 0 0 -0.637004 0.770861
636.100000000 33.8643 1.90951 0 0 0 -0.859012 0.511956
636.600000000 33.7688 1.95662 0 0 0 -0.956663 0.291197
637.600000000 33.3279 2.01542 0 0 0 -0.999996 0.00265452
639.000000000 32.3003 2.07885 0 0 0 0.997791 0.0664255
640.300000000 31.3409 2.19981 0 0 0 0.999641 0.0267836
641.300000000 31.1288 2.07933 0 0 0 -0.94575 0.324894
641.800000000 31.2055 2.01095 0 0 0 -0.836308 0.548259
642.500000000 31.2571 1.84481 0 0 0 -0.657693 0.753286
643.600000000 31.6053 1.37956 0 0 0 -0.434872 0.900492
645.100000000 32.4169 0.64856 0 0 0 -0.35493 0.934893
646.400000000 33.1112 -0.033136 0 0 0 -0.390644 0.920542
647.700000000 33.7981 -0.736188 0 0 0 -0.384224 0.92324
648.900000000 34.4348 -1.36915 0 0 0 -0.373203 0.92775
650.300000000 35.2424 -2.03521 0 0 0 -0.299688 0.954037
651.600000000 36.1316 -2.42795 0 0 0 -0.151479 0.98846
653.200000000 37.1247 -2.5087 0 0 0 -0.0159556 0.999873
655.700000000 38.0951 -2.48337 0 0 0 0.0352063 0.99938
656.900000000 38.9961 -2.38949 0 0 0 0.0341786 0.999416
658.300000000 40.0474 -2.31946 0 0 0 0.0341749 0.999416
659.600000000 41.0185 -2.29586 0 0 0 0.00146544 0.999999
661.000000000 42.0614 -2.33453 0 0 0 -0.0286392 0.99959
662.200000000 42.9654 -2.36162 0 0 0 -0.00403535 0.999992
663.600000000 44.0192 -2.35295 0 0 0 0.00357853 0.999994
665.100000000 44.6337 -2.48969 0 0 0 -0.334875 0.942263
665.700000000 44.5435 -2.55932 0 0 0 -0.594933 0.803775
666.400000000 44.4392 -2.73231 0 0 0 -0.783886 0.620905
667.600000000 43.9913 -3.20965 0 0 0 -0.92459 0.380964
668.800000000 43.3119 -3.7867 0 0 0 -0.936976 0.349394
670.100000000 42.6155 -4.46788 0 0 0 -0.91963 0.392786
671.000000000 42.482 -4.76477 0 0 0 -0.784327 0.620347
671.700000000 42.62 -4.74681 0 0 0 -0.523532 0.852006
672.300000000 42.694 -4.6667 0 0 0 -0.248956 0.968515
673.000000000 42.8282 -4.57419 0 0 0 0.0675216 0.997718
674.100000000 43.2912 -4.21059 0 0 0 0.311754 0.950163
675.500000000 44.032 -3.46934 0 0 0 0.393565 0.919297
676.700000000 44.6559 -2.81653 0 0 0 0.379913 0.925022
678.100000000 45.5129 -2.30422 0 0 0 0.196255 0.980553
679.500000000 46.5253 -2.16723 0 0 0 0.00867054 0.999962
680.900000000 47.5594 -2.2976 0 0 0 -0.0834606 0.996511
682.200000000 48.5275 -2.40243 0 0 0 -0.0361204 0.999347
683.400000000 49.4307 -2.41494 0 0 0 0.0151716 0.999885
684.700000000 50.4008 -2.32953 0 0 0 0.0461112 0.998936
686.100000000 51.4525 -2.29745 0 0 0 0.00339385 0.999994
687.500000000 52.5049 -2.30251 0 0 0 -0.00726147 0.999974
689.000000000 53.5089 -2.18147 0 0 0 0.119349 0.992852
690.300000000 54.134 -1.67825 0 0 0 0.360103 0.932913
691.600000000 54.7793 -0.959739 0 0 0 0.404801 0.914405
692.900000000 55.4625 -0.265782 0 0 0 0.381919 0.924196
694.200000000 56.1453 0.460212 0 0 0 0.3952 0.918595
695.500000000 56.7212 1.17848 0 0 0 0.464925 0.88535
696.800000000 57.195 2.01511 0 0 0 0.523311 0.852142
698.200000000 57.5761 3.00527 0 0 0 0.577235 0.816578
699.500000000 57.8692 3.94824 0 0 0 0.637704 0.770281
701.300000000 58.0902 4.78952 0 0 0 0.407396 0.913252
702.000000000 58.2012 4.7089 0 0 0 0.099328 0.995055
702.800000000 58.3177 4.55369 0 0 0 -0.23262 0.972568
703.500000000 58.3232 4.40348 0 0 0 -0.502488 0.864584
704.200000000 58.2014 4.35899 0 0 0 -0.765858 0.64301
704.800000000 58.0866 4.40828 0 0 0 -0.919744 0.392518
705.400000000 58.0242 4.50488 0 0 0 -0.994188 0.107654
706.000000000 58.0359 4.63139 0 0 0 0.982461 0.186466
706.600000000 58.0727 4.69878 0 0 0 0.885626 0.464399
707.200000000 58.1646 4.77308 0 0 0 0.712088 0.70209
707.800000000 58.2942 4.73907 0 0 0 0.476869 0.878974
708.400000000 58.4258 4.7233 0 0 0 0.236149 0.971717
709.000000000 58.5225 4.63383 0 0 0 -0.0267455 0.999642
709.600000000 58.5264 4.52479 0 0 0 -0.298013 0.954562
710.100000000 58.463 4.45426 0 0 0 -0.521965 0.852967
710.700000000 58.3418 4.42323 0 0 0 -0.747735 0.663997
711.400000000 58.2243 4.48062 0 0 0 -0.928202 0.372076
712.100000000 58.112 4.57173 0 0 0 -0.997543 0.0700604
712.900000000 57.9039 4.7137 0 0 0 0.975236 0.221165
714.500000000 57.1429 5.46657 0 0 0 0.914792 0.403926
715.800000000 56.5026 6.18911 0 0 0 0.909317 0.416104
718.100000000 55.8064 6.91472 0 0 0 0.920607 0.39049
722.400000000 55.1125 7.61867 0 0 0 0.923012 0.38477
726.600000000 54.4567 8.28092 0 0 0 0.923012 0.38477
731.100000000 53.7573 8.98685 0 0 0 0.923012 0.38477
735.500000000 53.0741 9.67655 0 0 0 0.923012 0.38477
739.700000000 52.4157 10.3413 0 0 0 0.923012 0.38477
744.200000000 51.7311 11.0323 0 0 0 0.923012 0.38477
748.700000000 51.0456 11.7123 0 0 0 0.927272 0.374388
753.500000000 50.3257 12.3654 0 0 0 0.935023 0.354587
757.600000000 49.5219 12.9268 0 0 0 0.95596 0.293498
762.500000000 48.7849 13.5524 0 0 0 0.934804 0.355165
767.300000000 48.0907 14.2232 0 0 0 0.926906 0.375293
772.100000000 47.4064 14.9044 0 0 0 0.918406 0.395639
773.900000000 46.7955 15.7065 0 0 0 0.873779 0.486323
775.100000000 46.4543 16.5376 0 0 0 0.805727 0.592286
776.400000000 46.5241 17.1488 0 0 0 0.585523 0.810656
777.900000000 47.1739 17.8711 0 0 0 0.354231 0.935158
779.300000000 48.0921 18.3719 0 0 0 0.181672 0.983359
780.600000000 49.0513 18.56 0 0 0 0.0535014 0.998568
782.000000000 49.9433 18.4871 0 0 0 -0.156841 0.987624
782.700000000 49.8641 18.3758 0 0 0 -0.480935 0.876756
783.300000000 49.7543 18.3349 0 0 0 -0.715569 0.698542
784.000000000 49.6603 18.3725 0 0 0 -0.910053 0.414491
784.600000000 49.5601 18.4665 0 0 0 -0.991066 0.13337
785.300000000 49.4097 18.5857 0 0 0 0.991608 0.129284
786.400000000 48.8992 19.0059 0 0 0 0.935527 0.353255
793.900000000 48.2683 19.8069 0 0 0 0.904873 0.425681
795.200000000 47.6155 20.4717 0 0 0 0.927313 0.374287
796.500000000 46.8716 21.1756 0 0 0 0.925566 0.378586
797.800000000 46.1673 21.8703 0 0 0 0.921413 0.388584
799.200000000 45.4433 22.6141 0 0 0 0.925641 0.378402
800.500000000 44.75 23.2986 0 0 0 0.924685 0.380732
801.800000000 44.0879 24.0242 0 0 0 0.928121 0.37228
803.000000000 43.2811 24.4862 0 0 0 0.968397 0.249414
804.800000000 42.3355 24.7705 0 0 0 0.995515 0.0946084
808.800000000 41.3381 24.8052 0 0 0 1 0.000362259
813.700000000 40.4225 24.7106 0 0 0 -0.997168 0.0752087
816.500000000 39.4442 24.6722 0 0 0 0.999669 0.0257282
818.800000000 38.489 24.9912 0 0 0 0.970488 0.241148
823.200000000 37.7099 25.5887 0 0 0 0.93897 0.344
827.700000000 37.0048 26.2483 0 0 0 0.928448 0.371463
832.100000000 36.3115 26.9201 0 0 0 0.925059 0.379824
836.800000000 35.6268 27.606 0 0 0 0.925059 0.379824
841.400000000 34.9125 28.2712 0 0 0 0.93402 0.357221
843.000000000 34.0491 28.8547 0 0 0 0.967575 0.252582
844.800000000 33.1164 29.1415 0 0 0 0.997018 0.0771648
846.500000000 32.109 28.9074 0 0 0 -0.98977 0.142675
848.400000000 31.4084 28.4403 0 0 0 -0.90091 0.434007
848.900000000 31.415 28.4376 0 0 0 -0.767082 0.641549
849.600000000 31.4291 28.4406 0 0 0 -0.504638 0.863331
850.400000000 31.6995 28.305 0 0 0 -0.259499 0.965743
851.300000000 32.2365 28.3971 0 0 0 0.000279582 1
853.000000000 33.2152 28.6992 0 0 0 0.146021 0.989281
854.400000000 33.5313 28.9648 0 0 0 0.435726 0.900079
855.100000000 33.5415 28.9674 0 0 0 0.683889 0.729586
855.800000000 33.5546 28.9686 0 0 0 0.872668 0.488314
856.400000000 33.5592 28.9753 0 0 0 0.977698 0.210017
857.000000000 33.5538 28.9635 0 0 0 -0.996962 0.077885
857.600000000 33.5646 28.9321 0 0 0 -0.93777 0.347257
859.000000000 32.9093 28.1697 0 0 0 -0.909521 0.415658
860.400000000 32.6629 27.7223 0 0 0 -0.76242 0.647083
861.200000000 32.6889 27.7337 0 0 0 -0.530253 0.84784
862.000000000 32.8747 27.7064 0 0 0 -0.30791 0.951415
863.400000000 33.4299 27.5971 0 0 0 -0.0373856 0.999301
865.700000000 34.3599 27.4958 0 0 0 -0.202215 0.979341
866.300000000 34.3087 27.3971 0 0 0 -0.428144 0.903711
867.100000000 34.1904 27.3249 0 0 0 -0.690681 0.723159
867.800000000 34.1617 27.3225 0 0 0 -0.846585 0.532253
869.300000000 33.879 26.3602 0 0 0 -0.761383 0.648302
870.500000000 33.9756 25.9523 0 0 0 -0.54835 0.836249
871.400000000 34.1628 25.8886 0 0 0 -0.303189 0.95293
873.000000000 35.0696 25.5604 0 0 0 -0.182285 0.983246
874.400000000 35.5476 25.5089 0 0 0 0.131097 0.99137
875.100000000 35.5541 25.5001 0 0 0 0.43924 0.89837
875.700000000 35.4555 25.5408 0 0 0 0.664201 0.747554
876.200000000 35.4529 25.5412 0 0 0 0.824348 0.566084
876.800000000 35.4421 25.5309 0 0 0 0.952702 0.303905
877.500000000 35.4352 25.5222 0 0 0 -0.999395 0.0347775
879.100000000 34.445 25.0361 0 0 0 -0.981804 0.189898
880.600000000 33.861 24.7993 0 0 0 -0.876026 0.482264
881.300000000 33.8637 24.7884 0 0 0 -0.72266 0.691204
882.200000000 34.0238 24.6311 0 0 0 -0.471247 0.882001
883.100000000 34.3169 24.5177 0 0 0 -0.215638 0.976473
884.100000000 34.646 24.61 0 0 0 0.0376715 0.99929
885.900000000 35.2628 24.9402 0 0 0 0.31464 0.949211
886.700000000 35.2382 24.9538 0 0 0 0.61286 0.790192
887.400000000 35.2036 24.9412 0 0 0 0.820703 0.571356
888.100000000 35.1805 24.9248 0 0 0 0.965535 0.260273
888.800000000 35.2064 24.9498 0 0 0 -0.999217 0.039561
889.500000000 35.2101 24.94 0 0 0 -0.900653 0.43454
890.700000000 35.0595 24.2255 0 0 0 -0.787914 0.615786
892.200000000 34.8742 23.1472 0 0 0 -0.743866 0.668329
893.800000000 34.4933 22.041 0 0 0 -0.799684 0.600421
894.800000000 34.5298 22.0295 0 0 0 -0.606667 0.794956
895.700000000 34.541 22.0436 0 0 0 -0.346565 0.938026
896.400000000 34.5566 22.0623 0 0 0 -0.0646167 0.99791
897.000000000 34.568 22.0757 0 0 0 0.189037 0.98197
897.700000000 34.5541 22.0834 0 0 0 0.445732 0.895166
899.100000000 35.0077 23.1396 0 0 0 0.550299 0.834967
900.600000000 35.0576 24.0016 0 0 0 0.783251 0.621706
901.200000000 35.0556 23.9919 0 0 0 0.933254 0.359217
901.800000000 35.0558 23.9847 0 0 0 0.997957 0.0638943
902.500000000 35.0555 23.9547 0 0 0 -0.974761 0.223252
903.300000000 35.1278 23.7316 0 0 0 -0.861283 0.508126
904.800000000 34.8605 22.7221 0 0 0 -0.815923 0.578161
906.800000000 34.3512 22.0463 0 0 0 -0.943645 0.330961
909.100000000 33.413 21.7152 0 0 0 -0.981862 0.189597
910.400000000 33.0166 21.3608 0 0 0 -0.87493 0.48425
911.000000000 33.1463 21.3403 0 0 0 -0.700895 0.713265
911.500000000 33.2748 21.4247 0 0 0 -0.51595 0.856619
912.200000000 33.278 21.4317 0 0 0 -0.241262 0.97046
912.800000000 33.3092 21.4241 0 0 0 -0.0423182 0.999104
913.500000000 33.3166 21.4057 0 0 0 0.23362 0.972328
915.000000000 34.1872 22.0322 0 0 0 0.305168 0.952299
916.700000000 34.8276 22.5068 0 0 0 0.614068 0.789253
917.200000000 34.8624 22.5218 0 0 0 0.786187 0.617989
917.900000000 34.823 22.5034 0 0 0 0.94764 0.31934
918.600000000 34.8276 22.5124 0 0 0 0.999443 0.0333571
919.200000000 34.8228 22.5184 0 0 0 -0.975911 0.218169
921.000000000 34.1752 21.6761 0 0 0 -0.918563 0.395275
922.800000000 33.4134 21.3668 0 0 0 -0.994329 0.106348
923.700000000 33.4133 21.3779 0 0 0 0.985145 0.171727
926.200000000 32.4126 21.7446 0 0 0 0.997227 0.074424
927.100000000 32.4106 21.732 0 0 0 -0.973522 0.228594
928.000000000 32.4202 21.5051 0 0 0 -0.89365 0.448764
930.000000000 32.2537 20.5867 0 0 0 -0.723957 0.689845
930.800000000 32.3008 20.6172 0 0 0 -0.49917 0.866504
931.700000000 32.2983 20.5987 0 0 0 -0.194649 0.980873
932.400000000 32.3017 20.6013 0 0 0 0.0675405 0.997717
933.100000000 32.3005 20.6183 0 0 0 0.331439 0.943477
933.800000000 32.2852 20.6203 0 0 0 0.561211 0.827673
934.800000000 32.1017 21.2187 0 0 0 0.723231 0.690606
936.100000000 31.8296 21.7734 0 0 0 0.905256 0.424866
936.800000000 31.83 21.7882 0 0 0 0.991395 0.130903
937.600000000 31.8346 21.7794 0 0 0 -0.976796 0.214173
938.600000000 31.6774 21.2356 0 0 0 -0.901211 0.433381
940.000000000 31.2267 20.2869 0 0 0 -0.795161 0.606398
940.700000000 31.2102 20.2798 0 0 0 -0.598244 0.801314
941.400000000 31.2863 20.3228 0 0 0 -0.341082 0.940034
941.900000000 31.2899 20.3366 0 0 0 -0.124572 0.992211
942.600000000 31.2923 20.3492 0 0 0 0.186011 0.982548
943.200000000 31.219 20.3739 0 0 0 0.439038 0.898469
944.000000000 31.2501 20.3901 0 0 0 0.666188 0.745784
945.500000000 31.015 21.423 0 0 0 0.844823 0.535045
946.500000000 30.8788 21.4381 0 0 0 0.962188 0.272387
947.400000000 30.6796 21.3812 0 0 0 1 0.000748756
949.000000000 29.7178 21.1413 0 0 0 -0.994666 0.103148
951.400000000 28.9836 21.1965 0 0 0 0.982741 0.184987
952.800000000 28.7922 21.4457 0 0 0 0.909156 0.416457
954.200000000 28.7626 21.7512 0 0 0 0.755169 0.65553
955.000000000 28.7607 21.7458 0 0 0 0.551049 0.834473
955.900000000 28.748 21.7658 0 0 0 0.243807 0.969824
956.500000000 28.7403 21.7824 0 0 0 -0.00366583 0.999993
957.200000000 28.7443 21.7974 0 0 0 -0.301229 0.953552
957.900000000 28.7259 21.762 0 0 0 -0.553142 0.833087
958.700000000 28.7952 21.4302 0 0 0 -0.752829 0.658216
959.600000000 28.6379 21.2541 0 0 0 -0.913469 0.406909
960.800000000 28.0491 21.0505 0 0 0 -0.987141 0.15985
962.300000000 27.4974 21.1902 0 0 0 0.992055 0.125804
963.500000000 27.2233 21.4627 0 0 0 0.927965 0.372666
966.000000000 26.6502 21.7438 0 0 0 0.997227 0.0744232
966.800000000 26.661 21.704 0 0 0 -0.977463 0.211106
967.700000000 26.6434 21.7204 0 0 0 -0.858834 0.512253
968.300000000 26.6549 21.702 0 0 0 -0.680788 0.73248
968.900000000 26.665 21.7151 0 0 0 -0.432346 0.901708
969.600000000 26.6712 21.723 0 0 0 -0.120619 0.992699
970.300000000 26.7034 21.7478 0 0 0 0.141178 0.989984
971.600000000 27.2871 22.2608 0 0 0 0.380046 0.924968
972.800000000 28.005 22.9969 0 0 0 0.385174 0.922844
974.700000000 28.7015 23.761 0 0 0 0.385174 0.922844
978.600000000 29.3565 24.4238 0 0 0 0.385174 0.922844
983.400000000 30.0665 25.1416 0 0 0 0.385174 0.922844
987.400000000 30.7416 25.8244 0 0 0 0.385174 0.922844
991.600000000 31.4054 26.486 0 0 0 0.385174 0.922844
995.800000000 32.0955 27.1938 0 0 0 0.385174 0.922844
999.700000000 32.7581 27.8642 0 0 0 0.385174 0.922844
1004.300000000 33.4444 28.5482 0 0 0 0.385174 0.922844
1008.300000000 34.1084 29.2298 0 0 0 0.385174 0.922844
1013.000000000 34.8024 29.9215 0 0 0 0.385174 0.922844
1017.400000000 35.4676 30.6043 0 0 0 0.385174 0.922844
1022.100000000 36.1527 31.2871 0 0 0 0.385174 0.922844
1026.500000000 36.8387 31.9811 0 0 0 0.385174 0.922844
1031.200000000 37.5348 32.6879 0 0 0 0.376702 0.926334
1033.700000000 38.3548 33.3419 0 0 0 0.303967 0.952682
1035.100000000 39.269 33.7636 0 0 0 0.14486 0.989452
1036.400000000 40.2481 33.8553 0 0 0 0.00781401 0.999969
1037.800000000 41.2951 33.6578 0 0 0 -0.0790788 0.996868
1039.100000000 42.3619 33.4432 0 0 0 -0.0242287 0.999706
1040.400000000 43.3441 33.5468 0 0 0 0.0466344 0.998912
1041.600000000 44.197 33.776 0 0 0 0.047818 0.998856
1043.000000000 45.1799 33.7142 0 0 0 -0.0318626 0.999492
1044.300000000 46.1703 33.693 0 0 0 -0.0254703 0.999676
1045.500000000 47.0533 33.6652 0 0 0 0.0289117 0.999582
1046.900000000 48.1061 33.7035 0 0 0 0.00539183 0.999985
1048.200000000 49.0898 33.7291 0 0 0 -0.00655479 0.999979
1049.500000000 50.0732 33.664 0 0 0 -0.0261228 0.999659
1050.800000000 51.0347 33.6671 0 0 0 0.000327865 1
1052.100000000 52.0069 33.7126 0 0 0 0.0335853 0.999436
1053.500000000 53.059 33.7066 0 0 0 -0.0219209 0.99976
1054.900000000 54.1096 33.6652 0 0 0 -0.0393653 0.999225
1056.200000000 55.0831 33.6087 0 0 0 -0.00225947 0.999997
1057.500000000 56.0568 33.6291 0 0 0 0.00779488 0.99997
1059.100000000 56.9456 33.3339 0 0 0 -0.269887 0.962892
1060.400000000 57.5985 32.6905 0 0 0 -0.405281 0.914192
1061.800000000 58.2199 31.8493 0 0 0 -0.499075 0.866559
1063.000000000 58.4732 30.961 0 0 0 -0.624303 0.781182
1064.900000000 58.5004 29.9516 0 0 0 -0.71463 0.699502
1068.600000000 58.432 28.9951 0 0 0 -0.737319 0.675545
1071.400000000 58.4028 27.9681 0 0 0 -0.657453 0.753495
1072.900000000 58.8524 27.1126 0 0 0 -0.434544 0.900651
1073.500000000 58.9709 27.1397 0 0 0 -0.183989 0.982928
1074.200000000 59.0203 27.2629 0 0 0 0.132316 0.991208
1074.800000000 59.0064 27.3852 0 0 0 0.403489 0.914985
1075.500000000 58.9014 27.4696 0 0 0 0.678548 0.734556
1076.100000000 58.8207 27.4714 0 0 0 0.856924 0.515442
1076.900000000 58.505 27.634 0 0 0 0.953202 0.302336
1078.200000000 57.6696 28.1687 0 0 0 0.952126 0.305707
1079.500000000 56.9612 28.8331 0 0 0 0.925433 0.378911
1081.600000000 56.2863 29.5159 0 0 0 0.921935 0.387345
1086.100000000 55.6072 30.2119 0 0 0 0.92311 0.384536
1091.000000000 54.9125 30.9125 0 0 0 0.923113 0.384529
1095.200000000 54.2327 31.598 0 0 0 0.923116 0.384523
1099.600000000 53.5678 32.2785 0 0 0 0.923118 0.384517
1103.900000000 52.8819 32.9602 0 0 0 0.92312 0.384512
1108.400000000 52.2157 33.652 0 0 0 0.923122 0.384507
1112.900000000 51.5309 34.3324 0 0 0 0.923124 0.384503
1117.300000000 50.8548 35.0142 0 0 0 0.923125 0.384499
1121.700000000 50.1937 35.6809 0 0 0 0.923127 0.384494
1126.400000000 49.5064 36.3738 0 0 0 0.92313 0.384489
1130.900000000 48.8166 37.0691 0 0 0 0.923132 0.384484
1135.400000000 48.1605 37.7308 0 0 0 0.923134 0.384479
1140.100000000 47.4742 38.427 0 0 0 0.92039 0.391002
1142.400000000 46.8634 39.2202 0 0 0 0.877647 0.479307
1143.700000000 46.5084 40.1283 0 0 0 0.795431 0.606044
1145.100000000 46.531 41.2091 0 0 0 0.705355 0.708854
1146.300000000 46.4904 42.0717 0 0 0 0.684493 0.729019
1147.600000000 46.5157 43.0468 0 0 0 0.702789 0.711399
1148.500000000 46.6805 43.236 0 0 0 0.436735 0.89959
1149.500000000 47.1638 43.3295 0 0 0 0.153222 0.988192
1150.900000000 48.0634 43.3772 0 0 0 0.000520909 1
1152.200000000 49.0456 43.3287 0 0 0 -0.0283954 0.999597
1153.500000000 50.0225 43.2562 0 0 0 -0.0523899 0.998627
1154.800000000 50.9883 43.1396 0 0 0 -0.0675871 0.997713
1156.100000000 51.9312 42.9512 0 0 0 -0.139305 0.99025
1157.500000000 52.8031 42.4382 0 0 0 -0.326101 0.945335
1158.300000000 52.842 42.2823 0 0 0 -0.622039 0.782986
1158.900000000 52.7244 42.2802 0 0 0 -0.823002 0.568038
1159.500000000 52.6239 42.3495 0 0 0 -0.952275 0.30524
1160.200000000 52.578 42.4556 0 0 0 0.999422 0.0339984
1160.800000000 52.6104 42.5772 0 0 0 0.94625 0.323436
1161.400000000 52.7184 42.6186 0 0 0 0.811928 0.583758
1162.100000000 52.8251 42.7931 0 0 0 0.63062 0.776092
1163.300000000 53.1866 43.2497 0 0 0 0.363832 0.931464
1164.800000000 54.0009 43.7979 0 0 0 0.305812 0.952092
1166.200000000 54.7521 44.5068 0 0 0 0.3819 0.924203
1167.500000000 55.4689 45.1936 0 0 0 0.386497 0.922291
1168.700000000 56.1007 45.8333 0 0 0 0.377331 0.926078
1170.100000000 56.8534 46.5659 0 0 0 0.382776 0.923841
1171.400000000 57.4738 47.319 0 0 0 0.459385 0.888237
1172.700000000 57.847 48.1834 0 0 0 0.599187 0.800609
1174.100000000 57.9152 49.2211 0 0 0 0.721854 0.692045
1175.300000000 57.7261 50.1219 0 0 0 0.789055 0.614323
1176.700000000 57.5493 51.1444 0 0 0 0.744017 0.66816
1178.100000000 57.5992 52.1954 0 0 0 0.678032 0.735032
1179.400000000 57.6788 53.1459 0 0 0 0.649061 0.760736
1180.700000000 57.8322 54.1078 0 0 0 0.655714 0.755009
1182.300000000 57.8341 54.8887 0 0 0 0.853275 0.521462
1183.000000000 57.7483 54.7949 0 0 0 0.980457 0.196732
1183.600000000 57.7383 54.6883 0 0 0 -0.994805 0.101796
1184.200000000 57.796 54.5947 0 0 0 -0.9203 0.391213
1184.700000000 57.8828 54.5509 0 0 0 -0.795317 0.606194
1185.500000000 57.9837 54.3528 0 0 0 -0.579759 0.814788
1186.500000000 58.3409 54.0297 0 0 0 -0.346827 0.937929
1187.700000000 58.8474 53.9018 0 0 0 -0.0211546 0.999776
1189.200000000 59.9019 54.107 0 0 0 0.127944 0.991781
1190.600000000 60.5383 54.4689 0 0 0 0.428119 0.903722
1191.200000000 60.4293 54.5129 0 0 0 0.676074 0.736833
1191.800000000 60.3065 54.5349 0 0 0 0.850087 0.526642
1193.200000000 59.6636 55.2264 0 0 0 0.929981 0.367606
1194.600000000 58.904 55.9524 0 0 0 0.92715 0.374689
1195.900000000 58.203 56.6356 0 0 0 0.922865 0.385123
1197.200000000 57.5226 57.3332 0 0 0 0.922868 0.385117
1198.600000000 56.7364 57.9739 0 0 0 0.962823 0.270131
1200.000000000 55.8062 58.2459 0 0 0 0.997233 0.074344
1201.900000000 54.8474 58.2087 0 0 0 -0.999388 0.0349796
1206.000000000 53.8744 58.1292 0 0 0 -0.998932 0.0462048
1210.700000000 52.9254 58.0549 0 0 0 -0.999544 0.0301834
1215.200000000 51.9017 58.0273 0 0 0 -0.999958 0.0092067
1217.400000000 50.9793 57.7449 0 0 0 -0.965126 0.261787
1219.200000000 50.2523 57.0214 0 0 0 -0.9205 0.390743
1221.200000000 49.5397 56.0802 0 0 0 -0.875585 0.483065
1222.800000000 49.2609 55.3579 0 0 0 -0.674568 0.738213
1223.400000000 49.3748 55.3966 0 0 0 -0.426845 0.904325
1224.100000000 49.4392 55.5157 0 0 0 -0.0902729 0.995917
1224.700000000 49.4308 55.6348 0 0 0 0.207451 0.978245
1225.400000000 49.3408 55.7242 0 0 0 0.530819 0.847485
1225.900000000 49.2434 55.7765 0 0 0 0.715031 0.699093
1226.800000000 49.0513 56.0685 0 0 0 0.881838 0.471553
1227.800000000 48.6509 56.2346 0 0 0 0.979893 0.199525
1229.100000000 47.873 56.7715 0 0 0 0.942723 0.333576
1230.300000000 47.244 57.3846 0 0 0 0.933249 0.359229
1231.600000000 46.4328 57.9295 0 0 0 0.969983 0.243174
1233.000000000 45.4264 58.1992 0 0 0 0.996763 0.0803984
1234.700000000 44.5148 58.187 0 0 0 -0.999849 0.017378
1238.100000000 43.5154 58.1364 0 0 0 -0.999487 0.032027
1242.600000000 42.5583 58.0757 0 0 0 -0.999581 0.0289409
1247.200000000 41.5841 58.0519 0 0 0 -0.999973 0.0073933
1251.800000000 40.6233 58.0452 0 0 0 -0.999996 0.00289004
1253.900000000 39.6549 58.0393 0 0 0 -0.999996 0.00289004
1257.200000000 38.6198 58.033 0 0 0 -0.999996 0.00290889
1259.200000000 37.6496 58.3347 0 0 0 0.967724 0.252011
1260.600000000 36.9562 59.0238 0 0 0 0.916283 0.400531
1261.900000000 36.2621 59.7163 0 0 0 0.921737 0.387815
1263.200000000 35.5701 60.4021 0 0 0 0.930834 0.365441
1264.400000000 35.0691 60.6836 0 0 0 0.995258 0.0972726
1265.100000000 34.9326 60.5351 0 0 0 -0.984598 0.174835
1266.700000000 34.223 59.8168 0 0 0 -0.906685 0.421808
1268.100000000 33.5149 59.0387 0 0 0 -0.919968 0.391994
1269.400000000 32.8146 58.3613 0 0 0 -0.931049 0.364894
1277.200000000 32.1158 57.6719 0 0 0 -0.925563 0.378595
1278.500000000 31.4269 56.9905 0 0 0 -0.923525 0.383538
1279.900000000 30.6839 56.245 0 0 0 -0.923548 0.383483
1281.200000000 29.9971 55.5387 0 0 0 -0.893672 0.448721
1282.500000000 29.4634 54.8191 0 0 0 -0.936695 0.350147
1284.100000000 28.4889 54.4743 0 0 0 -0.996867 0.0790996
1285.700000000 27.5512 54.5708 0 0 0 0.997248 0.0741348
1286.900000000 26.6739 54.4907 0 0 0 -0.992494 0.122292
1289.100000000 25.7754 53.9006 0 0 0 -0.938377 0.345614
1293.100000000 25.0844 53.2339 0 0 0 -0.92671 0.375777
1297.700000000 24.3916 52.5414 0 0 0 -0.924395 0.381436
1302.000000000 23.7126 51.8798 0 0 0 -0.930301 0.366797
1303.700000000 22.886 51.2571 0 0 0 -0.957792 0.287463
1305.200000000 21.8722 50.8115 0 0 0 -0.991817 0.127671
1306.600000000 21.2339 50.8797 0 0 0 0.978956 0.204072
1307.100000000 21.2396 50.9384 0 0 0 0.910971 0.412471
1307.800000000 21.3408 51.0006 0 0 0 0.737001 0.675891
1308.400000000 21.461 50.9845 0 0 0 0.510838 0.859677
1309.100000000 21.5603 50.8903 0 0 0 0.193325 0.981135
1309.800000000 21.5405 50.7946 0 0 0 -0.148357 0.988934
1311.400000000 22.3874 50.1047 0 0 0 -0.306559 0.951852
1313.200000000 22.8349 50.0405 0 0 0 0.00124995 0.999999
1314.100000000 22.8778 50.1193 0 0 0 0.249699 0.968323
1315.000000000 22.7632 50.1872 0 0 0 0.534483 0.845179
1315.700000000 22.6734 50.2062 0 0 0 0.728637 0.6849
1316.300000000 22.5702 50.167 0 0 0 0.8854 0.46483
1317.000000000 22.5988 50.0718 0 0 0 0.985939 0.167107
1317.600000000 22.5835 50.0897 0 0 0 -0.993997 0.109403
1318.300000000 22.6573 49.9827 0 0 0 -0.910563 0.413371
1319.000000000 22.6527 49.9853 0 0 0 -0.740355 0.672216
1319.700000000 22.7895 49.9759 0 0 0 -0.503478 0.864008
1321.300000000 23.4473 49.2458 0 0 0 -0.377419 0.926042
1323.500000000 24.1118 48.5037 0 0 0 -0.470403 0.882452
1324.800000000 24.1152 48.2333 0 0 0 -0.701425 0.712743
1325.800000000 24.1129 48.2348 0 0 0 -0.887329 0.461136
1327.700000000 23.2771 47.747 0 0 0 -0.954247 0.29902
1328.600000000 23.296 47.6056 0 0 0 -0.806681 0.590987
1329.400000000 23.3323 47.6111 0 0 0 -0.563763 0.825937
1330.200000000 23.482 47.618 0 0 0 -0.295214 0.955431
1331.600000000 24.2616 47.4597 0 0 0 -0.0286795 0.999589
1332.400000000 24.3523 47.5547 0 0 0 0.243752 0.969837
1333.200000000 24.2628 47.504 0 0 0 0.540128 0.841583
1333.900000000 24.1535 47.5182 0 0 0 0.754362 0.656459
1334.500000000 24.1312 47.5592 0 0 0 0.908537 0.417805
1335.100000000 24.1341 47.4664 0 0 0 0.991343 0.131298
1335.700000000 24.1411 47.4636 0 0 0 -0.987271 0.159044
1337.200000000 23.2147 46.6323 0 0 0 -0.934469 0.356045
1338.700000000 22.5531 45.9576 0 0 0 -0.912225 0.409689
1340.600000000 21.9354 45.4432 0 0 0 -0.994514 0.104601
1341.100000000 21.9556 45.6367 0 0 0 0.991471 0.130327
1341.800000000 21.9692 45.6646 0 0 0 0.890583 0.45482
1342.400000000 22.0516 45.7211 0 0 0 0.719479 0.694514
1343.100000000 22.1835 45.7008 0 0 0 0.442846 0.896598
1343.700000000 22.2609 45.6007 0 0 0 0.174155 0.984718
1345.100000000 23.1838 45.9735 0 0 0 0.25253 0.967589
1346.400000000 23.6353 46.4978 0 0 0 0.55325 0.833015
1347.100000000 23.4959 46.5102 0 0 0 0.793088 0.609106
1347.700000000 23.4418 46.4543 0 0 0 0.931551 0.36361
1348.300000000 23.2542 46.3572 0 0 0 0.989137 0.146996
1349.300000000 22.9446 46.3395 0 0 0 -0.985579 0.169219
1350.500000000 22.5493 45.9536 0 0 0 -0.918562 0.395277
1351.900000000 21.947 45.1215 0 0 0 -0.892478 0.451092
1352.900000000 21.9576 45.0107 0 0 0 -0.733924 0.679232
1353.800000000 21.9839 45.0113 0 0 0 -0.500643 0.865654
1354.700000000 21.9933 45.0159 0 0 0 -0.196835 0.980437
1355.400000000 22.0163 45.1324 0 0 0 0.0600294 0.998197
1356.400000000 22.243 45.3561 0 0 0 0.327026 0.945015
1357.700000000 22.4775 45.8057 0 0 0 0.56178 0.827287
1358.400000000 22.3688 45.837 0 0 0 0.77796 0.628314
1358.900000000 22.3596 45.778 0 0 0 0.896454 0.443136
1359.700000000 22.3319 45.675 0 0 0 0.994463 0.105084
1360.700000000 21.9334 45.452 0 0 0 -0.983999 0.178172
1361.700000000 21.7033 45.1532 0 0 0 -0.904019 0.427493
1363.400000000 21.3079 44.2929 0 0 0 -0.851942 0.523635
1365.100000000 20.9966 43.9424 0 0 0 -0.964696 0.263365
1365.900000000 20.9877 44.0331 0 0 0 0.999594 0.0284804
1366.800000000 20.993 44.1677 0 0 0 0.936108 0.351712
1367.700000000 21.0054 44.2965 0 0 0 0.77484 0.632158
1369.500000000 21.0432 45.2764 0 0 0 0.658816 0.752304
1370.700000000 21.3007 45.7172 0 0 0 0.393268 0.919424
1371.300000000 21.3164 45.6407 0 0 0 0.106871 0.994273
1371.900000000 21.3164 45.5735 0 0 0 -0.188889 0.981998
1372.500000000 21.2609 45.5266 0 0 0 -0.46501 0.885305
1373.100000000 21.1326 45.4812 0 0 0 -0.702827 0.71136
1373.800000000 21.1585 45.4707 0 0 0 -0.886129 0.463438
1375.200000000 20.4712 44.5468 0 0 0 -0.844473 0.535598
1376.500000000 20.4538 43.9842 0 0 0 -0.652129 0.758108
1377.200000000 20.4569 43.9818 0 0 0 -0.457092 0.88942
1380.400000000 21.0269 43.328 0 0 0 -0.726981 0.686658
1380.900000000 20.9989 43.3326 0 0 0 -0.860768 0.508997
1381.800000000 20.9471 43.3397 0 0 0 -0.991293 0.131676
1382.800000000 20.48 43.5689 0 0 0 0.995534 0.0943993
1384.200000000 19.8133 43.9286 0 0 0 0.910872 0.41269
1384.800000000 19.8154 43.9369 0 0 0 0.774302 0.632816
1385.600000000 20.0732 43.9594 0 0 0 0.524293 0.851538
1386.200000000 20.0793 43.8593 0 0 0 0.269468 0.963009
1386.800000000 20.0975 43.879 0 0 0 -0.0225193 0.999746
1387.400000000 20.0875 43.8056 0 0 0 -0.312555 0.9499
1388.100000000 20.113 43.8163 0 0 0 -0.596922 0.802299
1389.100000000 20.0256 43.3655 0 0 0 -0.794423 0.607364
1390.000000000 19.7047 43.1076 0 0 0 -0.912154 0.409848
1391.500000000 18.9429 42.4327 0 0 0 -0.939903 0.341442
1392.800000000 18.6038 42.2867 0 0 0 -0.998326 0.0578398
1393.700000000 18.6423 42.4459 0 0 0 0.96824 0.250023
1394.500000000 18.6495 42.5241 0 0 0 0.853535 0.521036
1395.200000000 18.7027 42.5644 0 0 0 0.691833 0.722058
1396.100000000 18.7255 42.5028 0 0 0 0.426735 0.904377
1397.200000000 19.2257 42.6349 0 0 0 0.162627 0.986688
1398.200000000 19.2592 42.4781 0 0 0 -0.167916 0.985801
1398.800000000 19.2564 42.4769 0 0 0 -0.402866 0.915259
1399.500000000 19.2433 42.4674 0 0 0 -0.652736 0.757585
1400.700000000 19.0016 41.9765 0 0 0 -0.844396 0.535719
1403.700000000 18.6296 41.138 0 0 0 -0.648663 0.761075
1406.500000000 19.1277 40.1747 0 0 0 -0.556563 0.830805
1408.500000000 19.1383 39.6753 0 0 0 -0.746152 0.665776
1409.400000000 19.1321 39.6714 0 0 0 -0.9045 0.426473
1410.300000000 18.9566 39.6615 0 0 0 -0.986114 0.166068
1412.000000000 18.477 39.269 0 0 0 -0.894082 0.447902
