0.300000000 0.2 0 0 0 0 0 1
5.700000000 1.25408 -0.000543215 0 0 0 -9.64151e-05 1
6.900000000 2.14868 0.00306079 0 0 0 0.0289274 0.999582
8.500000000 3.06546 0.376034 0 0 0 0.229905 0.973213
9.000000000 3.0942 0.283117 0 0 0 -0.0177573 0.999842
9.700000000 3.04114 0.137026 0 0 0 -0.359079 0.933307
10.400000000 2.92803 0.132828 0 0 0 -0.657755 0.753232
10.900000000 2.81952 0.141337 0 0 0 -0.823469 0.567361
11.600000000 2.72522 0.155676 0 0 0 -0.968315 0.249732
12.200000000 2.70019 0.291756 0 0 0 0.998854 0.0478606
12.800000000 2.73512 0.411064 0 0 0 0.94 0.341175
13.400000000 2.83335 0.474872 0 0 0 0.797157 0.603773
14.000000000 2.94999 0.462643 0 0 0 0.581919 0.813246
14.700000000 3.0587 0.37281 0 0 0 0.268927 0.963161
15.200000000 3.09646 0.278419 0 0 0 0.0230478 0.999734
19.200000000 3.69098 0.519493 0 0 0 0.329958 0.943996
20.200000000 3.86735 0.95375 0 0 0 0.571022 0.820935
21.600000000 3.81383 1.84389 0 0 0 0.750745 0.660592
22.900000000 3.71316 2.81918 0 0 0 0.738861 0.673857
24.200000000 3.67098 3.77965 0 0 0 0.712807 0.70136
25.500000000 3.683 4.74871 0 0 0 0.700227 0.713921
26.900000000 3.7201 5.79584 0 0 0 0.694474 0.719518
28.100000000 3.74903 6.69379 0 0 0 0.689766 0.724032
29.500000000 3.81989 7.76423 0 0 0 0.676912 0.736064
31.000000000 4.14116 8.68298 0 0 0 0.566224 0.824251
32.400000000 4.68594 9.51434 0 0 0 0.407878 0.913036
33.700000000 5.46789 10.1682 0 0 0 0.355046 0.934849
35.000000000 6.25143 10.7399 0 0 0 0.271776 0.96236
36.500000000 7.14314 10.9859 0 0 0 0.00561979 0.999984
37.800000000 7.80653 10.6764 0 0 0 -0.256969 0.96642
39.000000000 8.59888 10.2751 0 0 0 -0.19417 0.980968
40.500000000 9.64532 10.1513 0 0 0 0.0191494 0.999817
42.000000000 10.5171 10.5454 0 0 0 0.28345 0.958987
43.300000000 11.3275 11.0943 0 0 0 0.26942 0.963023
44.700000000 12.3249 11.4524 0 0 0 0.108875 0.994055
46.000000000 13.2258 11.4327 0 0 0 -0.0141091 0.9999
47.400000000 13.939 11.2972 0 0 0 -0.307419 0.951574
48.100000000 13.851 11.2099 0 0 0 -0.610532 0.791992
48.700000000 13.7134 11.205 0 0 0 -0.814647 0.579957
49.300000000 13.6334 11.2774 0 0 0 -0.948161 0.317791
49.900000000 13.493 11.313 0 0 0 -0.998415 0.0562806
50.600000000 13.4062 11.4727 0 0 0 0.97665 0.214835
51.500000000 13.1841 11.7722 0 0 0 0.883033 0.46931
53.200000000 12.441 12.4935 0 0 0 0.963044 0.269345
54.800000000 11.4215 12.6722 0 0 0 0.999671 0.0256306
56.400000000 10.4076 12.7249 0 0 0 0.999396 0.0347612
57.900000000 9.4886 13.0711 0 0 0 0.953042 0.302838
59.400000000 8.89714 13.8847 0 0 0 0.853539 0.521029
60.700000000 8.67828 14.8409 0 0 0 0.757655 0.652655
62.100000000 8.67396 15.8823 0 0 0 0.667176 0.7449
63.400000000 8.90575 16.8691 0 0 0 0.587661 0.809108
64.800000000 9.32843 17.8249 0 0 0 0.524671 0.851305
66.200000000 9.95256 18.6506 0 0 0 0.434115 0.900857
67.400000000 10.5396 19.3592 0 0 0 0.377875 0.925857
68.800000000 11.2934 20.0723 0 0 0 0.375336 0.926889
70.200000000 12.0403 20.8021 0 0 0 0.380355 0.924841
71.500000000 12.5196 21.109 0 0 0 0.0938973 0.995582
72.300000000 12.6777 20.9396 0 0 0 -0.225149 0.974324
73.400000000 13.0664 20.4852 0 0 0 -0.454874 0.890556
74.800000000 13.4602 19.5247 0 0 0 -0.606448 0.795123
76.100000000 13.5408 18.5568 0 0 0 -0.71435 0.699789
77.500000000 13.3437 17.9043 0 0 0 -0.904907 0.425609
78.000000000 13.2716 18.0066 0 0 0 -0.981396 0.191996
78.700000000 13.2554 18.1395 0 0 0 0.98856 0.150827
79.400000000 13.3147 18.2512 0 0 0 0.87883 0.477136
79.900000000 13.394 18.3154 0 0 0 0.746785 0.665066
80.600000000 13.5089 18.3783 0 0 0 0.5124 0.858747
82.000000000 14.1848 19.0109 0 0 0 0.366165 0.93055
83.400000000 14.831 19.8216 0 0 0 0.457697 0.889108
84.700000000 15.3122 20.6788 0 0 0 0.539624 0.841906
86.000000000 15.5964 21.6081 0 0 0 0.608804 0.793321
87.400000000 15.7599 22.6445 0 0 0 0.664968 0.746872
88.700000000 15.7894 23.6161 0 0 0 0.718119 0.695921
90.200000000 16.0182 24.6382 0 0 0 0.549777 0.835311
91.600000000 16.7213 25.4072 0 0 0 0.386992 0.922083
92.800000000 17.3699 25.9911 0 0 0 0.302374 0.953189
94.100000000 18.2184 26.4608 0 0 0 0.227266 0.973833
95.400000000 19.1245 26.8061 0 0 0 0.168557 0.985692
96.700000000 20.0186 27.192 0 0 0 0.234555 0.972103
98.100000000 20.8191 27.8695 0 0 0 0.361404 0.932409
99.400000000 21.5227 28.5333 0 0 0 0.392833 0.91961
100.700000000 22.2086 29.2252 0 0 0 0.383384 0.923589
101.600000000 22.4895 29.3365 0 0 0 0.103738 0.994605
102.400000000 22.653 29.194 0 0 0 -0.199061 0.979987
103.800000000 23.311 28.5535 0 0 0 -0.398242 0.917281
105.200000000 24.0362 27.7914 0 0 0 -0.388234 0.921561
106.500000000 24.7336 27.1095 0 0 0 -0.377071 0.926185
107.900000000 25.4878 26.3761 0 0 0 -0.365101 0.930968
109.200000000 26.2637 25.7776 0 0 0 -0.299414 0.954123
110.500000000 27.105 25.3023 0 0 0 -0.223556 0.974691
111.800000000 28.0316 24.9645 0 0 0 -0.147593 0.989048
113.100000000 28.984 24.774 0 0 0 -0.0654877 0.997853
114.500000000 30.0065 24.744 0 0 0 0.0070706 0.999975
115.800000000 30.996 24.7872 0 0 0 0.0231185 0.999733
117.200000000 32.0039 24.7392 0 0 0 -0.106503 0.994312
118.600000000 32.8092 24.2572 0 0 0 -0.33256 0.943082
120.000000000 33.5103 23.5166 0 0 0 -0.399248 0.916843
121.200000000 34.1083 22.8308 0 0 0 -0.431803 0.901968
122.500000000 34.5662 21.9837 0 0 0 -0.56295 0.826491
123.500000000 34.5582 21.6399 0 0 0 -0.796115 0.605146
124.100000000 34.4542 21.6947 0 0 0 -0.937716 0.347402
124.700000000 34.3999 21.7923 0 0 0 -0.998259 0.0589837
125.200000000 34.4147 21.9019 0 0 0 0.982771 0.184828
125.900000000 34.4957 21.9998 0 0 0 0.862554 0.505964
126.600000000 34.6239 22.0587 0 0 0 0.650137 0.759817
127.500000000 34.8566 22.3851 0 0 0 0.44044 0.897782
128.900000000 35.6293 23.0687 0 0 0 0.328858 0.944379
130.200000000 36.3512 23.7247 0 0 0 0.376311 0.926493
131.500000000 37.0307 24.425 0 0 0 0.387159 0.922013
132.800000000 37.5962 25.2235 0 0 0 0.497388 0.867528
134.100000000 37.8802 26.1445 0 0 0 0.625748 0.780025
135.600000000 38.099 27.1149 0 0 0 0.55412 0.832437
137.100000000 38.7571 27.8658 0 0 0 0.393975 0.919121
138.500000000 39.4811 28.6254 0 0 0 0.39668 0.917957
139.800000000 40.1213 29.3496 0 0 0 0.419193 0.907897
141.500000000 40.7246 29.8543 0 0 0 0.117417 0.993083
142.100000000 40.7694 29.7545 0 0 0 -0.160338 0.987062
142.800000000 40.6896 29.6411 0 0 0 -0.48255 0.875868
143.300000000 40.5859 29.5975 0 0 0 -0.68168 0.731651
144.000000000 40.4886 29.6084 0 0 0 -0.889502 0.456931
144.600000000 40.3766 29.7112 0 0 0 -0.981551 0.191199
146.200000000 39.3279 29.726 0 0 0 0.999479 0.0322609
147.500000000 38.3527 29.7592 0 0 0 0.999947 0.0102585
149.100000000 37.4604 29.4499 0 0 0 -0.961014 0.276501
150.600000000 36.7067 28.6863 0 0 0 -0.91562 0.402044
151.900000000 36.0369 27.9777 0 0 0 -0.922157 0.386817
153.200000000 35.3448 27.2943 0 0 0 -0.923938 0.382543
154.600000000 34.5937 26.5552 0 0 0 -0.923904 0.382624
156.000000000 33.8986 25.7572 0 0 0 -0.898319 0.439344
157.400000000 33.3992 24.8699 0 0 0 -0.859369 0.511356
158.700000000 32.9847 23.9573 0 0 0 -0.815378 0.578928
160.100000000 32.7439 22.9415 0 0 0 -0.764149 0.64504
161.400000000 32.6872 21.9686 0 0 0 -0.710266 0.703934
162.800000000 32.7577 20.9185 0 0 0 -0.682768 0.730636
164.200000000 32.7765 19.8748 0 0 0 -0.705507 0.708703
165.500000000 32.664 18.9056 0 0 0 -0.782695 0.622405
166.900000000 32.2175 18.2067 0 0 0 -0.922674 0.38558
168.200000000 31.5086 17.9094 0 0 0 -0.991372 0.131077
169.700000000 30.4447 17.9846 0 0 0 0.997608 0.0691222
171.000000000 29.4894 18.1196 0 0 0 0.995571 0.0940167
172.300000000 28.5306 18.2825 0 0 0 0.99735 0.0727513
173.700000000 27.4816 18.3684 0 0 0 0.999682 0.0252296
175.100000000 26.438 18.3582 0 0 0 -0.999782 0.0208716
176.400000000 25.4558 18.3414 0 0 0 -0.99994 0.0109158
177.600000000 24.562 18.3253 0 0 0 0.99995 0.0100103
179.000000000 23.5084 18.3414 0 0 0 0.99999 0.00454817
180.200000000 22.6046 18.3409 0 0 0 -1 8.98503e-05
181.500000000 21.6308 18.3405 0 0 0 -1 8.2965e-05
182.900000000 20.587 18.3402 0 0 0 -1 6.9763e-05
184.200000000 19.6032 18.3398 0 0 0 -1 5.03366e-05
185.400000000 18.6994 18.3394 0 0 0 -1 1.70863e-05
186.800000000 17.6556 18.3502 0 0 0 0.999999 0.00157152
188.100000000 16.6732 18.3591 0 0 0 0.999976 0.00698705
189.700000000 15.6971 18.6985 0 0 0 0.96239 0.271671
191.000000000 14.9911 19.3692 0 0 0 0.921584 0.388178
192.300000000 14.3407 20.093 0 0 0 0.907041 0.421042
193.600000000 13.8354 20.9265 0 0 0 0.848234 0.529621
195.000000000 13.5849 21.942 0 0 0 0.749139 0.662413
196.300000000 13.6249 22.9219 0 0 0 0.660113 0.751166
197.600000000 13.785 23.8871 0 0 0 0.670461 0.741944
198.800000000 13.8068 24.7808 0 0 0 0.709837 0.704366
200.100000000 13.7791 25.7644 0 0 0 0.708017 0.706195
201.500000000 13.7877 26.8075 0 0 0 0.706331 0.707882
202.900000000 13.7846 27.8601 0 0 0 0.705848 0.708363
204.200000000 13.7904 28.8337 0 0 0 0.705865 0.708347
205.900000000 13.9603 29.6055 0 0 0 0.422183 0.906511
206.500000000 14.0695 29.556 0 0 0 0.168695 0.985668
207.900000000 15.039 29.6539 0 0 0 0.0175373 0.999846
208.800000000 15.1739 29.5042 0 0 0 -0.330591 0.943774
209.400000000 15.0834 29.4301 0 0 0 -0.590985 0.806682
210.100000000 14.9967 29.2765 0 0 0 -0.788558 0.614961
210.700000000 14.8543 29.1897 0 0 0 -0.907049 0.421025
212.500000000 13.8509 28.8081 0 0 0 -0.97399 0.226589
213.900000000 13.0746 28.1462 0 0 0 -0.917103 0.398651
215.300000000 12.3624 27.3959 0 0 0 -0.930771 0.365604
216.600000000 11.5396 26.8661 0 0 0 -0.972313 0.233684
218.200000000 10.5972 26.6589 0 0 0 -0.998384 0.0568205
220.200000000 9.5411 26.6478 0 0 0 0.999961 0.00883734
221.600000000 8.49834 26.6836 0 0 0 0.999646 0.0266012
222.900000000 7.5178 26.7399 0 0 0 0.999587 0.0287329
224.200000000 6.54622 26.8081 0 0 0 0.99939 0.0349202
226.100000000 5.57018 26.8659 0 0 0 0.99873 0.0503916
227.600000000 4.75905 27.2895 0 0 0 0.944726 0.327862
228.900000000 4.39265 27.9458 0 0 0 0.821721 0.56989
230.200000000 4.3958 28.7325 0 0 0 0.650222 0.759744
231.800000000 4.93372 29.5957 0 0 0 0.405786 0.913968
233.000000000 5.42335 29.8398 0 0 0 0.0996373 0.995024
233.700000000 5.53571 29.7272 0 0 0 -0.185889 0.982571
234.400000000 5.47357 29.6118 0 0 0 -0.499655 0.866224
235.100000000 5.3747 29.5144 0 0 0 -0.738433 0.674327
235.800000000 5.19897 29.3638 0 0 0 -0.882895 0.46957
237.300000000 4.41746 28.7697 0 0 0 -0.957936 0.286982
238.700000000 3.6188 28.1057 0 0 0 -0.929527 0.368753
240.200000000 2.95707 27.4435 0 0 0 -0.91971 0.392597
242.400000000 2.31596 26.7862 0 0 0 -0.922671 0.385588
246.500000000 1.61797 26.0829 0 0 0 -0.923409 0.383817
250.300000000 0.937358 25.3976 0 0 0 -0.923418 0.383796
254.200000000 0.260436 24.7067 0 0 0 -0.923442 0.383739
258.000000000 -0.408517 24.0177 0 0 0 -0.910094 0.414401
259.000000000 -0.472541 23.6226 0 0 0 -0.742757 0.669561
260.600000000 -0.14589 22.6793 0 0 0 -0.587473 0.809244
262.000000000 0.208798 21.69 0 0 0 -0.570179 0.82152
263.300000000 0.644354 20.8248 0 0 0 -0.48149 0.876452
264.500000000 1.04475 20.5233 0 0 0 -0.168852 0.985641
265.100000000 1.03984 20.631 0 0 0 0.131675 0.991293
265.700000000 0.976877 20.7307 0 0 0 0.418722 0.908115
266.200000000 0.868721 20.7773 0 0 0 0.629892 0.776683
266.900000000 0.751407 20.7564 0 0 0 0.858332 0.513094
267.400000000 0.670152 20.6717 0 0 0 0.958399 0.285433
268.400000000 0.255296 20.6574 0 0 0 -0.999906 0.0137159
269.900000000 -0.764175 20.3251 0 0 0 -0.977411 0.211348
271.300000000 -1.59196 20.3255 0 0 0 0.997696 0.0678439
272.700000000 -2.48941 20.5373 0 0 0 0.992334 0.123588
274.600000000 -3.41346 20.7642 0 0 0 0.99413 0.108194
276.000000000 -4.4606 20.8626 0 0 0 0.999758 0.0220117
277.400000000 -5.5136 20.8393 0 0 0 -0.999913 0.0131981
278.800000000 -6.56643 20.848 0 0 0 0.999985 0.00542923
280.100000000 -7.08486 21.0436 0 0 0 0.938569 0.34509
280.700000000 -7.02135 21.1408 0 0 0 0.806345 0.591445
281.300000000 -6.89718 21.1547 0 0 0 0.601349 0.798986
281.800000000 -6.81519 21.1097 0 0 0 0.388251 0.921554
282.400000000 -6.75162 21.0125 0 0 0 0.103271 0.994653
283.000000000 -6.73998 20.896 0 0 0 -0.17979 0.983705
283.700000000 -6.70831 20.7776 0 0 0 -0.463664 0.886011
285.200000000 -6.47069 19.8036 0 0 0 -0.64791 0.761717
286.800000000 -6.4196 18.8462 0 0 0 -0.702899 0.71129
287.600000000 -6.55584 18.7015 0 0 0 -0.887899 0.460038
288.100000000 -6.62479 18.7452 0 0 0 -0.972913 0.231171
288.900000000 -6.81958 18.8566 0 0 0 0.996881 0.0789237
289.700000000 -7.08848 19.079 0 0 0 0.952262 0.305281
291.200000000 -7.77524 19.9156 0 0 0 0.879807 0.475331
292.500000000 -8.15106 20.8153 0 0 0 0.804684 0.593703
293.900000000 -8.21993 21.8566 0 0 0 0.710981 0.703211
295.200000000 -8.21106 22.8255 0 0 0 0.664422 0.747358
296.400000000 -8.10967 23.7195 0 0 0 0.655934 0.754818
297.800000000 -8.06442 24.7617 0 0 0 0.705108 0.7091
299.000000000 -8.08865 25.6617 0 0 0 0.732229 0.681058
299.800000000 -8.18588 25.7245 0 0 0 0.919201 0.393789
300.400000000 -8.2444 25.6214 0 0 0 0.994482 0.104903
301.100000000 -8.50148 25.5077 0 0 0 -0.993314 0.115443
302.700000000 -9.44018 24.8929 0 0 0 -0.955234 0.295852
304.100000000 -10.3522 24.5928 0 0 0 -0.993987 0.109502
305.400000000 -11.2807 24.6258 0 0 0 0.998338 0.0576242
306.700000000 -12.2514 24.7232 0 0 0 0.999065 0.0432346
308.100000000 -13.3017 24.7763 0 0 0 0.999912 0.0132871
309.500000000 -14.3453 24.7678 0 0 0 -0.999985 0.00543276
310.800000000 -15.3292 24.7681 0 0 0 0.999988 0.00483039
312.200000000 -16.0773 24.4201 0 0 0 -0.961355 0.275312
313.500000000 -16.8177 23.776 0 0 0 -0.917846 0.396938
314.900000000 -17.4636 23.0969 0 0 0 -0.918866 0.39457
316.500000000 -18.0657 22.4436 0 0 0 -0.92332 0.384031
317.900000000 -18.8377 21.7289 0 0 0 -0.929937 0.367718
319.200000000 -19.6162 21.1938 0 0 0 -0.961027 0.276453
320.500000000 -20.5181 20.7828 0 0 0 -0.990981 0.134001
321.800000000 -21.4855 20.6429 0 0 0 -0.999208 0.0397934
323.100000000 -22.4572 20.6359 0 0 0 0.999913 0.0131804
324.400000000 -23.4287 20.6787 0 0 0 0.999437 0.0335644
325.800000000 -23.9765 20.6013 0 0 0 -0.95135 0.308113
326.400000000 -23.8818 20.542 0 0 0 -0.817805 0.575495
327.100000000 -23.7626 20.4523 0 0 0 -0.634067 0.773278
328.000000000 -23.4926 20.0418 0 0 0 -0.433993 0.900916
329.300000000 -22.7732 19.4669 0 0 0 -0.3588 0.933415
330.700000000 -22.0547 18.7142 0 0 0 -0.37794 0.92583
331.700000000 -21.9293 18.4098 0 0 0 -0.63989 0.768466
332.300000000 -22.0465 18.4139 0 0 0 -0.835871 0.548926
333.000000000 -22.1606 18.487 0 0 0 -0.972083 0.234638
333.600000000 -22.1891 18.6008 0 0 0 0.998288 0.0584938
334.100000000 -22.161 18.6918 0 0 0 0.953843 0.300306
334.800000000 -22.0805 18.8026 0 0 0 0.807509 0.589855
335.400000000 -21.9737 18.8772 0 0 0 0.623799 0.781585
336.700000000 -21.4904 19.3969 0 0 0 0.366431 0.930445
338.100000000 -20.6878 20.0014 0 0 0 0.365874 0.930665
339.500000000 -20.1976 20.8362 0 0 0 0.553658 0.832744
340.800000000 -20.0626 21.7587 0 0 0 0.692477 0.72144
342.100000000 -20.1843 22.7323 0 0 0 0.763765 0.645495
343.400000000 -20.3605 23.6897 0 0 0 0.755776 0.65483
344.700000000 -20.3569 24.6636 0 0 0 0.682891 0.73052
346.100000000 -20.2577 25.7141 0 0 0 0.676013 0.73689
347.300000000 -20.2177 26.6109 0 0 0 0.701482 0.712687
348.700000000 -20.2288 27.6556 0 0 0 0.713122 0.70104
350.000000000 -20.2381 28.6322 0 0 0 0.710848 0.703345
351.500000000 -20.3247 29.535 0 0 0 0.82089 0.571086
352.100000000 -20.4336 29.4907 0 0 0 0.948636 0.316371
352.900000000 -20.6751 29.4147 0 0 0 0.99971 0.0240611
354.400000000 -21.664 29.195 0 0 0 -0.996916 0.0784788
355.900000000 -22.1897 28.9881 0 0 0 -0.919547 0.392979
356.500000000 -22.1107 28.9107 0 0 0 -0.778735 0.627352
357.400000000 -22.0125 28.4881 0 0 0 -0.610757 0.791818
358.900000000 -21.6593 27.572 0 0 0 -0.625202 0.780463
360.200000000 -21.8259 26.8601 0 0 0 -0.822753 0.568399
361.700000000 -22.4603 26.1325 0 0 0 -0.942505 0.334191
362.700000000 -22.9024 26.0201 0 0 0 -0.997377 0.0723861
364.100000000 -23.9604 26.0248 0 0 0 0.999635 0.0270188
365.400000000 -24.9243 26.125 0 0 0 0.997846 0.0655936
366.600000000 -25.818 26.2501 0 0 0 0.997599 0.0692505
367.900000000 -26.7843 26.3666 0 0 0 0.998244 0.0592331
369.200000000 -27.7528 26.4727 0 0 0 0.998788 0.0492152
370.600000000 -28.792 26.5381 0 0 0 0.998767 0.0496382
371.900000000 -29.7287 26.8225 0 0 0 0.987422 0.158109
373.300000000 -30.3762 27.3258 0 0 0 0.903103 0.429424
374.000000000 -30.307 27.4654 0 0 0 0.738793 0.673933
374.700000000 -30.1886 27.5741 0 0 0 0.535665 0.844431
376.300000000 -29.9115 28.6106 0 0 0 0.586841 0.809702
377.700000000 -29.3623 29.4364 0 0 0 0.414197 0.910187
378.600000000 -29.0691 29.5604 0 0 0 0.134937 0.990854
379.300000000 -28.9684 29.4571 0 0 0 -0.16076 0.986994
380.100000000 -28.9681 29.2724 0 0 0 -0.488259 0.872699
380.800000000 -29.0811 29.1735 0 0 0 -0.728938 0.68458
381.500000000 -29.1833 29.0779 0 0 0 -0.888435 0.459003
383.200000000 -30.1185 28.5617 0 0 0 -0.971495 0.237062
384.400000000 -30.8726 28.0432 0 0 0 -0.939693 0.342018
385.800000000 -31.5963 27.2791 0 0 0 -0.910589 0.413313
387.100000000 -32.2409 26.5514 0 0 0 -0.919644 0.392752
388.400000000 -32.874 25.8096 0 0 0 -0.897992 0.440011
389.800000000 -33.4248 24.917 0 0 0 -0.85977 0.510681
391.200000000 -33.8157 23.951 0 0 0 -0.817297 0.576217
392.400000000 -34.0534 23.0853 0 0 0 -0.774582 0.632474
394.000000000 -34.1285 22.061 0 0 0 -0.722765 0.691094
396.100000000 -34.1155 21.0129 0 0 0 -0.716306 0.697786
397.300000000 -34.244 20.1289 0 0 0 -0.800189 0.599748
398.500000000 -34.5965 19.5906 0 0 0 -0.932631 0.360833
399.300000000 -34.7391 19.6785 0 0 0 -0.999771 0.0213941
401.000000000 -35.8216 19.8202 0 0 0 0.998997 0.044784
402.300000000 -36.7842 19.9965 0 0 0 0.993914 0.110161
403.700000000 -37.8252 20.1514 0 0 0 0.998947 0.0458688
404.700000000 -38.1062 20.0532 0 0 0 -0.960194 0.279335
405.300000000 -38.0163 19.9766 0 0 0 -0.834766 0.550605
406.000000000 -37.9089 19.9842 0 0 0 -0.592085 0.805875
406.600000000 -37.8406 20.0512 0 0 0 -0.325834 0.945427
407.100000000 -37.7982 20.1214 0 0 0 -0.082406 0.996599
407.800000000 -37.7083 20.2708 0 0 0 0.207309 0.978275
409.000000000 -37.3079 20.7354 0 0 0 0.477566 0.878596
409.700000000 -37.3586 20.8721 0 0 0 0.715875 0.698228
410.400000000 -37.4764 20.822 0 0 0 0.912611 0.40883
411.000000000 -37.5376 20.7308 0 0 0 0.992668 0.120872
411.700000000 -37.5209 20.6028 0 0 0 -0.973794 0.227431
412.200000000 -37.4598 20.5271 0 0 0 -0.888348 0.45917
412.800000000 -37.3708 20.4253 0 0 0 -0.734862 0.678216
413.600000000 -37.229 20.2746 0 0 0 -0.497757 0.867317
415.100000000 -36.4771 19.6228 0 0 0 -0.268135 0.963381
416.700000000 -35.6978 19.0493 0 0 0 -0.347115 0.937823
419.800000000 -34.9622 18.339 0 0 0 -0.400995 0.91608
421.100000000 -34.3984 17.5213 0 0 0 -0.494454 0.869204
422.600000000 -34.099 16.6355 0 0 0 -0.629172 0.777266
425.200000000 -34.0412 15.655 0 0 0 -0.709925 0.704277
427.100000000 -34.1051 14.6469 0 0 0 -0.738847 0.673874
428.500000000 -34.2769 13.6347 0 0 0 -0.766871 0.641801
429.700000000 -34.3875 12.7088 0 0 0 -0.777141 0.629327
431.000000000 -34.7632 11.8343 0 0 0 -0.866087 0.499893
432.300000000 -35.3935 11.1129 0 0 0 -0.920231 0.391376
433.700000000 -36.1714 10.4155 0 0 0 -0.933351 0.358964
435.000000000 -36.8859 9.7532 0 0 0 -0.939916 0.341407
436.300000000 -37.7177 9.29446 0 0 0 -0.980566 0.196191
437.500000000 -38.4081 9.21651 0 0 0 0.998642 0.0521032
438.100000000 -38.3714 9.32788 0 0 0 0.940232 0.340535
438.800000000 -38.2761 9.49965 0 0 0 0.807355 0.590066
440.200000000 -38.1776 10.3499 0 0 0 0.637699 0.770286
441.500000000 -38.0238 11.3072 0 0 0 0.640067 0.768319
442.900000000 -38.0443 11.9194 0 0 0 0.852694 0.522411
443.500000000 -38.1291 11.837 0 0 0 0.96856 0.248782
444.100000000 -38.143 11.7112 0 0 0 -0.99882 0.048558
444.700000000 -38.0937 11.5976 0 0 0 -0.940069 0.340983
445.400000000 -37.9945 11.5234 0 0 0 -0.765758 0.643129
446.100000000 -37.8781 11.3334 0 0 0 -0.583714 0.811959
447.500000000 -37.2431 10.6651 0 0 0 -0.365744 0.930715
448.900000000 -36.3292 10.0468 0 0 0 -0.327562 0.94483
450.100000000 -35.7757 9.45868 0 0 0 -0.379351 0.925253
451.500000000 -34.9601 8.82009 0 0 0 -0.278728 0.96037
453.000000000 -33.9531 8.54729 0 0 0 -0.0707057 0.997497
454.700000000 -32.9982 8.58742 0 0 0 0.0448122 0.998995
458.300000000 -32.0287 8.65749 0 0 0 0.0373173 0.999303
462.300000000 -31.0767 8.72501 0 0 0 0.0195902 0.999808
465.900000000 -30.072 8.73203 0 0 0 0.00582646 0.999983
468.900000000 -29.1215 8.74673 0 0 0 0.00170005 0.999999
470.700000000 -28.0564 8.71301 0 0 0 -0.0300156 0.999549
472.600000000 -27.1195 8.67439 0 0 0 -0.00547924 0.999985
475.600000000 -26.1451 8.66803 0 0 0 -0.00339578 0.999994
478.600000000 -25.1615 8.66104 0 0 0 -0.00340865 0.999994
481.600000000 -24.1754 8.65431 0 0 0 -0.00342327 0.999994
484.400000000 -23.2511 8.64767 0 0 0 -0.00343971 0.999994
487.200000000 -22.2547 8.64066 0 0 0 -0.00345772 0.999994
488.600000000 -21.2198 8.63373 0 0 0 -0.00347736 0.999994
490.500000000 -20.3098 8.62696 0 0 0 -0.00348477 0.999994
493.600000000 -19.285 8.64754 0 0 0 0.00693978 0.999976
495.400000000 -18.2957 8.65056 0 0 0 -0.000845196 1
497.200000000 -17.3063 8.6433 0 0 0 -0.0034587 0.999994
499.000000000 -16.3296 8.63609 0 0 0 -0.00346662 0.999994
500.900000000 -15.2794 8.62864 0 0 0 -0.00344009 0.999994
502.800000000 -14.3231 8.62151 0 0 0 -0.00341322 0.999994
504.600000000 -13.3416 8.61535 0 0 0 -0.00202263 0.999998
506.800000000 -12.2482 8.61693 0 0 0 -0.0156178 0.999878
508.100000000 -11.2932 8.46456 0 0 0 -0.122058 0.992523
509.600000000 -10.4282 7.92016 0 0 0 -0.338389 0.941006
511.000000000 -9.6906 7.17836 0 0 0 -0.39634 0.918104
512.400000000 -8.95664 6.42463 0 0 0 -0.382115 0.924115
513.600000000 -8.42415 5.71945 0 0 0 -0.479579 0.877499
515.200000000 -8.17354 4.75857 0 0 0 -0.701462 0.712707
516.700000000 -8.40528 3.69284 0 0 0 -0.801952 0.597388
517.900000000 -8.62935 2.82212 0 0 0 -0.774073 0.633096
519.800000000 -8.67881 1.82138 0 0 0 -0.700899 0.71326
521.300000000 -8.77663 0.85216 0 0 0 -0.759694 0.650281
522.700000000 -8.92379 -0.187857 0 0 0 -0.757093 0.653307
524.100000000 -9.02188 -1.12757 0 0 0 -0.724525 0.689249
526.400000000 -9.00722 -2.10327 0 0 0 -0.675029 0.737792
527.700000000 -8.6341 -2.75348 0 0 0 -0.449013 0.893525
529.100000000 -7.91092 -3.47886 0 0 0 -0.399399 0.916777
530.500000000 -7.43456 -4.37199 0 0 0 -0.562447 0.826833
531.900000000 -7.31566 -5.32455 0 0 0 -0.721662 0.692246
532.800000000 -7.45323 -5.52162 0 0 0 -0.904319 0.426858
533.300000000 -7.52592 -5.44969 0 0 0 -0.980799 0.195022
534.000000000 -7.54335 -5.29541 0 0 0 0.989027 0.147735
534.600000000 -7.50081 -5.27884 0 0 0 0.906757 0.421653
535.400000000 -7.45044 -5.05599 0 0 0 0.729244 0.684253
537.000000000 -7.10555 -4.11043 0 0 0 0.568938 0.82238
538.300000000 -6.79365 -3.12445 0 0 0 0.606136 0.795361
540.100000000 -6.70432 -2.11345 0 0 0 0.70549 0.70872
543.700000000 -6.78141 -1.13746 0 0 0 0.735265 0.67778
547.600000000 -6.84789 -0.179742 0 0 0 0.732755 0.680493
551.600000000 -6.91159 0.801378 0 0 0 0.7238 0.69001
553.500000000 -6.92273 1.83199 0 0 0 0.704005 0.710195
555.000000000 -6.91868 2.71468 0 0 0 0.703649 0.710548
556.400000000 -6.90856 3.76843 0 0 0 0.703655 0.710542
557.700000000 -6.89806 4.74089 0 0 0 0.70366 0.710537
559.100000000 -6.88833 5.69886 0 0 0 0.703662 0.710535
560.900000000 -6.87829 6.69006 0 0 0 0.703663 0.710533
562.700000000 -6.86465 7.71414 0 0 0 0.688625 0.725118
564.200000000 -6.53868 8.70198 0 0 0 0.514551 0.85746
565.500000000 -5.95473 9.2406 0 0 0 0.291035 0.956712
566.300000000 -5.72937 9.17795 0 0 0 -0.0055923 0.999984
567.900000000 -4.75081 8.90152 0 0 0 -0.106508 0.994312
569.200000000 -3.78748 8.74595 0 0 0 -0.0599381 0.998202
570.600000000 -2.81814 8.6909 0 0 0 -0.0156813 0.999877
572.300000000 -1.79967 8.68758 0 0 0 -0.00427045 0.999991
574.100000000 -0.82592 8.67157 0 0 0 -0.00299192 0.999996
575.500000000 0.0891681 8.40403 0 0 0 -0.190787 0.981631
576.700000000 0.548662 7.94015 0 0 0 -0.448789 0.893638
577.900000000 0.709529 7.30479 0 0 0 -0.671027 0.741433
579.400000000 0.392455 6.36819 0 0 0 -0.833343 0.552756
580.700000000 -0.0711972 5.51286 0 0 0 -0.836756 0.547576
582.200000000 -0.147185 4.53207 0 0 0 -0.726437 0.687233
584.400000000 -0.151059 3.63529 0 0 0 -0.677771 0.735273
589.000000000 -0.0685356 2.66127 0 0 0 -0.678821 0.734303
593.600000000 -0.000777719 1.73587 0 0 0 -0.686833 0.726815
598.600000000 0.0237048 0.751199 0 0 0 -0.701627 0.712545
603.400000000 0.029227 -0.209902 0 0 0 -0.706054 0.708158
608.300000000 0.0322349 -1.17327 0 0 0 -0.706054 0.708158
613.200000000 0.0352403 -2.14182 0 0 0 -0.706052 0.70816
617.900000000 0.0367806 -3.07438 0 0 0 -0.706076 0.708136
622.900000000 0.0400827 -4.06583 0 0 0 -0.706148 0.708064
624.800000000 0.0453951 -5.08133 0 0 0 -0.706214 0.707999
626.100000000 0.0395206 -6.06091 0 0 0 -0.713763 0.700387
627.400000000 0.0130534 -7.03395 0 0 0 -0.711993 0.702186
628.800000000 0.0231509 -8.07788 0 0 0 -0.705975 0.708237
630.100000000 0.0256414 -9.06008 0 0 0 -0.76168 0.647954
631.500000000 -0.452207 -9.91126 0 0 0 -0.883551 0.468335
633.100000000 -1.29276 -10.5025 0 0 0 -0.97804 0.208415
633.900000000 -1.53609 -10.4298 0 0 0 0.997208 0.0746731
635.600000000 -2.47201 -10.197 0 0 0 0.99847 0.0552958
637.100000000 -3.16199 -10.3925 0 0 0 -0.973812 0.227355
638.500000000 -3.85725 -11.0543 0 0 0 -0.916786 0.399379
639.800000000 -4.53449 -11.7544 0 0 0 -0.928502 0.371328
641.300000000 -5.4607 -12.3349 0 0 0 -0.978511 0.206194
642.600000000 -6.0442 -12.3755 0 0 0 0.990717 0.13594
643.300000000 -6.00925 -12.2613 0 0 0 0.885914 0.463849
643.900000000 -6.00217 -12.1328 0 0 0 0.731746 0.681577
644.500000000 -5.77894 -12.0954 0 0 0 0.541091 0.840964
646.100000000 -5.01669 -11.3451 0 0 0 0.345638 0.938368
647.400000000 -4.19969 -10.782 0 0 0 0.272323 0.962206
654.800000000 -3.28949 -10.3327 0 0 0 0.189129 0.981952
656.000000000 -2.39323 -10.074 0 0 0 0.125499 0.992094
657.400000000 -1.36322 -9.92418 0 0 0 0.0682691 0.997667
658.700000000 -0.443304 -9.71173 0 0 0 0.123097 0.992395
660.000000000 0.0716781 -9.26687 0 0 0 0.393778 0.919206
661.300000000 0.396256 -8.5544 0 0 0 0.623215 0.782051
662.700000000 0.352241 -7.53453 0 0 0 0.738177 0.674607
664.000000000 0.270667 -6.56074 0 0 0 0.746017 0.665927
665.300000000 0.185094 -5.58913 0 0 0 0.728648 0.684888
666.600000000 0.141839 -4.61284 0 0 0 0.712259 0.701917
667.900000000 0.154284 -3.63926 0 0 0 0.694651 0.719347
669.100000000 0.207623 -2.74122 0 0 0 0.67754 0.735486
670.900000000 0.418415 -1.84199 0 0 0 0.424764 0.905304
671.600000000 0.521023 -1.93589 0 0 0 0.104646 0.99451
672.300000000 0.680981 -2.02887 0 0 0 -0.161817 0.986821
673.600000000 1.20583 -2.60558 0 0 0 -0.413829 0.910355
675.000000000 1.90749 -3.38297 0 0 0 -0.405915 0.913911
676.200000000 2.47373 -4.11219 0 0 0 -0.449414 0.893324
677.600000000 3.00565 -4.97307 0 0 0 -0.51411 0.857724
678.900000000 3.38408 -5.93589 0 0 0 -0.575155 0.818044
680.200000000 3.62199 -6.83437 0 0 0 -0.627924 0.778274
681.700000000 3.76824 -7.84884 0 0 0 -0.66398 0.74775
684.000000000 3.84964 -8.8424 0 0 0 -0.677977 0.735083
685.800000000 4.12197 -9.84762 0 0 0 -0.530672 0.847577
687.100000000 4.73542 -10.5393 0 0 0 -0.386351 0.922352
688.500000000 5.53104 -11.2039 0 0 0 -0.333326 0.942812
689.700000000 6.17197 -11.8392 0 0 0 -0.416005 0.909362
691.100000000 6.67155 -12.7591 0 0 0 -0.552228 0.833693
692.600000000 6.83043 -13.6335 0 0 0 -0.758821 0.651299
693.200000000 6.71089 -13.5916 0 0 0 -0.915545 0.402215
693.800000000 6.66327 -13.4957 0 0 0 -0.992978 0.118298
694.500000000 6.65049 -13.3784 0 0 0 0.974256 0.225445
695.000000000 6.72317 -13.2964 0 0 0 0.890595 0.454798
695.700000000 6.86662 -13.2131 0 0 0 0.696819 0.717247
696.400000000 6.97103 -13.1253 0 0 0 0.46949 0.882938
697.400000000 7.40471 -12.8926 0 0 0 0.228115 0.973634
698.900000000 8.30326 -12.6697 0 0 0 0.188323 0.982107
700.500000000 9.10523 -11.9414 0 0 0 0.394876 0.918734
701.900000000 9.76861 -11.2681 0 0 0 0.392843 0.919606
705.000000000 10.4681 -10.5299 0 0 0 0.380401 0.924822
707.600000000 11.1593 -9.89509 0 0 0 0.358255 0.933624
709.300000000 11.9226 -9.2448 0 0 0 0.341647 0.939828
710.700000000 12.6713 -8.56427 0 0 0 0.36887 0.929481
712.000000000 13.3639 -7.87345 0 0 0 0.39172 0.920085
713.200000000 13.9863 -7.23029 0 0 0 0.386639 0.922231
714.500000000 14.6782 -6.5443 0 0 0 0.384509 0.923121
715.800000000 15.3695 -5.84773 0 0 0 0.384552 0.923103
717.200000000 16.1005 -5.10066 0 0 0 0.384571 0.923095
718.400000000 16.7413 -4.46352 0 0 0 0.384584 0.92309
719.700000000 17.4223 -3.76642 0 0 0 0.384591 0.923087
721.100000000 18.1631 -3.01923 0 0 0 0.38459 0.923087
722.300000000 18.7939 -2.38207 0 0 0 0.384587 0.923089
723.700000000 19.5402 -1.63877 0 0 0 0.384581 0.923091
725.100000000 20.281 -0.89154 0 0 0 0.38457 0.923096
726.400000000 20.9618 -0.194411 0 0 0 0.384554 0.923103
727.700000000 21.6527 0.492912 0 0 0 0.384534 0.923111
729.000000000 22.3338 1.18965 0 0 0 0.384489 0.92313
730.300000000 23.0249 1.87623 0 0 0 0.384445 0.923148
731.600000000 23.7161 2.56271 0 0 0 0.381178 0.924502
732.900000000 24.4504 3.21128 0 0 0 0.336852 0.941557
734.200000000 24.9331 3.37597 0 0 0 0.000885631 1
734.800000000 25.046 3.28565 0 0 0 -0.228 0.973661
735.800000000 25.2731 2.92526 0 0 0 -0.500844 0.865538
736.600000000 25.2087 2.76351 0 0 0 -0.750053 0.661378
737.200000000 25.1149 2.80194 0 0 0 -0.910099 0.414392
737.800000000 25.0321 2.89705 0 0 0 -0.991279 0.13178
738.400000000 25.0239 2.99484 0 0 0 0.986739 0.162312
739.000000000 25.0899 3.09792 0 0 0 0.896589 0.442864
739.700000000 25.1893 3.20248 0 0 0 0.715381 0.698735
740.600000000 25.3747 3.53936 0 0 0 0.511611 0.859217
741.900000000 25.9955 4.27754 0 0 0 0.379945 0.925009
742.900000000 26.3224 4.41941 0 0 0 0.0757538 0.997127
743.400000000 26.3251 4.32245 0 0 0 -0.170058 0.985434
744.100000000 26.2475 4.23097 0 0 0 -0.493162 0.869937
744.700000000 26.1481 4.14411 0 0 0 -0.70604 0.708171
745.600000000 25.9588 3.88557 0 0 0 -0.882769 0.469808
747.100000000 25.1607 3.15041 0 0 0 -0.9368 0.349865
748.500000000 24.4081 2.47879 0 0 0 -0.932992 0.359896
750.700000000 23.6783 1.79637 0 0 0 -0.927915 0.372792
752.900000000 22.9402 1.07799 0 0 0 -0.924688 0.380725
754.300000000 22.1931 0.327189 0 0 0 -0.924667 0.380776
755.500000000 21.5559 -0.303636 0 0 0 -0.924647 0.380826
756.900000000 20.8087 -1.04457 0 0 0 -0.924625 0.380878
758.200000000 20.1117 -1.72548 0 0 0 -0.924569 0.381015
759.400000000 19.4748 -2.35659 0 0 0 -0.924511 0.381154
760.900000000 18.9032 -2.83187 0 0 0 -0.998232 0.0594306
761.400000000 18.8489 -2.61412 0 0 0 0.987842 0.155463
762.700000000 18.3366 -2.08676 0 0 0 0.910524 0.413457
764.000000000 17.7161 -1.42546 0 0 0 0.913552 0.406722
765.300000000 16.9948 -0.64458 0 0 0 0.92617 0.377107
766.600000000 16.2922 0.031613 0 0 0 0.92848 0.371381
768.000000000 15.5408 0.769372 0 0 0 0.924157 0.382014
769.300000000 14.8628 1.45944 0 0 0 0.923096 0.38457
770.600000000 14.1651 2.14981 0 0 0 0.925434 0.378908
771.900000000 13.4696 2.83378 0 0 0 0.92549 0.378772
773.200000000 12.9225 3.10355 0 0 0 0.995774 0.0918421
774.200000000 12.4806 2.91719 0 0 0 -0.987482 0.157735
775.600000000 11.5853 2.50763 0 0 0 -0.983764 0.179465
776.900000000 10.6279 2.2967 0 0 0 -0.993032 0.117846
778.200000000 9.68319 2.03257 0 0 0 -0.98578 0.16804
778.800000000 9.70343 1.91668 0 0 0 -0.906875 0.421401
779.400000000 9.81209 1.87074 0 0 0 -0.741834 0.670584
780.100000000 9.93782 1.91519 0 0 0 -0.46636 0.884595
780.600000000 10.0108 1.97414 0 0 0 -0.238993 0.971021
781.300000000 10.1103 2.07657 0 0 0 0.0743028 0.997236
782.800000000 10.9532 2.49754 0 0 0 0.173595 0.984817
784.300000000 11.8832 2.43505 0 0 0 -0.119057 0.992887
785.800000000 12.6983 1.88952 0 0 0 -0.352911 0.935657
787.200000000 13.3602 1.20879 0 0 0 -0.393013 0.919533
788.700000000 14.0669 0.484263 0 0 0 -0.384727 0.923031
789.900000000 14.7122 -0.142737 0 0 0 -0.377015 0.926207
791.300000000 15.4571 -0.881139 0 0 0 -0.379755 0.925087
792.600000000 16.1527 -1.56498 0 0 0 -0.3815 0.924369
793.800000000 16.7903 -2.20062 0 0 0 -0.381599 0.924328
795.200000000 17.526 -2.94365 0 0 0 -0.381771 0.924257
796.500000000 18.2215 -3.638 0 0 0 -0.382182 0.924087
797.800000000 18.9116 -4.31601 0 0 0 -0.382281 0.924046
799.200000000 19.6578 -5.0577 0 0 0 -0.372594 0.927994
800.600000000 20.5129 -5.65126 0 0 0 -0.243113 0.969998
802.100000000 21.5709 -5.91578 0 0 0 -0.0380098 0.999277
803.400000000 22.5264 -5.79815 0 0 0 0.0348336 0.999393
804.700000000 23.5155 -5.78785 0 0 0 0.0361389 0.999347
805.900000000 24.3991 -5.72845 0 0 0 -0.00278137 0.999996
807.300000000 25.4527 -5.7474 0 0 0 -0.00650924 0.999979
808.900000000 26.1551 -5.8812 0 0 0 -0.330279 0.943883
809.500000000 26.0737 -5.99781 0 0 0 -0.580822 0.814031
810.300000000 26.0532 -6.34528 0 0 0 -0.748888 0.662697
811.800000000 25.6088 -7.29832 0 0 0 -0.83735 0.546667
813.100000000 25.379 -8.24331 0 0 0 -0.772934 0.634486
814.500000000 25.2668 -9.1742 0 0 0 -0.688541 0.725197
816.000000000 25.5787 -10.1821 0 0 0 -0.534279 0.845308
817.600000000 26.3056 -10.8783 0 0 0 -0.266888 0.963727
818.200000000 26.4252 -10.8052 0 0 0 -0.0187324 0.999825
819.000000000 26.5056 -10.6493 0 0 0 0.317256 0.94834
819.600000000 26.4333 -10.5879 0 0 0 0.571119 0.820867
820.200000000 26.3563 -10.5517 0 0 0 0.788186 0.615437
820.800000000 26.2562 -10.623 0 0 0 0.934854 0.355033
821.300000000 26.1981 -10.7319 0 0 0 0.993558 0.113329
822.000000000 26.216 -10.8582 0 0 0 -0.972188 0.234203
822.700000000 26.2226 -10.984 0 0 0 -0.849656 0.527337
824.200000000 26.2018 -11.9907 0 0 0 -0.701874 0.712301
825.600000000 26.3049 -13.0047 0 0 0 -0.646893 0.762581
826.800000000 26.3857 -13.9188 0 0 0 -0.704185 0.710016
828.200000000 26.3115 -14.9558 0 0 0 -0.72858 0.68496
829.400000000 26.2821 -15.8589 0 0 0 -0.715169 0.698952
830.700000000 26.2776 -16.8358 0 0 0 -0.706203 0.708009
832.100000000 26.2804 -17.8821 0 0 0 -0.706521 0.707692
833.400000000 26.2839 -18.8559 0 0 0 -0.709258 0.704949
834.700000000 26.278 -19.8399 0 0 0 -0.709265 0.704942
835.900000000 26.272 -20.7337 0 0 0 -0.709283 0.704923
837.300000000 26.2656 -21.7862 0 0 0 -0.709305 0.704901
838.600000000 26.2839 -22.7596 0 0 0 -0.69647 0.717586
840.000000000 26.2635 -23.7818 0 0 0 -0.664318 0.74745
841.300000000 26.5047 -24.7258 0 0 0 -0.595795 0.803136
842.500000000 26.7384 -25.5938 0 0 0 -0.622101 0.782937
843.900000000 26.7544 -26.2308 0 0 0 -0.846732 0.53202
844.400000000 26.718 -26.1583 0 0 0 -0.950927 0.309415
845.100000000 26.6321 -26.0698 0 0 0 0.999509 0.0313439
845.700000000 26.6627 -25.938 0 0 0 0.947627 0.31938
846.300000000 26.7839 -25.8717 0 0 0 0.813658 0.581344
846.800000000 26.8814 -25.8578 0 0 0 0.647257 0.762272
847.500000000 26.9407 -25.9005 0 0 0 0.35213 0.935951
848.100000000 26.9977 -26.0128 0 0 0 0.0664898 0.997787
848.700000000 26.9873 -26.1274 0 0 0 -0.225995 0.974128
849.200000000 26.9255 -26.1739 0 0 0 -0.45657 0.889687
849.900000000 26.8235 -26.2881 0 0 0 -0.704055 0.710146
850.800000000 26.6184 -26.5745 0 0 0 -0.880242 0.474525
852.300000000 25.8714 -27.2858 0 0 0 -0.92567 0.378331
853.700000000 25.1591 -28.0598 0 0 0 -0.910389 0.413753
855.000000000 24.5456 -28.816 0 0 0 -0.899843 0.436214
856.400000000 24.0712 -29.2094 0 0 0 -0.990298 0.138957
856.900000000 24.0113 -29.1205 0 0 0 0.996394 0.08485
857.600000000 24.0368 -28.9913 0 0 0 0.915133 0.403152
858.200000000 24.1181 -28.9223 0 0 0 0.758149 0.652082
858.800000000 24.243 -28.8852 0 0 0 0.561772 0.827292
859.400000000 24.3907 -28.786 0 0 0 0.354526 0.935046
861.000000000 25.2167 -28.1776 0 0 0 0.400086 0.916478
862.200000000 25.4476 -27.5723 0 0 0 0.624191 0.781272
863.300000000 25.4041 -27.0478 0 0 0 0.817207 0.576345
864.800000000 24.746 -26.2872 0 0 0 0.926493 0.376313
866.200000000 23.8415 -25.6873 0 0 0 0.95748 0.2885
867.600000000 23.0554 -25.2859 0 0 0 0.986237 0.165339
869.700000000 22.0508 -25.0658 0 0 0 0.99124 0.132073
871.400000000 21.0946 -24.7068 0 0 0 0.985643 0.16884
872.700000000 20.1742 -24.5109 0 0 0 0.99767 0.0682207
874.500000000 19.1482 -24.4998 0 0 0 -0.999908 0.0135768
876.400000000 18.0629 -24.4748 0 0 0 0.998782 0.0493426
877.800000000 17.1518 -24.1177 0 0 0 0.972933 0.231086
879.200000000 16.2537 -23.692 0 0 0 0.982885 0.184223
880.500000000 15.3025 -23.4823 0 0 0 0.997274 0.0737863
882.100000000 14.2424 -23.4749 0 0 0 -0.999875 0.0158226
884.000000000 13.2962 -23.5296 0 0 0 -0.999404 0.0345296
885.600000000 12.2723 -23.5618 0 0 0 -0.999992 0.00402838
887.000000000 11.2297 -23.5541 0 0 0 0.999976 0.00694271
888.300000000 10.7708 -23.4052 0 0 0 0.937189 0.348822
889.000000000 10.8736 -23.329 0 0 0 0.76418 0.645003
889.600000000 10.9809 -23.3442 0 0 0 0.543357 0.839502
890.300000000 11.0789 -23.4145 0 0 0 0.226743 0.973955
890.900000000 11.2182 -23.5263 0 0 0 -0.017689 0.999844
891.600000000 11.3435 -23.6247 0 0 0 -0.269798 0.962917
893.100000000 12.0007 -24.4274 0 0 0 -0.489355 0.872085
894.500000000 12.6326 -25.2508 0 0 0 -0.403249 0.91509
895.800000000 13.3344 -25.9378 0 0 0 -0.37571 0.926737
897.100000000 14.0268 -26.6327 0 0 0 -0.400864 0.916137
898.500000000 14.6142 -27.5047 0 0 0 -0.521971 0.852963
899.900000000 14.9166 -28.4844 0 0 0 -0.582085 0.813128
901.400000000 15.5289 -29.2541 0 0 0 -0.358417 0.933562
902.700000000 16.1367 -29.5154 0 0 0 -0.0512821 0.998684
903.200000000 16.1231 -29.4102 0 0 0 0.196764 0.980451
903.800000000 16.047 -29.3303 0 0 0 0.477711 0.878517
904.500000000 15.9228 -29.2902 0 0 0 0.749979 0.661462
905.200000000 15.8139 -29.359 0 0 0 0.931525 0.363677
905.800000000 15.7203 -29.467 0 0 0 0.994986 0.100016
906.400000000 15.5928 -29.5363 0 0 0 -0.989396 0.145246
907.800000000 14.9965 -30.1002 0 0 0 -0.906128 0.423003
909.400000000 14.4311 -30.8937 0 0 0 -0.932372 0.361499
910.400000000 13.9522 -31.0777 0 0 0 -0.992715 0.120484
911.900000000 12.981 -30.9556 0 0 0 0.996174 0.0873891
913.300000000 11.9353 -30.8175 0 0 0 0.998831 0.0483314
914.100000000 11.841 -30.6891 0 0 0 0.938796 0.344474
914.800000000 11.8929 -30.5148 0 0 0 0.802065 0.597236
915.700000000 11.9718 -30.1622 0 0 0 0.612385 0.79056
917.200000000 12.3166 -29.1419 0 0 0 0.637083 0.770795
918.500000000 12.1554 -28.418 0 0 0 0.822827 0.568292
920.100000000 11.4754 -27.6857 0 0 0 0.951963 0.306212
921.500000000 10.6008 -27.3497 0 0 0 0.993701 0.112062
922.800000000 9.50269 -27.3271 0 0 0 -0.999877 0.0156632
924.200000000 8.53508 -27.4624 0 0 0 -0.995546 0.0942803
925.500000000 7.59516 -27.7111 0 0 0 -0.988705 0.149872
926.800000000 6.66163 -27.9869 0 0 0 -0.987732 0.15616
928.100000000 5.82532 -28.3444 0 0 0 -0.968519 0.248939
929.400000000 5.07863 -28.9675 0 0 0 -0.925171 0.379551
930.700000000 4.64638 -29.5921 0 0 0 -0.794373 0.60743
931.400000000 4.74915 -29.7526 0 0 0 -0.605438 0.795893
932.900000000 5.35728 -30.479 0 0 0 -0.390821 0.920467
934.300000000 6.14218 -31.1906 0 0 0 -0.359104 0.933297
935.500000000 6.32428 -31.5419 0 0 0 -0.658713 0.752394
936.200000000 6.19739 -31.5324 0 0 0 -0.874828 0.484434
936.800000000 6.13391 -31.4936 0 0 0 -0.969339 0.245729
937.600000000 5.75533 -31.476 0 0 0 0.999104 0.0423283
939.000000000 4.95119 -31.0678 0 0 0 0.974569 0.224086
940.400000000 3.99151 -30.5845 0 0 0 0.953596 0.301089
941.700000000 3.3467 -29.9247 0 0 0 0.923701 0.383115
943.000000000 2.62992 -29.2222 0 0 0 0.920885 0.389834
944.300000000 1.92208 -28.5515 0 0 0 0.937422 0.348196
945.800000000 0.999758 -27.9809 0 0 0 0.982068 0.188529
947.300000000 0.106298 -27.7875 0 0 0 0.998943 0.0459623
949.200000000 -0.798812 -27.8012 0 0 0 -0.999672 0.0256199
950.600000000 -1.85635 -27.8955 0 0 0 -0.998653 0.0518921
952.000000000 -2.90419 -28.0052 0 0 0 -0.998571 0.0534322
953.200000000 -3.80388 -28.0855 0 0 0 -0.99927 0.0382095
954.500000000 -4.77536 -28.1433 0 0 0 -0.999434 0.0336386
956.000000000 -5.76129 -28.482 0 0 0 -0.970929 0.239366
957.200000000 -6.19878 -28.9959 0 0 0 -0.876325 0.48172
958.400000000 -6.3379 -29.6801 0 0 0 -0.727889 0.685695
959.800000000 -6.06583 -30.5065 0 0 0 -0.526524 0.85016
961.400000000 -5.29669 -31.2479 0 0 0 -0.28889 0.957362
962.200000000 -5.04155 -31.2591 0 0 0 -0.0159186 0.999873
963.000000000 -4.94196 -31.096 0 0 0 0.306485 0.951876
963.700000000 -4.97032 -30.9462 0 0 0 0.574772 0.818314
964.400000000 -5.09749 -30.9467 0 0 0 0.820521 0.571617
965.200000000 -5.34182 -30.8092 0 0 0 0.943816 0.33047
966.500000000 -6.04929 -30.6716 0 0 0 0.998845 0.0480441
967.800000000 -7.01715 -30.7576 0 0 0 -0.997205 0.0747195
969.100000000 -7.96913 -30.9471 0 0 0 -0.993394 0.114755
970.300000000 -8.85788 -31.0742 0 0 0 -0.998483 0.0550529
971.700000000 -9.91097 -31.1098 0 0 0 -0.999989 0.00466524
973.000000000 -10.883 -31.0982 0 0 0 0.999823 0.0187918
974.100000000 -11.2984 -30.957 0 0 0 0.959645 0.281213
974.800000000 -11.1977 -30.8755 0 0 0 0.808195 0.588915
975.400000000 -11.0809 -30.8539 0 0 0 0.601744 0.798689
976.300000000 -10.7854 -30.6414 0 0 0 0.368133 0.929773
977.800000000 -9.88911 -29.9642 0 0 0 0.312646 0.94987
979.000000000 -9.27083 -29.3472 0 0 0 0.401694 0.915774
980.400000000 -8.54729 -28.6043 0 0 0 0.387826 0.921733
981.700000000 -7.85492 -27.9093 0 0 0 0.378393 0.925645
983.000000000 -7.16306 -27.2326 0 0 0 0.380956 0.924593
984.300000000 -6.48036 -26.5503 0 0 0 0.385436 0.922735
992.000000000 -5.83739 -25.7103 0 0 0 0.440893 0.89756
993.300000000 -5.33033 -24.8827 0 0 0 0.51164 0.8592
994.600000000 -4.9325 -23.9912 0 0 0 0.582468 0.812854
995.800000000 -4.70518 -23.098 0 0 0 0.636458 0.771311
997.200000000 -4.60268 -22.1015 0 0 0 0.68725 0.726421
998.500000000 -4.62159 -21.1165 0 0 0 0.730976 0.682403
999.800000000 -4.693 -20.1336 0 0 0 0.729766 0.683697
1001.100000000 -4.70968 -19.1733 0 0 0 0.711674 0.70251
1002.400000000 -4.72208 -18.2125 0 0 0 0.703541 0.710655
1003.700000000 -4.70938 -17.2216 0 0 0 0.701016 0.713145
1005.000000000 -4.70222 -16.2558 0 0 0 0.701947 0.71223
1006.300000000 -4.66144 -15.2802 0 0 0 0.691613 0.722269
1007.700000000 -4.45114 -14.2585 0 0 0 0.595491 0.803362
1009.100000000 -4.12131 -13.2569 0 0 0 0.58715 0.809478
1010.400000000 -3.98533 -12.3413 0 0 0 0.700102 0.714043
1011.900000000 -4.2513 -11.3136 0 0 0 0.836889 0.547373
1013.300000000 -4.88116 -10.4998 0 0 0 0.923142 0.384458
1014.300000000 -5.04104 -10.4449 0 0 0 0.997468 0.0711226
1014.900000000 -5.04971 -10.4693 0 0 0 -0.985847 0.167648
1015.700000000 -5.01418 -10.5798 0 0 0 -0.886661 0.46242
1016.500000000 -4.98288 -10.8262 0 0 0 -0.741535 0.670915
1017.500000000 -4.82725 -11.1846 0 0 0 -0.517017 0.855975
1019.500000000 -4.1599 -11.6426 0 0 0 -0.281188 0.959653
1020.300000000 -4.07767 -11.7012 0 0 0 0.0137769 0.999905
1021.000000000 -4.11285 -11.5926 0 0 0 0.310564 0.950552
1021.600000000 -4.1915 -11.5184 0 0 0 0.547128 0.837049
1022.100000000 -4.30934 -11.4982 0 0 0 0.719702 0.694283
1022.800000000 -4.34808 -11.5413 0 0 0 0.90369 0.428188
1023.400000000 -4.44604 -11.6262 0 0 0 0.985509 0.169621
1025.100000000 -5.57693 -11.5655 0 0 0 0.997999 0.0632246
1026.500000000 -5.94964 -11.4137 0 0 0 0.944624 0.328154
1027.500000000 -5.81833 -11.3368 0 0 0 0.797205 0.603709
1028.300000000 -5.69415 -11.3278 0 0 0 0.565416 0.824806
1029.000000000 -5.60863 -11.3769 0 0 0 0.305279 0.952263
1029.800000000 -5.56477 -11.5063 0 0 0 -0.0310397 0.999518
1030.300000000 -5.55585 -11.5137 0 0 0 -0.241476 0.970407
1031.000000000 -5.65909 -11.6752 0 0 0 -0.529067 0.84858
1031.700000000 -5.78792 -11.7365 0 0 0 -0.722157 0.691729
1033.300000000 -6.11536 -12.792 0 0 0 -0.849966 0.526838
1034.400000000 -6.2275 -12.8055 0 0 0 -0.967636 0.252352
1035.100000000 -6.2524 -12.7451 0 0 0 -0.99998 0.00639036
1036.000000000 -6.23399 -12.6992 0 0 0 0.950571 0.310508
1036.900000000 -6.14477 -12.5958 0 0 0 0.805063 0.593189
1037.600000000 -6.07676 -12.5493 0 0 0 0.632052 0.774926
1038.500000000 -5.84885 -12.3305 0 0 0 0.4017 0.915771
1039.400000000 -5.54645 -12.2548 0 0 0 0.142264 0.989829
1041.200000000 -4.81512 -12.3472 0 0 0 -0.134826 0.990869
1042.300000000 -4.7162 -12.4917 0 0 0 -0.395783 0.918344
1043.300000000 -4.80691 -12.5606 0 0 0 -0.65413 0.756382
1044.000000000 -4.89371 -12.4464 0 0 0 -0.840438 0.541907
1044.600000000 -4.98219 -12.3906 0 0 0 -0.951793 0.306742
1045.300000000 -5.01353 -12.3482 0 0 0 -0.99996 0.00893489
1046.100000000 -5.00579 -12.2714 0 0 0 0.951423 0.307887
1046.800000000 -4.92706 -12.1852 0 0 0 0.829097 0.559105
1047.400000000 -4.87921 -12.1167 0 0 0 0.683787 0.729682
1049.000000000 -4.47762 -11.3736 0 0 0 0.450229 0.892913
1050.500000000 -3.98523 -11.0627 0 0 0 0.213437 0.976957
1053.000000000 -2.94367 -11.0481 0 0 0 -0.00690439 0.999976
1054.400000000 -2.54087 -11.1686 0 0 0 -0.320843 0.947132
1055.100000000 -2.555 -11.1763 0 0 0 -0.609215 0.793005
1055.700000000 -2.75321 -11.2675 0 0 0 -0.810908 0.585173
1056.300000000 -2.83832 -11.2116 0 0 0 -0.946315 0.323245
1056.900000000 -2.8894 -11.0991 0 0 0 -0.999429 0.0337771
1057.500000000 -2.89238 -10.9791 0 0 0 0.969092 0.246699
1059.000000000 -3.82608 -10.4459 0 0 0 0.979816 0.199899
1060.000000000 -4.07109 -10.4682 0 0 0 -0.995453 0.0952567
1060.500000000 -4.03546 -10.5473 0 0 0 -0.949257 0.314502
1061.200000000 -3.93738 -10.51 0 0 0 -0.801783 0.597615
1061.800000000 -3.84864 -10.5206 0 0 0 -0.610041 0.792369
1062.400000000 -3.74636 -10.4574 0 0 0 -0.371636 0.928378
1062.900000000 -3.70613 -10.4908 0 0 0 -0.155316 0.987865
1063.500000000 -3.69494 -10.3815 0 0 0 0.119693 0.992811
1065.100000000 -2.68707 -10.0081 0 0 0 0.130048 0.991508
1067.000000000 -1.88485 -10.0496 0 0 0 -0.150956 0.988541
1068.200000000 -1.74081 -10.2418 0 0 0 -0.401591 0.915819
1069.000000000 -1.75995 -10.3585 0 0 0 -0.629439 0.77705
1069.900000000 -1.91598 -10.4214 0 0 0 -0.818403 0.574644
1070.800000000 -2.01743 -10.3599 0 0 0 -0.953654 0.300904
1071.700000000 -2.04719 -10.218 0 0 0 0.999901 0.0140357
1072.300000000 -2.02149 -10.13 0 0 0 0.963492 0.267737
1073.100000000 -1.98072 -10.0594 0 0 0 0.815301 0.579038
1073.800000000 -1.83061 -10.0235 0 0 0 0.614829 0.788661
1074.500000000 -1.72284 -10.0806 0 0 0 0.35736 0.933967
1075.300000000 -1.64216 -10.1929 0 0 0 0.0357874 0.999359
1076.500000000 -1.0919 -10.402 0 0 0 -0.192338 0.981329
1078.000000000 -0.651982 -10.8144 0 0 0 -0.48215 0.876088
1078.800000000 -0.747571 -10.8519 0 0 0 -0.708221 0.70599
1079.600000000 -0.887902 -10.8246 0 0 0 -0.881969 0.471307
1080.300000000 -0.925719 -10.7234 0 0 0 -0.985893 0.167379
1080.900000000 -0.957731 -10.6253 0 0 0 0.994258 0.107007
1081.400000000 -0.933459 -10.5386 0 0 0 0.944079 0.329718
1082.200000000 -0.879004 -10.3895 0 0 0 0.787289 0.616585
1082.900000000 -0.772536 -10.3114 0 0 0 0.58476 0.811206
1084.700000000 0.001942 -9.55139 0 0 0 0.398854 0.917014
1086.500000000 0.564128 -9.10555 0 0 0 0.106639 0.994298
1087.400000000 0.568375 -9.24096 0 0 0 -0.210891 0.97751
1088.200000000 0.486022 -9.34292 0 0 0 -0.51858 0.855029
1088.900000000 0.361724 -9.37413 0 0 0 -0.746196 0.665726
1089.700000000 0.217303 -9.21095 0 0 0 -0.912016 0.410155
1091.200000000 -0.537798 -9.88523 0 0 0 -0.971797 0.235818
1092.100000000 -0.7417 -9.8324 0 0 0 0.993962 0.109721
1092.700000000 -0.696452 -9.71334 0 0 0 0.918978 0.394309
1093.300000000 -0.598734 -9.66147 0 0 0 0.764304 0.644856
1094.000000000 -0.444012 -9.53018 0 0 0 0.562092 0.827075
1095.300000000 0.106926 -9.03194 0 0 0 0.311659 0.950194
1097.400000000 0.657862 -8.28668 0 0 0 0.575081 0.818097
1098.400000000 0.604722 -8.03573 0 0 0 0.788529 0.614998
1099.300000000 0.425241 -7.93299 0 0 0 0.927516 0.373785
1100.800000000 -0.401039 -7.45294 0 0 0 0.954618 0.297831
1102.000000000 -0.696188 -7.08262 0 0 0 0.840365 0.54202
1102.800000000 -0.562471 -7.05918 0 0 0 0.613459 0.789727
1103.500000000 -0.462194 -7.12557 0 0 0 0.353775 0.93533
1104.900000000 0.197567 -6.88341 0 0 0 0.127404 0.991851
1106.200000000 0.718058 -6.94109 0 0 0 -0.18874 0.982027
1106.900000000 0.667492 -7.03157 0 0 0 -0.498703 0.866773
1107.400000000 0.585968 -7.12164 0 0 0 -0.683827 0.729644
1108.400000000 0.355326 -7.46535 0 0 0 -0.870309 0.492506
1109.900000000 -0.10098 -8.3478 0 0 0 -0.817874 0.575397
1111.200000000 -0.179442 -9.24909 0 0 0 -0.706566 0.707647
1112.900000000 -0.50623 -10.2423 0 0 0 -0.871491 0.490411
1114.400000000 -1.2471 -10.8178 0 0 0 -0.971557 0.236807
1115.900000000 -2.21851 -11.0122 0 0 0 -0.999062 0.0432984
1117.200000000 -3.11321 -10.9635 0 0 0 0.998242 0.0592654
1118.600000000 -4.13902 -10.7361 0 0 0 0.991892 0.127086
1119.900000000 -5.09032 -10.5232 0 0 0 0.996378 0.0850353
1121.200000000 -5.97411 -10.4031 0 0 0 0.999855 0.0170423
1123.600000000 -6.98003 -10.452 0 0 0 -0.999618 0.0276245
1127.600000000 -7.95243 -10.5261 0 0 0 -0.999538 0.0304017
1130.600000000 -8.89812 -10.5506 0 0 0 -0.999975 0.00708966
1134.400000000 -9.90115 -10.5588 0 0 0 -1 0.000919816
1137.500000000 -10.8903 -10.5614 0 0 0 -1 0.000740745
1138.900000000 -11.9224 -10.5622 0 0 0 -1 0.000618098
1140.200000000 -12.8548 -10.4736 0 0 0 0.993095 0.117314
1141.700000000 -13.7374 -9.91173 0 0 0 0.946755 0.321954
1143.000000000 -14.4568 -9.25406 0 0 0 0.909911 0.414804
1144.400000000 -15.0319 -8.36339 0 0 0 0.848147 0.529761
1145.800000000 -15.2256 -7.33578 0 0 0 0.762222 0.647316
1147.100000000 -15.4108 -6.38085 0 0 0 0.774869 0.632122
1148.000000000 -15.5835 -6.26027 0 0 0 0.944665 0.328036
1148.700000000 -15.691 -6.37352 0 0 0 0.999932 0.0116494
1149.400000000 -15.8799 -6.51635 0 0 0 -0.973882 0.227056
1150.900000000 -16.5627 -7.24808 0 0 0 -0.909369 0.41599
1152.300000000 -17.2659 -8.03653 0 0 0 -0.921063 0.389413
1153.600000000 -17.9763 -8.70057 0 0 0 -0.930915 0.365235
1154.900000000 -18.5414 -9.48879 0 0 0 -0.866484 0.499204
1156.100000000 -18.7984 -10.3173 0 0 0 -0.778118 0.628118
1157.400000000 -18.8357 -11.2845 0 0 0 -0.689668 0.724126
1158.600000000 -18.782 -12.1833 0 0 0 -0.669527 0.742788
1160.100000000 -18.6774 -13.3005 0 0 0 -0.675075 0.737749
1161.300000000 -18.5934 -14.2071 0 0 0 -0.710176 0.704024
1162.700000000 -18.6187 -15.2609 0 0 0 -0.71867 0.695352
1163.900000000 -18.6602 -16.1634 0 0 0 -0.723771 0.69004
1165.300000000 -18.6336 -17.1755 0 0 0 -0.671702 0.740821
1165.900000000 -18.5601 -17.1942 0 0 0 -0.449039 0.893512
1166.600000000 -18.4606 -17.0972 0 0 0 -0.127072 0.991893
1167.700000000 -17.8601 -16.9963 0 0 0 0.112222 0.993683
1169.000000000 -16.8902 -16.8284 0 0 0 0.058293 0.9983
1170.300000000 -15.9177 -16.7699 0 0 0 0.0243406 0.999704
1171.200000000 -15.7623 -16.9038 0 0 0 -0.320729 0.947171
1171.800000000 -15.8495 -16.9802 0 0 0 -0.582527 0.812811
1172.300000000 -15.9406 -16.9991 0 0 0 -0.763219 0.64614
1173.100000000 -16.1237 -17.0551 0 0 0 -0.932119 0.362151
1174.100000000 -16.5707 -17.1021 0 0 0 -0.996443 0.0842645
1175.500000000 -17.5859 -17.0685 0 0 0 0.99865 0.0519486
1176.800000000 -18.5347 -16.8501 0 0 0 0.993107 0.117214
1178.200000000 -19.5779 -16.791 0 0 0 -0.999888 0.0149413
1179.400000000 -20.4672 -16.9122 0 0 0 -0.997368 0.0725078
1180.600000000 -21.3584 -17.0108 0 0 0 -0.999192 0.0401808
1182.200000000 -22.0209 -16.9054 0 0 0 0.950544 0.31059
1182.800000000 -21.9327 -16.8283 0 0 0 0.818999 0.573795
1183.300000000 -21.8157 -16.813 0 0 0 0.655622 0.755089
1184.000000000 -21.7348 -16.8446 0 0 0 0.359286 0.933227
1184.500000000 -21.6626 -16.9565 0 0 0 0.130079 0.991504
1185.200000000 -21.5541 -17.0375 0 0 0 -0.156701 0.987646
1186.400000000 -21.153 -17.505 0 0 0 -0.440522 0.897742
1187.800000000 -20.8999 -18.3096 0 0 0 -0.667987 0.744173
1189.000000000 -20.845 -19.2153 0 0 0 -0.677516 0.735508
1190.400000000 -20.7605 -20.2633 0 0 0 -0.680687 0.732575
1191.600000000 -20.7473 -21.1583 0 0 0 -0.709682 0.704522
1193.000000000 -20.7736 -22.214 0 0 0 -0.717052 0.69702
1194.300000000 -20.7998 -23.187 0 0 0 -0.714808 0.699321
1195.600000000 -20.7862 -24.1265 0 0 0 -0.720756 0.693189
1196.800000000 -20.9841 -25.0739 0 0 0 -0.762674 0.646783
1198.200000000 -21.1219 -26.1178 0 0 0 -0.740434 0.672129
1199.800000000 -21.0178 -27.0995 0 0 0 -0.601042 0.799218
1201.200000000 -20.4877 -27.8939 0 0 0 -0.400962 0.916095
1202.500000000 -19.7846 -28.5685 0 0 0 -0.370982 0.92864
1203.900000000 -19.0331 -29.2948 0 0 0 -0.381905 0.924202
1205.200000000 -18.3488 -29.9781 0 0 0 -0.391166 0.92032
1206.500000000 -17.6218 -30.6377 0 0 0 -0.341911 0.939732
1208.400000000 -17.0028 -31.2569 0 0 0 -0.617001 0.786962
1208.900000000 -17.1001 -31.2703 0 0 0 -0.789235 0.614092
1209.500000000 -17.2051 -31.2182 0 0 0 -0.933788 0.357826
1210.300000000 -17.4579 -31.1402 0 0 0 -0.996401 0.084765
1211.700000000 -18.4489 -31.0727 0 0 0 0.994456 0.10515
1213.100000000 -19.4724 -30.8336 0 0 0 0.995329 0.09654
1214.500000000 -20.5216 -30.7574 0 0 0 1 4.76107e-05
1215.900000000 -21.5529 -30.8652 0 0 0 -0.995833 0.0911908
1217.300000000 -22.5491 -30.7618 0 0 0 0.994762 0.102214
1218.500000000 -23.4247 -30.5647 0 0 0 0.99551 0.0946615
1219.900000000 -24.4603 -30.4377 0 0 0 0.998728 0.0504254
1221.200000000 -25.4423 -30.3871 0 0 0 0.999967 0.0080739
1222.500000000 -26.4148 -30.4293 0 0 0 -0.999285 0.0378218
1224.000000000 -27.1347 -30.7279 0 0 0 -0.928499 0.371335
1224.600000000 -27.0316 -30.7874 0 0 0 -0.778444 0.627714
1225.200000000 -26.9141 -30.7665 0 0 0 -0.558145 0.829744
1225.700000000 -26.8194 -30.7391 0 0 0 -0.351691 0.936116
1226.400000000 -26.6785 -30.6857 0 0 0 -0.0637377 0.997967
1227.800000000 -25.7078 -30.5375 0 0 0 0.0948581 0.995491
1229.300000000 -24.6463 -30.2442 0 0 0 0.145284 0.98939
1230.600000000 -24.0767 -29.9474 0 0 0 0.405791 0.913966
1231.400000000 -24.1467 -29.7379 0 0 0 0.677616 0.735416
1232.900000000 -24.3615 -28.732 0 0 0 0.797565 0.603233
1234.100000000 -24.6772 -27.897 0 0 0 0.848681 0.528906
1235.500000000 -25.3336 -27.0638 0 0 0 0.923095 0.384572
1236.700000000 -25.9843 -26.4719 0 0 0 0.927411 0.374044
1238.100000000 -26.7362 -25.7152 0 0 0 0.923327 0.384015
1239.500000000 -27.4696 -24.9601 0 0 0 0.923563 0.383447
1240.800000000 -28.2008 -24.3173 0 0 0 0.940712 0.339207
1242.200000000 -28.8762 -23.6377 0 0 0 0.88773 0.460365
1243.700000000 -29.1698 -22.6688 0 0 0 0.75226 0.658867
1245.100000000 -29.0921 -21.6222 0 0 0 0.662202 0.749325
1246.400000000 -28.9243 -20.6804 0 0 0 0.609548 0.792749
1247.200000000 -28.7642 -20.6449 0 0 0 0.309506 0.950897
1247.700000000 -28.7166 -20.7323 0 0 0 0.0681788 0.997673
1248.400000000 -28.7352 -20.8472 0 0 0 -0.272566 0.962137
1249.100000000 -28.818 -20.9405 0 0 0 -0.582575 0.812777
1249.600000000 -28.9149 -20.9797 0 0 0 -0.75554 0.655103
1250.700000000 -29.2374 -21.402 0 0 0 -0.9096 0.415486
1252.100000000 -30.0621 -22.05 0 0 0 -0.959117 0.283011
1253.500000000 -30.7105 -22.7197 0 0 0 -0.881228 0.472691
1255.100000000 -30.9442 -23.7861 0 0 0 -0.74057 0.67198
1256.400000000 -30.8801 -24.7565 0 0 0 -0.659383 0.751807
1258.000000000 -30.7666 -25.9519 0 0 0 -0.684788 0.728743
1259.300000000 -30.8648 -26.4904 0 0 0 -0.879152 0.476541
1259.800000000 -30.9448 -26.4178 0 0 0 -0.968424 0.249308
1260.400000000 -30.9788 -26.3175 0 0 0 0.999059 0.0433832
1261.100000000 -30.9336 -26.196 0 0 0 0.925809 0.377991
1261.700000000 -30.8265 -26.1096 0 0 0 0.785247 0.619183
1262.500000000 -30.7155 -25.9929 0 0 0 0.535776 0.84436
1264.100000000 -29.9364 -25.3048 0 0 0 0.280667 0.959805
1265.600000000 -29.1127 -24.7169 0 0 0 0.390926 0.920422
1267.000000000 -28.7826 -23.9117 0 0 0 0.616626 0.787256
1268.400000000 -28.7858 -22.8871 0 0 0 0.746407 0.665489
1271.100000000 -28.9366 -21.9768 0 0 0 0.753759 0.657151
1274.700000000 -29.007 -21.0475 0 0 0 0.726957 0.686683
1278.400000000 -29.0284 -20.0796 0 0 0 0.711977 0.702202
1279.900000000 -29.0014 -19.0159 0 0 0 0.694145 0.719835
1281.900000000 -28.9883 -17.9617 0 0 0 0.704527 0.709678
1285.800000000 -29.0581 -16.9684 0 0 0 0.775214 0.631699
1287.200000000 -29.4979 -16.0668 0 0 0 0.879196 0.47646
1288.500000000 -30.172 -15.3545 0 0 0 0.936552 0.35053
1289.800000000 -30.9106 -14.7472 0 0 0 0.926195 0.377046
1291.000000000 -31.5469 -14.1058 0 0 0 0.922209 0.386692
1292.300000000 -32.2293 -13.3905 0 0 0 0.924585 0.380976
1294.000000000 -33.0858 -12.4169 0 0 0 0.908179 0.418582
1295.300000000 -33.6416 -11.631 0 0 0 0.874377 0.485248
1296.600000000 -34.07 -10.7564 0 0 0 0.833979 0.551796
1297.900000000 -34.3446 -9.81655 0 0 0 0.787913 0.615787
1299.200000000 -34.4576 -8.85364 0 0 0 0.735622 0.677393
1301.000000000 -34.526 -7.8805 0 0 0 0.778043 0.628211
1302.600000000 -35.1321 -7.05769 0 0 0 0.911798 0.410638
1303.900000000 -35.8072 -6.31484 0 0 0 0.927862 0.372923
1305.100000000 -36.4531 -5.68307 0 0 0 0.926124 0.377219
1306.500000000 -37.1688 -4.93466 0 0 0 0.89966 0.436591
1308.000000000 -37.4173 -4.02224 0 0 0 0.747241 0.664553
1309.400000000 -37.289 -3.0088 0 0 0 0.625618 0.78013
1310.800000000 -37.1108 -1.98075 0 0 0 0.668411 0.743792
1312.200000000 -37.1267 -0.928295 0 0 0 0.734653 0.678443
1313.100000000 -37.0093 -0.824944 0 0 0 0.454383 0.890806
1313.600000000 -36.9318 -0.880927 0 0 0 0.231742 0.972777
1314.300000000 -36.7582 -0.990396 0 0 0 -0.0368709 0.99932
1315.900000000 -35.8373 -1.3846 0 0 0 -0.146329 0.989236
1317.300000000 -35.0403 -1.28814 0 0 0 0.152015 0.988378
1324.400000000 -34.3003 -0.696883 0 0 0 0.410783 0.911733
1325.900000000 -33.915 0.228954 0 0 0 0.612598 0.790395
1327.600000000 -33.8352 1.30114 0 0 0 0.720453 0.693504
1328.900000000 -33.9887 2.32102 0 0 0 0.769295 0.638893
1330.300000000 -34.2234 3.34937 0 0 0 0.784659 0.619928
1331.600000000 -34.3879 4.31593 0 0 0 0.753426 0.657533
1333.400000000 -34.4314 5.24787 0 0 0 0.715471 0.698642
1337.000000000 -34.4166 6.19145 0 0 0 0.695182 0.718833
1340.800000000 -34.3973 7.14924 0 0 0 0.702789 0.711398
1344.900000000 -34.3669 8.08681 0 0 0 0.692079 0.721821
1347.400000000 -34.3438 9.05902 0 0 0 0.702366 0.711816
1348.700000000 -34.3577 10.0334 0 0 0 0.713099 0.701063
1350.100000000 -34.3509 11.0777 0 0 0 0.705987 0.708225
1351.400000000 -34.353 12.062 0 0 0 0.704304 0.709899
1352.700000000 -34.356 13.0488 0 0 0 0.707626 0.706587
1353.900000000 -34.4705 13.0799 0 0 0 0.888031 0.459783
1354.700000000 -34.5398 12.982 0 0 0 0.986703 0.162533
1355.300000000 -34.5438 12.8632 0 0 0 -0.990669 0.136291
1355.600000000 -34.5049 12.8747 0 0 0 -0.954206 0.299151
1356.600000000 -34.2752 12.6615 0 0 0 -0.708241 0.705971
1358.500000000 -34.0297 11.6524 0 0 0 -0.716291 0.697801
1359.300000000 -34.1437 11.5423 0 0 0 -0.877444 0.479679
1360.100000000 -34.301 11.6289 0 0 0 -0.985198 0.171421
1361.000000000 -34.4703 11.8142 0 0 0 0.992414 0.122938
1362.500000000 -34.9188 12.169 0 0 0 0.903334 0.428937
1363.100000000 -34.7944 12.1904 0 0 0 0.741089 0.671406
1363.700000000 -34.6818 12.1808 0 0 0 0.513117 0.858319
1364.400000000 -34.6072 12.1384 0 0 0 0.189819 0.981819
1364.900000000 -34.6105 11.9899 0 0 0 -0.0538572 0.998549
1365.500000000 -34.6302 11.9304 0 0 0 -0.343887 0.939011
1366.100000000 -34.7139 11.8877 0 0 0 -0.60233 0.798248
1366.800000000 -34.8544 11.7275 0 0 0 -0.801768 0.597635
1368.200000000 -35.3807 11.0896 0 0 0 -0.937052 0.349189
1369.100000000 -35.6407 10.9775 0 0 0 -0.998104 0.0615535
1369.800000000 -35.6716 11.1456 0 0 0 0.961012 0.276505
1370.600000000 -35.5565 11.23 0 0 0 0.781918 0.623381
1371.200000000 -35.4406 11.2306 0 0 0 0.566607 0.823988
1371.800000000 -35.3393 11.159 0 0 0 0.30218 0.953251
1372.400000000 -35.3104 11.0856 0 0 0 0.0113371 0.999936
1373.100000000 -35.2783 10.979 0 0 0 -0.252837 0.967509
1373.700000000 -35.2681 10.7836 0 0 0 -0.466964 0.884276
1374.600000000 -35.1873 10.5302 0 0 0 -0.741616 0.670824
1376.000000000 -35.3502 9.51803 0 0 0 -0.743116 0.669162
1378.000000000 -35.2341 8.49122 0 0 0 -0.549682 0.835374
1379.200000000 -34.9485 8.20521 0 0 0 -0.272294 0.962214
1380.000000000 -34.545 8.226 0 0 0 -0.0462837 0.998928
1381.500000000 -33.5733 8.46232 0 0 0 0.152775 0.988261
1383.300000000 -32.6389 8.75429 0 0 0 0.072196 0.99739
1384.900000000 -32.1921 8.5677 0 0 0 -0.194362 0.98093
