0.200000000 0.2 0 0 0 0 0 1
6.400000000 0.981234 -0.121188 0 0 0 -0.342899 0.939372
7.100000000 0.858423 -0.188704 0 0 0 -0.64442 0.764671
7.700000000 0.744584 -0.17068 0 0 0 -0.841301 0.540567
8.300000000 0.659492 -0.0836556 0 0 0 -0.963465 0.267834
8.800000000 0.630802 0.0129052 0 0 0 -0.999761 0.021846
9.500000000 0.675083 0.0748495 0 0 0 0.946516 0.322656
10.100000000 0.772516 0.161963 0 0 0 0.808649 0.588292
10.600000000 0.876409 0.183641 0 0 0 0.638076 0.769974
11.300000000 0.980157 0.130384 0 0 0 0.334492 0.942399
11.900000000 1.02424 0.0154364 0 0 0 0.0415372 0.999137
12.600000000 0.987664 -0.113826 0 0 0 -0.30366 0.95278
15.400000000 1.1622 -0.0997462 0 0 0 -0.0418866 0.999122
16.000000000 1.14767 0.00965039 0 0 0 0.255468 0.966818
16.700000000 1.03951 0.0908706 0 0 0 0.572057 0.820214
17.300000000 0.918296 0.0745567 0 0 0 0.788435 0.615118
18.300000000 0.568686 0.327979 0 0 0 0.930623 0.365979
19.500000000 -0.12814 0.916908 0 0 0 0.941912 0.335858
20.900000000 -0.869166 1.68257 0 0 0 0.912601 0.408852
22.200000000 -1.42527 2.4625 0 0 0 0.877093 0.480321
23.500000000 -1.88209 3.34015 0 0 0 0.84077 0.541392
24.800000000 -2.21684 4.26714 0 0 0 0.811029 0.585005
26.000000000 -2.50724 5.11544 0 0 0 0.820913 0.571053
27.400000000 -2.87431 6.09894 0 0 0 0.810911 0.58517
28.500000000 -2.85383 6.46469 0 0 0 0.569547 0.821959
29.100000000 -2.77928 6.42292 0 0 0 0.305535 0.952181
29.800000000 -2.60608 6.31129 0 0 0 0.0323438 0.999477
30.600000000 -2.36358 6.16382 0 0 0 -0.236291 0.971682
31.900000000 -1.6638 5.58655 0 0 0 -0.348971 0.937134
33.400000000 -0.71405 5.08059 0 0 0 -0.164451 0.986385
34.400000000 -0.435309 5.12772 0 0 0 0.18868 0.982039
34.900000000 -0.491981 5.21065 0 0 0 0.425155 0.905121
35.600000000 -0.598597 5.34812 0 0 0 0.681046 0.732241
36.400000000 -0.752859 5.54464 0 0 0 0.854226 0.519901
37.900000000 -1.46776 6.2974 0 0 0 0.925266 0.379319
39.200000000 -2.04741 7.06595 0 0 0 0.867151 0.498045
40.600000000 -2.3331 8.03374 0 0 0 0.758623 0.65153
42.200000000 -2.28357 8.96551 0 0 0 0.684413 0.729094
45.400000000 -2.21086 9.92599 0 0 0 0.679479 0.733695
49.400000000 -2.17722 10.9089 0 0 0 0.698296 0.715809
53.100000000 -2.16755 11.8661 0 0 0 0.705231 0.708978
56.900000000 -2.16332 12.8505 0 0 0 0.705528 0.708682
60.700000000 -2.1589 13.7853 0 0 0 0.70548 0.70873
65.100000000 -2.15441 14.7748 0 0 0 0.705431 0.708778
68.300000000 -2.14978 15.7495 0 0 0 0.705414 0.708795
69.800000000 -2.23105 16.7753 0 0 0 0.767666 0.640851
71.300000000 -2.72156 17.6401 0 0 0 0.900676 0.434491
72.600000000 -3.40031 18.3388 0 0 0 0.927568 0.373655
73.900000000 -4.0675 19.0039 0 0 0 0.911061 0.412272
74.600000000 -3.9898 19.1188 0 0 0 0.741274 0.671202
75.300000000 -3.87086 19.2758 0 0 0 0.540347 0.841442
76.800000000 -3.17461 19.9977 0 0 0 0.361867 0.93223
78.000000000 -2.5174 20.6063 0 0 0 0.366656 0.930356
79.600000000 -1.77397 21.2525 0 0 0 0.322487 0.946574
80.800000000 -1.47791 21.7045 0 0 0 0.591632 0.806208
81.800000000 -1.62045 22.1765 0 0 0 0.779544 0.626348
83.100000000 -2.00274 22.9827 0 0 0 0.852629 0.522516
84.500000000 -2.35334 23.9605 0 0 0 0.777803 0.628509
86.200000000 -2.31431 24.9369 0 0 0 0.673339 0.739334
89.600000000 -2.25309 25.8362 0 0 0 0.67421 0.73854
94.100000000 -2.18671 26.8001 0 0 0 0.690205 0.723614
97.500000000 -2.15688 27.7227 0 0 0 0.7019 0.712276
99.100000000 -2.26083 28.8077 0 0 0 0.790056 0.613035
100.500000000 -2.75034 29.6707 0 0 0 0.896735 0.442569
101.800000000 -3.44209 30.3488 0 0 0 0.932939 0.360034
103.200000000 -4.18125 31.0967 0 0 0 0.912679 0.408676
104.300000000 -4.27933 31.4634 0 0 0 0.725622 0.688094
105.100000000 -4.13791 31.7213 0 0 0 0.527424 0.849602
106.600000000 -3.34103 32.4111 0 0 0 0.359454 0.933163
107.900000000 -2.64982 33.0876 0 0 0 0.380897 0.924617
109.200000000 -2.0408 33.8053 0 0 0 0.409971 0.912099
110.600000000 -1.72808 34.5302 0 0 0 0.645977 0.763357
112.200000000 -1.97268 35.5322 0 0 0 0.814551 0.580091
113.500000000 -2.19988 36.4782 0 0 0 0.764664 0.644429
115.000000000 -2.28888 37.4456 0 0 0 0.723462 0.690364
117.600000000 -2.27013 38.4813 0 0 0 0.693643 0.720319
119.000000000 -2.20762 39.5223 0 0 0 0.68007 0.733147
120.300000000 -2.20089 40.4825 0 0 0 0.755136 0.655569
121.600000000 -2.52753 41.3919 0 0 0 0.846075 0.533064
122.500000000 -2.75628 41.5232 0 0 0 0.970907 0.239459
123.200000000 -2.87043 41.4449 0 0 0 -0.998306 0.0581793
123.800000000 -2.8737 41.34 0 0 0 -0.944269 0.329175
124.400000000 -2.77511 41.2633 0 0 0 -0.804798 0.593549
125.100000000 -2.67648 41.2733 0 0 0 -0.553418 0.832904
125.600000000 -2.59477 41.3396 0 0 0 -0.330738 0.943722
126.300000000 -2.5498 41.4392 0 0 0 0.0135304 0.999908
126.900000000 -2.53325 41.4485 0 0 0 0.270387 0.962752
127.600000000 -2.4184 41.7996 0 0 0 0.483442 0.875377
129.100000000 -2.11526 42.8195 0 0 0 0.644424 0.764669
130.500000000 -2.0995 43.8655 0 0 0 0.726515 0.687151
131.800000000 -2.18025 44.8251 0 0 0 0.750882 0.660437
133.100000000 -2.26382 45.7949 0 0 0 0.732583 0.680677
134.400000000 -2.31717 46.7821 0 0 0 0.708705 0.705505
135.800000000 -2.30234 47.8337 0 0 0 0.698941 0.71518
137.100000000 -2.2761 48.8052 0 0 0 0.700225 0.713922
138.500000000 -2.26336 49.856 0 0 0 0.706832 0.707382
139.800000000 -2.26175 50.8287 0 0 0 0.706866 0.707347
141.200000000 -2.27916 51.8825 0 0 0 0.722718 0.691143
142.500000000 -2.45419 52.8403 0 0 0 0.783993 0.620769
143.800000000 -2.76074 53.771 0 0 0 0.809727 0.586806
145.100000000 -2.9315 54.7109 0 0 0 0.752568 0.658515
146.400000000 -2.88152 55.6802 0 0 0 0.677147 0.735848
147.400000000 -2.76462 55.9916 0 0 0 0.415613 0.909542
148.000000000 -2.70454 55.8977 0 0 0 0.132694 0.991157
148.600000000 -2.69485 55.7622 0 0 0 -0.161941 0.9868
149.300000000 -2.75535 55.7117 0 0 0 -0.486988 0.873409
149.800000000 -2.84679 55.6329 0 0 0 -0.666274 0.745707
150.500000000 -2.97661 55.5342 0 0 0 -0.851655 0.524103
152.000000000 -3.70515 54.8166 0 0 0 -0.938421 0.345494
153.400000000 -4.28064 54.5223 0 0 0 -0.999382 0.0351594
154.000000000 -4.25834 54.6093 0 0 0 0.966267 0.257544
154.600000000 -4.17952 54.6965 0 0 0 0.849487 0.52761
155.300000000 -4.06548 54.7254 0 0 0 0.620282 0.784379
156.300000000 -3.65592 55.0896 0 0 0 0.41255 0.910935
157.700000000 -2.94196 55.7546 0 0 0 0.354648 0.935
159.000000000 -2.25084 56.4511 0 0 0 0.38439 0.923171
160.400000000 -1.50803 57.1865 0 0 0 0.379474 0.925202
161.700000000 -0.735897 57.7829 0 0 0 0.280344 0.9599
163.100000000 0.224532 58.1121 0 0 0 0.0953919 0.99544
164.800000000 1.16213 58.1222 0 0 0 -0.0246149 0.999697
168.200000000 2.09861 58.0665 0 0 0 -0.0343967 0.999408
172.700000000 3.08255 58.0024 0 0 0 -0.0249687 0.999688
176.200000000 4.08383 57.9819 0 0 0 -0.00731585 0.999973
178.000000000 5.01568 58.3308 0 0 0 0.278142 0.96054
179.400000000 5.62066 59.0566 0 0 0 0.487428 0.873163
180.400000000 5.62222 59.3428 0 0 0 0.758278 0.651932
181.000000000 5.51582 59.2914 0 0 0 0.917074 0.398718
181.600000000 5.46706 59.1888 0 0 0 0.993944 0.109892
182.200000000 5.46647 59.071 0 0 0 -0.982025 0.188749
182.800000000 5.55791 58.9688 0 0 0 -0.882675 0.469983
183.500000000 5.65116 58.9747 0 0 0 -0.666254 0.745725
184.300000000 5.86681 58.741 0 0 0 -0.447449 0.894309
185.700000000 6.64913 58.2637 0 0 0 -0.22053 0.97538
187.100000000 7.62431 57.912 0 0 0 -0.106128 0.994353
189.200000000 8.55087 57.8209 0 0 0 -0.0157209 0.999876
191.900000000 9.58411 57.8905 0 0 0 0.0492285 0.998788
193.200000000 10.5542 57.9871 0 0 0 0.0400568 0.999197
195.900000000 11.4695 58.03 0 0 0 0.0141868 0.999899
200.200000000 12.4038 58.0336 0 0 0 -0.0134834 0.999909
204.700000000 13.3772 58.0072 0 0 0 -0.00995629 0.99995
209.100000000 14.3422 57.9972 0 0 0 -0.00375577 0.999993
213.300000000 15.3353 57.9797 0 0 0 -0.00376245 0.999993
216.900000000 16.2896 57.9721 0 0 0 -0.00376913 0.999993
220.600000000 17.2615 57.9644 0 0 0 -0.00377784 0.999993
222.400000000 17.6833 58.0744 0 0 0 0.255938 0.966693
223.100000000 17.6694 58.1956 0 0 0 0.544793 0.838571
224.300000000 17.617 58.8731 0 0 0 0.714686 0.699446
225.500000000 17.4864 59.2607 0 0 0 0.90652 0.422163
226.100000000 17.4125 59.1714 0 0 0 0.990794 0.13538
226.700000000 17.4159 59.0634 0 0 0 -0.986549 0.163465
227.300000000 17.4854 58.9777 0 0 0 -0.894194 0.447679
227.900000000 17.4728 58.98 0 0 0 -0.737204 0.675671
228.600000000 17.6848 58.8155 0 0 0 -0.541864 0.840466
230.100000000 18.3708 58.0543 0 0 0 -0.347655 0.937622
231.400000000 19.1128 57.4989 0 0 0 -0.348724 0.937226
233.100000000 19.7957 56.8458 0 0 0 -0.378587 0.925566
236.400000000 20.4755 56.0964 0 0 0 -0.382052 0.924141
240.300000000 21.1518 55.4044 0 0 0 -0.403744 0.914872
242.900000000 21.7162 54.5828 0 0 0 -0.522078 0.852898
244.600000000 21.9931 53.5849 0 0 0 -0.644709 0.764428
248.200000000 22.021 52.6511 0 0 0 -0.713025 0.701138
252.300000000 21.9508 51.6741 0 0 0 -0.73921 0.673475
256.600000000 21.8561 50.6888 0 0 0 -0.73344 0.679754
261.500000000 21.7363 49.8031 0 0 0 -0.65801 0.753009
262.900000000 22.3223 48.9724 0 0 0 -0.44797 0.894049
264.200000000 22.9743 48.2564 0 0 0 -0.394479 0.918905
265.600000000 23.5984 47.418 0 0 0 -0.516178 0.856481
267.200000000 23.6879 46.6889 0 0 0 -0.741579 0.670865
268.300000000 23.3735 46.2229 0 0 0 -0.889521 0.456894
269.800000000 22.5724 45.4654 0 0 0 -0.939858 0.341565
271.100000000 21.8433 44.8269 0 0 0 -0.927694 0.37334
272.400000000 21.1629 44.1294 0 0 0 -0.922213 0.386683
273.800000000 20.4221 43.4025 0 0 0 -0.924293 0.381685
275.100000000 19.6775 42.7826 0 0 0 -0.943016 0.332747
276.400000000 19.06 42.0876 0 0 0 -0.893123 0.449812
278.000000000 18.8045 41.1036 0 0 0 -0.738033 0.674765
280.100000000 18.8859 40.1055 0 0 0 -0.681135 0.732158
281.500000000 18.7809 39.1552 0 0 0 -0.780682 0.624929
283.600000000 18.2465 38.298 0 0 0 -0.897397 0.441224
287.800000000 17.579 37.564 0 0 0 -0.91771 0.397251
292.100000000 16.8914 36.8639 0 0 0 -0.923342 0.383978
295.900000000 16.2069 36.1681 0 0 0 -0.923689 0.383144
297.600000000 16.0833 35.7943 0 0 0 -0.749902 0.661549
298.400000000 16.2197 35.6225 0 0 0 -0.525828 0.850591
300.000000000 17.0111 34.9118 0 0 0 -0.333542 0.942735
301.500000000 17.6823 34.3215 0 0 0 -0.35862 0.933484
305.300000000 18.4194 33.6824 0 0 0 -0.358616 0.933485
310.200000000 19.1282 33.0109 0 0 0 -0.37723 0.926119
315.000000000 19.8055 32.3378 0 0 0 -0.382123 0.924111
319.200000000 20.4868 31.6584 0 0 0 -0.382123 0.924112
321.600000000 20.9041 31.4416 0 0 0 -0.0497952 0.998759
322.400000000 21.0872 31.6063 0 0 0 0.249431 0.968393
324.000000000 21.7704 32.4167 0 0 0 0.433615 0.901098
325.200000000 22.3719 33.0655 0 0 0 0.372122 0.928184
326.700000000 23.2596 33.6141 0 0 0 0.181844 0.983327
328.600000000 24.3004 33.6593 0 0 0 0.0241854 0.999707
332.800000000 25.174 33.6549 0 0 0 -0.0295812 0.999562
337.300000000 26.1159 33.5864 0 0 0 -0.0388329 0.999246
341.600000000 27.1012 33.5339 0 0 0 -0.0302613 0.999542
345.400000000 28.0533 33.6096 0 0 0 0.158974 0.987283
347.000000000 28.862 34.2573 0 0 0 0.365596 0.930774
348.900000000 29.5876 34.9348 0 0 0 0.385798 0.922583
352.800000000 30.2352 35.5821 0 0 0 0.382024 0.924153
357.500000000 30.9282 36.2737 0 0 0 0.382021 0.924154
361.600000000 31.6209 36.9652 0 0 0 0.382018 0.924155
365.400000000 32.3191 37.6617 0 0 0 0.382015 0.924156
369.400000000 32.9786 38.3315 0 0 0 0.3839 0.923375
373.200000000 33.6098 39.071 0 0 0 0.444657 0.895701
374.500000000 34.06 39.9241 0 0 0 0.552652 0.833412
375.600000000 34.0442 40.4472 0 0 0 0.781687 0.623671
376.800000000 33.6214 40.9514 0 0 0 0.914824 0.403852
378.000000000 32.8975 41.4609 0 0 0 0.965961 0.258686
379.500000000 31.8998 41.8189 0 0 0 0.993638 0.112618
381.000000000 30.9916 41.9426 0 0 0 0.994159 0.107926
381.600000000 31.026 42.0616 0 0 0 0.923624 0.383299
382.200000000 31.1238 42.0881 0 0 0 0.771813 0.63585
383.400000000 31.3202 42.5466 0 0 0 0.502626 0.864504
384.900000000 32.0695 43.2744 0 0 0 0.342914 0.939367
386.200000000 32.7951 43.9334 0 0 0 0.369991 0.929035
387.400000000 33.4415 44.553 0 0 0 0.404896 0.914363
388.800000000 34.0617 45.4256 0 0 0 0.520621 0.853788
390.100000000 34.2667 46.3421 0 0 0 0.658736 0.752374
391.400000000 34.258 47.3285 0 0 0 0.734725 0.678365
392.700000000 34.1483 48.3068 0 0 0 0.741151 0.671338
394.000000000 34.0811 49.2772 0 0 0 0.719311 0.694689
395.400000000 34.0927 50.3302 0 0 0 0.701735 0.712438
396.700000000 34.0958 51.3033 0 0 0 0.70722 0.706994
398.000000000 34.0953 52.2759 0 0 0 0.707209 0.707004
399.400000000 34.268 53.2438 0 0 0 0.631456 0.775411
400.800000000 34.7284 53.9736 0 0 0 0.42006 0.907497
402.200000000 35.4928 54.697 0 0 0 0.367091 0.930185
403.500000000 36.1968 55.3718 0 0 0 0.379095 0.925358
404.800000000 36.8755 56.0709 0 0 0 0.388379 0.9215
405.700000000 36.9861 56.3588 0 0 0 0.629748 0.7768
406.400000000 36.8594 56.4578 0 0 0 0.829059 0.559161
408.000000000 36.0826 57.1882 0 0 0 0.9325 0.361169
409.300000000 35.278 57.7423 0 0 0 0.971091 0.238711
410.700000000 34.2799 58.0085 0 0 0 0.996274 0.08625
418.200000000 33.5688 57.8895 0 0 0 -0.980225 0.197885
419.700000000 32.7947 57.1876 0 0 0 -0.922246 0.386605
421.000000000 32.1018 56.5027 0 0 0 -0.933855 0.357652
422.300000000 31.268 55.9996 0 0 0 -0.97563 0.219424
423.800000000 30.327 55.7818 0 0 0 -0.998287 0.0584989
426.300000000 29.378 55.8374 0 0 0 0.999366 0.0356165
429.400000000 28.3576 55.9212 0 0 0 0.997778 0.0666229
432.600000000 27.4017 56.0048 0 0 0 0.999388 0.0349813
436.700000000 26.4467 56.0449 0 0 0 0.999945 0.0105048
441.600000000 25.4548 56.0557 0 0 0 0.999993 0.00382862
446.300000000 24.5115 56.0583 0 0 0 -0.999992 0.0039492
451.100000000 23.5571 56.0476 0 0 0 -0.999998 0.002178
455.800000000 22.5786 56.0492 0 0 0 1 0.000806775
460.600000000 21.6049 56.0506 0 0 0 1 0.000806794
465.400000000 20.5773 55.9973 0 0 0 -0.998789 0.0491941
466.000000000 20.5861 55.9867 0 0 0 -0.955693 0.294366
466.700000000 20.6792 55.9228 0 0 0 -0.825032 0.565087
467.500000000 20.8188 55.7382 0 0 0 -0.624939 0.780674
469.100000000 21.3349 54.8907 0 0 0 -0.415811 0.909451
470.400000000 22.0202 54.2211 0 0 0 -0.374501 0.927227
472.300000000 22.4432 53.6808 0 0 0 -0.651242 0.758871
473.000000000 22.3986 53.6735 0 0 0 -0.826907 0.562338
474.700000000 21.6842 52.8722 0 0 0 -0.871687 0.490064
475.500000000 21.7703 52.7651 0 0 0 -0.657501 0.753454
476.100000000 21.8673 52.7751 0 0 0 -0.405474 0.914107
476.700000000 21.9302 52.8494 0 0 0 -0.125665 0.992073
477.200000000 21.9643 52.9447 0 0 0 0.113124 0.993581
478.200000000 22.2261 53.2888 0 0 0 0.396912 0.917856
479.600000000 22.9209 54.0929 0 0 0 0.432905 0.90144
480.900000000 23.5304 54.8012 0 0 0 0.373828 0.927498
482.200000000 24.232 55.4668 0 0 0 0.374733 0.927133
483.600000000 24.9722 56.2054 0 0 0 0.383144 0.923689
484.900000000 25.7173 56.8767 0 0 0 0.348326 0.937373
486.200000000 26.4774 57.4409 0 0 0 0.287949 0.957646
487.600000000 27.4191 57.8828 0 0 0 0.167153 0.985931
489.200000000 28.4728 58.0007 0 0 0 0.0212315 0.999775
491.600000000 29.423 58.0213 0 0 0 -0.0312974 0.99951
495.600000000 30.3822 57.9459 0 0 0 -0.0355496 0.999368
499.800000000 31.3538 57.8774 0 0 0 -0.0194799 0.99981
504.300000000 32.3382 57.8563 0 0 0 -0.00517086 0.999987
508.700000000 33.2959 57.8439 0 0 0 -0.00225283 0.999997
513.500000000 34.2544 57.8396 0 0 0 -0.00399772 0.999992
518.300000000 35.2229 57.8318 0 0 0 -0.00399795 0.999992
523.100000000 36.2024 57.8239 0 0 0 -0.00399901 0.999992
528.000000000 37.1838 57.816 0 0 0 -0.00400082 0.999992
532.600000000 38.1148 57.8084 0 0 0 -0.00400269 0.999992
534.900000000 39.1817 57.7897 0 0 0 -0.00400382 0.999992
536.300000000 40.2337 57.8134 0 0 0 0.025176 0.999683
537.700000000 41.2869 57.8491 0 0 0 0.00668132 0.999978
539.000000000 42.2608 57.8402 0 0 0 -0.00185398 0.999998
540.300000000 43.2344 57.8367 0 0 0 -0.00199468 0.999998
541.500000000 43.6621 57.9556 0 0 0 0.310713 0.950504
542.000000000 43.587 58.0241 0 0 0 0.535663 0.844432
542.800000000 43.4579 58.1989 0 0 0 0.773137 0.634239
543.900000000 43.0923 58.5962 0 0 0 0.921315 0.388817
545.300000000 42.3138 59.1976 0 0 0 0.932291 0.361709
546.500000000 41.7544 59.9061 0 0 0 0.877939 0.478773
547.400000000 41.7625 60.1693 0 0 0 0.681604 0.731722
548.000000000 41.8746 60.1355 0 0 0 0.440647 0.89768
548.600000000 41.9597 60.0445 0 0 0 0.161919 0.986804
549.200000000 41.9884 59.9146 0 0 0 -0.117735 0.993045
550.200000000 42.2656 59.5734 0 0 0 -0.398155 0.917318
551.600000000 42.8546 58.7949 0 0 0 -0.422098 0.90655
552.900000000 43.5913 58.107 0 0 0 -0.331276 0.943534
554.300000000 44.5092 57.6998 0 0 0 -0.143301 0.989679
555.600000000 45.4749 57.6348 0 0 0 0.005656 0.999984
557.000000000 46.519 57.7559 0 0 0 0.0778349 0.996966
558.300000000 47.4884 57.8687 0 0 0 0.0388989 0.999243
559.600000000 48.4644 57.8672 0 0 0 -0.030769 0.999527
560.900000000 49.4362 57.7908 0 0 0 -0.0342661 0.999413
562.300000000 50.48 57.7847 0 0 0 0.00404553 0.999992
563.600000000 51.4537 57.7671 0 0 0 -0.00216417 0.999998
564.900000000 52.3992 57.7385 0 0 0 -0.0442305 0.999021
566.200000000 53.0421 57.3563 0 0 0 -0.31305 0.949737
567.500000000 53.7283 56.6799 0 0 0 -0.408239 0.912875
568.900000000 54.4431 55.9081 0 0 0 -0.395374 0.91852
570.100000000 55.0737 55.2609 0 0 0 -0.38427 0.923221
571.500000000 55.8218 54.5212 0 0 0 -0.379982 0.924994
572.800000000 56.5017 53.8234 0 0 0 -0.387124 0.922028
574.000000000 57.1243 53.1787 0 0 0 -0.401188 0.915996
575.400000000 57.7374 52.3345 0 0 0 -0.500731 0.865603
576.800000000 57.9921 51.3639 0 0 0 -0.636619 0.771179
577.700000000 58.2089 51.1441 0 0 0 -0.382404 0.923995
578.400000000 58.4242 51.144 0 0 0 -0.129797 0.991541
579.900000000 59.4598 51.0824 0 0 0 0.0192155 0.999815
580.600000000 59.4279 51.207 0 0 0 0.343066 0.939311
581.100000000 59.3484 51.2608 0 0 0 0.564283 0.825581
581.800000000 59.2213 51.2637 0 0 0 0.813162 0.582037
582.500000000 59.0683 51.2142 0 0 0 0.956775 0.29083
583.600000000 58.5202 51.3617 0 0 0 0.99945 0.033175
585.000000000 57.5384 51.1749 0 0 0 -0.996528 0.0832612
586.700000000 56.6463 50.838 0 0 0 -0.962245 0.272184
588.200000000 55.9341 50.143 0 0 0 -0.917141 0.398563
590.900000000 55.263 49.4288 0 0 0 -0.920644 0.390403
595.200000000 54.5836 48.7448 0 0 0 -0.923788 0.382905
599.700000000 53.9048 48.0651 0 0 0 -0.923783 0.382916
604.500000000 53.2136 47.3729 0 0 0 -0.92378 0.382924
609.100000000 52.5274 46.6857 0 0 0 -0.923767 0.382956
613.700000000 51.86 46.0171 0 0 0 -0.923755 0.382983
618.400000000 51.1842 45.34 0 0 0 -0.923745 0.383007
623.200000000 50.4896 44.6541 0 0 0 -0.923742 0.383015
628.000000000 49.7973 43.9605 0 0 0 -0.923738 0.383025
632.800000000 49.1149 43.2769 0 0 0 -0.923734 0.383035
637.600000000 48.4426 42.5932 0 0 0 -0.92373 0.383045
642.400000000 47.7652 41.9242 0 0 0 -0.923726 0.383055
646.900000000 47.0824 41.0037 0 0 0 -0.902892 0.429868
648.200000000 46.593 40.1539 0 0 0 -0.839472 0.543403
649.700000000 46.3108 39.2702 0 0 0 -0.757127 0.653268
651.900000000 46.2561 38.2778 0 0 0 -0.706687 0.707526
653.200000000 45.9904 37.3764 0 0 0 -0.82085 0.571144
654.600000000 45.7456 36.4263 0 0 0 -0.810999 0.585047
656.300000000 45.5166 35.4553 0 0 0 -0.725925 0.687774
658.700000000 45.7034 34.4607 0 0 0 -0.526985 0.849874
660.100000000 46.3754 33.7715 0 0 0 -0.330049 0.943964
661.500000000 47.3102 33.3279 0 0 0 -0.154319 0.988021
662.800000000 48.2791 33.2156 0 0 0 -0.0128403 0.999918
664.200000000 49.3271 33.3259 0 0 0 0.0579899 0.998317
665.400000000 50.2179 33.4045 0 0 0 0.0319453 0.99949
666.800000000 51.2716 33.4011 0 0 0 -0.00257871 0.999997
668.100000000 52.2453 33.4076 0 0 0 -0.0048993 0.999988
669.300000000 53.1491 33.3962 0 0 0 -0.00103484 0.999999
670.800000000 53.9366 33.0837 0 0 0 -0.287586 0.957755
672.200000000 54.6544 32.3116 0 0 0 -0.400915 0.916115
673.500000000 55.318 31.6302 0 0 0 -0.396935 0.917847
674.700000000 55.9385 30.9835 0 0 0 -0.384513 0.923119
676.100000000 56.6791 30.2363 0 0 0 -0.388219 0.921567
677.400000000 57.3127 29.5633 0 0 0 -0.44176 0.897133
678.700000000 57.731 28.6504 0 0 0 -0.569308 0.822124
680.100000000 57.9078 27.6891 0 0 0 -0.669813 0.74253
682.400000000 57.7926 26.8435 0 0 0 -0.872342 0.488896
683.100000000 57.5939 26.8303 0 0 0 -0.967327 0.253533
684.100000000 57.0685 26.7887 0 0 0 -0.999919 0.0127176
685.500000000 56.0704 26.9725 0 0 0 0.989552 0.144174
686.800000000 55.1292 27.14 0 0 0 0.999268 0.0382451
687.500000000 55.1192 27.1436 0 0 0 -0.958781 0.284147
688.100000000 55.1897 26.9678 0 0 0 -0.840609 0.541642
688.700000000 55.2677 26.9012 0 0 0 -0.668174 0.744005
689.500000000 55.4671 26.6197 0 0 0 -0.470954 0.882158
690.900000000 56.1847 25.8796 0 0 0 -0.412316 0.911041
692.300000000 56.6303 24.9787 0 0 0 -0.563959 0.825803
693.400000000 56.6304 24.4728 0 0 0 -0.776246 0.63043
694.600000000 56.2475 23.9305 0 0 0 -0.913584 0.40665
696.000000000 55.4781 23.2123 0 0 0 -0.928939 0.370234
697.600000000 54.8414 22.5983 0 0 0 -0.925538 0.378655
701.400000000 54.1754 21.9285 0 0 0 -0.92867 0.370906
704.500000000 53.3775 21.3517 0 0 0 -0.96182 0.273684
706.000000000 52.3081 21.0013 0 0 0 -0.992207 0.124603
708.000000000 51.3149 20.898 0 0 0 -0.999873 0.0159284
711.600000000 50.2792 20.8175 0 0 0 -0.989515 0.14443
713.000000000 49.5468 20.3061 0 0 0 -0.939391 0.342848
714.900000000 48.8484 19.575 0 0 0 -0.925032 0.379889
718.600000000 48.1827 18.9119 0 0 0 -0.924272 0.381735
723.000000000 47.504 18.2148 0 0 0 -0.915896 0.401415
727.600000000 46.8317 17.5085 0 0 0 -0.92197 0.387262
730.300000000 46.303 16.5894 0 0 0 -0.803455 0.595365
731.700000000 46.2692 15.5681 0 0 0 -0.683318 0.730121
733.000000000 46.4032 14.6019 0 0 0 -0.664536 0.747256
734.400000000 46.4474 13.5507 0 0 0 -0.710239 0.703961
735.900000000 46.1245 12.7306 0 0 0 -0.877563 0.479461
737.300000000 45.4105 12.074 0 0 0 -0.938237 0.345993
738.500000000 44.6945 11.4661 0 0 0 -0.930529 0.366219
739.900000000 43.9614 10.7115 0 0 0 -0.919287 0.393589
741.500000000 43.5148 10.0822 0 0 0 -0.754188 0.656659
742.300000000 43.7004 9.8645 0 0 0 -0.554326 0.8323
743.700000000 44.3373 9.20285 0 0 0 -0.332384 0.943144
745.000000000 45.1958 8.78919 0 0 0 -0.174629 0.984634
746.300000000 46.162 8.6214 0 0 0 -0.0356552 0.999364
747.600000000 47.1636 8.72981 0 0 0 0.0392976 0.999228
748.900000000 48.1038 8.75444 0 0 0 0.0305908 0.999532
750.200000000 49.0876 8.81526 0 0 0 -0.00114887 0.999999
751.500000000 50.0512 8.75782 0 0 0 -0.0119472 0.999929
752.800000000 51.0316 8.71568 0 0 0 -0.0434265 0.999057
754.100000000 52.0049 8.65796 0 0 0 -0.00753522 0.999972
755.400000000 52.9774 8.70421 0 0 0 0.0374364 0.999299
756.700000000 53.957 8.69602 0 0 0 0.0375936 0.999293
758.000000000 54.9303 8.80941 0 0 0 0.0214507 0.99977
759.600000000 55.8917 8.67376 0 0 0 -0.186112 0.982529
761.100000000 56.6458 8.02259 0 0 0 -0.390768 0.920489
762.400000000 57.298 7.31028 0 0 0 -0.403363 0.91504
763.700000000 57.9012 6.55416 0 0 0 -0.445886 0.89509
765.000000000 58.4364 5.73786 0 0 0 -0.496538 0.868015
766.300000000 58.8918 4.86608 0 0 0 -0.530726 0.847543
767.600000000 59.2435 3.96885 0 0 0 -0.53468 0.845055
769.000000000 59.7092 3.08595 0 0 0 -0.454054 0.890974
770.200000000 60.1981 2.7885 0 0 0 -0.161479 0.986876
771.800000000 61.2288 2.83967 0 0 0 0.0520656 0.998644
772.400000000 61.2796 2.94301 0 0 0 0.30495 0.952368
773.100000000 61.1655 3.01466 0 0 0 0.610752 0.791822
773.600000000 61.0775 3.00953 0 0 0 0.787286 0.616588
774.300000000 60.9762 2.93855 0 0 0 0.951171 0.308663
774.800000000 60.94 2.85275 0 0 0 0.997316 0.0732149
775.400000000 60.8754 2.74091 0 0 0 -0.980513 0.196454
777.100000000 60.1249 1.95029 0 0 0 -0.908004 0.418961
778.400000000 59.4532 1.22816 0 0 0 -0.916188 0.400749
779.700000000 58.8054 0.528163 0 0 0 -0.925376 0.37905
781.000000000 58.1059 -0.150027 0 0 0 -0.925376 0.379049
782.300000000 57.4164 -0.838219 0 0 0 -0.925377 0.379049
783.600000000 56.6646 -1.47979 0 0 0 -0.944798 0.327653
785.000000000 55.7536 -1.93053 0 0 0 -0.98862 0.150436
786.800000000 54.7015 -1.98294 0 0 0 0.999999 0.00155172
789.800000000 53.7478 -1.94761 0 0 0 0.999568 0.0293785
793.400000000 52.7959 -1.8809 0 0 0 0.99945 0.033167
796.100000000 51.8256 -1.86859 0 0 0 -0.999125 0.0418315
797.500000000 50.8394 -2.16808 0 0 0 -0.98135 0.192232
798.800000000 49.9253 -2.49358 0 0 0 -0.990225 0.139478
800.200000000 48.9274 -2.58449 0 0 0 -0.999572 0.0292407
801.900000000 47.8446 -2.40395 0 0 0 0.992524 0.122046
803.200000000 46.906 -2.12485 0 0 0 0.992021 0.126071
805.600000000 46.0724 -2.00656 0 0 0 0.999201 0.0399558
809.300000000 45.0155 -2.0666 0 0 0 -0.999849 0.0173516
811.100000000 44.1144 -2.1218 0 0 0 -0.999251 0.0386976
815.000000000 43.127 -2.17111 0 0 0 -0.999866 0.0163588
819.400000000 42.1698 -2.18533 0 0 0 -0.999991 0.00430243
822.000000000 41.0903 -2.22399 0 0 0 -0.99899 0.0449368
823.300000000 40.1245 -2.37796 0 0 0 -0.994371 0.105953
824.600000000 39.1553 -2.51684 0 0 0 -0.997516 0.0704405
826.200000000 38.2724 -2.58653 0 0 0 -0.999985 0.00552761
829.900000000 37.2828 -2.54371 0 0 0 0.999686 0.0250412
832.000000000 36.446 -2.19273 0 0 0 0.955038 0.296483
833.500000000 35.6697 -1.3458 0 0 0 0.909346 0.416041
834.800000000 35.0243 -0.693852 0 0 0 0.920475 0.390802
836.900000000 34.3492 0.0894829 0 0 0 0.895036 0.445993
838.200000000 33.9276 0.913991 0 0 0 0.810691 0.585475
840.300000000 33.8221 1.90312 0 0 0 0.718685 0.695336
844.600000000 33.8628 2.84908 0 0 0 0.684774 0.728755
849.400000000 33.9287 3.83639 0 0 0 0.683998 0.729484
854.100000000 33.9688 4.78547 0 0 0 0.694742 0.719259
862.000000000 33.6802 5.58651 0 0 0 0.870284 0.49255
863.600000000 33.0074 6.28254 0 0 0 0.92718 0.374615
866.100000000 32.319 6.96682 0 0 0 0.92144 0.388522
867.800000000 31.6106 7.71448 0 0 0 0.870681 0.491848
869.200000000 31.2965 8.64999 0 0 0 0.770881 0.636979
871.200000000 31.3773 9.61139 0 0 0 0.695992 0.718049
875.500000000 31.413 10.584 0 0 0 0.686102 0.727505
880.500000000 31.4488 11.5596 0 0 0 0.701427 0.712741
885.300000000 31.4543 12.5231 0 0 0 0.706366 0.707846
890.200000000 31.4563 13.5042 0 0 0 0.706394 0.707819
895.100000000 31.4584 14.4789 0 0 0 0.70642 0.707793
899.300000000 31.4605 15.4483 0 0 0 0.706509 0.707704
900.900000000 31.3391 16.3957 0 0 0 0.772312 0.635243
903.100000000 31.0418 17.2853 0 0 0 0.811288 0.584647
904.600000000 30.858 18.2628 0 0 0 0.767986 0.640467
906.000000000 30.717 19.2369 0 0 0 0.724946 0.688805
908.600000000 30.7132 20.1927 0 0 0 0.695566 0.718463
913.000000000 30.7553 21.1154 0 0 0 0.687169 0.726497
916.800000000 30.7853 22.1147 0 0 0 0.701579 0.712592
920.600000000 30.8171 23.0997 0 0 0 0.70703 0.707184
923.800000000 30.8175 24.0441 0 0 0 0.707033 0.70718
927.700000000 30.8177 25.0342 0 0 0 0.707036 0.707177
931.800000000 30.8181 26.0033 0 0 0 0.707039 0.707174
935.000000000 30.7861 27.0523 0 0 0 0.719715 0.69427
936.900000000 30.7919 27.9621 0 0 0 0.717638 0.696417
940.800000000 30.7544 28.9595 0 0 0 0.711576 0.702609
943.700000000 30.7356 29.9169 0 0 0 0.710159 0.704041
947.400000000 30.7263 30.9024 0 0 0 0.710159 0.704041
950.400000000 30.7173 31.8756 0 0 0 0.710159 0.704041
954.600000000 30.7084 32.8526 0 0 0 0.710158 0.704042
958.100000000 30.6996 33.8338 0 0 0 0.710157 0.704044
962.100000000 30.6907 34.8208 0 0 0 0.710155 0.704045
966.100000000 30.682 35.782 0 0 0 0.710153 0.704048
968.700000000 31.0232 36.7285 0 0 0 0.477867 0.878432
970.200000000 31.4023 36.9876 0 0 0 0.208054 0.978117
972.300000000 32.3113 37.3596 0 0 0 0.278641 0.960395
974.100000000 32.9174 38.0947 0 0 0 0.514777 0.857324
975.800000000 33.3021 38.9832 0 0 0 0.511892 0.85905
977.200000000 33.6376 39.3819 0 0 0 0.238361 0.971177
977.800000000 33.6787 39.2681 0 0 0 -0.0546571 0.998505
978.500000000 33.6304 39.2049 0 0 0 -0.390054 0.920792
979.100000000 33.6471 39.2012 0 0 0 -0.643876 0.76513
979.800000000 33.6516 39.1957 0 0 0 -0.817183 0.576378
981.300000000 32.9923 38.5 0 0 0 -0.932288 0.361717
982.600000000 32.2473 37.7887 0 0 0 -0.932799 0.360397
984.300000000 31.5733 37.132 0 0 0 -0.925995 0.377536
987.800000000 30.9016 36.461 0 0 0 -0.923757 0.382978
991.900000000 30.2192 35.7885 0 0 0 -0.923759 0.382975
996.400000000 29.5301 35.0985 0 0 0 -0.92376 0.382972
1001.000000000 28.8375 34.4051 0 0 0 -0.923762 0.382968
1005.500000000 28.1673 33.7242 0 0 0 -0.923763 0.382965
1010.100000000 27.4797 33.0358 0 0 0 -0.923764 0.382962
1014.800000000 26.8009 32.3564 0 0 0 -0.923765 0.382959
1019.400000000 26.1206 31.6855 0 0 0 -0.923767 0.382956
1024.000000000 25.4468 31.001 0 0 0 -0.923768 0.382952
1028.200000000 24.7504 30.3037 0 0 0 -0.92377 0.382947
1032.200000000 24.0815 29.6342 0 0 0 -0.923772 0.382942
1036.600000000 23.3827 28.9443 0 0 0 -0.923775 0.382937
1040.900000000 22.7151 28.2663 0 0 0 -0.923777 0.382931
1045.400000000 22.0325 27.5931 0 0 0 -0.923779 0.382927
1050.000000000 21.3325 26.8823 0 0 0 -0.923786 0.38291
1054.400000000 20.6574 26.2069 0 0 0 -0.923788 0.382903
1059.300000000 19.9586 25.5075 0 0 0 -0.923791 0.382897
1063.900000000 19.2872 24.8357 0 0 0 -0.923794 0.38289
1068.200000000 18.597 24.1452 0 0 0 -0.923797 0.382883
1072.700000000 17.9167 23.4645 0 0 0 -0.9238 0.382876
1077.300000000 17.2277 22.7752 0 0 0 -0.923802 0.38287
1081.900000000 16.5475 22.0947 0 0 0 -0.923804 0.382865
1086.400000000 15.886 21.433 0 0 0 -0.923812 0.382846
1091.000000000 15.2021 20.7489 0 0 0 -0.92382 0.382827
1094.500000000 14.4969 20.0434 0 0 0 -0.923828 0.382808
1097.700000000 13.8379 19.3744 0 0 0 -0.923831 0.382802
1101.200000000 13.1278 18.674 0 0 0 -0.923839 0.38278
1104.600000000 12.439 17.9853 0 0 0 -0.923849 0.382757
1108.300000000 11.7251 17.2711 0 0 0 -0.92386 0.382732
1111.800000000 11.0559 16.5693 0 0 0 -0.915272 0.402835
1113.500000000 10.4575 15.766 0 0 0 -0.862105 0.50673
1114.800000000 10.1595 14.8338 0 0 0 -0.77514 0.631789
1116.000000000 10.1056 13.8934 0 0 0 -0.694711 0.719289
1117.400000000 10.3683 12.8824 0 0 0 -0.649004 0.760785
1118.800000000 10.3293 11.8413 0 0 0 -0.695184 0.718832
1120.000000000 10.336 10.9018 0 0 0 -0.725039 0.688708
1121.500000000 10.3008 9.78004 0 0 0 -0.723056 0.69079
1122.700000000 10.2848 8.88476 0 0 0 -0.705957 0.708255
1124.100000000 10.2984 7.83194 0 0 0 -0.702628 0.711558
1125.400000000 10.3111 6.8581 0 0 0 -0.702601 0.711584
1126.800000000 10.3248 5.8061 0 0 0 -0.70274 0.711446
1128.100000000 10.3385 4.83387 0 0 0 -0.702819 0.711369
1129.400000000 10.3513 3.86183 0 0 0 -0.70291 0.711279
1130.700000000 10.3634 2.88882 0 0 0 -0.702925 0.711264
1132.000000000 10.3757 1.91576 0 0 0 -0.702945 0.711244
1133.500000000 10.2328 0.971567 0 0 0 -0.81956 0.572993
1135.000000000 9.59922 0.249283 0 0 0 -0.928816 0.370541
1136.300000000 8.84225 -0.380782 0 0 0 -0.933027 0.359807
1137.600000000 8.17438 -1.08541 0 0 0 -0.922141 0.386853
1145.100000000 7.44355 -1.74855 0 0 0 -0.961096 0.276216
1146.000000000 7.17922 -1.68238 0 0 0 0.998938 0.0460668
1147.200000000 6.63497 -1.3198 0 0 0 0.949124 0.314901
1148.500000000 5.81762 -0.770448 0 0 0 0.96351 0.267674
1149.700000000 4.97026 -0.460077 0 0 0 0.992511 0.122159
1151.200000000 3.84529 -0.382884 0 0 0 -0.99974 0.0228239
1152.500000000 2.91019 -0.440252 0 0 0 -0.998358 0.0572789
1153.800000000 1.93253 -0.450561 0 0 0 -0.999305 0.0372681
1155.100000000 0.968056 -0.49926 0 0 0 1 6.66602e-05
1156.400000000 -0.0371822 -0.509918 0 0 0 0.999951 0.00991834
1158.000000000 -0.95985 -0.555625 0 0 0 -0.996347 0.0854002
1158.600000000 -0.933796 -0.647087 0 0 0 -0.93003 0.367484
1159.200000000 -0.830399 -0.712391 0 0 0 -0.779961 0.625828
1159.700000000 -0.715085 -0.774459 0 0 0 -0.602812 0.797884
1160.400000000 -0.595979 -0.730454 0 0 0 -0.304165 0.952619
1161.500000000 -0.040577 -0.822483 0 0 0 -0.0353854 0.999374
1163.000000000 0.997911 -0.689279 0 0 0 0.083435 0.996513
1164.600000000 1.56371 -0.478812 0 0 0 0.403783 0.914855
1165.100000000 1.53232 -0.467875 0 0 0 0.610465 0.792043
1165.700000000 1.33728 -0.474505 0 0 0 0.805806 0.59218
1166.400000000 1.2122 -0.332785 0 0 0 0.950775 0.309883
1167.400000000 0.791305 -0.232124 0 0 0 0.99778 0.0665916
1168.600000000 0.39159 -0.429879 0 0 0 -0.977852 0.2093
1169.900000000 0.255947 -0.785325 0 0 0 -0.877781 0.479062
1171.300000000 0.235368 -0.965834 0 0 0 -0.694325 0.719662
1172.200000000 0.366507 -0.986959 0 0 0 -0.476302 0.879282
1173.000000000 0.435962 -0.914791 0 0 0 -0.236633 0.971599
1174.000000000 0.498878 -0.810211 0 0 0 0.0706114 0.997504
1175.100000000 0.676664 -0.628768 0 0 0 0.337987 0.941151
1176.100000000 0.683861 -0.446777 0 0 0 0.632781 0.774331
1176.700000000 0.572819 -0.46896 0 0 0 0.833359 0.552732
1177.400000000 0.469454 -0.637189 0 0 0 0.972352 0.233519
1178.000000000 0.435708 -0.611773 0 0 0 -0.997962 0.0638071
1178.600000000 0.487279 -0.726577 0 0 0 -0.934739 0.355336
1179.200000000 0.593916 -0.809232 0 0 0 -0.787864 0.615849
1179.700000000 0.687977 -0.849333 0 0 0 -0.634934 0.772566
1180.400000000 0.856148 -1.03352 0 0 0 -0.43187 0.901936
1182.000000000 1.78262 -1.54633 0 0 0 -0.201288 0.979532
1183.300000000 2.70226 -1.8823 0 0 0 -0.155914 0.987771
1184.600000000 3.64189 -2.09129 0 0 0 -0.087466 0.996168
1186.100000000 4.66464 -2.1407 0 0 0 -0.0185459 0.999828
1188.000000000 5.61521 -2.17377 0 0 0 -0.000705276 1
1190.800000000 6.54349 -2.17514 0 0 0 -0.000703147 1
1194.200000000 7.50984 -2.17668 0 0 0 -0.000706694 1
1198.100000000 8.53621 -2.17822 0 0 0 -0.000709686 1
1201.900000000 9.51159 -2.17972 0 0 0 -0.000712139 1
1205.700000000 10.5134 -2.18125 0 0 0 -0.000714043 1
1209.300000000 11.4696 -2.18274 0 0 0 -0.000715421 1
1213.000000000 12.4397 -2.18431 0 0 0 -0.000717864 1
1216.900000000 13.4251 -2.18584 0 0 0 -0.00071871 1
1221.200000000 14.378 -2.18746 0 0 0 -0.000717999 1
1225.200000000 15.3894 -2.17895 0 0 0 -0.000717209 1
1227.300000000 16.4058 -2.20521 0 0 0 -0.0252724 0.999681
1228.600000000 17.3586 -2.24194 0 0 0 -0.0324351 0.999474
1230.500000000 18.069 -2.17608 0 0 0 0.313844 0.949474
1231.100000000 17.9834 -2.11647 0 0 0 0.580417 0.81432
1231.700000000 17.875 -2.10281 0 0 0 0.795142 0.606424
1232.200000000 17.7843 -2.14683 0 0 0 0.920213 0.391418
1232.900000000 17.7371 -2.25039 0 0 0 0.998671 0.0515389
1233.500000000 17.7501 -2.34639 0 0 0 -0.969298 0.245888
1234.400000000 17.4779 -2.7172 0 0 0 -0.885013 0.465566
1235.800000000 17.2348 -3.58117 0 0 0 -0.754033 0.656837
1236.500000000 17.341 -3.61864 0 0 0 -0.49893 0.866642
1237.100000000 17.4209 -3.5419 0 0 0 -0.220536 0.975379
1237.700000000 17.4961 -3.42778 0 0 0 0.0402668 0.999189
1238.600000000 17.795 -3.21065 0 0 0 0.302923 0.953015
1240.000000000 18.4696 -2.46559 0 0 0 0.426227 0.904616
1241.200000000 19.0621 -1.78407 0 0 0 0.401934 0.915668
1249.100000000 19.7622 -1.08842 0 0 0 0.382072 0.924133
1252.200000000 20.4197 -0.432895 0 0 0 0.382072 0.924133
1254.700000000 21.1578 0.303186 0 0 0 0.382072 0.924133
1257.200000000 21.8626 1.00601 0 0 0 0.382072 0.924133
1260.600000000 22.55 1.68154 0 0 0 0.382072 0.924133
1263.000000000 23.2511 2.38078 0 0 0 0.382072 0.924133
1265.900000000 23.9659 3.0936 0 0 0 0.382072 0.924133
1269.800000000 24.5992 3.78176 0 0 0 0.417425 0.908712
1274.500000000 25.1868 4.54066 0 0 0 0.444165 0.895945
1279.100000000 25.7453 5.28953 0 0 0 0.441447 0.897287
1283.600000000 26.3703 6.02556 0 0 0 0.410134 0.912025
1286.800000000 27.0715 6.71574 0 0 0 0.352634 0.935761
1288.200000000 27.9817 7.25738 0 0 0 0.215207 0.976568
1290.200000000 28.8791 7.47771 0 0 0 0.0705509 0.997508
1291.900000000 29.9494 7.44071 0 0 0 -0.0511484 0.998691
1293.200000000 30.9079 7.27385 0 0 0 -0.0763552 0.997081
1295.100000000 31.9358 7.22317 0 0 0 -8.74506e-05 1
1297.600000000 32.5165 7.36973 0 0 0 0.30471 0.952445
1298.300000000 32.5125 7.37141 0 0 0 0.61744 0.786618
1298.900000000 32.4986 7.36907 0 0 0 0.800863 0.598847
1300.300000000 31.9108 8.04645 0 0 0 0.924628 0.380873
1301.700000000 31.2056 8.80791 0 0 0 0.889888 0.456179
1303.100000000 31.0784 9.40702 0 0 0 0.733436 0.679759
1304.400000000 31.3217 10.0684 0 0 0 0.520314 0.853975
1306.200000000 31.8858 10.9312 0 0 0 0.558609 0.829431
1309.700000000 31.9011 11.9188 0 0 0 0.763706 0.645564
1311.900000000 31.4436 12.8457 0 0 0 0.820881 0.5711
