0.300000000 0.2 0 0 0 0 0 1
9.200000000 0.995847 -0.110467 0 0 0 -0.295439 0.955362
9.900000000 0.89329 -0.187567 0 0 0 -0.604826 0.796357
10.600000000 0.77854 -0.179737 0 0 0 -0.841465 0.540311
11.100000000 0.686872 -0.128244 0 0 0 -0.94893 0.315487
11.800000000 0.644803 0.00123232 0 0 0 0.999552 0.0299215
12.400000000 0.682589 0.110705 0 0 0 0.946108 0.323852
13.000000000 0.780083 0.180117 0 0 0 0.808218 0.588883
13.600000000 0.901806 0.184827 0 0 0 0.598688 0.800982
14.300000000 0.999817 0.106024 0 0 0 0.287155 0.957884
14.900000000 1.02137 -0.00430704 0 0 0 -0.00828566 0.999966
15.500000000 0.997799 -0.115291 0 0 0 -0.303167 0.952937
18.700000000 1.20506 -0.0913955 0 0 0 0.0398963 0.999204
19.400000000 1.18007 0.0137179 0 0 0 0.380394 0.924824
20.000000000 1.07104 0.112135 0 0 0 0.624164 0.781293
20.600000000 0.957327 0.15094 0 0 0 0.811142 0.58485
21.600000000 0.586513 0.441853 0 0 0 0.92742 0.374021
22.800000000 -0.0865647 1.11889 0 0 0 0.933483 0.358623
24.200000000 -0.817155 1.87755 0 0 0 0.910116 0.414353
25.600000000 -1.42408 2.72772 0 0 0 0.87653 0.481347
26.800000000 -1.83115 3.53213 0 0 0 0.849533 0.527536
28.100000000 -2.17544 4.44627 0 0 0 0.821718 0.569894
29.500000000 -2.57205 5.42886 0 0 0 0.833829 0.552023
30.700000000 -2.84794 6.29266 0 0 0 0.789066 0.614308
31.600000000 -2.80156 6.5702 0 0 0 0.58399 0.811761
32.300000000 -2.74135 6.5021 0 0 0 0.274126 0.961694
32.900000000 -2.69308 6.3792 0 0 0 -0.0175638 0.999846
33.400000000 -2.70243 6.28183 0 0 0 -0.260933 0.965357
34.000000000 -2.75751 6.19475 0 0 0 -0.530757 0.847524
34.700000000 -2.88024 6.16791 0 0 0 -0.785946 0.618295
35.400000000 -3.00613 6.22885 0 0 0 -0.948511 0.316744
36.000000000 -3.04605 6.34599 0 0 0 -0.999587 0.0287225
36.500000000 -3.0292 6.43938 0 0 0 0.976411 0.215918
37.200000000 -2.95804 6.54417 0 0 0 0.845375 0.534173
37.800000000 -2.83504 6.60363 0 0 0 0.679007 0.734132
39.300000000 -2.46416 7.54599 0 0 0 0.535915 0.844272
40.700000000 -2.12154 8.51149 0 0 0 0.603622 0.79727
42.400000000 -2.00146 9.56787 0 0 0 0.711479 0.702707
43.700000000 -2.12575 10.5886 0 0 0 0.760666 0.649143
44.900000000 -2.21624 11.4481 0 0 0 0.737681 0.67515
47.200000000 -2.23841 12.4435 0 0 0 0.697581 0.716506
51.200000000 -2.18429 13.3872 0 0 0 0.689255 0.724519
55.700000000 -2.16233 14.3681 0 0 0 0.701458 0.712711
59.600000000 -2.15607 15.3417 0 0 0 0.705736 0.708475
62.000000000 -2.19015 16.3627 0 0 0 0.739051 0.67365
63.300000000 -2.43581 17.3357 0 0 0 0.809984 0.586451
64.600000000 -2.78416 18.2523 0 0 0 0.814874 0.579638
65.700000000 -2.79637 18.6405 0 0 0 0.592196 0.805794
66.400000000 -2.72544 18.5569 0 0 0 0.283884 0.958859
67.000000000 -2.63654 18.4368 0 0 0 -0.00608231 0.999982
67.600000000 -2.63592 18.4301 0 0 0 -0.296879 0.954915
68.200000000 -2.7207 18.3493 0 0 0 -0.561992 0.827142
68.900000000 -2.85531 18.3302 0 0 0 -0.808391 0.588646
69.600000000 -2.97404 18.3935 0 0 0 -0.959617 0.281311
70.200000000 -3.01381 18.4855 0 0 0 0.999948 0.0101805
70.800000000 -2.99746 18.5656 0 0 0 0.953655 0.300902
71.400000000 -2.92013 18.6472 0 0 0 0.824762 0.565481
72.100000000 -2.78701 18.8708 0 0 0 0.671424 0.741073
73.600000000 -2.41962 19.7965 0 0 0 0.524545 0.851383
75.100000000 -2.08257 20.7812 0 0 0 0.620998 0.783812
76.600000000 -2.02346 21.8192 0 0 0 0.727935 0.685646
77.900000000 -2.12188 22.7927 0 0 0 0.73664 0.676285
79.500000000 -2.18189 23.8058 0 0 0 0.719824 0.694157
82.600000000 -2.19104 24.7403 0 0 0 0.710086 0.704115
87.000000000 -2.195 25.6967 0 0 0 0.70854 0.705671
91.400000000 -2.19897 26.6596 0 0 0 0.708511 0.7057
95.100000000 -2.19302 27.6002 0 0 0 0.708505 0.705706
96.900000000 -2.23654 28.6873 0 0 0 0.768151 0.640269
98.200000000 -2.58767 29.6016 0 0 0 0.827255 0.561827
99.700000000 -2.94275 30.2053 0 0 0 0.958211 0.286064
100.300000000 -2.97524 30.0919 0 0 0 -0.99995 0.00996672
100.900000000 -2.93783 29.9798 0 0 0 -0.95231 0.305133
101.600000000 -2.84332 29.8884 0 0 0 -0.79379 0.608193
102.100000000 -2.75484 29.8928 0 0 0 -0.61774 0.786383
102.800000000 -2.67321 29.9635 0 0 0 -0.310053 0.950719
103.300000000 -2.66315 29.9774 0 0 0 -0.0589518 0.998261
104.000000000 -2.55553 30.186 0 0 0 0.220154 0.975465
105.100000000 -2.22005 30.6439 0 0 0 0.488525 0.87255
106.600000000 -1.98037 31.6587 0 0 0 0.68079 0.732478
108.000000000 -2.10987 32.6719 0 0 0 0.765853 0.643016
109.200000000 -2.25804 33.5629 0 0 0 0.75412 0.656737
110.900000000 -2.31614 34.5943 0 0 0 0.715717 0.69839
113.900000000 -2.28805 35.5063 0 0 0 0.691939 0.721956
118.400000000 -2.22946 36.4959 0 0 0 0.688119 0.725598
122.900000000 -2.20576 37.4753 0 0 0 0.700968 0.713193
126.700000000 -2.19764 38.4412 0 0 0 0.704789 0.709417
128.000000000 -2.19446 39.4148 0 0 0 0.717919 0.696127
129.300000000 -2.33866 40.3764 0 0 0 0.773281 0.634064
130.600000000 -2.60318 41.3197 0 0 0 0.809197 0.587538
131.700000000 -2.87861 41.7221 0 0 0 0.937071 0.349138
132.500000000 -3.02407 41.6418 0 0 0 0.999936 0.0113292
133.200000000 -3.07316 41.501 0 0 0 -0.956755 0.290896
133.900000000 -2.96232 41.4202 0 0 0 -0.798991 0.601343
134.600000000 -2.84355 41.4325 0 0 0 -0.543851 0.839182
135.200000000 -2.74511 41.5179 0 0 0 -0.272169 0.96225
135.800000000 -2.71241 41.6403 0 0 0 0.018102 0.999836
136.500000000 -2.65988 41.7693 0 0 0 0.314772 0.949167
137.700000000 -2.40318 42.3586 0 0 0 0.571588 0.820541
138.900000000 -2.25018 43.2436 0 0 0 0.677456 0.735563
140.300000000 -2.28519 44.2954 0 0 0 0.730366 0.683056
141.700000000 -2.34152 45.346 0 0 0 0.713317 0.700842
143.100000000 -2.33467 46.3998 0 0 0 0.703641 0.710556
144.400000000 -2.32491 47.3735 0 0 0 0.703641 0.710556
145.700000000 -2.3154 48.3472 0 0 0 0.703646 0.71055
147.000000000 -2.30687 49.3208 0 0 0 0.703652 0.710545
148.300000000 -2.30103 50.2949 0 0 0 0.703646 0.710551
149.500000000 -2.29122 51.1986 0 0 0 0.703644 0.710553
150.900000000 -2.38911 52.2365 0 0 0 0.764411 0.64473
152.100000000 -2.6654 53.1168 0 0 0 0.800809 0.59892
153.500000000 -2.92671 54.1302 0 0 0 0.758269 0.651941
154.800000000 -2.83885 55.0927 0 0 0 0.683455 0.729993
156.100000000 -2.78012 56.0717 0 0 0 0.667023 0.745037
157.600000000 -2.33181 56.8875 0 0 0 0.436676 0.899619
158.800000000 -1.6754 57.4991 0 0 0 0.338419 0.940995
160.200000000 -0.758653 58.0085 0 0 0 0.197942 0.980214
161.600000000 0.162325 58.1571 0 0 0 0.0541108 0.998535
164.100000000 1.17112 58.1577 0 0 0 -0.0283096 0.999599
168.600000000 2.15712 58.0873 0 0 0 -0.0342711 0.999413
172.500000000 3.09042 58.0431 0 0 0 -0.013887 0.999904
176.300000000 4.08348 58.0326 0 0 0 -0.00374136 0.999993
180.000000000 5.04302 58.0251 0 0 0 -0.00374291 0.999993
180.900000000 5.30427 58.1587 0 0 0 0.259521 0.965737
181.700000000 5.25593 58.3361 0 0 0 0.563287 0.826261
183.100000000 5.35146 59.3219 0 0 0 0.689202 0.724569
183.900000000 5.22573 59.3682 0 0 0 0.896249 0.443552
184.600000000 5.1572 59.2721 0 0 0 0.994072 0.108725
185.100000000 5.16701 59.1543 0 0 0 -0.990154 0.139985
185.700000000 5.23202 59.0554 0 0 0 -0.904562 0.426341
186.400000000 5.36153 59.0096 0 0 0 -0.703534 0.710662
187.100000000 5.55479 58.8806 0 0 0 -0.492409 0.870364
188.700000000 6.41707 58.2732 0 0 0 -0.253616 0.967305
190.200000000 7.42013 57.9447 0 0 0 -0.103003 0.994681
192.200000000 8.39176 57.9025 0 0 0 0.011037 0.999939
195.400000000 9.40703 57.9619 0 0 0 0.0321522 0.999483
196.700000000 10.3604 58.0261 0 0 0 0.033711 0.999432
200.800000000 11.322 58.059 0 0 0 0.0106996 0.999943
205.600000000 12.2929 58.0664 0 0 0 0.0017101 0.999999
210.400000000 13.2433 58.0692 0 0 0 0.00151381 0.999999
215.200000000 14.1963 58.072 0 0 0 0.00148092 0.999999
219.300000000 15.1598 58.0622 0 0 0 -0.00484324 0.999988
223.100000000 16.1425 58.0568 0 0 0 -0.00217001 0.999998
226.200000000 16.9706 58.2515 0 0 0 0.317593 0.948227
226.900000000 17.0249 58.4639 0 0 0 0.539987 0.841674
228.300000000 17.2676 59.4956 0 0 0 0.642887 0.765961
229.600000000 17.3607 60.4565 0 0 0 0.699705 0.714432
230.900000000 17.493 60.9512 0 0 0 0.426222 0.904619
231.400000000 17.5456 60.869 0 0 0 0.194323 0.980938
232.200000000 17.7265 60.7467 0 0 0 -0.120732 0.992685
233.100000000 18.0601 60.4285 0 0 0 -0.341088 0.940031
234.400000000 18.7324 59.7223 0 0 0 -0.394826 0.918756
235.700000000 19.41 59.0316 0 0 0 -0.381477 0.924378
237.000000000 20.1142 58.3478 0 0 0 -0.377984 0.925812
238.400000000 20.8539 57.6076 0 0 0 -0.382988 0.923753
240.200000000 21.4978 56.8054 0 0 0 -0.439435 0.898274
241.600000000 21.9215 56.0103 0 0 0 -0.574504 0.818502
243.800000000 22.0391 55.0297 0 0 0 -0.692198 0.721707
248.100000000 22.0213 54.0783 0 0 0 -0.72055 0.693403
252.900000000 21.9643 53.1389 0 0 0 -0.728639 0.684898
257.100000000 21.9075 52.2001 0 0 0 -0.728836 0.684688
261.700000000 21.9309 51.246 0 0 0 -0.666123 0.745842
265.900000000 22.2469 50.2089 0 0 0 -0.60027 0.799798
267.200000000 22.6384 49.4323 0 0 0 -0.449964 0.893047
268.800000000 23.3859 48.6903 0 0 0 -0.377615 0.925963
270.200000000 24.0017 47.845 0 0 0 -0.499119 0.866534
271.700000000 24.2911 46.9246 0 0 0 -0.63082 0.775929
273.200000000 24.1011 46.2439 0 0 0 -0.833021 0.553241
274.700000000 23.4568 45.4937 0 0 0 -0.927792 0.373097
276.000000000 22.7575 44.8156 0 0 0 -0.92685 0.375432
277.300000000 22.0599 44.1354 0 0 0 -0.925467 0.378829
278.600000000 21.36 43.4375 0 0 0 -0.925467 0.378829
279.900000000 20.6702 42.7696 0 0 0 -0.925467 0.378828
281.200000000 20.0072 42.0696 0 0 0 -0.918805 0.394712
283.700000000 19.412 41.4066 0 0 0 -0.900352 0.435163
287.200000000 18.9151 40.4763 0 0 0 -0.827151 0.561979
288.500000000 18.6842 39.4979 0 0 0 -0.790207 0.61284
290.400000000 18.3247 38.6859 0 0 0 -0.860416 0.509592
294.400000000 17.7519 37.9095 0 0 0 -0.906554 0.422089
296.900000000 17.2967 37.5973 0 0 0 -0.993403 0.114676
297.500000000 17.2947 37.7246 0 0 0 0.983767 0.17945
298.100000000 17.3584 37.8232 0 0 0 0.888934 0.458035
298.600000000 17.4461 37.8697 0 0 0 0.75031 0.661086
299.300000000 17.5828 37.8496 0 0 0 0.4832 0.87551
299.800000000 17.6305 37.7802 0 0 0 0.257073 0.966392
300.500000000 17.6974 37.6792 0 0 0 -0.0692379 0.9976
301.500000000 18.0168 37.3627 0 0 0 -0.348073 0.937467
303.100000000 18.5571 36.5001 0 0 0 -0.485294 0.874351
305.000000000 19.1777 35.7256 0 0 0 -0.467411 0.88404
306.500000000 19.5754 34.8018 0 0 0 -0.578223 0.815879
309.500000000 19.6863 33.8195 0 0 0 -0.683856 0.729617
314.400000000 19.7201 32.8403 0 0 0 -0.710419 0.703779
315.700000000 20.0148 32.2664 0 0 0 -0.479036 0.877795
317.100000000 20.6215 31.5536 0 0 0 -0.3654 0.93085
320.200000000 21.3104 30.9224 0 0 0 -0.381122 0.924525
321.000000000 21.2841 30.9062 0 0 0 -0.664764 0.747053
321.600000000 21.1973 30.918 0 0 0 -0.853432 0.521204
322.200000000 21.1255 30.9237 0 0 0 -0.968167 0.250307
322.800000000 21.1012 30.9966 0 0 0 0.999104 0.042321
323.400000000 21.1357 31.1292 0 0 0 0.943525 0.331302
324.000000000 21.1567 31.1934 0 0 0 0.806234 0.591597
324.500000000 21.3035 31.2041 0 0 0 0.637514 0.770439
325.700000000 21.6805 31.7079 0 0 0 0.402 0.91564
327.200000000 22.6688 32.2551 0 0 0 0.329466 0.944167
329.300000000 23.2394 32.943 0 0 0 0.356597 0.934258
331.700000000 24.0467 33.4558 0 0 0 0.237358 0.971422
333.500000000 25.1048 33.6862 0 0 0 0.0854917 0.996339
337.000000000 25.9543 33.7541 0 0 0 -0.00268954 0.999996
341.300000000 26.9191 33.691 0 0 0 -0.0349157 0.99939
344.800000000 27.9514 33.4834 0 0 0 -0.156672 0.987651
346.400000000 28.6861 32.9528 0 0 0 -0.370771 0.928724
349.300000000 29.345 32.2785 0 0 0 -0.383349 0.923604
353.700000000 30.0577 31.5735 0 0 0 -0.383351 0.923603
358.600000000 30.7494 30.8796 0 0 0 -0.383352 0.923602
362.500000000 31.4025 30.2146 0 0 0 -0.383354 0.923601
367.000000000 32.0954 29.5194 0 0 0 -0.383356 0.923601
371.500000000 32.7782 28.8346 0 0 0 -0.383357 0.9236
375.400000000 33.5312 28.0645 0 0 0 -0.425638 0.904894
376.700000000 34.0314 27.224 0 0 0 -0.524997 0.851104
378.200000000 34.2727 26.2966 0 0 0 -0.656384 0.754427
381.000000000 34.3226 25.3381 0 0 0 -0.725237 0.6885
383.200000000 34.1604 24.4002 0 0 0 -0.765408 0.643546
387.000000000 33.9812 23.4313 0 0 0 -0.678261 0.734821
388.000000000 34.339 22.9468 0 0 0 -0.482366 0.87597
389.500000000 35.0653 22.1754 0 0 0 -0.383309 0.92362
390.800000000 35.6154 21.3958 0 0 0 -0.523697 0.851905
392.500000000 35.7224 20.4674 0 0 0 -0.740553 0.671998
393.100000000 35.6703 20.4737 0 0 0 -0.904993 0.425426
393.700000000 35.6777 20.4658 0 0 0 -0.988617 0.150457
394.600000000 35.1691 20.61 0 0 0 0.995642 0.0932546
396.100000000 34.2234 21.0898 0 0 0 0.967827 0.251617
397.600000000 33.2839 21.4571 0 0 0 0.993376 0.114907
401.100000000 32.3331 21.4461 0 0 0 -0.999896 0.0144175
405.600000000 31.3727 21.3975 0 0 0 -0.998954 0.0457234
410.400000000 30.3914 21.3132 0 0 0 -0.999274 0.0380894
415.100000000 29.4329 21.2712 0 0 0 -0.999858 0.0168308
419.800000000 28.494 21.2487 0 0 0 -0.999995 0.00311196
424.700000000 27.5071 21.2441 0 0 0 -0.999999 0.00160202
429.600000000 26.5424 21.2391 0 0 0 -0.999999 0.00158275
434.600000000 25.556 21.2341 0 0 0 -0.999999 0.00156146
439.500000000 24.5929 21.2303 0 0 0 -0.999999 0.0015518
444.300000000 23.6381 21.2341 0 0 0 0.999976 0.00689246
447.500000000 22.6768 20.9227 0 0 0 -0.965548 0.260224
448.800000000 21.9936 20.2871 0 0 0 -0.912737 0.408547
450.200000000 21.2879 19.5128 0 0 0 -0.919858 0.392252
451.500000000 20.6304 18.7971 0 0 0 -0.917727 0.397212
452.800000000 19.9862 18.0691 0 0 0 -0.902499 0.430692
454.800000000 19.4567 17.3402 0 0 0 -0.880209 0.474586
456.600000000 19.0989 16.3955 0 0 0 -0.790408 0.612581
457.800000000 18.9836 15.4913 0 0 0 -0.743238 0.669027
459.200000000 18.8133 14.5187 0 0 0 -0.810512 0.585722
460.700000000 18.1936 13.6697 0 0 0 -0.920506 0.390727
462.000000000 17.5111 13.032 0 0 0 -0.933781 0.357844
464.700000000 16.8006 12.3597 0 0 0 -0.927018 0.375018
468.100000000 16.1236 11.6941 0 0 0 -0.925372 0.37906
472.200000000 15.4042 10.9857 0 0 0 -0.925413 0.378959
474.600000000 14.684 10.2795 0 0 0 -0.925589 0.378531
476.200000000 13.9859 9.59056 0 0 0 -0.92574 0.378162
477.600000000 13.2266 8.84878 0 0 0 -0.925868 0.377846
478.900000000 12.5249 8.16395 0 0 0 -0.92598 0.377572
480.300000000 11.7711 7.42652 0 0 0 -0.925959 0.377624
481.600000000 11.0777 6.74857 0 0 0 -0.925943 0.377663
482.800000000 10.4924 6.08386 0 0 0 -0.891956 0.452122
484.300000000 10.2433 5.15235 0 0 0 -0.742756 0.669562
485.800000000 10.3547 4.04977 0 0 0 -0.657061 0.753837
487.000000000 10.4672 3.16439 0 0 0 -0.67182 0.740715
488.400000000 10.4216 2.1493 0 0 0 -0.757943 0.65232
489.900000000 9.83055 1.36596 0 0 0 -0.903753 0.428053
491.200000000 9.18439 0.69259 0 0 0 -0.932676 0.360716
492.600000000 8.43771 -0.0274183 0 0 0 -0.925973 0.377589
493.800000000 7.79155 -0.658826 0 0 0 -0.925501 0.378745
501.200000000 7.21885 -0.960259 0 0 0 -0.996817 0.0797208
502.100000000 6.85063 -0.797977 0 0 0 0.984172 0.177217
503.500000000 6.00148 -0.268215 0 0 0 0.960827 0.277149
504.900000000 4.92225 0.0745569 0 0 0 0.993633 0.112669
506.100000000 3.95067 0.0794359 0 0 0 -0.999596 0.0284098
507.400000000 2.96439 -0.0342915 0 0 0 -0.99881 0.0487766
508.700000000 1.97843 -0.0516698 0 0 0 0.999997 0.00245203
510.100000000 0.92906 -0.010202 0 0 0 0.999769 0.0215111
511.400000000 -0.0533386 -0.00443898 0 0 0 -0.999833 0.0182697
513.200000000 -1.01897 -0.0166893 0 0 0 -0.999992 0.00396911
514.300000000 -1.38145 0.0921416 0 0 0 0.959599 0.281372
515.000000000 -1.29051 0.124674 0 0 0 0.814881 0.579628
515.600000000 -1.18109 0.165339 0 0 0 0.622907 0.782296
516.200000000 -1.06645 0.167948 0 0 0 0.394388 0.918944
516.900000000 -0.92315 0.0815321 0 0 0 0.0995663 0.995031
517.600000000 -0.776303 -0.0163804 0 0 0 -0.159768 0.987155
518.900000000 0.169818 -0.267129 0 0 0 -0.0902786 0.995917
520.600000000 1.13394 -0.297286 0 0 0 0.0250732 0.999686
522.000000000 1.64974 -0.161741 0 0 0 0.303085 0.952964
522.700000000 1.54764 -0.0545316 0 0 0 0.573661 0.819093
523.400000000 1.42926 -0.0511416 0 0 0 0.789987 0.613124
524.400000000 1.19822 0.0576022 0 0 0 0.935243 0.354006
525.400000000 0.906735 0.0770395 0 0 0 0.99473 0.10253
527.000000000 0.345176 -0.0625038 0 0 0 -0.982841 0.184456
528.300000000 0.242773 -0.229707 0 0 0 -0.875951 0.482401
529.100000000 0.336103 -0.266408 0 0 0 -0.722527 0.691343
529.800000000 0.414144 -0.251997 0 0 0 -0.543819 0.839203
530.700000000 0.505029 -0.169692 0 0 0 -0.270283 0.962781
531.700000000 0.626159 -0.0682206 0 0 0 0.0178235 0.999841
533.500000000 1.10643 0.212189 0 0 0 0.343366 0.939202
534.200000000 1.0026 0.283257 0 0 0 0.644703 0.764433
534.800000000 0.877698 0.264655 0 0 0 0.8415 0.540257
535.400000000 0.781251 0.182672 0 0 0 0.963579 0.267425
536.000000000 0.765023 0.0718459 0 0 0 -0.999571 0.0293035
536.700000000 0.821765 -0.0380217 0 0 0 -0.928553 0.371199
537.300000000 0.919589 -0.104674 0 0 0 -0.777117 0.629356
537.800000000 1.00885 -0.129149 0 0 0 -0.607612 0.794234
538.900000000 1.37677 -0.526265 0 0 0 -0.361892 0.93222
540.500000000 2.24885 -1.13515 0 0 0 -0.371598 0.928394
541.900000000 3.02784 -1.79994 0 0 0 -0.291413 0.956597
543.100000000 3.85918 -2.07446 0 0 0 -0.137324 0.990526
544.600000000 4.90309 -2.1915 0 0 0 0.0166269 0.999862
546.900000000 5.79193 -2.02977 0 0 0 0.0542554 0.998527
550.000000000 6.85272 -2.05731 0 0 0 -0.0124674 0.999922
551.300000000 7.79126 -2.10505 0 0 0 -0.0617514 0.998092
553.000000000 8.79798 -2.15442 0 0 0 -0.0157289 0.999876
555.400000000 9.78684 -2.19771 0 0 0 0.00217629 0.999998
559.300000000 10.726 -2.16279 0 0 0 0.0242252 0.999707
563.100000000 11.7182 -2.12232 0 0 0 0.0113325 0.999936
567.400000000 12.6471 -2.11542 0 0 0 0.00353941 0.999994
572.000000000 13.6472 -2.10984 0 0 0 0.00306642 0.999995
576.400000000 14.6086 -2.10389 0 0 0 0.00308663 0.999995
580.500000000 15.5803 -2.09782 0 0 0 0.00309683 0.999995
582.700000000 16.6412 -2.17801 0 0 0 -0.0546751 0.998504
584.000000000 17.6087 -2.28854 0 0 0 -0.0683164 0.997664
585.400000000 18.5929 -2.37996 0 0 0 -0.0207473 0.999785
587.700000000 19.5721 -2.3635 0 0 0 0.0956415 0.995416
588.300000000 19.5603 -2.2121 0 0 0 0.374504 0.927225
588.900000000 19.4661 -2.16524 0 0 0 0.631806 0.775126
589.500000000 19.4366 -2.16708 0 0 0 0.832775 0.553611
590.000000000 19.4162 -2.18562 0 0 0 0.945384 0.325959
590.700000000 19.3732 -2.35645 0 0 0 -0.999858 0.0168754
591.500000000 19.099 -2.5366 0 0 0 -0.966732 0.25579
593.000000000 18.4074 -3.31982 0 0 0 -0.892863 0.450329
594.000000000 18.2789 -3.71931 0 0 0 -0.738282 0.674493
594.700000000 18.4108 -3.68395 0 0 0 -0.462204 0.886773
595.400000000 18.4737 -3.5714 0 0 0 -0.131203 0.991355
596.100000000 18.6585 -3.44355 0 0 0 0.122332 0.992489
597.400000000 19.1251 -2.94049 0 0 0 0.381706 0.924284
598.700000000 19.7138 -2.20491 0 0 0 0.410025 0.912074
600.100000000 20.4142 -1.44861 0 0 0 0.392477 0.919762
601.400000000 21.0979 -0.753573 0 0 0 0.381629 0.924316
602.700000000 21.7933 -0.0613365 0 0 0 0.381628 0.924316
604.100000000 22.539 0.670952 0 0 0 0.381629 0.924316
605.400000000 23.2248 1.35324 0 0 0 0.381629 0.924316
606.700000000 23.9006 2.07541 0 0 0 0.401407 0.9159
608.500000000 24.5158 2.77451 0 0 0 0.425921 0.90476
612.700000000 25.0205 3.63012 0 0 0 0.531817 0.846859
614.000000000 25.2552 4.55278 0 0 0 0.618751 0.785587
615.800000000 25.6212 5.49288 0 0 0 0.520626 0.853785
619.700000000 26.2066 6.25226 0 0 0 0.422515 0.906356
624.100000000 26.8632 6.95271 0 0 0 0.393618 0.919274
628.700000000 27.5657 7.66076 0 0 0 0.385795 0.922584
630.400000000 28.0428 7.87022 0 0 0 0.0872359 0.996188
631.400000000 28.5231 7.71173 0 0 0 -0.161513 0.986871
632.700000000 29.2528 7.19501 0 0 0 -0.347027 0.937855
634.100000000 29.991 6.44555 0 0 0 -0.393202 0.919452
635.400000000 30.6683 5.74539 0 0 0 -0.393203 0.919452
636.600000000 31.2938 5.10318 0 0 0 -0.385372 0.922761
637.900000000 31.9848 4.40647 0 0 0 -0.384664 0.923057
639.200000000 32.6656 3.71949 0 0 0 -0.384673 0.923053
640.600000000 33.4064 2.9725 0 0 0 -0.384682 0.923049
642.300000000 33.8805 2.32761 0 0 0 -0.675492 0.737367
642.900000000 33.7264 2.35125 0 0 0 -0.86017 0.510007
643.600000000 33.6405 2.43994 0 0 0 -0.981821 0.189811
644.400000000 33.2906 2.46354 0 0 0 0.998938 0.0460841
645.700000000 32.458 2.75473 0 0 0 0.977484 0.211011
647.100000000 31.4312 3.05863 0 0 0 0.998562 0.0536087
648.000000000 31.2613 2.93635 0 0 0 -0.957323 0.289021
648.500000000 31.3323 2.87134 0 0 0 -0.856375 0.516354
649.200000000 31.4207 2.71096 0 0 0 -0.680943 0.732337
650.200000000 31.7039 2.34303 0 0 0 -0.455641 0.890164
651.700000000 32.4755 1.61153 0 0 0 -0.347092 0.937831
652.900000000 33.1505 0.994031 0 0 0 -0.388924 0.92127
654.300000000 33.8699 0.236731 0 0 0 -0.391091 0.920352
655.500000000 34.5059 -0.405064 0 0 0 -0.380661 0.924715
656.800000000 35.1996 -1.08891 0 0 0 -0.370615 0.928786
658.100000000 35.9767 -1.68542 0 0 0 -0.286383 0.958115
659.500000000 36.9389 -2.05905 0 0 0 -0.124529 0.992216
661.300000000 37.9257 -2.0988 0 0 0 0.0169352 0.999857
663.800000000 38.9845 -1.99838 0 0 0 0.0552539 0.998472
665.000000000 39.8856 -1.92954 0 0 0 0.0277662 0.999614
666.400000000 40.9248 -1.93757 0 0 0 -0.0754776 0.997147
667.700000000 41.8827 -2.20601 0 0 0 -0.160279 0.987072
668.900000000 42.7496 -2.38598 0 0 0 -0.0729078 0.997339
670.300000000 43.7977 -2.3774 0 0 0 0.0252151 0.999682
672.000000000 44.6028 -2.20542 0 0 0 0.366769 0.930312
672.600000000 44.5002 -2.15663 0 0 0 0.625298 0.780386
673.200000000 44.3839 -2.15412 0 0 0 0.828613 0.559822
673.900000000 44.2818 -2.22851 0 0 0 0.970482 0.241172
674.500000000 44.263 -2.34434 0 0 0 -0.998444 0.0557663
675.400000000 43.9835 -2.60963 0 0 0 -0.948354 0.317213
676.900000000 43.2457 -3.40627 0 0 0 -0.910334 0.413874
678.000000000 43.0429 -3.83314 0 0 0 -0.766106 0.642714
678.700000000 43.1702 -3.7969 0 0 0 -0.500521 0.865724
679.300000000 43.2285 -3.71161 0 0 0 -0.222965 0.974827
679.900000000 43.3122 -3.60277 0 0 0 0.0447201 0.999
680.900000000 43.6662 -3.36582 0 0 0 0.330632 0.94376
682.200000000 44.3218 -2.65636 0 0 0 0.408866 0.912594
683.500000000 45.0146 -1.96179 0 0 0 0.36515 0.930949
685.000000000 45.8722 -1.60209 0 0 0 0.0845772 0.996417
686.300000000 46.7964 -1.68978 0 0 0 -0.073059 0.997328
687.700000000 47.8314 -1.88925 0 0 0 -0.083009 0.996549
689.000000000 48.8047 -1.98448 0 0 0 -0.0266846 0.999644
690.400000000 49.8546 -1.96382 0 0 0 0.0276115 0.999619
691.700000000 50.8239 -1.86688 0 0 0 0.0456603 0.998957
693.000000000 51.7859 -1.83677 0 0 0 -0.0386044 0.999255
694.300000000 52.7187 -2.10486 0 0 0 -0.142877 0.989741
695.600000000 53.6228 -2.3792 0 0 0 -0.0987697 0.99511
696.400000000 53.884 -2.21232 0 0 0 0.149494 0.988763
698.000000000 54.6601 -1.5161 0 0 0 0.388656 0.921383
699.200000000 55.2945 -0.915707 0 0 0 0.39534 0.918535
700.600000000 56.0252 -0.170317 0 0 0 0.381447 0.924391
701.900000000 56.7312 0.518856 0 0 0 0.377096 0.926174
703.200000000 57.3902 1.23508 0 0 0 0.422291 0.90646
704.500000000 57.8559 2.07971 0 0 0 0.557626 0.830092
705.800000000 58.0173 2.95196 0 0 0 0.670189 0.74219
708.300000000 57.9701 3.93247 0 0 0 0.737799 0.675021
712.400000000 57.8895 4.8857 0 0 0 0.735659 0.677352
714.300000000 58.0369 5.42358 0 0 0 0.488869 0.872357
715.100000000 58.3354 5.58758 0 0 0 0.265668 0.964065
716.400000000 59.246 5.90908 0 0 0 0.128488 0.991711
717.700000000 60.223 6.03375 0 0 0 0.0314738 0.999505
719.100000000 60.7722 6.19203 0 0 0 0.362618 0.931938
719.600000000 60.6901 6.23165 0 0 0 0.58141 0.813611
720.400000000 60.5684 6.42544 0 0 0 0.799683 0.600423
721.600000000 60.1097 6.98012 0 0 0 0.922046 0.38708
722.900000000 59.3849 7.62256 0 0 0 0.929147 0.369709
724.300000000 58.6418 8.36721 0 0 0 0.920965 0.389645
725.600000000 57.9557 9.06878 0 0 0 0.924407 0.381408
726.900000000 57.2672 9.74807 0 0 0 0.924331 0.381592
728.100000000 56.6316 10.3803 0 0 0 0.924331 0.381592
729.500000000 55.8902 11.118 0 0 0 0.924331 0.381592
730.900000000 55.1388 11.8657 0 0 0 0.924331 0.381592
732.300000000 54.3871 12.6017 0 0 0 0.92843 0.371507
733.600000000 53.6539 13.2188 0 0 0 0.960257 0.279117
735.000000000 52.6751 13.5063 0 0 0 0.995567 0.0940566
737.100000000 51.6549 13.4974 0 0 0 -0.99955 0.030011
739.000000000 50.6494 13.4879 0 0 0 0.999182 0.0404452
740.500000000 49.7634 13.7619 0 0 0 0.975584 0.219625
742.700000000 49.0495 14.3289 0 0 0 0.932387 0.361461
747.200000000 48.3513 14.9859 0 0 0 0.926995 0.375073
752.100000000 47.6567 15.6814 0 0 0 0.92427 0.381738
755.100000000 47.0164 16.4659 0 0 0 0.876897 0.480678
756.600000000 46.7081 17.4338 0 0 0 0.76592 0.642936
758.200000000 46.7119 18.4935 0 0 0 0.677896 0.735158
759.500000000 46.8404 19.4531 0 0 0 0.663341 0.748317
761.500000000 46.5756 20.4516 0 0 0 0.855974 0.517018
763.000000000 45.9384 21.0718 0 0 0 0.959905 0.280324
764.700000000 44.9334 21.3186 0 0 0 0.993135 0.116971
774.200000000 44.0937 21.4226 0 0 0 0.999999 0.00136499
778.900000000 43.1049 21.3421 0 0 0 -0.998769 0.0495937
783.500000000 42.1473 21.2462 0 0 0 -0.998883 0.0472575
788.100000000 41.1782 21.1887 0 0 0 -0.999722 0.0235586
792.900000000 40.2204 21.16 0 0 0 -0.999978 0.00663703
797.700000000 39.2694 21.1561 0 0 0 -1 0.000864666
802.600000000 38.3079 21.1542 0 0 0 -1 0.000865109
807.500000000 37.3465 21.1421 0 0 0 -1 0.000865271
812.400000000 36.3822 21.1501 0 0 0 -1 0.000865151
817.400000000 35.4025 21.1482 0 0 0 -1 0.000864738
822.300000000 34.4327 21.1464 0 0 0 -1 0.000864026
825.900000000 33.433 21.2532 0 0 0 0.991544 0.129768
827.500000000 32.5238 21.6028 0 0 0 0.990293 0.138995
832.000000000 31.4917 21.6727 0 0 0 -0.999686 0.0250761
833.500000000 30.5445 21.4265 0 0 0 -0.991356 0.1312
834.900000000 29.6112 21.1299 0 0 0 -0.988706 0.149869
836.500000000 29.0465 21.2201 0 0 0 0.993108 0.117201
839.200000000 28.2833 21.2945 0 0 0 -0.981167 0.193161
839.800000000 28.3484 21.2033 0 0 0 -0.880262 0.474487
840.300000000 28.3622 21.1903 0 0 0 -0.733569 0.679615
841.000000000 28.5502 21.1293 0 0 0 -0.48919 0.872177
841.700000000 28.8129 21.0728 0 0 0 -0.249585 0.968353
842.800000000 29.3705 21.097 0 0 0 -0.0103013 0.999947
844.200000000 30.4287 21.1259 0 0 0 0.131404 0.991329
847.100000000 31.2832 21.4457 0 0 0 0.0748328 0.997196
851.900000000 32.2641 21.4149 0 0 0 -0.021265 0.999774
856.400000000 33.2259 21.3431 0 0 0 -0.0317934 0.999494
860.900000000 34.1862 21.2894 0 0 0 -0.0199209 0.999802
865.900000000 35.1694 21.2733 0 0 0 -0.00539249 0.999985
870.600000000 36.1125 21.2699 0 0 0 -0.00132754 0.999999
875.200000000 37.0655 21.267 0 0 0 -0.0013328 0.999999
880.200000000 38.0526 21.2642 0 0 0 -0.00133694 0.999999
882.400000000 39.0689 21.2612 0 0 0 -0.0013441 0.999999
883.800000000 40.1218 21.2582 0 0 0 -0.00135016 0.999999
885.200000000 41.1758 21.2551 0 0 0 -0.00135518 0.999999
886.400000000 42.0698 21.252 0 0 0 -0.00135933 0.999999
887.700000000 43.0438 21.2489 0 0 0 -0.00136174 0.999999
889.000000000 44.0177 21.2457 0 0 0 -0.00136348 0.999999
890.400000000 45.0704 21.2624 0 0 0 -0.00136612 0.999999
891.700000000 46.0443 21.2394 0 0 0 -0.0013674 0.999999
893.100000000 47.0982 21.2365 0 0 0 -0.00136811 0.999999
894.400000000 48.0721 21.2335 0 0 0 -0.00136769 0.999999
895.700000000 49.0463 21.2309 0 0 0 -0.00136382 0.999999
897.000000000 50.0193 21.2282 0 0 0 -0.00135511 0.999999
898.400000000 51.0719 21.232 0 0 0 0.0109092 0.99994
899.600000000 51.6698 21.5088 0 0 0 0.278009 0.960578
901.000000000 52.4032 22.2349 0 0 0 0.403857 0.914822
902.300000000 53.0681 22.9517 0 0 0 0.391567 0.920149
903.600000000 53.7577 23.643 0 0 0 0.37824 0.925708
905.000000000 54.5198 24.3764 0 0 0 0.374708 0.927143
906.300000000 55.2207 25.1129 0 0 0 0.385558 0.922684
907.600000000 55.9062 25.8138 0 0 0 0.387649 0.921807
909.000000000 56.63 26.5735 0 0 0 0.408156 0.912912
910.300000000 57.2367 27.3219 0 0 0 0.44677 0.894649
911.700000000 57.783 28.1815 0 0 0 0.52764 0.849468
913.000000000 57.948 29.104 0 0 0 0.653917 0.756566
914.900000000 57.9459 30.1077 0 0 0 0.718036 0.696006
917.100000000 57.8284 30.6994 0 0 0 0.897756 0.440494
917.600000000 57.7816 30.6215 0 0 0 0.978702 0.205288
918.300000000 57.7688 30.5017 0 0 0 -0.989672 0.143348
918.800000000 57.7804 30.4801 0 0 0 -0.922354 0.386346
919.500000000 57.8875 30.4329 0 0 0 -0.733566 0.679618
920.200000000 58.0514 30.3029 0 0 0 -0.526791 0.849995
921.300000000 58.5539 29.9468 0 0 0 -0.297256 0.954798
922.700000000 59.4504 29.6871 0 0 0 -0.0743608 0.997231
924.100000000 60.5011 29.6979 0 0 0 0.0363356 0.99934
925.400000000 61.311 29.9838 0 0 0 0.243307 0.969949
926.300000000 61.4867 30.1514 0 0 0 0.515469 0.856908
927.100000000 61.4195 30.4132 0 0 0 0.758835 0.651283
927.900000000 61.1703 30.6135 0 0 0 0.888043 0.459761
929.400000000 60.3767 31.3633 0 0 0 0.935433 0.353503
930.700000000 59.6688 32.032 0 0 0 0.923432 0.383763
932.000000000 58.9977 32.748 0 0 0 0.921064 0.389411
933.300000000 58.2621 33.3823 0 0 0 0.951198 0.308582
934.800000000 57.2732 33.8438 0 0 0 0.991686 0.128682
937.300000000 56.3129 33.7767 0 0 0 -0.999965 0.00839474
938.800000000 55.7807 34.0516 0 0 0 0.967465 0.253003
940.300000000 54.9868 34.7771 0 0 0 0.921577 0.388196
941.600000000 54.3192 35.4869 0 0 0 0.921132 0.389251
942.900000000 53.6051 36.1487 0 0 0 0.937341 0.348414
944.300000000 52.8337 36.7472 0 0 0 0.950628 0.310334
946.800000000 51.9511 37.265 0 0 0 0.973365 0.229259
948.200000000 50.9608 37.5176 0 0 0 0.997573 0.0696316
950.000000000 49.9086 37.6123 0 0 0 0.991995 0.126281
952.200000000 49.0617 38.199 0 0 0 0.940284 0.34039
956.300000000 48.351 38.8754 0 0 0 0.927623 0.373517
960.800000000 47.6865 39.529 0 0 0 0.924551 0.381058
963.700000000 46.9587 40.3864 0 0 0 0.895737 0.444584
964.900000000 46.5506 41.2129 0 0 0 0.82503 0.565089
966.200000000 46.4047 42.1227 0 0 0 0.726313 0.687364
967.600000000 46.4872 43.1721 0 0 0 0.607294 0.794477
969.100000000 47.0665 43.9946 0 0 0 0.409667 0.912235
970.400000000 47.7906 44.672 0 0 0 0.371305 0.928511
971.700000000 48.4837 45.3492 0 0 0 0.384904 0.922957
973.000000000 49.2534 45.9357 0 0 0 0.279838 0.960047
974.400000000 50.205 46.2032 0 0 0 0.0762668 0.997087
975.800000000 51.2345 46.123 0 0 0 -0.0802581 0.996774
977.200000000 52.2246 46.0172 0 0 0 -0.0665418 0.997784
978.500000000 53.1973 45.968 0 0 0 -0.00197266 0.999998
979.800000000 54.1304 46.0276 0 0 0 0.131823 0.991273
981.500000000 54.9726 46.7334 0 0 0 0.395505 0.918464
982.900000000 55.696 47.4961 0 0 0 0.386855 0.922141
984.200000000 56.3754 48.1944 0 0 0 0.382545 0.923937
985.600000000 57.1179 48.9383 0 0 0 0.382331 0.924025
986.800000000 57.6594 49.6506 0 0 0 0.48182 0.87627
988.200000000 57.9836 50.6218 0 0 0 0.633013 0.774141
989.600000000 57.9933 51.6644 0 0 0 0.732239 0.681048
991.000000000 57.7868 52.7235 0 0 0 0.736 0.676982
992.400000000 57.769 53.6723 0 0 0 0.661141 0.750262
993.600000000 58.1563 54.1733 0 0 0 0.421642 0.906763
995.100000000 59.0122 54.6786 0 0 0 0.185481 0.982648
996.000000000 59.4191 54.6982 0 0 0 -0.0601895 0.998187
996.600000000 59.3802 54.5872 0 0 0 -0.346513 0.938045
997.300000000 59.2663 54.5058 0 0 0 -0.642747 0.766078
997.900000000 59.2571 54.5018 0 0 0 -0.835988 0.548748
998.500000000 59.1412 54.5796 0 0 0 -0.959519 0.281643
999.100000000 58.9399 54.6247 0 0 0 -0.999855 0.0170368
999.800000000 58.9308 54.8118 0 0 0 0.967648 0.252303
1001.200000000 58.2895 55.5177 0 0 0 0.888988 0.457931
1002.600000000 57.6884 56.3546 0 0 0 0.907998 0.418974
1004.000000000 56.947 57.0898 0 0 0 0.928417 0.371539
1005.300000000 56.2065 57.7442 0 0 0 0.94417 0.329459
1006.700000000 55.283 58.1483 0 0 0 0.989581 0.14398
1008.400000000 54.3021 58.1918 0 0 0 -0.999762 0.0218054
1011.900000000 53.3246 58.1243 0 0 0 -0.999426 0.0338819
1015.700000000 52.3879 58.0744 0 0 0 -0.999853 0.0171271
1019.500000000 51.393 58.0584 0 0 0 -0.999985 0.00542248
1023.100000000 50.455 58.0527 0 0 0 -0.999996 0.00297447
1026.900000000 49.4848 58.0466 0 0 0 -0.999996 0.00297447
1031.300000000 48.5121 58.0407 0 0 0 -0.999996 0.00297447
1034.700000000 47.5414 58.0501 0 0 0 0.999799 0.0200505
1038.300000000 46.5954 58.0795 0 0 0 0.999981 0.00617215
1042.700000000 45.6504 58.0843 0 0 0 0.999998 0.00211396
1047.300000000 44.6706 58.0886 0 0 0 0.999998 0.00211396
1051.700000000 43.7326 58.0928 0 0 0 0.999998 0.00211396
1056.300000000 42.7677 58.0971 0 0 0 0.999998 0.00211396
1061.200000000 41.7779 58.1014 0 0 0 0.999998 0.00211396
1065.500000000 40.8117 58.1056 0 0 0 0.999998 0.00211396
1069.200000000 39.8572 58.1099 0 0 0 0.999998 0.00211396
1072.900000000 38.8939 58.1142 0 0 0 0.999998 0.00211396
1074.500000000 38.3987 58.2992 0 0 0 0.952875 0.303363
1075.300000000 38.3427 58.5421 0 0 0 0.828854 0.559465
1077.000000000 38.4057 59.5829 0 0 0 0.703677 0.71052
1078.200000000 38.3263 60.4815 0 0 0 0.750109 0.661314
1079.300000000 38.1429 60.8233 0 0 0 0.924622 0.380885
1080.000000000 38.04 60.7246 0 0 0 0.99713 0.0757047
1080.700000000 37.9434 60.6091 0 0 0 -0.977152 0.212543
1082.300000000 37.1845 59.8774 0 0 0 -0.914119 0.405447
1083.500000000 36.5689 59.2064 0 0 0 -0.921414 0.388581
1090.700000000 35.8648 58.5332 0 0 0 -0.928392 0.371602
1092.000000000 35.1712 57.839 0 0 0 -0.92321 0.384296
1093.400000000 34.4299 57.0926 0 0 0 -0.92321 0.384296
1094.700000000 33.7485 56.4061 0 0 0 -0.92321 0.384296
1096.000000000 33.0571 55.7197 0 0 0 -0.92321 0.384296
1097.200000000 32.4412 55.0685 0 0 0 -0.91506 0.403317
1098.600000000 31.7747 54.2752 0 0 0 -0.902473 0.430746
1101.100000000 31.2595 53.553 0 0 0 -0.878066 0.478539
1103.000000000 30.8741 52.5947 0 0 0 -0.7949 0.606741
1104.400000000 30.76 51.6278 0 0 0 -0.735402 0.677631
1106.400000000 30.357 50.7342 0 0 0 -0.879324 0.476224
1110.000000000 29.7136 50.008 0 0 0 -0.914919 0.403637
1114.400000000 29.0378 49.2959 0 0 0 -0.921933 0.38735
1118.900000000 28.3633 48.6151 0 0 0 -0.922964 0.384886
1123.500000000 27.6839 47.9389 0 0 0 -0.922964 0.384886
1127.700000000 27.0233 47.2615 0 0 0 -0.922964 0.384886
1132.300000000 26.3315 46.5629 0 0 0 -0.922964 0.384886
1137.100000000 25.6472 45.8892 0 0 0 -0.925933 0.377689
1139.200000000 24.9194 45.2922 0 0 0 -0.953397 0.301719
1140.600000000 23.928 44.9478 0 0 0 -0.981388 0.192035
1141.900000000 23.0833 44.6193 0 0 0 -0.997744 0.0671263
1143.500000000 22.0786 44.4667 0 0 0 -0.988759 0.149518
1145.100000000 21.2492 43.8578 0 0 0 -0.917941 0.396716
1146.400000000 21.0191 43.2962 0 0 0 -0.776838 0.6297
1148.000000000 20.8052 42.2532 0 0 0 -0.827376 0.561649
1149.400000000 20.3895 41.8095 0 0 0 -0.951567 0.30744
1150.300000000 20.0909 41.808 0 0 0 -0.998691 0.0511506
1152.000000000 19.079 42.0447 0 0 0 0.997831 0.0658235
1153.400000000 18.5145 41.999 0 0 0 -0.973841 0.227229
1154.100000000 18.6237 41.8942 0 0 0 -0.836883 0.547381
1154.800000000 18.7506 41.9157 0 0 0 -0.59845 0.80116
1156.400000000 19.2288 40.9302 0 0 0 -0.559236 0.829009
