0.200000000 0.2 0 0 0 0 0 1
5.400000000 0.998158 -0.113637 0 0 0 -0.295521 0.955336
6.100000000 0.895634 -0.187015 0 0 0 -0.605676 0.795712
6.700000000 0.777504 -0.183391 0 0 0 -0.813773 0.581183
7.200000000 0.702029 -0.133665 0 0 0 -0.93267 0.360731
7.800000000 0.651909 -0.0265836 0 0 0 -0.997617 0.0689974
8.400000000 0.670971 0.0901177 0 0 0 0.97345 0.2289
9.100000000 0.762596 0.185731 0 0 0 0.835606 0.549329
9.700000000 0.870162 0.198915 0 0 0 0.635946 0.771734
10.300000000 0.974377 0.163216 0 0 0 0.379479 0.9252
10.900000000 1.02883 0.058433 0 0 0 0.0908532 0.995864
11.500000000 1.01438 -0.0607092 0 0 0 -0.207505 0.978234
15.000000000 1.21526 -0.0440959 0 0 0 0.126117 0.992015
15.700000000 1.19326 0.0667419 0 0 0 0.457625 0.889145
16.200000000 1.06306 0.155959 0 0 0 0.638741 0.769422
17.000000000 0.955175 0.342002 0 0 0 0.840981 0.541064
18.500000000 0.250036 0.996306 0 0 0 0.936651 0.350263
19.900000000 -0.518722 1.71985 0 0 0 0.922303 0.386468
21.200000000 -1.12852 2.47867 0 0 0 0.893712 0.448641
22.400000000 -1.60773 3.22884 0 0 0 0.869762 0.493472
23.800000000 -2.01748 4.21733 0 0 0 0.825439 0.564491
25.100000000 -2.43306 5.0981 0 0 0 0.839552 0.543279
26.500000000 -2.78691 6.0904 0 0 0 0.807794 0.589465
28.000000000 -2.92012 7.05441 0 0 0 0.655019 0.755612
29.500000000 -2.45376 7.96267 0 0 0 0.508151 0.861268
30.800000000 -1.98763 8.86214 0 0 0 0.573875 0.818943
32.300000000 -1.95225 9.8369 0 0 0 0.705558 0.708652
33.700000000 -2.08468 10.8942 0 0 0 0.773816 0.63341
35.200000000 -2.1646 11.8223 0 0 0 0.721594 0.692316
37.900000000 -2.14714 12.7447 0 0 0 0.691471 0.722405
42.300000000 -2.09605 13.7097 0 0 0 0.693856 0.720114
46.300000000 -2.07949 14.6547 0 0 0 0.70161 0.712561
48.700000000 -2.09189 15.6332 0 0 0 0.724105 0.68969
50.000000000 -2.25827 16.5847 0 0 0 0.790971 0.611854
51.400000000 -2.61086 17.5328 0 0 0 0.853915 0.520413
52.100000000 -2.77952 17.5586 0 0 0 0.963991 0.265934
52.900000000 -2.91165 17.4556 0 0 0 -0.997281 0.0736898
53.600000000 -2.91107 17.3371 0 0 0 -0.922894 0.385054
54.200000000 -2.81619 17.2725 0 0 0 -0.767887 0.640586
54.800000000 -2.70879 17.2868 0 0 0 -0.544288 0.838899
55.400000000 -2.6297 17.365 0 0 0 -0.272069 0.962278
55.900000000 -2.60021 17.4799 0 0 0 -0.0261577 0.999658
56.700000000 -2.43358 17.6281 0 0 0 0.274824 0.961494
57.600000000 -2.1823 18.0039 0 0 0 0.489421 0.872048
59.000000000 -1.94965 18.9694 0 0 0 0.656282 0.754515
60.400000000 -2.0134 20.016 0 0 0 0.749781 0.661686
61.700000000 -2.15919 20.9766 0 0 0 0.766274 0.642514
63.200000000 -2.25755 21.96 0 0 0 0.722462 0.691411
65.600000000 -2.24082 22.9607 0 0 0 0.690324 0.7235
70.000000000 -2.16822 23.9188 0 0 0 0.676036 0.736868
74.400000000 -2.09251 24.8987 0 0 0 0.68351 0.729941
78.500000000 -2.06607 25.8468 0 0 0 0.699976 0.714167
83.000000000 -2.05642 26.8223 0 0 0 0.705428 0.708782
86.600000000 -2.05983 27.8858 0 0 0 0.715857 0.698247
87.900000000 -2.19423 28.8463 0 0 0 0.79038 0.612617
89.200000000 -2.58654 29.7328 0 0 0 0.861031 0.508553
90.100000000 -2.83249 29.8446 0 0 0 0.9775 0.210935
90.800000000 -2.96668 29.7581 0 0 0 -0.99753 0.0702473
91.400000000 -2.98011 29.6576 0 0 0 -0.942583 0.333971
92.000000000 -2.89156 29.5819 0 0 0 -0.802795 0.596255
92.600000000 -2.77392 29.5797 0 0 0 -0.589799 0.80755
93.300000000 -2.68659 29.6476 0 0 0 -0.276537 0.961003
93.900000000 -2.66532 29.7621 0 0 0 0.0198313 0.999803
94.600000000 -2.52382 29.9293 0 0 0 0.273009 0.962011
95.600000000 -2.25111 30.365 0 0 0 0.509244 0.860622
97.000000000 -2.00287 31.3036 0 0 0 0.638608 0.769533
98.600000000 -1.95561 32.2814 0 0 0 0.715482 0.698631
100.000000000 -2.04806 33.3301 0 0 0 0.737628 0.675207
101.400000000 -2.10909 34.2898 0 0 0 0.724934 0.688818
103.800000000 -2.12958 35.2237 0 0 0 0.709269 0.704937
107.600000000 -2.11253 36.1938 0 0 0 0.698278 0.715826
111.800000000 -2.10524 37.1592 0 0 0 0.705381 0.708829
116.200000000 -2.1004 38.1343 0 0 0 0.705367 0.708842
118.300000000 -2.09533 39.1265 0 0 0 0.705352 0.708857
119.700000000 -2.15163 40.1759 0 0 0 0.750716 0.660626
121.000000000 -2.41197 41.1113 0 0 0 0.824032 0.566543
122.600000000 -3.09512 41.9142 0 0 0 0.945078 0.326846
123.600000000 -3.44414 41.9905 0 0 0 0.999889 0.0148864
124.200000000 -3.41258 41.8669 0 0 0 -0.959645 0.281215
124.800000000 -3.31222 41.791 0 0 0 -0.833709 0.552204
125.400000000 -3.19449 41.7892 0 0 0 -0.633306 0.773902
126.000000000 -3.11063 41.8459 0 0 0 -0.376331 0.926485
126.500000000 -3.06563 41.9523 0 0 0 -0.136033 0.990704
127.200000000 -3.05354 41.9653 0 0 0 0.174672 0.984627
128.400000000 -2.45355 42.4908 0 0 0 0.413833 0.910353
129.800000000 -2.02108 43.4369 0 0 0 0.586507 0.809944
131.300000000 -2.03371 44.5014 0 0 0 0.738602 0.674142
132.600000000 -2.14103 45.4631 0 0 0 0.752831 0.658213
134.000000000 -2.21545 46.4871 0 0 0 0.724042 0.689756
135.200000000 -2.22803 47.4006 0 0 0 0.698229 0.715874
136.600000000 -2.20971 48.453 0 0 0 0.703293 0.7109
138.000000000 -2.21353 49.5071 0 0 0 0.707124 0.707089
139.200000000 -2.21319 50.4008 0 0 0 0.707124 0.70709
140.500000000 -2.21324 51.3746 0 0 0 0.707125 0.707088
141.900000000 -2.25463 52.4378 0 0 0 0.722829 0.691027
143.300000000 -2.53554 53.3718 0 0 0 0.82776 0.561083
144.600000000 -2.89599 54.2893 0 0 0 0.802757 0.596307
145.900000000 -2.99132 55.2546 0 0 0 0.717472 0.696587
147.200000000 -2.8766 56.1897 0 0 0 0.653423 0.756993
148.700000000 -2.40799 56.984 0 0 0 0.412285 0.911055
150.000000000 -1.69291 57.5936 0 0 0 0.31293 0.949776
151.300000000 -0.799494 58.0433 0 0 0 0.192502 0.981297
152.700000000 0.178624 58.2388 0 0 0 0.0475846 0.998867
154.900000000 1.15934 58.1729 0 0 0 -0.0411357 0.999154
159.200000000 2.12094 58.1119 0 0 0 -0.0370225 0.999314
163.600000000 3.10962 58.0778 0 0 0 -0.0151477 0.999885
166.500000000 4.07549 58.0681 0 0 0 -0.00230708 0.999997
169.500000000 5.05995 58.0655 0 0 0 -0.00132533 0.999999
172.100000000 5.83911 58.1674 0 0 0 0.303498 0.952832
172.700000000 5.76555 58.3072 0 0 0 0.541813 0.840499
173.500000000 5.67508 58.5214 0 0 0 0.76569 0.64321
174.300000000 5.4769 58.6981 0 0 0 0.912548 0.408969
174.900000000 5.41163 58.6084 0 0 0 0.992479 0.122413
175.500000000 5.41809 58.4904 0 0 0 -0.984328 0.176348
176.100000000 5.48008 58.3866 0 0 0 -0.888252 0.459356
176.700000000 5.61237 58.3511 0 0 0 -0.713268 0.700892
177.500000000 5.82863 58.2658 0 0 0 -0.443478 0.896285
178.300000000 6.07415 58.1757 0 0 0 -0.196488 0.980506
179.800000000 7.08644 58.125 0 0 0 0.0151251 0.999886
181.400000000 8.07266 58.1899 0 0 0 0.01766 0.999844
185.200000000 9.06687 58.1626 0 0 0 -0.0183315 0.999832
189.300000000 10.0363 58.1104 0 0 0 -0.0310064 0.999519
193.600000000 10.9921 58.0816 0 0 0 -0.0127856 0.999918
197.600000000 11.9619 58.0724 0 0 0 -0.00244299 0.999997
201.800000000 12.9049 58.0712 0 0 0 -0.0010288 0.999999
206.300000000 13.8811 58.0691 0 0 0 -0.0010288 0.999999
210.600000000 14.8684 58.067 0 0 0 -0.0010288 0.999999
214.300000000 15.8209 58.0649 0 0 0 -0.0010288 0.999999
218.100000000 16.8176 58.0628 0 0 0 -0.0010288 0.999999
221.800000000 17.7809 58.0607 0 0 0 -0.0010288 0.999999
222.900000000 17.986 58.1866 0 0 0 0.311269 0.950322
223.600000000 17.9492 58.2954 0 0 0 0.59646 0.802643
224.400000000 17.813 58.5017 0 0 0 0.808836 0.588034
225.200000000 17.5729 58.6819 0 0 0 0.931969 0.362539
225.900000000 17.4924 58.5869 0 0 0 0.999231 0.0392216
226.500000000 17.5184 58.4816 0 0 0 -0.966192 0.257823
227.000000000 17.583 58.4084 0 0 0 -0.873412 0.486981
227.800000000 17.7193 58.3487 0 0 0 -0.624392 0.781111
229.000000000 18.1497 57.8936 0 0 0 -0.371722 0.928344
230.300000000 18.8998 57.2718 0 0 0 -0.34132 0.939947
231.700000000 19.5563 56.6511 0 0 0 -0.375263 0.926918
234.600000000 20.2519 55.9611 0 0 0 -0.381976 0.924172
238.900000000 20.9343 55.2807 0 0 0 -0.391323 0.920253
242.200000000 21.5932 54.4941 0 0 0 -0.487872 0.872915
243.500000000 21.9147 53.5881 0 0 0 -0.589996 0.807406
246.200000000 22.0284 52.6193 0 0 0 -0.690766 0.723078
250.500000000 21.9853 51.6774 0 0 0 -0.736763 0.676151
254.600000000 21.8884 50.7101 0 0 0 -0.737016 0.675875
256.800000000 21.4302 49.7826 0 0 0 -0.904232 0.427041
258.400000000 20.7227 49.0988 0 0 0 -0.93083 0.365451
261.300000000 20.0504 48.4514 0 0 0 -0.925996 0.377533
265.700000000 19.3576 47.7662 0 0 0 -0.924926 0.380148
270.000000000 18.6935 47.1098 0 0 0 -0.924927 0.380146
274.600000000 17.9856 46.4198 0 0 0 -0.924927 0.380144
279.000000000 17.3078 45.7498 0 0 0 -0.924928 0.380143
283.400000000 16.6124 45.0622 0 0 0 -0.924928 0.380141
288.000000000 15.9332 44.381 0 0 0 -0.924929 0.38014
291.400000000 15.2241 43.6898 0 0 0 -0.924929 0.380139
294.600000000 14.53 43.0038 0 0 0 -0.92493 0.380138
299.000000000 13.8584 42.3399 0 0 0 -0.92493 0.380137
302.600000000 13.1842 41.6637 0 0 0 -0.924932 0.380134
305.800000000 12.4864 40.9838 0 0 0 -0.924933 0.380129
309.100000000 11.7934 40.2986 0 0 0 -0.924935 0.380126
310.200000000 11.7134 40.0615 0 0 0 -0.754043 0.656825
310.800000000 11.7707 40.056 0 0 0 -0.564987 0.8251
312.300000000 12.4408 39.2194 0 0 0 -0.383748 0.923438
314.400000000 13.1741 38.5358 0 0 0 -0.37426 0.927324
318.900000000 13.8597 37.8388 0 0 0 -0.38014 0.924929
323.700000000 14.5687 37.1577 0 0 0 -0.380146 0.924926
328.400000000 15.2716 36.4726 0 0 0 -0.380147 0.924926
333.300000000 15.9558 35.7863 0 0 0 -0.380147 0.924926
337.900000000 16.6187 35.1312 0 0 0 -0.380147 0.924926
340.400000000 16.9967 34.8869 0 0 0 -0.0638484 0.99796
341.000000000 16.9965 34.8934 0 0 0 0.22203 0.97504
341.900000000 17.2945 35.2311 0 0 0 0.437302 0.899315
343.300000000 17.7283 36.1715 0 0 0 0.592398 0.805646
344.800000000 17.8396 37.1268 0 0 0 0.708244 0.705968
345.400000000 17.7406 37.1193 0 0 0 0.880432 0.474173
346.000000000 17.6655 37.028 0 0 0 0.980898 0.194524
346.600000000 17.6697 37.0009 0 0 0 -0.994637 0.103424
347.200000000 17.6771 36.9876 0 0 0 -0.918964 0.394342
347.800000000 17.6829 36.9852 0 0 0 -0.756866 0.65357
348.700000000 17.8685 36.7363 0 0 0 -0.520536 0.853839
350.200000000 18.6281 36.0482 0 0 0 -0.325499 0.945542
351.700000000 19.4224 35.4166 0 0 0 -0.352787 0.935704
354.500000000 20.1101 34.7515 0 0 0 -0.378115 0.925759
359.400000000 20.8401 34.1106 0 0 0 -0.322949 0.946416
362.100000000 21.8012 33.5669 0 0 0 -0.175556 0.984469
363.700000000 22.6628 33.5425 0 0 0 -0.0178249 0.999841
367.500000000 23.6443 33.6094 0 0 0 0.0325171 0.999471
372.200000000 24.5856 33.662 0 0 0 0.0186793 0.999826
377.200000000 25.5622 33.6689 0 0 0 0.00596329 0.999982
381.900000000 26.5124 33.6816 0 0 0 0.00048975 1
386.600000000 27.4767 33.6855 0 0 0 0.0247747 0.999693
387.800000000 28.0714 33.9848 0 0 0 0.288214 0.957566
389.200000000 28.7873 34.6677 0 0 0 0.394745 0.918791
391.800000000 29.4609 35.3641 0 0 0 0.390038 0.920799
396.600000000 30.1456 36.0572 0 0 0 0.384024 0.923323
400.900000000 30.8175 36.7333 0 0 0 0.38401 0.923329
405.100000000 31.4994 37.4194 0 0 0 0.384 0.923333
408.600000000 32.1764 38.1005 0 0 0 0.383985 0.923339
413.000000000 32.8721 38.8003 0 0 0 0.383971 0.923345
417.400000000 33.5291 39.5269 0 0 0 0.423673 0.905815
418.900000000 34.0555 40.4873 0 0 0 0.548258 0.836309
420.200000000 34.2513 41.4317 0 0 0 0.665069 0.746782
421.600000000 34.238 42.4837 0 0 0 0.726982 0.686656
423.100000000 34.0558 43.215 0 0 0 0.895116 0.445832
423.700000000 33.9969 43.1291 0 0 0 0.98689 0.161393
424.400000000 33.8126 43.0103 0 0 0 -0.995111 0.0987628
425.700000000 33.2361 42.5332 0 0 0 -0.928212 0.372052
426.900000000 32.6216 41.8658 0 0 0 -0.922773 0.385345
428.500000000 31.6636 41.3873 0 0 0 -0.990472 0.137712
429.200000000 31.5523 41.4885 0 0 0 0.987656 0.156641
429.800000000 31.6235 41.611 0 0 0 0.899174 0.437591
430.400000000 31.7437 41.6438 0 0 0 0.733889 0.67927
431.000000000 31.8454 41.6722 0 0 0 0.513216 0.858259
432.600000000 32.6262 42.4116 0 0 0 0.347767 0.937581
433.900000000 33.3484 43.0647 0 0 0 0.376932 0.926241
435.200000000 33.9598 43.8222 0 0 0 0.470291 0.882511
436.600000000 34.3066 44.7778 0 0 0 0.627827 0.778353
438.000000000 34.3092 45.8217 0 0 0 0.736297 0.676659
439.400000000 34.1648 46.8638 0 0 0 0.750551 0.660812
440.800000000 34.1209 47.9063 0 0 0 0.714995 0.699129
442.000000000 34.1102 48.8095 0 0 0 0.702783 0.711404
443.300000000 34.1245 49.782 0 0 0 0.697835 0.716259
444.700000000 34.1639 50.8302 0 0 0 0.703319 0.710875
446.100000000 34.1477 51.8826 0 0 0 0.714028 0.700117
447.500000000 34.1296 52.9361 0 0 0 0.708522 0.705688
448.800000000 34.122 53.9097 0 0 0 0.704363 0.70984
450.000000000 34.1501 54.8034 0 0 0 0.70436 0.709843
451.400000000 34.1483 55.8571 0 0 0 0.704357 0.709846
452.900000000 34.4506 56.6488 0 0 0 0.471292 0.881977
454.200000000 35.1166 57.3622 0 0 0 0.374705 0.927144
455.600000000 35.874 58.0839 0 0 0 0.374694 0.927149
456.900000000 36.6475 58.6808 0 0 0 0.276012 0.961154
458.100000000 37.1254 58.7969 0 0 0 -0.065165 0.997875
458.700000000 37.076 58.6765 0 0 0 -0.352812 0.935694
459.300000000 36.9919 58.6267 0 0 0 -0.609907 0.792473
459.800000000 36.8821 58.6213 0 0 0 -0.784864 0.619669
460.700000000 36.6341 58.3731 0 0 0 -0.925231 0.379404
462.200000000 35.7246 57.9905 0 0 0 -0.990877 0.134769
469.900000000 34.678 57.8481 0 0 0 -0.99879 0.0491693
471.100000000 34.0791 57.4702 0 0 0 -0.955687 0.294383
472.400000000 33.3835 56.7685 0 0 0 -0.92147 0.38845
473.700000000 32.7083 56.0653 0 0 0 -0.92154 0.388283
475.000000000 31.9211 55.4894 0 0 0 -0.965426 0.260677
476.400000000 30.9863 55.2236 0 0 0 -0.989098 0.147257
477.800000000 30.003 55.0398 0 0 0 -0.998513 0.0545081
480.000000000 29.0539 55.04 0 0 0 0.999527 0.0307394
483.200000000 27.9895 55.1766 0 0 0 0.997019 0.0771516
485.400000000 26.9421 55.1177 0 0 0 -0.993864 0.110612
487.400000000 26.08 54.5643 0 0 0 -0.943162 0.332333
491.200000000 25.4607 53.9229 0 0 0 -0.927595 0.373587
495.600000000 24.7555 53.235 0 0 0 -0.92466 0.380793
500.100000000 24.0591 52.5465 0 0 0 -0.924668 0.380773
504.600000000 23.3832 51.8773 0 0 0 -0.924689 0.380723
509.200000000 22.6827 51.183 0 0 0 -0.924681 0.380743
514.000000000 21.9845 50.4909 0 0 0 -0.924672 0.380764
518.800000000 21.3083 49.7999 0 0 0 -0.914545 0.404485
520.500000000 20.7128 49.0556 0 0 0 -0.894055 0.447956
522.000000000 20.3606 48.5345 0 0 0 -0.701364 0.712803
522.600000000 20.3962 48.5401 0 0 0 -0.464461 0.885594
523.200000000 20.4763 48.5819 0 0 0 -0.18198 0.983302
523.900000000 20.4636 48.5871 0 0 0 0.112124 0.993694
524.800000000 20.7845 48.8753 0 0 0 0.349314 0.937006
526.700000000 21.2934 49.8195 0 0 0 0.552785 0.833324
528.700000000 21.6272 50.1335 0 0 0 0.28523 0.958459
531.400000000 22.2572 50.5979 0 0 0 0.568012 0.82302
532.800000000 22.1806 51.2648 0 0 0 0.781572 0.623815
534.600000000 21.7501 52.1246 0 0 0 0.871093 0.491118
536.100000000 21.5044 52.3695 0 0 0 0.976457 0.215712
536.900000000 21.4875 52.2653 0 0 0 -0.999084 0.0427824
537.700000000 21.5425 52.1543 0 0 0 -0.928346 0.371717
538.400000000 21.6829 52.1684 0 0 0 -0.748084 0.663604
538.900000000 21.7348 52.1899 0 0 0 -0.567643 0.823275
539.600000000 21.8602 52.1957 0 0 0 -0.286494 0.958082
540.200000000 21.8706 52.3073 0 0 0 -0.0120863 0.999927
540.800000000 21.831 52.39 0 0 0 0.267165 0.963651
541.300000000 21.8297 52.3911 0 0 0 0.47637 0.879245
542.900000000 22.1076 53.3645 0 0 0 0.633257 0.773942
544.600000000 22.055 54.0162 0 0 0 0.827563 0.561373
545.500000000 21.9173 54.0301 0 0 0 0.938182 0.346144
547.500000000 21.0426 54.327 0 0 0 0.987686 0.156449
548.400000000 21.0295 54.2186 0 0 0 -0.990474 0.137697
549.300000000 21.1513 54.232 0 0 0 -0.902898 0.429856
550.100000000 21.1951 54.2508 0 0 0 -0.720318 0.693644
550.800000000 21.317 54.2769 0 0 0 -0.515608 0.856825
551.500000000 21.4013 54.298 0 0 0 -0.241422 0.97042
552.200000000 21.4249 54.3344 0 0 0 0.108605 0.994085
552.800000000 21.3752 54.4346 0 0 0 0.397543 0.917583
553.400000000 21.2955 54.5529 0 0 0 0.621819 0.783161
554.400000000 21.1414 55.0296 0 0 0 0.801405 0.598122
556.000000000 20.6661 55.9582 0 0 0 0.908107 0.418738
558.000000000 19.9933 56.193 0 0 0 0.990571 0.136997
558.900000000 19.9927 56.1159 0 0 0 -0.991094 0.133166
561.700000000 19.4779 56.0078 0 0 0 0.98199 0.188934
562.700000000 19.4277 56.3864 0 0 0 0.895797 0.444463
564.400000000 19.0911 57.3281 0 0 0 0.795142 0.606423
566.600000000 18.8399 57.903 0 0 0 0.94696 0.32135
567.300000000 18.7637 57.7903 0 0 0 0.997942 0.0641263
568.800000000 17.6361 57.6664 0 0 0 0.999552 0.0299462
570.100000000 17.2782 57.7935 0 0 0 0.939228 0.343295
570.900000000 17.3995 57.8942 0 0 0 0.770159 0.637852
571.700000000 17.5322 57.917 0 0 0 0.520072 0.854122
572.800000000 17.8684 58.0664 0 0 0 0.238614 0.971114
573.800000000 18.0542 57.9996 0 0 0 -0.0683708 0.99766
574.600000000 18.034 57.9921 0 0 0 -0.330669 0.943747
575.400000000 17.945 57.931 0 0 0 -0.567941 0.823069
576.200000000 17.8388 57.9134 0 0 0 -0.768368 0.640009
576.900000000 17.7369 57.9411 0 0 0 -0.897313 0.441396
577.600000000 17.6389 57.9276 0 0 0 -0.981021 0.193904
578.300000000 17.582 58.0032 0 0 0 0.997416 0.0718422
579.100000000 17.5437 58.1593 0 0 0 0.93269 0.360679
580.600000000 17.2849 58.7701 0 0 0 0.817526 0.575892
582.000000000 17.343 59.0125 0 0 0 0.603877 0.797078
582.900000000 17.4365 58.9537 0 0 0 0.356386 0.934339
583.800000000 17.5608 58.87 0 0 0 0.0575778 0.998341
584.900000000 17.9892 58.7206 0 0 0 -0.183765 0.98297
586.500000000 19.0031 58.2222 0 0 0 -0.238826 0.971062
587.900000000 19.9689 57.8888 0 0 0 -0.0908302 0.995866
589.600000000 20.9252 57.86 0 0 0 0.0255493 0.999674
590.900000000 21.8274 58.0076 0 0 0 0.084978 0.996383
592.500000000 22.819 58.1536 0 0 0 0.0522483 0.998634
596.200000000 23.7721 58.1767 0 0 0 -0.0112755 0.999936
600.900000000 24.717 58.124 0 0 0 -0.0292184 0.999573
605.000000000 25.6764 58.069 0 0 0 -0.0185842 0.999827
608.900000000 26.6166 58.0445 0 0 0 -0.00489978 0.999988
613.100000000 27.6043 58.0384 0 0 0 -0.0031325 0.999995
617.400000000 28.5923 58.032 0 0 0 -0.0031325 0.999995
621.700000000 29.5408 58.0257 0 0 0 -0.0031325 0.999995
626.200000000 30.5302 58.0191 0 0 0 -0.0031325 0.999995
630.700000000 31.5012 58.022 0 0 0 0.00845905 0.999964
635.500000000 32.4621 58.0256 0 0 0 0.00411601 0.999992
640.100000000 33.4166 58.028 0 0 0 0.001236 0.999999
644.700000000 34.3511 58.0305 0 0 0 0.001236 0.999999
649.500000000 35.3291 58.033 0 0 0 0.001236 0.999999
654.200000000 36.2776 58.0355 0 0 0 0.001236 0.999999
659.100000000 37.2691 58.038 0 0 0 0.001236 0.999999
661.000000000 38.2106 58.0405 0 0 0 0.001236 0.999999
662.400000000 39.2631 58.0432 0 0 0 0.001236 0.999999
663.700000000 40.2368 58.0457 0 0 0 0.001236 0.999999
665.100000000 41.2809 58.0476 0 0 0 0.00110407 0.999999
666.300000000 42.1849 58.05 0 0 0 0.00109025 0.999999
667.700000000 43.2388 58.0522 0 0 0 0.00107637 0.999999
668.900000000 44.1327 58.0544 0 0 0 0.00106242 0.999999
670.300000000 45.1867 58.0566 0 0 0 0.00104847 0.999999
671.600000000 46.1606 58.0585 0 0 0 0.000996649 1
672.800000000 47.0645 58.0605 0 0 0 0.000946758 1
674.100000000 48.0388 58.0611 0 0 0 0.000401229 1
675.500000000 49.092 58.0632 0 0 0 0.000651524 1
676.800000000 50.0641 58.0659 0 0 0 0.000873314 1
678.200000000 51.1166 58.0683 0 0 0 0.000985256 1
679.600000000 52.1601 58.0707 0 0 0 0.00108539 0.999999
680.900000000 53.1426 58.0731 0 0 0 0.00108711 0.999999
682.100000000 53.538 57.8225 0 0 0 -0.329905 0.944014
682.800000000 53.5046 57.7683 0 0 0 -0.589252 0.807949
683.800000000 53.4876 57.2047 0 0 0 -0.758886 0.651224
685.300000000 53.2391 56.1502 0 0 0 -0.773533 0.633756
686.500000000 53.0918 55.1721 0 0 0 -0.737217 0.675656
688.400000000 53.3042 54.1411 0 0 0 -0.515009 0.857185
689.900000000 54.0458 53.4293 0 0 0 -0.365903 0.930653
691.200000000 54.8085 52.7699 0 0 0 -0.297495 0.954723
692.600000000 55.7624 52.3351 0 0 0 -0.155407 0.987851
693.900000000 56.7151 52.1864 0 0 0 -0.0552309 0.998474
695.300000000 57.7674 52.1616 0 0 0 0.0123988 0.999923
696.600000000 58.7386 52.214 0 0 0 0.0391067 0.999235
697.900000000 59.2964 52.3583 0 0 0 0.300339 0.953833
698.500000000 59.203 52.4308 0 0 0 0.565935 0.82445
699.200000000 59.0693 52.5252 0 0 0 0.794224 0.607625
699.900000000 58.9201 52.5729 0 0 0 0.934009 0.357249
700.600000000 58.7483 52.5331 0 0 0 0.996681 0.0814068
702.200000000 57.7574 52.4745 0 0 0 0.998431 0.0559969
703.100000000 57.5468 52.7128 0 0 0 0.936842 0.349752
704.200000000 57.2847 53.2441 0 0 0 0.822558 0.568682
705.700000000 57.2667 54.2102 0 0 0 0.644613 0.764509
707.200000000 57.7469 55.0939 0 0 0 0.433384 0.901209
708.600000000 58.5518 55.6453 0 0 0 0.232713 0.972546
709.800000000 59.0598 55.7279 0 0 0 -0.0971476 0.99527
710.400000000 59.0197 55.6059 0 0 0 -0.379754 0.925088
711.100000000 58.9296 55.5268 0 0 0 -0.660792 0.750569
711.700000000 58.8109 55.4704 0 0 0 -0.835469 0.549538
712.700000000 58.4478 55.2526 0 0 0 -0.956236 0.292597
714.100000000 57.5254 54.7161 0 0 0 -0.969412 0.245439
715.400000000 56.7682 54.1203 0 0 0 -0.934648 0.355575
716.900000000 55.9952 53.3644 0 0 0 -0.924379 0.381476
719.400000000 55.2882 52.6511 0 0 0 -0.924379 0.381476
723.500000000 54.6089 51.9758 0 0 0 -0.924369 0.381499
727.700000000 53.8947 51.2752 0 0 0 -0.924349 0.381548
731.300000000 53.2192 50.6033 0 0 0 -0.924329 0.381598
735.600000000 52.5214 49.9087 0 0 0 -0.92432 0.381619
739.700000000 51.8372 49.2278 0 0 0 -0.924313 0.381635
744.000000000 51.1596 48.5516 0 0 0 -0.924207 0.381891
748.000000000 50.5022 47.8955 0 0 0 -0.924114 0.382117
752.400000000 49.8001 47.1961 0 0 0 -0.924193 0.381925
756.700000000 49.1206 46.5196 0 0 0 -0.924215 0.381871
761.300000000 48.438 45.8307 0 0 0 -0.924245 0.381801
765.800000000 47.7594 45.1646 0 0 0 -0.924243 0.381806
770.500000000 47.1178 44.447 0 0 0 -0.904878 0.425671
772.400000000 46.5888 43.5123 0 0 0 -0.841723 0.539909
774.200000000 46.3865 42.5997 0 0 0 -0.747643 0.6641
778.200000000 46.4057 41.601 0 0 0 -0.685288 0.728272
780.700000000 46.5065 40.5629 0 0 0 -0.66741 0.74469
785.400000000 46.581 39.5996 0 0 0 -0.688594 0.725148
788.300000000 46.8356 38.7757 0 0 0 -0.466626 0.884455
789.600000000 47.4798 38.4276 0 0 0 -0.199499 0.979898
791.100000000 48.5533 38.2557 0 0 0 -0.0496562 0.998766
792.400000000 49.5348 38.2578 0 0 0 0.0257067 0.99967
793.900000000 50.1749 38.4371 0 0 0 0.330904 0.943665
794.400000000 50.1027 38.4931 0 0 0 0.553658 0.832744
795.100000000 49.97 38.4995 0 0 0 0.805768 0.592231
795.800000000 49.8875 38.4215 0 0 0 0.960192 0.279341
796.300000000 49.8919 38.3908 0 0 0 0.998486 0.0550037
797.000000000 49.8892 38.3728 0 0 0 -0.964887 0.262665
798.500000000 49.1559 37.4796 0 0 0 -0.913535 0.406761
799.800000000 48.5066 36.8326 0 0 0 -0.882387 0.470525
801.300000000 48.11 35.782 0 0 0 -0.780784 0.624801
802.800000000 48.1341 34.7166 0 0 0 -0.656558 0.754275
804.200000000 48.3503 33.7084 0 0 0 -0.625809 0.779976
805.600000000 48.4879 32.7623 0 0 0 -0.673625 0.739074
807.800000000 48.5237 31.7754 0 0 0 -0.696464 0.717592
811.900000000 48.5034 30.8177 0 0 0 -0.718761 0.695257
815.700000000 48.4748 29.8763 0 0 0 -0.713271 0.700888
818.600000000 48.5498 28.8439 0 0 0 -0.670367 0.74203
819.900000000 48.7342 28.3155 0 0 0 -0.398612 0.91712
820.500000000 48.7929 28.418 0 0 0 -0.109776 0.993956
821.100000000 48.7831 28.5353 0 0 0 0.188892 0.981998
821.600000000 48.727 28.6292 0 0 0 0.425521 0.904948
822.200000000 48.6173 28.6875 0 0 0 0.662087 0.749427
824.000000000 48.3671 29.6804 0 0 0 0.78822 0.615393
825.500000000 48.453 30.6636 0 0 0 0.610248 0.792211
826.900000000 48.9609 31.5149 0 0 0 0.429331 0.903147
828.300000000 49.7114 32.2288 0 0 0 0.353345 0.935493
829.600000000 50.4307 32.8871 0 0 0 0.375336 0.926889
830.900000000 51.1848 33.4967 0 0 0 0.294085 0.955779
832.300000000 52.0917 33.8597 0 0 0 0.113442 0.993545
833.600000000 53.016 33.8654 0 0 0 -0.0406981 0.999171
834.900000000 53.9496 33.6916 0 0 0 -0.0943449 0.99554
836.300000000 54.9983 33.6381 0 0 0 -0.0248724 0.999691
837.700000000 55.9244 33.6054 0 0 0 -0.101127 0.994874
838.800000000 56.4953 33.1861 0 0 0 -0.32739 0.944889
840.200000000 57.217 32.4008 0 0 0 -0.423407 0.90594
841.400000000 57.7457 31.6171 0 0 0 -0.486975 0.873416
842.700000000 58.1602 30.7359 0 0 0 -0.558542 0.829476
844.100000000 58.4323 29.7293 0 0 0 -0.621292 0.783579
845.300000000 58.6677 28.8606 0 0 0 -0.586514 0.809939
846.700000000 59.1986 28.038 0 0 0 -0.40429 0.914631
847.700000000 59.5078 27.945 0 0 0 -0.089035 0.996028
849.300000000 60.5252 28.0948 0 0 0 0.08985 0.995955
850.000000000 60.562 28.2262 0 0 0 0.377453 0.926029
850.700000000 60.4583 28.2955 0 0 0 0.666917 0.745132
851.400000000 60.3222 28.2632 0 0 0 0.8798 0.475344
852.000000000 60.2569 28.1721 0 0 0 0.980979 0.194115
852.600000000 60.1797 28.0736 0 0 0 -0.996837 0.0794787
853.300000000 60.0307 27.9013 0 0 0 -0.945003 0.327061
854.700000000 59.3631 27.1475 0 0 0 -0.913732 0.406317
856.100000000 58.6674 26.3667 0 0 0 -0.906132 0.422996
857.500000000 58.2164 25.3912 0 0 0 -0.827572 0.56136
859.000000000 57.9436 24.52 0 0 0 -0.753492 0.657457
861.200000000 57.9601 23.4949 0 0 0 -0.682067 0.731289
862.600000000 57.733 22.8791 0 0 0 -0.864529 0.502583
864.000000000 56.9949 22.1753 0 0 0 -0.934547 0.355839
865.200000000 56.2399 21.5228 0 0 0 -0.955263 0.295756
866.700000000 55.3313 21.2748 0 0 0 -0.994732 0.102509
869.000000000 54.3648 21.2697 0 0 0 0.999943 0.0106373
873.300000000 53.4413 21.3101 0 0 0 0.999617 0.0276809
878.300000000 52.4537 21.3518 0 0 0 0.999822 0.0188925
883.100000000 51.4883 21.378 0 0 0 0.999984 0.00563486
886.100000000 50.5526 21.2273 0 0 0 -0.983941 0.178495
887.800000000 49.7853 20.5788 0 0 0 -0.923608 0.383339
889.700000000 49.1127 19.6928 0 0 0 -0.873465 0.486886
891.200000000 48.7921 18.802 0 0 0 -0.787506 0.616307
892.600000000 48.5086 17.6868 0 0 0 -0.803259 0.59563
893.900000000 48.2962 16.7402 0 0 0 -0.760241 0.649641
895.300000000 48.2472 15.6885 0 0 0 -0.726904 0.68674
896.700000000 48.0964 14.653 0 0 0 -0.756809 0.653636
898.300000000 48.2172 13.7593 0 0 0 -0.559063 0.829125
899.900000000 48.9318 12.965 0 0 0 -0.369087 0.929395
901.100000000 49.579 12.3441 0 0 0 -0.377049 0.926193
902.500000000 50.3242 11.6015 0 0 0 -0.38207 0.924133
903.800000000 51.0191 10.9086 0 0 0 -0.382083 0.924128
905.100000000 51.704 10.2256 0 0 0 -0.382097 0.924122
906.400000000 52.4009 9.67315 0 0 0 -0.35656 0.934272
907.700000000 53.217 9.15359 0 0 0 -0.252812 0.967515
908.900000000 54.1741 8.72387 0 0 0 -0.10762 0.994192
910.500000000 55.1745 8.33024 0 0 0 -0.289516 0.957173
911.900000000 55.9042 7.62112 0 0 0 -0.391523 0.920168
913.200000000 56.5925 6.92185 0 0 0 -0.383667 0.923472
914.500000000 57.2886 6.23891 0 0 0 -0.378659 0.925536
916.000000000 57.6843 5.64328 0 0 0 -0.629437 0.777052
916.800000000 57.5609 5.45467 0 0 0 -0.829828 0.55802
918.500000000 56.7548 4.72113 0 0 0 -0.938177 0.346155
919.700000000 56.0176 4.19327 0 0 0 -0.961495 0.274822
920.600000000 55.6868 4.12424 0 0 0 -0.999875 0.0158262
921.300000000 55.727 4.17769 0 0 0 0.945528 0.325541
921.900000000 55.7972 4.22356 0 0 0 0.810876 0.585218
922.500000000 55.9235 4.24131 0 0 0 0.60543 0.795899
923.100000000 56.0644 4.25006 0 0 0 0.386071 0.922469
924.100000000 56.4968 4.3841 0 0 0 0.111906 0.993719
925.400000000 57.406 4.37356 0 0 0 -0.0521117 0.998641
926.800000000 58.4309 4.23854 0 0 0 -0.0933549 0.995633
928.100000000 59.4013 4.13924 0 0 0 -0.0363992 0.999337
929.400000000 60.3753 4.11246 0 0 0 -0.00410575 0.999992
931.000000000 61.0656 4.23889 0 0 0 0.315378 0.948966
931.600000000 60.9699 4.30835 0 0 0 0.58172 0.813389
932.100000000 60.8712 4.33166 0 0 0 0.764453 0.64468
932.800000000 60.7759 4.25725 0 0 0 0.939371 0.342904
933.400000000 60.7288 4.14942 0 0 0 0.998767 0.0496499
933.900000000 60.7227 4.05011 0 0 0 -0.982396 0.186813
935.500000000 59.9884 3.31415 0 0 0 -0.913532 0.406767
936.800000000 59.3328 2.5771 0 0 0 -0.915741 0.40177
938.100000000 58.6565 1.88473 0 0 0 -0.924613 0.380907
939.300000000 58.0186 1.25359 0 0 0 -0.924609 0.380917
940.600000000 57.327 0.562506 0 0 0 -0.924612 0.380911
941.900000000 56.6327 -0.118583 0 0 0 -0.924624 0.38088
943.200000000 55.8842 -0.730967 0 0 0 -0.956613 0.291363
944.600000000 54.9478 -1.06995 0 0 0 -0.994394 0.105739
946.500000000 53.9323 -1.09946 0 0 0 0.999841 0.0178397
949.200000000 52.9045 -1.0195 0 0 0 0.999439 0.0334992
950.800000000 51.9915 -1.07189 0 0 0 -0.994469 0.105029
952.200000000 51.1252 -1.53069 0 0 0 -0.953918 0.300068
953.600000000 50.2917 -2.13096 0 0 0 -0.959038 0.283277
955.000000000 49.5413 -2.31294 0 0 0 0.999904 0.0138828
956.000000000 49.1166 -2.16355 0 0 0 0.961533 0.274689
957.400000000 48.3428 -1.55887 0 0 0 0.955206 0.295943
958.800000000 47.477 -1.15684 0 0 0 0.990137 0.140102
960.200000000 46.5109 -1.11753 0 0 0 -0.999814 0.019264
961.600000000 45.4815 -1.34082 0 0 0 -0.990962 0.134143
962.900000000 44.5365 -1.59718 0 0 0 -0.995124 0.0986295
964.700000000 43.606 -1.64413 0 0 0 -0.999993 0.00371167
968.400000000 42.6476 -1.61606 0 0 0 0.999645 0.0266464
972.400000000 41.5881 -1.56869 0 0 0 -0.999993 0.00386476
973.800000000 40.6312 -1.85473 0 0 0 -0.979378 0.202039
975.000000000 39.8488 -2.26865 0 0 0 -0.972344 0.233553
976.500000000 38.8378 -2.51898 0 0 0 -0.998734 0.0503072
977.900000000 37.8564 -2.35949 0 0 0 0.996358 0.0852681
979.400000000 36.9855 -1.91312 0 0 0 0.945428 0.325832
980.700000000 36.3117 -1.2093 0 0 0 0.912806 0.408394
982.000000000 35.6404 -0.503187 0 0 0 0.923775 0.382936
983.400000000 34.8908 0.234989 0 0 0 0.923481 0.383645
985.000000000 34.2615 0.978081 0 0 0 0.886378 0.462963
986.700000000 33.9738 1.99083 0 0 0 0.752473 0.658623
989.400000000 33.9885 2.96167 0 0 0 0.686791 0.726855
994.300000000 34.0593 3.93226 0 0 0 0.679468 0.733705
997.500000000 33.8621 4.85482 0 0 0 0.864642 0.502388
999.200000000 33.086 5.52635 0 0 0 0.940597 0.339524
1003.100000000 32.3682 6.17242 0 0 0 0.929696 0.368329
1007.500000000 31.6906 6.84032 0 0 0 0.925697 0.378265
1009.100000000 31.6151 7.18286 0 0 0 0.751748 0.659451
1009.800000000 31.7283 7.35228 0 0 0 0.556342 0.830954
1011.000000000 32.2377 7.87223 0 0 0 0.348955 0.93714
1012.400000000 33.0182 8.59746 0 0 0 0.370348 0.928893
1013.700000000 33.7042 9.25923 0 0 0 0.388149 0.921597
1021.000000000 34.3968 9.95417 0 0 0 0.38582 0.922574
1022.200000000 35.0248 10.5938 0 0 0 0.379376 0.925243
1023.500000000 35.724 11.2823 0 0 0 0.379363 0.925248
1024.900000000 36.4692 12.0161 0 0 0 0.379356 0.925251
1026.300000000 37.2184 12.7545 0 0 0 0.37935 0.925253
1027.600000000 37.9395 13.3942 0 0 0 0.300838 0.953675
1028.900000000 38.8371 13.757 0 0 0 0.148627 0.988893
1030.300000000 39.8022 13.8559 0 0 0 0.0273993 0.999625
1031.700000000 40.8371 13.831 0 0 0 -0.0181131 0.999836
1032.900000000 41.7275 13.9131 0 0 0 0.0949198 0.995485
1034.300000000 42.6133 14.3673 0 0 0 0.291374 0.956609
1035.700000000 43.3752 15.0795 0 0 0 0.378432 0.925629
1037.300000000 44.1233 15.8285 0 0 0 0.387154 0.922015
1040.000000000 44.7904 16.5162 0 0 0 0.385128 0.922863
1043.900000000 45.5013 17.2251 0 0 0 0.38513 0.922862
1046.400000000 46.2565 17.9888 0 0 0 0.385132 0.922862
1047.800000000 46.9965 18.7366 0 0 0 0.385132 0.922861
1049.100000000 47.7245 19.3916 0 0 0 0.309844 0.950787
1050.400000000 48.6137 19.7633 0 0 0 0.153983 0.988073
1051.900000000 49.6197 19.9651 0 0 0 0.0762604 0.997088
1052.900000000 49.9359 19.8916 0 0 0 -0.211432 0.977393
1053.600000000 49.8557 19.7887 0 0 0 -0.528873 0.848701
1054.200000000 49.7417 19.7609 0 0 0 -0.753015 0.658004
1055.000000000 49.4979 19.4981 0 0 0 -0.883476 0.468477
1056.300000000 48.9174 18.7444 0 0 0 -0.902379 0.430944
1057.500000000 48.4796 17.9512 0 0 0 -0.83487 0.550448
1058.900000000 48.2549 16.9492 0 0 0 -0.750465 0.66091
1060.400000000 48.2213 15.9278 0 0 0 -0.70153 0.71264
1061.900000000 48.2431 14.9849 0 0 0 -0.702221 0.711959
1063.200000000 48.1247 14.7428 0 0 0 -0.900259 0.435355
1063.900000000 48.0575 14.8386 0 0 0 -0.990174 0.139844
1064.600000000 48.0467 14.8136 0 0 0 0.985734 0.168313
1065.300000000 48.025 14.8182 0 0 0 0.9106 0.413288
1066.000000000 47.9774 15.2055 0 0 0 0.792167 0.610304
1067.600000000 48.0832 16.0902 0 0 0 0.589339 0.807886
1068.500000000 48.2349 16.186 0 0 0 0.36154 0.932357
1069.200000000 48.2975 16.0646 0 0 0 0.0253318 0.999679
1069.800000000 48.2786 15.958 0 0 0 -0.266747 0.963767
1070.500000000 48.2191 15.8818 0 0 0 -0.577772 0.816198
1071.100000000 48.0443 15.8515 0 0 0 -0.789484 0.613771
1071.800000000 47.9376 15.9241 0 0 0 -0.950299 0.31134
1072.400000000 47.8761 16.0047 0 0 0 -0.999538 0.0303805
1073.000000000 47.8714 16.0497 0 0 0 0.972301 0.233732
1074.300000000 47.2897 16.6695 0 0 0 0.893869 0.448329
1075.900000000 46.6514 17.4611 0 0 0 0.916078 0.401
1078.800000000 46.0126 18.1227 0 0 0 0.922813 0.385249
1083.600000000 45.3147 18.8079 0 0 0 0.922873 0.385104
1088.400000000 44.6545 19.4757 0 0 0 0.922873 0.385104
1092.700000000 43.9312 20.2069 0 0 0 0.922873 0.385104
1097.600000000 43.1872 20.8565 0 0 0 0.946396 0.323007
1102.500000000 42.3315 21.3052 0 0 0 0.980346 0.197285
