0.300000000 0.2 0 0 0 0 0 1
8.900000000 1.00187 -0.112931 0 0 0 -0.29552 0.955337
9.600000000 0.909646 -0.186511 0 0 0 -0.605675 0.795712
10.200000000 0.781613 -0.182925 0 0 0 -0.813773 0.581183
10.700000000 0.706232 -0.133257 0 0 0 -0.932039 0.362358
11.400000000 0.645826 -0.00640615 0 0 0 -0.999796 0.0201813
12.000000000 0.676264 0.107786 0 0 0 0.961106 0.27618
12.500000000 0.755911 0.174915 0 0 0 0.86321 0.504845
13.200000000 0.870719 0.199956 0 0 0 0.637291 0.770623
13.800000000 0.974844 0.144523 0 0 0 0.381093 0.924537
14.300000000 1.02963 0.0598006 0 0 0 0.14112 0.989993
14.900000000 1.02765 -0.0583914 0 0 0 -0.157746 0.98748
18.700000000 1.2048 -0.0182178 0 0 0 0.186705 0.982416
19.200000000 1.15075 0.064055 0 0 0 0.423397 0.905944
19.800000000 1.07219 0.171553 0 0 0 0.64859 0.761138
20.600000000 0.918964 0.325429 0 0 0 0.849029 0.528347
22.200000000 0.15535 1.10017 0 0 0 0.935316 0.353812
23.500000000 -0.570847 1.76822 0 0 0 0.924777 0.380511
24.800000000 -1.18685 2.512 0 0 0 0.894604 0.44686
26.100000000 -1.70056 3.33317 0 0 0 0.865985 0.50007
27.500000000 -2.14528 4.28656 0 0 0 0.828664 0.559747
28.800000000 -2.54624 5.17518 0 0 0 0.841596 0.540108
30.200000000 -2.8905 6.17142 0 0 0 0.792484 0.609893
31.900000000 -2.81352 7.22875 0 0 0 0.587115 0.809504
33.300000000 -2.31771 8.12246 0 0 0 0.512993 0.858393
34.700000000 -2.01175 8.99967 0 0 0 0.626992 0.779026
36.200000000 -2.00687 10.0564 0 0 0 0.736293 0.676662
37.600000000 -2.17635 11.1031 0 0 0 0.765318 0.643653
39.200000000 -2.25136 12.0432 0 0 0 0.719319 0.69468
42.200000000 -2.22932 12.9849 0 0 0 0.694678 0.719321
46.500000000 -2.18646 13.952 0 0 0 0.697594 0.716493
50.200000000 -2.17421 14.9097 0 0 0 0.703563 0.710633
53.700000000 -2.17388 15.9344 0 0 0 0.711571 0.702614
55.100000000 -2.33381 16.9405 0 0 0 0.797029 0.603942
56.700000000 -2.95591 17.748 0 0 0 0.934117 0.356966
57.400000000 -3.14439 17.7433 0 0 0 0.994905 0.100813
58.200000000 -3.29938 17.5956 0 0 0 -0.976079 0.217415
58.900000000 -3.28409 17.469 0 0 0 -0.86832 0.496004
59.500000000 -3.15882 17.4418 0 0 0 -0.682971 0.730446
60.100000000 -3.05833 17.4742 0 0 0 -0.436619 0.899646
60.700000000 -2.993 17.5895 0 0 0 -0.151684 0.988429
61.400000000 -2.9824 17.7064 0 0 0 0.190755 0.981638
62.400000000 -2.72405 18.0621 0 0 0 0.414069 0.910245
63.800000000 -2.15359 19.0248 0 0 0 0.574958 0.818183
65.300000000 -2.00098 20.0163 0 0 0 0.689395 0.724386
66.600000000 -2.08094 20.9895 0 0 0 0.740157 0.672434
67.900000000 -2.15384 21.9599 0 0 0 0.73336 0.67984
69.800000000 -2.20279 22.9513 0 0 0 0.718626 0.695397
72.500000000 -2.21327 23.9185 0 0 0 0.70923 0.704977
76.200000000 -2.2148 24.88 0 0 0 0.70765 0.706563
79.900000000 -2.21667 25.8602 0 0 0 0.707655 0.706558
83.600000000 -2.21853 26.8252 0 0 0 0.707657 0.706556
86.700000000 -2.21134 27.7723 0 0 0 0.709137 0.705071
88.500000000 -2.32274 28.8635 0 0 0 0.771001 0.636834
90.000000000 -2.781 29.8038 0 0 0 0.888153 0.459548
91.200000000 -3.40404 30.4356 0 0 0 0.925152 0.379598
92.500000000 -3.86583 30.7174 0 0 0 0.998061 0.0622397
93.100000000 -3.84569 30.6013 0 0 0 -0.971876 0.235493
93.600000000 -3.78347 30.5269 0 0 0 -0.883684 0.468083
94.300000000 -3.66148 30.4925 0 0 0 -0.669137 0.743139
94.900000000 -3.5641 30.5392 0 0 0 -0.419626 0.907697
95.400000000 -3.50278 30.6192 0 0 0 -0.182611 0.983185
96.300000000 -3.23432 30.7086 0 0 0 0.130217 0.991486
97.500000000 -2.66913 31.1393 0 0 0 0.368503 0.929626
99.000000000 -2.13225 32.0542 0 0 0 0.567268 0.823533
100.500000000 -1.98366 33.0717 0 0 0 0.691355 0.722516
101.700000000 -2.08664 33.963 0 0 0 0.759897 0.650043
103.200000000 -2.23784 35.0297 0 0 0 0.740797 0.671729
105.400000000 -2.24703 35.9844 0 0 0 0.697453 0.71663
109.500000000 -2.20343 36.9534 0 0 0 0.691768 0.72212
113.300000000 -2.18462 37.9424 0 0 0 0.703057 0.711133
115.700000000 -2.18343 38.8697 0 0 0 0.708538 0.705673
117.000000000 -2.19761 39.8437 0 0 0 0.723702 0.690112
118.400000000 -2.35616 40.8727 0 0 0 0.792752 0.609545
119.700000000 -2.67748 41.7868 0 0 0 0.819745 0.572729
121.000000000 -2.93527 42.7431 0 0 0 0.762522 0.646962
122.300000000 -2.8776 43.3989 0 0 0 0.55205 0.833811
122.900000000 -2.79358 43.3419 0 0 0 0.285236 0.958457
123.500000000 -2.75056 43.2207 0 0 0 -0.00603723 0.999982
124.200000000 -2.74675 43.2334 0 0 0 -0.352884 0.935667
124.800000000 -2.8392 43.1507 0 0 0 -0.607375 0.794415
125.400000000 -2.95519 43.1347 0 0 0 -0.809677 0.586876
126.300000000 -3.31247 42.8129 0 0 0 -0.917449 0.397853
127.700000000 -4.14673 42.1905 0 0 0 -0.959388 0.282091
128.600000000 -4.34619 42.0282 0 0 0 0.999496 0.0317527
129.100000000 -4.33343 42.1189 0 0 0 0.961075 0.276287
129.800000000 -4.25313 42.2116 0 0 0 0.811268 0.584674
130.500000000 -4.13439 42.2311 0 0 0 0.564993 0.825096
131.400000000 -3.77861 42.5569 0 0 0 0.381073 0.924545
132.800000000 -2.9857 43.2235 0 0 0 0.357058 0.934082
134.100000000 -2.36191 43.9752 0 0 0 0.464002 0.885834
135.600000000 -2.00363 44.9882 0 0 0 0.638661 0.769488
137.000000000 -2.04681 46.0172 0 0 0 0.743887 0.668305
138.300000000 -2.15301 46.9918 0 0 0 0.741333 0.671138
139.500000000 -2.18722 47.891 0 0 0 0.705948 0.708264
140.800000000 -2.15754 48.8645 0 0 0 0.699969 0.714173
142.200000000 -2.15419 49.9174 0 0 0 0.705914 0.708297
143.600000000 -2.15091 50.9722 0 0 0 0.705846 0.708365
144.900000000 -2.1553 51.9484 0 0 0 0.715467 0.698647
146.100000000 -2.21153 52.8208 0 0 0 0.767587 0.640944
147.700000000 -2.73954 53.7259 0 0 0 0.913643 0.406517
148.600000000 -3.00636 53.789 0 0 0 0.994583 0.103946
149.400000000 -3.1613 53.6419 0 0 0 -0.976984 0.213314
150.000000000 -3.17779 53.5149 0 0 0 -0.893365 0.449331
150.700000000 -3.06629 53.4653 0 0 0 -0.68511 0.728439
151.300000000 -2.96563 53.5065 0 0 0 -0.439229 0.898375
152.000000000 -2.8874 53.602 0 0 0 -0.103892 0.994589
152.600000000 -2.87605 53.7561 0 0 0 0.181034 0.983477
154.200000000 -2.11917 54.4718 0 0 0 0.395743 0.918361
155.500000000 -1.43241 55.1657 0 0 0 0.3888 0.921322
156.900000000 -0.689993 55.9065 0 0 0 0.37961 0.925147
158.100000000 -0.0501854 56.5356 0 0 0 0.379574 0.925161
159.500000000 0.689013 57.2757 0 0 0 0.369612 0.929186
160.800000000 1.50842 57.8198 0 0 0 0.247908 0.968784
162.100000000 2.46098 58.1094 0 0 0 0.110831 0.993839
163.900000000 3.45092 58.1641 0 0 0 -0.00215002 0.999998
167.300000000 4.43816 58.1234 0 0 0 -0.0278373 0.999612
169.000000000 5.10631 58.2961 0 0 0 0.246839 0.969056
169.800000000 5.13743 58.5316 0 0 0 0.521404 0.85331
171.200000000 5.43328 59.5511 0 0 0 0.623243 0.782029
172.400000000 5.55563 60.4296 0 0 0 0.679996 0.733216
173.500000000 5.73737 60.8459 0 0 0 0.418692 0.908128
174.100000000 5.80859 60.7425 0 0 0 0.13622 0.990679
174.700000000 5.92679 60.6422 0 0 0 -0.103193 0.994661
175.900000000 6.45163 60.2154 0 0 0 -0.347501 0.93768
177.200000000 7.10374 59.4204 0 0 0 -0.401562 0.915832
178.500000000 7.77735 58.7243 0 0 0 -0.381514 0.924363
179.900000000 8.61606 58.1086 0 0 0 -0.250807 0.968037
181.200000000 9.51082 57.918 0 0 0 -0.0904677 0.995899
182.700000000 10.541 57.9255 0 0 0 0.033886 0.999426
184.000000000 11.5196 58.0167 0 0 0 0.0492879 0.998785
185.500000000 12.473 58.0953 0 0 0 0.0284927 0.999594
189.200000000 13.4554 58.0893 0 0 0 -0.0167524 0.99986
193.800000000 14.407 58.0412 0 0 0 -0.0211491 0.999776
198.000000000 15.373 58.0207 0 0 0 -0.00753195 0.999972
201.800000000 16.3473 58.0143 0 0 0 -0.00245269 0.999997
204.200000000 17.3676 58.3372 0 0 0 0.277682 0.960673
205.400000000 17.635 58.7198 0 0 0 0.597079 0.802183
205.900000000 17.5368 58.7388 0 0 0 0.776593 0.630002
206.500000000 17.4335 58.6713 0 0 0 0.928086 0.372365
207.200000000 17.3807 58.5555 0 0 0 0.999521 0.0309367
207.800000000 17.4097 58.434 0 0 0 -0.964185 0.265231
208.400000000 17.4874 58.3649 0 0 0 -0.84274 0.538321
209.200000000 17.6015 58.1645 0 0 0 -0.639726 0.768603
210.300000000 17.9575 57.6772 0 0 0 -0.42723 0.904143
211.600000000 18.6649 57.1153 0 0 0 -0.327824 0.944739
213.700000000 19.3974 56.4435 0 0 0 -0.370594 0.928795
217.700000000 20.0766 55.7798 0 0 0 -0.37949 0.925196
222.000000000 20.7571 55.0923 0 0 0 -0.383183 0.923673
225.900000000 21.3853 54.3631 0 0 0 -0.452116 0.891959
227.400000000 21.8422 53.4063 0 0 0 -0.578201 0.815894
229.900000000 21.9844 52.4418 0 0 0 -0.682109 0.731251
234.500000000 21.9503 51.4515 0 0 0 -0.73139 0.681959
236.300000000 22.1388 50.8086 0 0 0 -0.519452 0.8545
237.800000000 22.8415 50.0662 0 0 0 -0.371033 0.92862
240.000000000 23.5467 49.3939 0 0 0 -0.375236 0.926929
241.700000000 23.7013 49.0303 0 0 0 -0.648873 0.760896
242.500000000 23.6593 49.0188 0 0 0 -0.850835 0.525432
244.000000000 22.8573 48.3476 0 0 0 -0.92958 0.368619
245.200000000 22.2011 47.7262 0 0 0 -0.925019 0.379921
246.500000000 21.5103 47.0393 0 0 0 -0.923273 0.384144
247.800000000 20.8287 46.3431 0 0 0 -0.923273 0.384144
249.200000000 20.0871 45.5969 0 0 0 -0.923273 0.384144
250.400000000 19.4555 44.9607 0 0 0 -0.923273 0.384144
251.800000000 18.7692 44.1817 0 0 0 -0.904328 0.426838
253.000000000 18.23 43.4447 0 0 0 -0.871285 0.490778
254.400000000 17.6075 42.9875 0 0 0 -0.977132 0.212634
255.700000000 16.8488 42.9171 0 0 0 0.999382 0.0351557
257.400000000 15.7831 43.1036 0 0 0 0.997989 0.0633859
258.700000000 14.9066 42.7704 0 0 0 -0.991022 0.133701
260.200000000 13.9744 42.2014 0 0 0 -0.944489 0.328543
261.500000000 13.2851 41.5224 0 0 0 -0.918568 0.395262
263.900000000 12.6559 40.8517 0 0 0 -0.920793 0.390052
268.600000000 11.9814 40.1881 0 0 0 -0.923024 0.384742
271.900000000 11.3238 39.5033 0 0 0 -0.91564 0.401998
273.400000000 10.6961 38.7662 0 0 0 -0.869863 0.493293
274.800000000 10.2782 37.8112 0 0 0 -0.776256 0.630418
277.100000000 10.42 36.6742 0 0 0 -0.636181 0.77154
278.400000000 10.7932 36.0947 0 0 0 -0.420582 0.907254
279.800000000 11.5465 35.3729 0 0 0 -0.366508 0.930415
281.000000000 12.1894 34.7582 0 0 0 -0.37794 0.92583
284.300000000 12.9517 34.1254 0 0 0 -0.335256 0.942127
289.200000000 13.7961 33.6767 0 0 0 -0.201296 0.979531
293.500000000 14.751 33.485 0 0 0 -0.0544399 0.998517
298.400000000 15.7457 33.4857 0 0 0 0.0207946 0.999784
303.000000000 16.7162 33.5406 0 0 0 0.0320535 0.999486
307.700000000 17.6652 33.6042 0 0 0 0.0286201 0.99959
312.500000000 18.6368 33.6303 0 0 0 0.00914417 0.999958
317.500000000 19.6228 33.639 0 0 0 0.00295227 0.999996
322.500000000 20.6123 33.6451 0 0 0 0.00295232 0.999996
327.500000000 21.599 33.6511 0 0 0 0.00295237 0.999996
332.300000000 22.53 33.657 0 0 0 0.00295241 0.999996
337.200000000 23.5067 33.663 0 0 0 0.00295246 0.999996
342.200000000 24.4952 33.669 0 0 0 0.0029525 0.999996
347.000000000 25.442 33.675 0 0 0 0.00295255 0.999996
351.800000000 26.4251 33.6597 0 0 0 -0.00645956 0.999979
356.600000000 27.3696 33.6555 0 0 0 -0.00141951 0.999999
361.500000000 28.3363 33.6527 0 0 0 -0.00141937 0.999999
366.500000000 29.3258 33.6497 0 0 0 -0.00141922 0.999999
368.300000000 30.0346 33.9173 0 0 0 0.272971 0.962022
369.800000000 30.8237 34.6712 0 0 0 0.400128 0.916459
371.600000000 31.4616 35.3548 0 0 0 0.392722 0.919657
373.300000000 32.2044 36.0923 0 0 0 0.37648 0.926425
375.300000000 32.8729 36.7516 0 0 0 0.381931 0.924191
378.200000000 33.5062 37.4228 0 0 0 0.412055 0.911159
380.400000000 34.0785 38.2879 0 0 0 0.536993 0.843587
381.800000000 34.2854 39.3773 0 0 0 0.667106 0.744963
383.100000000 34.2381 40.3494 0 0 0 0.738677 0.67406
384.400000000 34.1339 41.318 0 0 0 0.737922 0.674886
386.000000000 34.2546 42.2937 0 0 0 0.559394 0.828902
387.400000000 34.8729 43.0093 0 0 0 0.384932 0.922945
388.700000000 35.5948 43.6743 0 0 0 0.365355 0.930868
390.100000000 36.3429 44.4054 0 0 0 0.381006 0.924573
391.700000000 36.8296 45.0777 0 0 0 0.622683 0.782474
392.400000000 36.7127 45.1941 0 0 0 0.820401 0.571788
394.000000000 35.9992 45.9722 0 0 0 0.927455 0.373935
395.300000000 35.2894 46.6291 0 0 0 0.928429 0.371509
396.700000000 34.587 47.3931 0 0 0 0.912615 0.408821
398.100000000 33.9901 48.216 0 0 0 0.840359 0.54203
399.500000000 33.8768 49.1714 0 0 0 0.701167 0.712997
400.800000000 34.0397 50.1371 0 0 0 0.640959 0.767575
402.100000000 34.1885 51.0965 0 0 0 0.663158 0.748479
403.700000000 34.1049 52.1242 0 0 0 0.80481 0.593532
405.200000000 33.5066 52.8641 0 0 0 0.926839 0.375459
406.600000000 32.7211 53.564 0 0 0 0.930711 0.365756
407.900000000 32.019 54.2496 0 0 0 0.922615 0.385722
415.200000000 31.3379 54.9363 0 0 0 0.926504 0.376284
416.400000000 30.6275 55.5012 0 0 0 0.951752 0.306867
417.800000000 29.7122 55.92 0 0 0 0.988038 0.154208
419.500000000 28.7408 56.0071 0 0 0 -0.999998 0.00194331
420.900000000 27.7902 55.8875 0 0 0 -0.993012 0.118015
422.300000000 26.7811 55.6581 0 0 0 -0.998976 0.0452527
424.700000000 25.8011 55.6848 0 0 0 0.99935 0.0360461
428.500000000 24.8296 55.7752 0 0 0 0.999161 0.0409592
433.000000000 23.86 55.8164 0 0 0 0.999844 0.0176393
437.600000000 22.8941 55.8415 0 0 0 0.999988 0.00483373
442.400000000 21.9239 55.8465 0 0 0 0.999997 0.00258209
447.400000000 20.9336 55.8517 0 0 0 0.999997 0.00258209
451.700000000 20.1305 55.7535 0 0 0 -0.96506 0.26203
452.400000000 20.1428 55.7461 0 0 0 -0.819343 0.573303
453.000000000 20.2554 55.749 0 0 0 -0.624271 0.781208
453.700000000 20.4781 55.5545 0 0 0 -0.442759 0.896641
455.000000000 21.0738 54.802 0 0 0 -0.433144 0.901325
456.500000000 21.6937 54.0174 0 0 0 -0.440741 0.897634
458.600000000 22.1148 53.1509 0 0 0 -0.613183 0.789941
461.400000000 22.0479 52.1796 0 0 0 -0.807394 0.590012
462.000000000 21.9862 52.2181 0 0 0 -0.944749 0.327795
462.700000000 22.0248 52.2235 0 0 0 0.99988 0.0154959
463.200000000 21.9232 52.3373 0 0 0 0.964508 0.264054
463.800000000 21.9929 52.4233 0 0 0 0.84588 0.533373
464.400000000 22.1071 52.4502 0 0 0 0.653995 0.756499
465.600000000 22.488 52.9404 0 0 0 0.40621 0.91378
466.800000000 23.1546 53.5378 0 0 0 0.342837 0.939395
468.200000000 23.9414 54.2477 0 0 0 0.374678 0.927155
469.600000000 24.6731 55.0036 0 0 0 0.391947 0.919988
470.900000000 25.3631 55.6913 0 0 0 0.382697 0.923874
472.200000000 26.0536 56.3784 0 0 0 0.378426 0.925632
473.400000000 26.7172 56.991 0 0 0 0.352396 0.935851
474.800000000 27.4913 57.6184 0 0 0 0.295776 0.955257
476.000000000 28.3468 58.0076 0 0 0 0.184217 0.982886
477.500000000 29.3986 58.2094 0 0 0 0.0275384 0.999621
479.700000000 30.3245 58.1101 0 0 0 -0.0427713 0.999085
483.900000000 31.3312 58.056 0 0 0 -0.0311389 0.999515
487.900000000 32.3047 58.0283 0 0 0 -0.00927308 0.999957
492.200000000 33.2445 58.0199 0 0 0 -0.0031469 0.999995
496.800000000 34.2323 58.0036 0 0 0 -0.00316117 0.999995
501.300000000 35.1833 58.0077 0 0 0 -0.00319753 0.999995
506.100000000 36.1501 58.0014 0 0 0 -0.00323869 0.999995
511.000000000 37.1312 57.9953 0 0 0 -0.00328466 0.999995
515.700000000 38.0875 57.9889 0 0 0 -0.00333544 0.999994
518.300000000 39.1253 57.9722 0 0 0 -0.00336026 0.999994
519.600000000 40.0979 57.9566 0 0 0 -0.000422726 1
520.900000000 41.0692 58.0171 0 0 0 0.0469604 0.998897
522.100000000 41.5622 58.2452 0 0 0 0.338398 0.941003
523.200000000 41.8053 58.817 0 0 0 0.554756 0.832013
524.600000000 41.9663 59.7588 0 0 0 0.715228 0.698891
525.200000000 41.8542 59.7283 0 0 0 0.888503 0.458871
525.800000000 41.7821 59.6344 0 0 0 0.984127 0.177463
526.400000000 41.7651 59.5164 0 0 0 -0.992613 0.121324
527.000000000 41.826 59.4352 0 0 0 -0.911699 0.410859
527.700000000 41.9544 59.3217 0 0 0 -0.734367 0.678753
528.500000000 42.1019 59.1354 0 0 0 -0.50934 0.860566
529.900000000 42.7732 58.5484 0 0 0 -0.280255 0.959926
531.300000000 43.7275 58.1742 0 0 0 -0.168213 0.985751
532.700000000 44.7486 57.9539 0 0 0 -0.0641548 0.99794
534.100000000 45.8006 57.9529 0 0 0 0.0250654 0.999686
535.500000000 46.8481 58.0469 0 0 0 0.045712 0.998955
536.900000000 47.8908 58.1171 0 0 0 0.00342642 0.999994
538.200000000 48.8685 58.0517 0 0 0 -0.0481015 0.998842
539.500000000 49.8411 57.9998 0 0 0 -0.00367623 0.999993
540.900000000 50.8937 57.9964 0 0 0 0.00404765 0.999992
542.200000000 51.8675 58.0047 0 0 0 0.0040232 0.999992
543.600000000 52.9114 58.0129 0 0 0 0.00401434 0.999992
544.900000000 53.8951 58.0211 0 0 0 0.00401094 0.999992
546.200000000 54.8689 58.0293 0 0 0 0.00400898 0.999992
547.500000000 55.8414 58.0382 0 0 0 0.00400698 0.999992
549.100000000 56.7927 57.824 0 0 0 -0.23589 0.97178
550.500000000 57.472 57.1369 0 0 0 -0.436224 0.899838
551.900000000 57.8979 56.1893 0 0 0 -0.591411 0.80637
553.500000000 57.999 55.2234 0 0 0 -0.701671 0.712501
556.800000000 57.9128 54.2447 0 0 0 -0.739738 0.672895
561.500000000 57.8355 53.3149 0 0 0 -0.729467 0.684016
565.200000000 57.8043 52.3555 0 0 0 -0.714803 0.699326
569.000000000 57.7968 51.3712 0 0 0 -0.708637 0.705574
572.500000000 57.8494 50.3558 0 0 0 -0.63553 0.772076
573.100000000 57.9381 50.3804 0 0 0 -0.378872 0.925449
573.600000000 58.0167 50.4654 0 0 0 -0.150879 0.988552
574.600000000 58.396 50.5936 0 0 0 0.155859 0.987779
576.000000000 59.3494 50.834 0 0 0 0.101444 0.994841
576.900000000 59.6201 50.7711 0 0 0 -0.217141 0.97614
577.500000000 59.5325 50.687 0 0 0 -0.490698 0.871329
578.200000000 59.4318 50.6155 0 0 0 -0.750183 0.66123
578.900000000 59.2208 50.4779 0 0 0 -0.88761 0.460595
580.500000000 58.5292 49.8422 0 0 0 -0.934196 0.35676
583.100000000 57.8261 49.1655 0 0 0 -0.926579 0.376101
584.500000000 57.0856 48.4269 0 0 0 -0.924264 0.381754
585.800000000 56.3901 47.7445 0 0 0 -0.924258 0.381768
587.200000000 55.6446 47.0021 0 0 0 -0.924252 0.381782
588.500000000 54.9592 46.3098 0 0 0 -0.924246 0.381798
589.700000000 54.3238 45.6774 0 0 0 -0.924239 0.381813
591.000000000 53.6284 44.985 0 0 0 -0.924233 0.38183
592.400000000 52.9284 44.3076 0 0 0 -0.92935 0.3692
595.000000000 52.1902 43.6476 0 0 0 -0.940243 0.340505
597.700000000 51.2793 43.1562 0 0 0 -0.979103 0.203365
598.900000000 50.4109 42.9027 0 0 0 -0.991151 0.132736
600.500000000 49.5192 42.5206 0 0 0 -0.969353 0.245673
604.600000000 48.7546 41.9006 0 0 0 -0.938074 0.346436
609.400000000 48.0571 41.2653 0 0 0 -0.928506 0.371318
614.100000000 47.3563 40.5506 0 0 0 -0.91839 0.395676
615.900000000 46.7248 39.6406 0 0 0 -0.861716 0.50739
617.300000000 46.3616 38.7146 0 0 0 -0.779445 0.626471
619.000000000 46.5041 37.9398 0 0 0 -0.557977 0.829857
620.100000000 46.9413 37.5741 0 0 0 -0.333061 0.942905
621.600000000 47.9397 37.159 0 0 0 -0.121956 0.992535
622.900000000 48.9128 37.0686 0 0 0 -0.0215311 0.999768
624.400000000 49.8944 37.1584 0 0 0 0.145274 0.989392
624.900000000 49.8498 37.2419 0 0 0 0.384455 0.923144
625.500000000 49.7449 37.2966 0 0 0 0.640165 0.768238
626.100000000 49.6474 37.2725 0 0 0 0.839655 0.54312
626.700000000 49.5582 37.2144 0 0 0 0.962682 0.270634
627.300000000 49.5492 37.1101 0 0 0 -0.999661 0.0260541
628.300000000 49.1477 36.7806 0 0 0 -0.952676 0.303987
629.600000000 48.5116 36.1141 0 0 0 -0.902085 0.431559
631.000000000 47.8854 35.2973 0 0 0 -0.908405 0.418091
632.200000000 47.1434 34.6115 0 0 0 -0.924519 0.381136
633.700000000 46.5258 33.8554 0 0 0 -0.881393 0.472384
635.300000000 46.203 32.858 0 0 0 -0.770873 0.636989
636.800000000 46.2851 32.4012 0 0 0 -0.500962 0.865469
637.400000000 46.3658 32.4784 0 0 0 -0.223255 0.97476
638.100000000 46.5364 32.5727 0 0 0 0.0439738 0.999033
639.300000000 47.048 32.945 0 0 0 0.326318 0.94526
640.500000000 47.7316 33.5153 0 0 0 0.309507 0.950897
642.000000000 48.704 33.8459 0 0 0 0.0815158 0.996672
643.000000000 49.1513 33.6561 0 0 0 -0.187756 0.982216
644.600000000 49.9302 32.9392 0 0 0 -0.404307 0.914623
645.900000000 50.6164 32.2486 0 0 0 -0.391293 0.920266
647.100000000 51.3049 31.5995 0 0 0 -0.365546 0.930793
648.500000000 52.1162 30.9342 0 0 0 -0.326238 0.945288
649.900000000 52.8965 30.2274 0 0 0 -0.371288 0.928518
651.200000000 53.6026 29.5696 0 0 0 -0.365529 0.9308
652.500000000 54.3033 28.8953 0 0 0 -0.377562 0.925984
653.900000000 55.0551 28.1621 0 0 0 -0.388571 0.921419
655.200000000 55.7413 27.4729 0 0 0 -0.38345 0.923562
656.500000000 56.4289 26.7738 0 0 0 -0.380655 0.924717
657.800000000 57.1091 26.0471 0 0 0 -0.400681 0.916218
659.100000000 57.6803 25.2537 0 0 0 -0.495251 0.86875
660.300000000 58.0441 24.4034 0 0 0 -0.609738 0.792603
661.300000000 57.9286 24.022 0 0 0 -0.818317 0.574767
662.900000000 57.218 23.2263 0 0 0 -0.920781 0.390079
664.200000000 56.6143 22.547 0 0 0 -0.90955 0.415594
665.500000000 56.0092 21.7146 0 0 0 -0.867278 0.497824
666.800000000 55.8218 21.1606 0 0 0 -0.665435 0.746456
667.300000000 55.9301 21.1685 0 0 0 -0.462256 0.886746
668.000000000 55.9838 21.2728 0 0 0 -0.127859 0.991792
668.500000000 55.9801 21.3928 0 0 0 0.120772 0.99268
669.200000000 55.904 21.5077 0 0 0 0.453798 0.891105
669.800000000 55.8324 21.6258 0 0 0 0.668214 0.743969
670.700000000 55.659 21.8868 0 0 0 0.859043 0.511904
672.200000000 54.9458 22.4892 0 0 0 0.966884 0.255216
673.100000000 54.6495 22.4582 0 0 0 -0.998828 0.0484095
674.100000000 54.2411 22.1727 0 0 0 -0.953866 0.300233
675.400000000 53.6034 21.4829 0 0 0 -0.911873 0.410472
677.100000000 52.9274 20.7458 0 0 0 -0.918977 0.39431
679.600000000 52.2296 20.0384 0 0 0 -0.923241 0.384222
684.500000000 51.4653 19.441 0 0 0 -0.956354 0.29221
686.100000000 50.5455 18.9828 0 0 0 -0.97671 0.214562
688.400000000 49.6761 18.5442 0 0 0 -0.961208 0.275826
692.300000000 48.9785 17.9825 0 0 0 -0.934224 0.356687
696.900000000 48.2133 17.2135 0 0 0 -0.917381 0.398009
698.300000000 47.6408 16.2732 0 0 0 -0.83871 0.544578
699.600000000 47.4307 15.3168 0 0 0 -0.749366 0.662156
700.900000000 47.2709 14.3636 0 0 0 -0.758285 0.651923
702.200000000 47.1397 13.3971 0 0 0 -0.758227 0.651991
703.600000000 46.7055 12.6415 0 0 0 -0.900636 0.434574
705.000000000 45.9546 11.9035 0 0 0 -0.928578 0.371136
706.400000000 45.2079 11.1731 0 0 0 -0.926239 0.376936
707.700000000 44.4698 10.5277 0 0 0 -0.938641 0.344897
709.200000000 43.8207 10.1665 0 0 0 -0.999584 0.0288511
709.800000000 43.8457 10.2669 0 0 0 0.964687 0.2634
710.400000000 43.9796 10.411 0 0 0 0.847931 0.530107
711.000000000 44.0529 10.4187 0 0 0 0.655673 0.755045
711.700000000 44.1814 10.3759 0 0 0 0.3641 0.93136
712.200000000 44.2401 10.2741 0 0 0 0.125859 0.992048
713.000000000 44.3981 10.1856 0 0 0 -0.169736 0.98549
714.000000000 44.7276 9.81294 0 0 0 -0.425981 0.904732
715.500000000 45.4207 9.06336 0 0 0 -0.317515 0.948253
717.000000000 46.3527 8.80424 0 0 0 -0.0633295 0.997993
718.400000000 47.3645 8.90609 0 0 0 0.0822205 0.996614
719.800000000 48.4099 9.02569 0 0 0 0.0349621 0.999389
721.200000000 49.4624 9.04171 0 0 0 -0.00141802 0.999999
722.600000000 50.5162 9.03522 0 0 0 -0.00296175 0.999996
723.800000000 51.41 9.02917 0 0 0 -0.00295584 0.999996
725.100000000 52.3837 9.02314 0 0 0 -0.00295125 0.999996
726.600000000 53.4224 8.88339 0 0 0 -0.106597 0.994302
727.900000000 54.0514 8.48579 0 0 0 -0.354509 0.935053
729.300000000 54.7525 7.71082 0 0 0 -0.405287 0.914189
730.500000000 55.3768 7.06777 0 0 0 -0.382705 0.923871
731.900000000 56.1207 6.32394 0 0 0 -0.382706 0.92387
733.100000000 56.7414 5.66797 0 0 0 -0.408874 0.912591
734.500000000 57.3962 4.84427 0 0 0 -0.444424 0.895816
735.900000000 57.8506 3.91279 0 0 0 -0.576639 0.816999
737.300000000 57.9443 2.88568 0 0 0 -0.69689 0.717178
738.700000000 57.7367 1.99776 0 0 0 -0.836711 0.547645
739.300000000 57.6417 2.06652 0 0 0 -0.959891 0.280375
740.200000000 57.4334 2.15607 0 0 0 0.999272 0.0381596
741.700000000 56.552 2.60533 0 0 0 0.966141 0.258016
743.000000000 55.5538 3.00523 0 0 0 0.990141 0.140077
744.400000000 54.5976 3.04327 0 0 0 -0.997798 0.0663232
745.500000000 54.1247 2.72132 0 0 0 -0.947856 0.318698
746.900000000 53.4091 1.98612 0 0 0 -0.921213 0.389059
748.300000000 52.6736 1.24303 0 0 0 -0.923547 0.383486
749.700000000 51.9338 0.502985 0 0 0 -0.923775 0.382935
751.100000000 51.3809 0.107906 0 0 0 -0.997375 0.07241
751.700000000 51.2479 0.249125 0 0 0 0.988449 0.151555
752.700000000 50.9248 0.575019 0 0 0 0.90834 0.418233
754.200000000 50.2787 1.30631 0 0 0 0.916092 0.400969
755.000000000 50.0923 1.35053 0 0 0 0.994631 0.103489
755.600000000 50.1301 1.18621 0 0 0 -0.983638 0.180157
756.700000000 49.722 0.794928 0 0 0 -0.915844 0.401533
758.000000000 49.1074 0.0629724 0 0 0 -0.909737 0.415184
759.300000000 48.4242 -0.63667 0 0 0 -0.924758 0.380556
760.500000000 47.7768 -1.25008 0 0 0 -0.936182 0.351517
761.900000000 46.7947 -1.80143 0 0 0 -0.977217 0.212244
763.300000000 45.7744 -1.98075 0 0 0 -0.998739 0.0502025
765.400000000 44.7455 -1.96967 0 0 0 0.999805 0.0197511
769.300000000 43.819 -1.93985 0 0 0 0.999576 0.0291221
773.800000000 42.8336 -1.89732 0 0 0 0.999789 0.0205317
778.300000000 41.8712 -1.88187 0 0 0 0.999974 0.00716563
782.800000000 40.8896 -1.87377 0 0 0 0.999995 0.00323901
785.900000000 39.8862 -1.89894 0 0 0 -0.999784 0.0207716
787.200000000 38.9508 -2.01044 0 0 0 -0.993624 0.112746
788.600000000 37.9729 -2.26484 0 0 0 -0.99411 0.108375
789.900000000 37.0443 -2.39205 0 0 0 -0.999707 0.0241976
791.200000000 36.6539 -2.2608 0 0 0 0.950512 0.310689
791.900000000 36.7618 -2.17514 0 0 0 0.789704 0.613488
792.600000000 36.9017 -2.16729 0 0 0 0.536157 0.844118
793.300000000 36.9372 -2.22764 0 0 0 0.215749 0.976449
794.000000000 37.0865 -2.31519 0 0 0 -0.0514247 0.998677
794.900000000 37.4361 -2.57477 0 0 0 -0.293225 0.956044
796.400000000 38.029 -3.37173 0 0 0 -0.514615 0.857421
797.100000000 37.984 -3.48049 0 0 0 -0.742198 0.67018
797.800000000 37.8848 -3.44122 0 0 0 -0.925306 0.379222
798.300000000 37.8977 -3.36262 0 0 0 -0.989861 0.14204
799.100000000 37.6539 -3.24886 0 0 0 0.990507 0.137465
800.700000000 36.8404 -2.56748 0 0 0 0.922991 0.384822
802.000000000 36.194 -1.87405 0 0 0 0.915831 0.401563
803.300000000 35.5176 -1.16214 0 0 0 0.922574 0.38582
804.900000000 34.8256 -0.480555 0 0 0 0.920934 0.389719
808.300000000 34.2244 0.401789 0 0 0 0.854249 0.519864
810.000000000 33.9858 1.35891 0 0 0 0.754167 0.656682
813.700000000 33.9847 2.33983 0 0 0 0.699298 0.71483
818.400000000 34.0369 3.27864 0 0 0 0.68774 0.725957
821.400000000 34.3445 4.19218 0 0 0 0.474029 0.880509
822.700000000 34.9731 4.94899 0 0 0 0.365865 0.930668
826.300000000 35.6963 5.6294 0 0 0 0.374661 0.927162
836.800000000 36.3617 6.28372 0 0 0 0.381367 0.924424
841.500000000 37.0709 6.9868 0 0 0 0.381332 0.924438
846.200000000 37.7649 7.67174 0 0 0 0.381303 0.92445
850.900000000 38.478 8.36232 0 0 0 0.381282 0.924459
855.600000000 39.1613 9.02825 0 0 0 0.381268 0.924465
860.500000000 39.8658 9.73605 0 0 0 0.38126 0.924468
865.300000000 40.5575 10.4114 0 0 0 0.38126 0.924468
869.900000000 41.2435 11.1016 0 0 0 0.381267 0.924465
872.000000000 41.9974 11.839 0 0 0 0.381277 0.924461
873.300000000 42.6838 12.5203 0 0 0 0.381286 0.924457
874.600000000 43.3802 13.2118 0 0 0 0.381296 0.924453
875.900000000 44.0668 13.9035 0 0 0 0.381303 0.92445
877.200000000 44.7632 14.585 0 0 0 0.381301 0.924451
878.400000000 45.3998 15.2165 0 0 0 0.381301 0.924451
879.800000000 46.1462 15.9581 0 0 0 0.381303 0.92445
881.000000000 46.7827 16.5895 0 0 0 0.381314 0.924446
882.400000000 47.5284 17.3315 0 0 0 0.381317 0.924444
883.600000000 48.2505 17.8905 0 0 0 0.296205 0.955124
885.500000000 49.1011 18.2321 0 0 0 0.0217977 0.999762
886.500000000 49.2612 18.0961 0 0 0 -0.261175 0.965292
887.200000000 49.164 18.0113 0 0 0 -0.572261 0.820072
887.900000000 49.0393 18.0063 0 0 0 -0.815336 0.578988
888.500000000 48.9678 18.0022 0 0 0 -0.93771 0.347418
889.900000000 48.0999 17.3727 0 0 0 -0.9598 0.280685
891.400000000 47.4113 16.7414 0 0 0 -0.882324 0.470642
892.700000000 47.2345 16.1514 0 0 0 -0.705659 0.708552
893.800000000 47.3432 16.1419 0 0 0 -0.435744 0.900071
894.700000000 47.4497 16.1935 0 0 0 -0.158898 0.987295
895.300000000 47.4981 16.3 0 0 0 0.13741 0.990514
895.900000000 47.4306 16.4074 0 0 0 0.421658 0.906755
896.500000000 47.3329 16.4129 0 0 0 0.66811 0.744063
897.100000000 47.2818 16.4025 0 0 0 0.854346 0.519704
897.800000000 47.1879 16.2795 0 0 0 0.977688 0.210064
898.400000000 47.1621 16.2216 0 0 0 -0.996722 0.0809054
899.000000000 47.1687 16.1088 0 0 0 -0.939671 0.34208
899.800000000 47.2204 16.017 0 0 0 -0.760545 0.649285
900.500000000 47.3528 15.9593 0 0 0 -0.532173 0.846636
901.800000000 47.8158 15.1725 0 0 0 -0.507962 0.86138
903.300000000 48.0241 14.5119 0 0 0 -0.756175 0.654369
904.000000000 47.9779 14.5623 0 0 0 -0.93328 0.359151
904.500000000 47.8964 14.6455 0 0 0 -0.991022 0.133699
905.300000000 47.6806 14.7451 0 0 0 0.987225 0.15933
907.000000000 46.8601 15.5181 0 0 0 0.916822 0.399296
908.200000000 46.266 16.1703 0 0 0 0.914792 0.403925
910.200000000 45.5814 16.8682 0 0 0 0.922223 0.38666
914.700000000 44.8857 17.568 0 0 0 0.923297 0.384087
919.400000000 44.2239 18.2341 0 0 0 0.923297 0.384087
924.300000000 43.531 18.9315 0 0 0 0.923297 0.384087
929.000000000 42.8353 19.6214 0 0 0 0.923297 0.384087
933.700000000 42.1628 20.2944 0 0 0 0.924979 0.380018
938.600000000 41.4284 20.9 0 0 0 0.951268 0.308365
941.800000000 40.5086 21.3258 0 0 0 0.987136 0.159882
944.700000000 39.5465 21.4652 0 0 0 0.999407 0.0344276
949.500000000 38.5718 21.4538 0 0 0 -0.9999 0.0141297
953.700000000 37.5854 21.3865 0 0 0 -0.999533 0.0305416
957.900000000 36.6312 21.3439 0 0 0 -0.999675 0.025491
962.800000000 35.6859 21.3116 0 0 0 -0.999976 0.00692001
967.500000000 34.6934 21.3154 0 0 0 -0.999996 0.00270472
972.500000000 33.7154 21.3099 0 0 0 -0.999996 0.00270469
977.400000000 32.7452 21.3044 0 0 0 -0.999996 0.00270466
982.200000000 31.7815 21.2989 0 0 0 -0.999996 0.00270462
987.200000000 30.802 21.2932 0 0 0 -0.999996 0.00270459
992.000000000 29.8175 21.2878 0 0 0 -0.999996 0.00270456
996.800000000 28.8673 21.2823 0 0 0 -0.999996 0.00270453
1001.700000000 27.904 21.2768 0 0 0 -0.999996 0.00270451
1005.300000000 26.9731 21.109 0 0 0 -0.978021 0.208507
1006.800000000 26.2075 20.4593 0 0 0 -0.91874 0.394863
1009.800000000 25.5776 19.792 0 0 0 -0.919987 0.391949
1011.200000000 25.3347 19.7553 0 0 0 -0.99809 0.0617742
1012.100000000 25.0441 20.0596 0 0 0 0.974842 0.222898
1013.600000000 24.3015 20.6711 0 0 0 0.917566 0.397582
1014.900000000 23.6473 21.3436 0 0 0 0.919173 0.393854
1016.200000000 22.9901 21.9938 0 0 0 0.929665 0.368406
1023.800000000 22.21 22.8213 0 0 0 0.917096 0.398667
1025.100000000 21.7196 23.5586 0 0 0 0.857611 0.514299
1026.700000000 21.4838 24.509 0 0 0 0.750599 0.660758
1030.000000000 21.5049 25.4904 0 0 0 0.690998 0.722857
1034.800000000 21.557 26.437 0 0 0 0.683666 0.729795
1039.700000000 21.6204 27.3965 0 0 0 0.688321 0.725406
1044.700000000 21.6351 28.3847 0 0 0 0.700648 0.713508
1049.500000000 21.6527 29.3314 0 0 0 0.705943 0.708269
1054.400000000 21.646 30.3012 0 0 0 0.705943 0.708269
1059.400000000 21.6594 31.2907 0 0 0 0.705943 0.708269
1064.300000000 21.6528 32.2574 0 0 0 0.705943 0.708269
1069.300000000 21.6561 33.2337 0 0 0 0.705943 0.708269
1073.000000000 21.739 33.9229 0 0 0 0.438842 0.898564
1073.500000000 21.7328 33.936 0 0 0 0.209667 0.977773
1074.200000000 21.7351 33.9157 0 0 0 -0.122948 0.992413
1074.900000000 21.7461 33.928 0 0 0 -0.416055 0.90934
1076.300000000 22.5505 32.9925 0 0 0 -0.309429 0.950923
1077.400000000 22.7675 32.9853 0 0 0 -0.0114127 0.999935
1078.000000000 22.7794 33.0322 0 0 0 0.228162 0.973623
1078.800000000 22.7648 32.9938 0 0 0 0.519992 0.854171
1080.000000000 22.719 33.5887 0 0 0 0.718792 0.695225
1081.200000000 22.5406 33.8913 0 0 0 0.876514 0.481376
1082.200000000 22.525 33.8468 0 0 0 0.967575 0.252585
1083.100000000 22.5081 33.7989 0 0 0 -0.998127 0.0611811
1083.700000000 22.5075 33.7796 0 0 0 -0.940444 0.339949
1084.400000000 22.5232 33.7761 0 0 0 -0.768741 0.639561
1085.000000000 22.5241 33.7747 0 0 0 -0.572802 0.819694
1085.700000000 22.5588 33.7907 0 0 0 -0.326548 0.94518
1086.400000000 22.5582 33.7863 0 0 0 -0.053143 0.998587
1088.100000000 23.6606 33.9677 0 0 0 0.0479027 0.998852
1089.500000000 24.7236 33.9044 0 0 0 -0.111742 0.993737
1091.200000000 25.7427 33.4319 0 0 0 -0.216702 0.976238
1093.100000000 26.4519 33.3833 0 0 0 0.0403247 0.999187
1094.500000000 26.8693 33.6502 0 0 0 0.309895 0.950771
1096.200000000 27.8449 34.0263 0 0 0 0.102066 0.994778
1097.000000000 28.0498 33.796 0 0 0 -0.197443 0.980314
1097.700000000 28.0625 33.7999 0 0 0 -0.519674 0.854365
1098.300000000 28.0792 33.7992 0 0 0 -0.748183 0.663492
1099.100000000 27.6763 33.5858 0 0 0 -0.887096 0.461585
1100.500000000 26.891 32.7723 0 0 0 -0.934133 0.356924
1101.800000000 26.2007 32.0974 0 0 0 -0.924841 0.380353
1103.700000000 25.6205 31.4302 0 0 0 -0.92236 0.386332
1107.800000000 24.9148 30.7131 0 0 0 -0.92236 0.386332
1112.400000000 24.2453 30.0322 0 0 0 -0.92236 0.386332
1116.900000000 23.5669 29.3426 0 0 0 -0.92236 0.386332
1121.200000000 22.9074 28.6717 0 0 0 -0.92236 0.386332
1126.100000000 22.2117 27.9746 0 0 0 -0.92236 0.386332
1130.500000000 21.5595 27.3012 0 0 0 -0.92236 0.386332
1135.100000000 20.8787 26.6191 0 0 0 -0.92236 0.386331
1140.000000000 20.1854 25.9145 0 0 0 -0.92236 0.386331
1144.700000000 19.5171 25.2248 0 0 0 -0.92236 0.386331
1149.000000000 18.8265 24.5228 0 0 0 -0.92236 0.386331
1152.900000000 18.1731 23.8581 0 0 0 -0.92236 0.386331
1157.800000000 17.4814 23.1548 0 0 0 -0.92236 0.386331
1162.400000000 16.7943 22.4564 0 0 0 -0.92236 0.386331
1166.700000000 16.1098 21.7606 0 0 0 -0.92236 0.386331
1171.400000000 15.4355 21.0747 0 0 0 -0.92236 0.386331
1175.200000000 14.7237 20.3614 0 0 0 -0.92236 0.38633
1178.600000000 14.0653 19.6918 0 0 0 -0.92236 0.38633
1182.100000000 13.4019 19.0071 0 0 0 -0.922361 0.38633
1185.900000000 12.6925 18.2963 0 0 0 -0.922361 0.38633
1189.900000000 12.016 17.608 0 0 0 -0.922361 0.38633
1193.900000000 11.3079 16.8793 0 0 0 -0.915274 0.402832
1195.400000000 10.704 15.993 0 0 0 -0.862995 0.505212
1196.700000000 10.3983 15.0646 0 0 0 -0.777623 0.628731
1198.100000000 10.332 14.0424 0 0 0 -0.662381 0.749167
1199.500000000 10.8625 13.3112 0 0 0 -0.428136 0.903714
1200.900000000 11.6018 12.5712 0 0 0 -0.370303 0.928911
1202.300000000 12.3526 11.843 0 0 0 -0.381596 0.924329
1203.600000000 13.0431 11.1457 0 0 0 -0.384411 0.923162
1205.000000000 13.7798 10.4032 0 0 0 -0.384411 0.923162
1206.400000000 14.5209 9.65658 0 0 0 -0.384411 0.923162
1207.700000000 15.2021 8.96998 0 0 0 -0.384411 0.923162
1209.000000000 15.8933 8.27337 0 0 0 -0.384411 0.923162
1210.300000000 16.5845 7.59677 0 0 0 -0.384411 0.923162
1211.600000000 17.2712 6.89427 0 0 0 -0.384411 0.923162
1212.900000000 17.9524 6.19767 0 0 0 -0.384411 0.923162
1214.300000000 18.6935 5.45106 0 0 0 -0.384411 0.923162
1215.500000000 19.3247 4.81446 0 0 0 -0.384411 0.923162
1216.900000000 20.0614 4.07196 0 0 0 -0.384411 0.923162
1218.300000000 20.8026 3.32536 0 0 0 -0.384411 0.923162
1219.600000000 21.4892 2.63286 0 0 0 -0.384411 0.923162
1221.000000000 22.2259 1.89036 0 0 0 -0.384411 0.923162
1228.400000000 22.9671 1.14376 0 0 0 -0.384411 0.923162
1229.700000000 23.6538 0.451264 0 0 0 -0.384411 0.923162
1231.000000000 24.3449 -0.24534 0 0 0 -0.384411 0.923162
1232.400000000 25.11 -0.919605 0 0 0 -0.297854 0.954611
1233.700000000 26.0296 -1.2426 0 0 0 -0.120557 0.992706
1235.400000000 26.9627 -1.26719 0 0 0 0.0140909 0.999901
1238.900000000 27.9548 -1.20814 0 0 0 0.0305733 0.999533
1242.900000000 28.8845 -1.16036 0 0 0 0.0158823 0.999874
1247.700000000 29.8695 -1.14836 0 0 0 0.00306408 0.999995
1252.300000000 30.8292 -1.14217 0 0 0 0.00306408 0.999995
1256.600000000 31.7619 -1.13603 0 0 0 0.00306408 0.999995
1261.500000000 32.7322 -1.12977 0 0 0 0.00306408 0.999995
1266.500000000 33.7216 -1.12824 0 0 0 -0.00464819 0.999989
1271.400000000 34.6982 -1.14669 0 0 0 -0.00587872 0.999983
1276.000000000 35.5172 -1.05643 0 0 0 0.313402 0.949621
1276.500000000 35.5072 -1.04837 0 0 0 0.533684 0.845684
1277.200000000 35.4157 -1.05052 0 0 0 0.782011 0.623264
1278.100000000 35.1092 -0.719032 0 0 0 0.900157 0.435566
1279.400000000 34.3881 -0.0771554 0 0 0 0.947706 0.319145
1280.900000000 33.6906 0.681097 0 0 0 0.882773 0.469799
1282.300000000 33.5757 1.32403 0 0 0 0.699751 0.714387
1283.500000000 33.8431 1.80243 0 0 0 0.475765 0.879573
1284.900000000 34.3663 2.64472 0 0 0 0.553675 0.832733
1286.500000000 34.4018 3.51186 0 0 0 0.763413 0.645911
1287.500000000 34.1906 3.76771 0 0 0 0.915199 0.403001
1288.100000000 34.1309 3.67569 0 0 0 0.993418 0.114542
1288.900000000 33.9294 3.51883 0 0 0 -0.983835 0.179077
1290.500000000 33.1938 2.79615 0 0 0 -0.913223 0.407461
1291.800000000 32.5651 2.08712 0 0 0 -0.922326 0.386413
1293.200000000 31.7764 1.35807 0 0 0 -0.926164 0.377122
1294.500000000 31.0759 0.670825 0 0 0 -0.923737 0.383028
1295.800000000 30.3883 -0.0207644 0 0 0 -0.924109 0.38213
1297.200000000 29.5983 -0.703377 0 0 0 -0.945014 0.327031
1298.500000000 28.7803 -1.25371 0 0 0 -0.960437 0.278496
1299.900000000 27.8705 -1.74096 0 0 0 -0.981157 0.193214
1301.200000000 26.9629 -1.89054 0 0 0 -0.998541 0.0539914
1303.100000000 26.0031 -1.87598 0 0 0 0.99973 0.0232486
1306.800000000 24.998 -1.80882 0 0 0 0.999422 0.0339846
1310.500000000 24.0434 -1.76556 0 0 0 0.999888 0.0149731
1318.900000000 23.1424 -1.41922 0 0 0 0.954614 0.297845
1320.400000000 22.3655 -0.642313 0 0 0 0.917573 0.397567
1321.700000000 21.6008 -0.0589413 0 0 0 0.965065 0.262011
1323.100000000 20.6723 0.16316 0 0 0 0.998793 0.0491183
1325.400000000 19.6796 0.112453 0 0 0 -0.999449 0.0331791
1329.600000000 18.7607 0.0566203 0 0 0 -0.999473 0.0324466
1334.400000000 17.7797 0.0271478 0 0 0 -0.999953 0.00970691
1336.300000000 16.7112 0.0252541 0 0 0 0.999993 0.00361372
1337.600000000 15.7377 0.0375786 0 0 0 0.999991 0.00414688
1338.900000000 14.764 0.0424348 0 0 0 -0.999993 0.00362274
1340.100000000 13.8603 0.034615 0 0 0 -0.999993 0.00365759
1341.500000000 12.8082 0.0270121 0 0 0 -0.999993 0.00366211
1342.900000000 11.7649 0.0200066 0 0 0 -0.999993 0.00367006
1344.200000000 10.7916 0.0129288 0 0 0 -0.999993 0.0036812
1345.400000000 9.88819 0.00585061 0 0 0 -0.999993 0.00369536
1346.800000000 8.8348 -0.00133507 0 0 0 -0.999993 0.00371305
1348.100000000 7.86139 -0.00853653 0 0 0 -0.999993 0.00373392
1349.300000000 6.95794 -0.0157563 0 0 0 -0.999993 0.00375774
1350.700000000 5.91473 -0.0236715 0 0 0 -0.999993 0.00384413
1352.000000000 4.9409 -0.0275858 0 0 0 -0.999992 0.00391371
1353.300000000 3.96721 -0.0355901 0 0 0 -0.999992 0.00391606
1354.600000000 2.98487 0.000321463 0 0 0 0.999406 0.0344583
1355.600000000 2.12288 0.119535 0 0 0 -0.999995 0.00330338
1357.100000000 1.12111 -0.0162154 0 0 0 -0.999507 0.0313893
1358.400000000 0.151672 -0.107085 0 0 0 -0.998889 0.0471208
1360.300000000 -0.380983 0.0614978 0 0 0 0.974379 0.224912
1361.100000000 -0.410498 0.197656 0 0 0 0.875488 0.48324
1361.600000000 -0.29896 0.219459 0 0 0 0.731947 0.681362
1362.400000000 -0.214754 0.201894 0 0 0 0.411723 0.911309
1363.200000000 0.0854598 0.196625 0 0 0 0.14031 0.990108
1364.300000000 0.678085 0.147591 0 0 0 -0.117075 0.993123
1366.000000000 1.63329 -0.345565 0 0 0 -0.304973 0.952361
1367.300000000 1.82157 -0.725939 0 0 0 -0.60377 0.797159
1367.900000000 1.72813 -0.745934 0 0 0 -0.803037 0.595929
1368.600000000 1.60815 -0.69452 0 0 0 -0.950537 0.310612
1369.200000000 1.45095 -0.686202 0 0 0 -0.995892 0.0905497
1369.900000000 1.2934 -0.572091 0 0 0 0.985182 0.17151
1370.700000000 1.18313 -0.360907 0 0 0 0.90584 0.42362
1372.200000000 0.546667 0.531428 0 0 0 0.886828 0.4621
1373.300000000 0.575439 0.73867 0 0 0 0.684293 0.729207
1374.000000000 0.664546 0.725248 0 0 0 0.44557 0.895247
1374.700000000 0.722222 0.600164 0 0 0 0.158816 0.987308
1375.300000000 0.732198 0.535028 0 0 0 -0.111605 0.993753
1375.900000000 0.705334 0.427446 0 0 0 -0.372035 0.928219
1376.500000000 0.620579 0.355672 0 0 0 -0.605663 0.795721
1378.200000000 0.662019 -0.731345 0 0 0 -0.661181 0.750226
1379.500000000 0.8216 -1.10778 0 0 0 -0.38875 0.921343
1380.300000000 0.893356 -0.989329 0 0 0 -0.0720187 0.997403
1380.900000000 0.884875 -0.915853 0 0 0 0.199095 0.97998
1381.500000000 0.817216 -0.820004 0 0 0 0.453044 0.891488
1382.200000000 0.736386 -0.779281 0 0 0 0.707787 0.706425
1383.900000000 0.424342 0.265861 0 0 0 0.769386 0.638785
1385.500000000 0.449453 0.764792 0 0 0 0.529966 0.848019
1386.400000000 0.576924 0.716097 0 0 0 0.227885 0.973688
1387.100000000 0.591886 0.597208 0 0 0 -0.0453009 0.998973
1387.900000000 0.545826 0.473541 0 0 0 -0.368399 0.929668
1388.600000000 0.525677 0.323021 0 0 0 -0.577274 0.816551
1389.900000000 0.768365 -0.607591 0 0 0 -0.621339 0.783542
1391.300000000 0.761389 -1.23282 0 0 0 -0.840114 0.54241
1391.900000000 0.666854 -1.15884 0 0 0 -0.96056 0.278073
1392.400000000 0.638696 -1.06061 0 0 0 -0.999302 0.037366
1393.100000000 0.519596 -0.842729 0 0 0 0.961556 0.274608
1393.600000000 0.647176 -0.839425 0 0 0 0.870123 0.492835
1394.300000000 0.756795 -0.769371 0 0 0 0.671316 0.741172
