0.300000000 0.2 0 0 0 0 0 1
8.900000000 0.999982 -0.112958 0 0 0 -0.29552 0.955337
9.500000000 0.90694 -0.186399 0 0 0 -0.564641 0.825336
10.200000000 0.788705 -0.194798 0 0 0 -0.813772 0.581185
10.800000000 0.691718 -0.118484 0 0 0 -0.948984 0.315325
11.500000000 0.651965 0.00281519 0 0 0 0.999556 0.0298105
12.100000000 0.696443 0.12855 0 0 0 0.946301 0.323286
12.800000000 0.803092 0.186997 0 0 0 0.777685 0.628655
13.300000000 0.91201 0.196222 0 0 0 0.598471 0.801144
13.900000000 0.990785 0.12069 0 0 0 0.334988 0.942223
14.600000000 1.035 0.0010154 0 0 0 -0.00902194 0.999959
15.200000000 1.00804 -0.101281 0 0 0 -0.255541 0.966798
18.500000000 1.20611 -0.0540735 0 0 0 0.0870817 0.996201
19.200000000 1.17248 0.051016 0 0 0 0.423954 0.905684
19.800000000 1.05967 0.156283 0 0 0 0.654668 0.755917
20.500000000 0.944052 0.242727 0 0 0 0.845594 0.533827
22.100000000 0.166666 0.95884 0 0 0 0.938815 0.344422
23.300000000 -0.496812 1.55866 0 0 0 0.928346 0.371718
24.700000000 -1.18157 2.37305 0 0 0 0.894558 0.446953
26.000000000 -1.68876 3.17808 0 0 0 0.863325 0.504648
27.400000000 -2.08583 4.15236 0 0 0 0.823683 0.567051
28.600000000 -2.47617 4.97834 0 0 0 0.840428 0.541923
30.000000000 -2.86477 5.93225 0 0 0 0.800566 0.599245
31.500000000 -2.78979 6.91076 0 0 0 0.626184 0.779675
32.800000000 -2.42308 7.79354 0 0 0 0.525192 0.850984
34.300000000 -2.05816 8.76911 0 0 0 0.609601 0.792708
35.700000000 -2.00721 9.73494 0 0 0 0.722341 0.691537
37.100000000 -2.14284 10.7869 0 0 0 0.759016 0.651072
38.700000000 -2.23707 11.7481 0 0 0 0.721077 0.692855
41.200000000 -2.2346 12.68 0 0 0 0.698426 0.715682
45.300000000 -2.18585 13.6268 0 0 0 0.691715 0.722171
50.000000000 -2.16673 14.6251 0 0 0 0.702568 0.711616
53.600000000 -2.16233 15.6004 0 0 0 0.705979 0.708233
55.600000000 -2.2355 16.6316 0 0 0 0.764229 0.644945
57.100000000 -2.70791 17.5783 0 0 0 0.885404 0.464822
58.400000000 -3.38492 18.2524 0 0 0 0.925095 0.379735
59.700000000 -4.07767 18.957 0 0 0 0.927037 0.37497
60.600000000 -4.09347 19.1927 0 0 0 0.753667 0.657256
61.400000000 -3.98002 19.4463 0 0 0 0.554704 0.832048
62.800000000 -3.35582 20.1403 0 0 0 0.374862 0.927081
64.100000000 -2.651 20.8321 0 0 0 0.401325 0.915936
65.500000000 -2.13689 21.7099 0 0 0 0.553156 0.833078
67.000000000 -1.95103 22.7872 0 0 0 0.70398 0.71022
68.300000000 -2.05966 23.7821 0 0 0 0.75568 0.654941
69.600000000 -2.16154 24.6718 0 0 0 0.736452 0.676489
71.900000000 -2.19396 25.6467 0 0 0 0.713911 0.700237
76.000000000 -2.20236 26.6304 0 0 0 0.710788 0.703406
79.600000000 -2.20911 27.6093 0 0 0 0.709537 0.704668
81.500000000 -2.33749 28.6466 0 0 0 0.74827 0.663395
82.800000000 -2.6218 29.5722 0 0 0 0.819446 0.573156
84.500000000 -2.77821 30.4055 0 0 0 0.603195 0.797594
85.000000000 -2.6439 30.3699 0 0 0 0.391929 0.919996
85.700000000 -2.61866 30.2917 0 0 0 0.0566958 0.998392
86.200000000 -2.5904 30.1543 0 0 0 -0.186924 0.982374
86.900000000 -2.65581 30.0666 0 0 0 -0.508989 0.860773
87.500000000 -2.8082 30.0342 0 0 0 -0.73775 0.675074
88.100000000 -2.93021 30.0691 0 0 0 -0.90231 0.431088
88.800000000 -3.0103 30.1791 0 0 0 -0.994894 0.100926
89.400000000 -3.00907 30.2963 0 0 0 0.981185 0.193067
90.000000000 -2.93255 30.3917 0 0 0 0.882506 0.470302
90.700000000 -2.8439 30.5209 0 0 0 0.713939 0.700208
92.300000000 -2.40429 31.4852 0 0 0 0.525724 0.850655
93.700000000 -2.06217 32.4141 0 0 0 0.617139 0.786854
95.100000000 -2.08239 33.4304 0 0 0 0.732005 0.6813
96.400000000 -2.21964 34.3965 0 0 0 0.749099 0.662459
98.100000000 -2.27315 35.3285 0 0 0 0.718825 0.695191
101.300000000 -2.27227 36.3056 0 0 0 0.699836 0.714304
105.100000000 -2.24634 37.2949 0 0 0 0.700864 0.713295
109.600000000 -2.24077 38.2544 0 0 0 0.706263 0.707949
111.300000000 -2.23902 39.2489 0 0 0 0.706279 0.707933
112.600000000 -2.24321 40.2226 0 0 0 0.713475 0.700681
114.000000000 -2.47285 41.2426 0 0 0 0.809996 0.586435
115.400000000 -2.85648 42.2227 0 0 0 0.81681 0.576906
116.700000000 -2.99902 43.1811 0 0 0 0.731328 0.682026
118.000000000 -2.85947 44.1314 0 0 0 0.626917 0.779086
118.700000000 -2.8023 44.0884 0 0 0 0.340503 0.940243
119.300000000 -2.76809 44.0146 0 0 0 0.0520402 0.998645
119.900000000 -2.75105 43.8787 0 0 0 -0.240916 0.970546
120.600000000 -2.84097 43.7706 0 0 0 -0.545862 0.837875
121.400000000 -2.92351 43.5647 0 0 0 -0.770305 0.637675
123.000000000 -3.53127 42.7465 0 0 0 -0.913359 0.407156
124.300000000 -4.07756 42.3746 0 0 0 -0.990287 0.13904
125.000000000 -4.08483 42.5016 0 0 0 0.979119 0.203287
125.600000000 -4.0201 42.5981 0 0 0 0.877375 0.479806
126.200000000 -3.9103 42.639 0 0 0 0.699725 0.714413
127.100000000 -3.66662 42.9276 0 0 0 0.479742 0.87741
128.600000000 -2.84432 43.6362 0 0 0 0.36606 0.930591
129.800000000 -2.35908 44.3573 0 0 0 0.489985 0.871731
131.200000000 -2.0942 45.2974 0 0 0 0.659638 0.751583
132.600000000 -2.15368 46.3378 0 0 0 0.749113 0.662442
134.000000000 -2.2952 47.3797 0 0 0 0.746502 0.665383
135.300000000 -2.34751 48.3526 0 0 0 0.710238 0.703962
136.700000000 -2.31594 49.406 0 0 0 0.696885 0.717183
138.000000000 -2.31645 50.3785 0 0 0 0.707597 0.706616
139.400000000 -2.3163 51.4322 0 0 0 0.710324 0.703875
140.700000000 -2.42339 52.3962 0 0 0 0.763309 0.646033
142.100000000 -2.70643 53.3731 0 0 0 0.832492 0.554037
143.000000000 -2.95774 53.5766 0 0 0 0.955189 0.295996
143.700000000 -3.08627 53.5034 0 0 0 0.999997 0.00248167
144.400000000 -3.05753 53.3753 0 0 0 -0.942787 0.333395
145.000000000 -2.95875 53.3095 0 0 0 -0.802158 0.597112
145.700000000 -2.83138 53.3276 0 0 0 -0.548776 0.835969
146.300000000 -2.74128 53.3948 0 0 0 -0.277215 0.960808
147.000000000 -2.59095 53.4869 0 0 0 0.00684643 0.999977
148.100000000 -2.1509 53.7786 0 0 0 0.295741 0.955268
149.400000000 -1.50819 54.4483 0 0 0 0.403094 0.915159
150.700000000 -0.854982 55.1712 0 0 0 0.392479 0.919761
152.100000000 -0.108492 55.9036 0 0 0 0.377934 0.925833
153.500000000 0.635585 56.648 0 0 0 0.396071 0.91822
154.800000000 1.25627 57.3977 0 0 0 0.414674 0.90997
156.100000000 2.02714 57.9698 0 0 0 0.257195 0.96636
157.600000000 2.9991 58.2057 0 0 0 0.0533237 0.998577
159.700000000 4.01117 58.1592 0 0 0 -0.0473164 0.99888
162.600000000 4.96776 58.2164 0 0 0 0.15036 0.988631
163.500000000 5.11106 58.435 0 0 0 0.455318 0.890329
165.000000000 5.43044 59.4228 0 0 0 0.633481 0.773758
165.700000000 5.31739 59.4849 0 0 0 0.838831 0.544391
166.300000000 5.22848 59.417 0 0 0 0.962245 0.272185
166.800000000 5.19908 59.3225 0 0 0 0.999655 0.0262749
167.500000000 5.22804 59.2079 0 0 0 -0.947862 0.31868
168.000000000 5.32411 59.129 0 0 0 -0.839887 0.542762
168.700000000 5.45115 59.0506 0 0 0 -0.627818 0.77836
169.700000000 5.75692 58.7236 0 0 0 -0.390455 0.920622
171.100000000 6.62405 58.2035 0 0 0 -0.214337 0.97676
172.500000000 7.55167 57.9337 0 0 0 -0.0920867 0.995751
175.000000000 8.51031 57.8893 0 0 0 -0.00177411 0.999998
178.700000000 9.54586 57.9295 0 0 0 0.0283292 0.999599
180.000000000 10.5164 58.0023 0 0 0 0.0402845 0.999188
181.800000000 11.3954 58.0543 0 0 0 0.0217462 0.999764
186.200000000 12.3868 58.074 0 0 0 0.00714341 0.999974
190.700000000 13.3449 58.0799 0 0 0 0.00254302 0.999997
195.400000000 14.2935 58.0851 0 0 0 0.00253989 0.999997
199.500000000 15.2746 58.0679 0 0 0 -0.0102245 0.999948
202.600000000 16.2134 58.0584 0 0 0 -0.00264533 0.999997
206.400000000 17.1751 58.053 0 0 0 -0.00264715 0.999996
207.700000000 17.4481 58.2345 0 0 0 0.306943 0.951728
208.300000000 17.424 58.3523 0 0 0 0.543508 0.839404
209.900000000 17.4136 59.3677 0 0 0 0.721768 0.692135
210.700000000 17.2955 59.4148 0 0 0 0.913587 0.406643
211.300000000 17.225 59.3133 0 0 0 0.992955 0.118493
211.800000000 17.2323 59.1954 0 0 0 -0.991482 0.130244
212.500000000 17.295 59.1055 0 0 0 -0.886426 0.462871
213.100000000 17.4097 59.079 0 0 0 -0.710055 0.704146
213.700000000 17.549 59.0385 0 0 0 -0.499923 0.86607
215.200000000 18.3034 58.3122 0 0 0 -0.355037 0.934852
216.500000000 19.0268 57.6584 0 0 0 -0.36473 0.931113
218.200000000 19.7146 56.994 0 0 0 -0.380916 0.92461
221.300000000 20.4116 56.299 0 0 0 -0.381797 0.924246
225.400000000 21.0784 55.6109 0 0 0 -0.4003 0.916384
228.800000000 21.6875 54.7062 0 0 0 -0.513303 0.858208
230.400000000 21.9836 53.7759 0 0 0 -0.628177 0.77807
233.700000000 22.0517 52.7965 0 0 0 -0.707154 0.70706
238.200000000 21.9696 51.8212 0 0 0 -0.732796 0.680449
241.300000000 22.1428 50.798 0 0 0 -0.505279 0.862956
242.700000000 22.8491 50.0747 0 0 0 -0.354236 0.935156
245.100000000 23.5689 49.4149 0 0 0 -0.367763 0.929919
246.900000000 23.7064 49.0904 0 0 0 -0.650386 0.759604
247.500000000 23.7068 49.0869 0 0 0 -0.830787 0.55659
249.100000000 22.9769 48.3091 0 0 0 -0.929188 0.369608
250.500000000 22.2109 47.5883 0 0 0 -0.925627 0.378438
251.800000000 21.5236 46.8979 0 0 0 -0.921879 0.387478
253.100000000 20.8386 46.2051 0 0 0 -0.923149 0.384441
254.400000000 20.1526 45.5034 0 0 0 -0.923667 0.383197
255.600000000 19.5194 44.8788 0 0 0 -0.923667 0.383197
257.000000000 18.7972 44.1133 0 0 0 -0.910166 0.414244
258.400000000 18.1636 43.3044 0 0 0 -0.913901 0.405936
259.900000000 17.3126 42.9102 0 0 0 -0.990586 0.13689
261.300000000 16.3312 42.8623 0 0 0 0.999723 0.0235171
262.700000000 15.3547 43.0643 0 0 0 0.99708 0.0763606
264.000000000 14.5963 42.8933 0 0 0 -0.983418 0.181355
265.300000000 13.8081 42.3491 0 0 0 -0.939486 0.342586
266.600000000 13.1395 41.565 0 0 0 -0.920656 0.390374
269.200000000 12.4354 40.8509 0 0 0 -0.922979 0.384849
272.800000000 11.7587 40.1773 0 0 0 -0.922974 0.384862
275.300000000 11.0794 39.441 0 0 0 -0.907628 0.419776
276.700000000 10.796 38.8239 0 0 0 -0.738609 0.674134
277.500000000 10.9411 38.6453 0 0 0 -0.514734 0.85735
279.000000000 11.6705 37.9554 0 0 0 -0.333099 0.942892
280.800000000 12.4219 37.4683 0 0 0 -0.243736 0.969842
285.100000000 13.2711 37.0272 0 0 0 -0.283772 0.958892
290.000000000 14.0187 36.4136 0 0 0 -0.352367 0.935862
294.900000000 14.7434 35.731 0 0 0 -0.37254 0.928016
299.700000000 15.4312 35.0589 0 0 0 -0.379691 0.925114
304.600000000 16.1263 34.4019 0 0 0 -0.356905 0.934141
309.600000000 16.9349 33.9755 0 0 0 -0.248247 0.968697
311.100000000 17.9445 33.597 0 0 0 -0.116542 0.993186
312.800000000 18.6826 33.5958 0 0 0 0.190823 0.981624
313.500000000 18.6778 33.6079 0 0 0 0.521157 0.853461
314.200000000 18.5435 33.7378 0 0 0 0.739441 0.673221
315.300000000 18.2102 34.1936 0 0 0 0.895558 0.444944
316.600000000 17.5961 34.9276 0 0 0 0.892448 0.451151
318.000000000 17.2569 35.8298 0 0 0 0.77674 0.629821
318.700000000 17.3343 35.9182 0 0 0 0.539103 0.84224
319.200000000 17.4303 35.8072 0 0 0 0.316879 0.948466
319.900000000 17.4295 35.813 0 0 0 0.0165794 0.999863
320.600000000 17.4264 35.7948 0 0 0 -0.252486 0.967601
322.000000000 18.2324 35.016 0 0 0 -0.415136 0.90976
323.800000000 18.9885 34.2575 0 0 0 -0.394836 0.918752
326.700000000 19.8405 33.6661 0 0 0 -0.224372 0.974503
328.100000000 20.6994 33.5627 0 0 0 -0.0600389 0.998196
330.900000000 21.6759 33.5782 0 0 0 0.0227435 0.999741
335.800000000 22.6454 33.6354 0 0 0 0.0230472 0.999734
340.700000000 23.623 33.6591 0 0 0 0.00832356 0.999965
345.500000000 24.5632 33.6686 0 0 0 0.0039714 0.999992
350.300000000 25.5234 33.6766 0 0 0 0.00401747 0.999992
355.300000000 26.5062 33.6848 0 0 0 0.00406188 0.999992
360.200000000 27.5099 33.7164 0 0 0 0.0291073 0.999576
361.400000000 28.0869 34.018 0 0 0 0.300164 0.953887
362.800000000 28.7678 34.7056 0 0 0 0.410329 0.911938
365.900000000 29.3967 35.3907 0 0 0 0.394589 0.918858
370.400000000 30.0482 36.0596 0 0 0 0.386564 0.922262
375.000000000 30.7449 36.768 0 0 0 0.386433 0.922317
379.500000000 31.4168 37.4515 0 0 0 0.38647 0.922302
383.700000000 32.0921 38.1389 0 0 0 0.386505 0.922287
388.200000000 32.7564 38.8252 0 0 0 0.38654 0.922273
392.700000000 33.4089 39.5299 0 0 0 0.410909 0.911676
394.400000000 34.026 40.4204 0 0 0 0.517538 0.85566
395.700000000 34.2901 41.3581 0 0 0 0.641427 0.767184
396.700000000 34.2187 41.7403 0 0 0 0.837838 0.545919
397.300000000 34.0982 41.7316 0 0 0 0.950802 0.309799
398.500000000 33.4641 41.8037 0 0 0 0.999503 0.0315383
399.900000000 32.4223 41.668 0 0 0 -0.996971 0.0777712
401.200000000 31.4404 41.5932 0 0 0 -0.998811 0.0487449
402.700000000 30.7421 41.6605 0 0 0 0.963258 0.268579
403.300000000 30.8043 41.7348 0 0 0 0.843276 0.537481
404.000000000 30.8838 41.8851 0 0 0 0.65959 0.751625
404.800000000 31.1144 42.1432 0 0 0 0.454794 0.890596
406.100000000 31.8 42.7631 0 0 0 0.35679 0.934185
407.500000000 32.5556 43.4994 0 0 0 0.383349 0.923604
408.900000000 33.2812 44.2535 0 0 0 0.392038 0.919949
410.100000000 33.9138 44.8987 0 0 0 0.385182 0.922841
411.500000000 34.6535 45.6467 0 0 0 0.385124 0.922865
412.800000000 35.3336 46.3344 0 0 0 0.38508 0.922883
414.100000000 36.0523 47.0227 0 0 0 0.396281 0.918129
414.900000000 36.0422 47.2315 0 0 0 0.657518 0.753439
415.400000000 35.9639 47.2753 0 0 0 0.807528 0.58983
417.100000000 35.1758 48.0484 0 0 0 0.928665 0.370919
418.400000000 34.4755 48.7114 0 0 0 0.909353 0.416025
419.700000000 34.0472 49.5569 0 0 0 0.822274 0.569092
421.200000000 33.9694 50.621 0 0 0 0.707045 0.707168
422.500000000 34.0403 51.6174 0 0 0 0.653586 0.756852
423.800000000 34.1121 52.5943 0 0 0 0.685022 0.728523
425.100000000 34.1266 53.5688 0 0 0 0.71079 0.703405
426.600000000 34.0234 54.5795 0 0 0 0.797942 0.602734
428.100000000 33.4195 55.35 0 0 0 0.917981 0.396625
429.400000000 32.6992 56.0078 0 0 0 0.932132 0.36212
430.800000000 31.9399 56.7377 0 0 0 0.925924 0.37771
432.100000000 31.2574 57.4363 0 0 0 0.922081 0.386996
439.000000000 30.9928 57.504 0 0 0 0.991757 0.128129
439.700000000 30.8391 57.3851 0 0 0 -0.989983 0.141186
441.300000000 30.0294 56.7671 0 0 0 -0.941862 0.336
442.800000000 29.0533 56.279 0 0 0 -0.987652 0.156663
444.300000000 28.0885 56.199 0 0 0 0.999672 0.0255997
446.800000000 27.1526 56.3265 0 0 0 0.99917 0.0407241
451.200000000 26.1861 56.3517 0 0 0 0.999888 0.0149464
456.100000000 25.205 56.3648 0 0 0 0.999995 0.00331595
461.100000000 24.2206 56.3658 0 0 0 -1 0.000411771
466.100000000 23.2345 56.366 0 0 0 -1 0.000419019
471.000000000 22.2695 56.366 0 0 0 -1 0.000428978
475.800000000 21.3185 56.3658 0 0 0 -1 0.000440933
480.300000000 20.3353 56.3336 0 0 0 -0.995877 0.0907158
480.800000000 20.3554 56.2326 0 0 0 -0.949113 0.314936
481.500000000 20.4819 56.1702 0 0 0 -0.793572 0.608476
482.200000000 20.6072 56.165 0 0 0 -0.560184 0.828368
483.700000000 21.1892 55.4221 0 0 0 -0.450567 0.892743
485.000000000 21.6896 54.6918 0 0 0 -0.461711 0.887031
486.600000000 22.2269 53.7109 0 0 0 -0.577318 0.816519
488.800000000 22.221 52.7974 0 0 0 -0.74385 0.668347
490.500000000 21.9208 52.2881 0 0 0 -0.92754 0.373725
491.200000000 21.8455 52.3974 0 0 0 -0.999261 0.0384416
491.900000000 21.8822 52.4943 0 0 0 0.953095 0.302673
492.500000000 21.959 52.5806 0 0 0 0.827674 0.561209
493.200000000 22.046 52.7123 0 0 0 0.635282 0.77228
494.100000000 22.3566 53.0822 0 0 0 0.446553 0.894757
495.500000000 23.101 53.7545 0 0 0 0.349139 0.937071
496.900000000 23.8986 54.4304 0 0 0 0.362309 0.932058
498.300000000 24.6333 55.1836 0 0 0 0.391334 0.920249
499.600000000 25.3076 55.8766 0 0 0 0.384757 0.923018
500.800000000 25.9604 56.5122 0 0 0 0.375161 0.92696
502.200000000 26.7678 57.1895 0 0 0 0.32845 0.944521
503.600000000 27.6324 57.782 0 0 0 0.2703 0.962776
504.900000000 28.5297 58.1197 0 0 0 0.135323 0.990802
506.400000000 29.4625 58.1549 0 0 0 0.00390502 0.999992
508.500000000 30.4281 58.0832 0 0 0 -0.0711777 0.997464
512.800000000 31.4113 58.0252 0 0 0 -0.0287519 0.999587
516.500000000 32.3704 57.9912 0 0 0 -0.00708582 0.999975
521.000000000 33.3564 57.9868 0 0 0 -0.0010243 0.999999
525.500000000 34.3266 57.9847 0 0 0 -0.00102384 0.999999
527.900000000 35.3203 58.0254 0 0 0 0.0291949 0.999574
531.000000000 36.301 58.0532 0 0 0 0.00976838 0.999952
535.500000000 37.2717 58.0574 0 0 0 0.00149902 0.999999
540.200000000 38.2728 58.0498 0 0 0 0.00146081 0.999999
541.800000000 39.2883 58.0424 0 0 0 0.00145093 0.999999
543.100000000 40.2617 58.0444 0 0 0 0.0014482 0.999999
544.500000000 41.3144 58.047 0 0 0 0.00145693 0.999999
545.800000000 42.2871 58.0496 0 0 0 0.00144617 0.999999
547.200000000 43.3415 58.0527 0 0 0 0.00144932 0.999999
548.500000000 44.3145 58.057 0 0 0 0.00148401 0.999999
550.000000000 44.9242 58.1882 0 0 0 0.343425 0.93918
550.500000000 44.8453 58.2512 0 0 0 0.564642 0.825336
551.300000000 44.7416 58.4492 0 0 0 0.785168 0.619282
552.600000000 44.2662 59.037 0 0 0 0.921284 0.388891
554.000000000 43.4833 59.7408 0 0 0 0.932999 0.35988
555.800000000 42.9406 60.4615 0 0 0 0.757056 0.653351
556.500000000 43.0779 60.4438 0 0 0 0.492158 0.870506
557.100000000 43.154 60.3656 0 0 0 0.217114 0.976146
557.800000000 43.2831 60.2516 0 0 0 -0.073143 0.997321
559.100000000 43.8944 59.8124 0 0 0 -0.34096 0.940078
560.500000000 44.6087 59.0431 0 0 0 -0.407266 0.91331
561.900000000 45.3302 58.3 0 0 0 -0.345146 0.938549
563.300000000 46.2055 57.9085 0 0 0 -0.135581 0.990766
564.800000000 47.2923 57.8911 0 0 0 0.0452719 0.998975
566.200000000 48.3358 58.0215 0 0 0 0.0521227 0.998641
567.600000000 49.3884 58.0774 0 0 0 0.00848478 0.999964
568.900000000 50.3621 58.0683 0 0 0 -0.00500396 0.999987
570.200000000 51.3458 58.0736 0 0 0 0.000409398 1
571.400000000 52.2396 58.0713 0 0 0 0.00350308 0.999994
572.800000000 53.2833 58.0785 0 0 0 0.00350326 0.999994
574.400000000 54.18 57.7384 0 0 0 -0.273395 0.961902
575.700000000 54.8656 57.1241 0 0 0 -0.394407 0.918936
577.000000000 55.5371 56.4285 0 0 0 -0.393092 0.919499
578.400000000 56.28 55.6837 0 0 0 -0.381056 0.924552
579.700000000 56.9854 55.0209 0 0 0 -0.369378 0.929279
581.000000000 57.5703 54.2397 0 0 0 -0.49213 0.870522
582.400000000 57.8961 53.2824 0 0 0 -0.633875 0.773435
584.200000000 57.8852 52.3109 0 0 0 -0.711315 0.702873
587.800000000 57.8593 51.4025 0 0 0 -0.730782 0.682611
591.500000000 57.8328 50.4308 0 0 0 -0.660006 0.75126
592.100000000 57.9409 50.467 0 0 0 -0.409894 0.912133
592.700000000 58.0527 50.5395 0 0 0 -0.14869 0.988884
593.500000000 58.2792 50.6349 0 0 0 0.132296 0.99121
595.000000000 59.2742 50.8432 0 0 0 0.0644999 0.997918
596.100000000 59.631 50.7455 0 0 0 -0.278814 0.960345
596.700000000 59.5508 50.6835 0 0 0 -0.546582 0.837406
597.400000000 59.4359 50.66 0 0 0 -0.797114 0.603829
598.300000000 59.097 50.331 0 0 0 -0.91249 0.4091
599.700000000 58.357 49.6591 0 0 0 -0.935084 0.354427
601.000000000 57.6395 48.969 0 0 0 -0.91723 0.398357
602.200000000 57.0285 48.3136 0 0 0 -0.919988 0.391947
603.600000000 56.2885 47.5643 0 0 0 -0.924776 0.380513
604.900000000 55.6027 46.902 0 0 0 -0.926903 0.3753
608.200000000 54.8807 46.2808 0 0 0 -0.940946 0.338556
611.600000000 54.0788 45.5391 0 0 0 -0.927626 0.373511
612.900000000 53.3916 44.8485 0 0 0 -0.920047 0.391808
614.200000000 52.7246 44.1178 0 0 0 -0.925429 0.378922
617.000000000 52.0312 43.5514 0 0 0 -0.94343 0.331572
619.800000000 51.1417 43.0694 0 0 0 -0.979892 0.199529
621.200000000 50.1411 42.7532 0 0 0 -0.987042 0.160462
623.300000000 49.3253 42.3316 0 0 0 -0.958781 0.284145
627.800000000 48.5979 41.7204 0 0 0 -0.934879 0.354967
632.600000000 47.9101 41.0705 0 0 0 -0.927056 0.374923
637.200000000 47.1642 40.2865 0 0 0 -0.910806 0.412834
638.600000000 46.6009 39.3973 0 0 0 -0.851074 0.525046
640.200000000 46.3491 38.4407 0 0 0 -0.757287 0.653082
643.300000000 46.3514 37.4642 0 0 0 -0.69894 0.71518
644.300000000 46.573 37.2145 0 0 0 -0.445337 0.895363
645.000000000 46.823 37.11 0 0 0 -0.233327 0.972398
646.600000000 47.8704 37.0824 0 0 0 0.0324758 0.999473
648.000000000 48.9202 37.1527 0 0 0 0.0309828 0.99952
649.400000000 49.9397 37.1834 0 0 0 -0.00526967 0.999986
650.500000000 50.3765 36.9287 0 0 0 -0.283535 0.958962
651.900000000 51.1434 36.2059 0 0 0 -0.406809 0.913513
653.100000000 51.7584 35.5435 0 0 0 -0.394483 0.918903
654.500000000 52.4986 34.8033 0 0 0 -0.380466 0.924795
656.000000000 53.0295 34.4888 0 0 0 -0.0355339 0.999368
656.600000000 53.0041 34.5942 0 0 0 0.26135 0.965244
657.300000000 52.8967 34.684 0 0 0 0.576998 0.816745
658.200000000 52.772 35.0989 0 0 0 0.757531 0.652799
659.700000000 52.5611 36.1373 0 0 0 0.78028 0.625431
661.000000000 52.448 37.104 0 0 0 0.721249 0.692676
661.800000000 52.5487 37.3614 0 0 0 0.524616 0.851339
662.400000000 52.5618 37.2877 0 0 0 0.254044 0.967193
663.100000000 52.6757 37.1752 0 0 0 -0.048438 0.998826
664.200000000 53.0483 36.8327 0 0 0 -0.335754 0.94195
665.500000000 53.7053 36.1223 0 0 0 -0.420192 0.907435
666.900000000 54.463 35.3836 0 0 0 -0.383914 0.923369
668.200000000 55.1415 34.6826 0 0 0 -0.377962 0.925821
669.400000000 55.7908 34.051 0 0 0 -0.38713 0.922025
670.800000000 56.5273 33.3099 0 0 0 -0.385711 0.92262
672.100000000 57.1968 32.6025 0 0 0 -0.410325 0.91194
673.400000000 57.7553 31.808 0 0 0 -0.500164 0.865931
674.900000000 58.0008 30.8472 0 0 0 -0.66882 0.743424
677.000000000 57.9227 29.8638 0 0 0 -0.738965 0.673744
681.100000000 57.8568 28.9217 0 0 0 -0.737037 0.675853
685.200000000 57.7909 27.9654 0 0 0 -0.721758 0.692145
689.000000000 57.7764 26.9954 0 0 0 -0.711625 0.702559
692.100000000 57.9026 26.3048 0 0 0 -0.422824 0.906212
692.600000000 58.0089 26.3424 0 0 0 -0.213774 0.976883
693.500000000 58.2947 26.4175 0 0 0 0.093569 0.995613
695.000000000 59.3318 26.6445 0 0 0 0.0787614 0.996893
695.900000000 59.5875 26.571 0 0 0 -0.233247 0.972417
696.500000000 59.4934 26.4701 0 0 0 -0.5047 0.863295
697.000000000 59.4125 26.4466 0 0 0 -0.688433 0.7253
697.700000000 59.272 26.3489 0 0 0 -0.869993 0.493063
699.300000000 58.4409 25.6367 0 0 0 -0.941319 0.337517
700.500000000 57.809 24.9927 0 0 0 -0.916872 0.399182
701.900000000 57.1156 24.1868 0 0 0 -0.911803 0.410628
703.200000000 56.4389 23.4974 0 0 0 -0.924466 0.381265
704.400000000 55.8077 22.8706 0 0 0 -0.925641 0.378403
705.800000000 55.071 22.1612 0 0 0 -0.927814 0.373044
708.000000000 54.331 21.5366 0 0 0 -0.951996 0.306112
709.500000000 53.3888 21.1802 0 0 0 -0.993225 0.116209
712.000000000 52.4223 21.1548 0 0 0 0.999806 0.0197012
716.900000000 51.4545 21.2485 0 0 0 0.998956 0.0456794
720.300000000 50.8362 21.1679 0 0 0 -0.954693 0.297593
720.900000000 50.9479 21.0888 0 0 0 -0.824457 0.565925
721.500000000 51.0558 21.071 0 0 0 -0.620394 0.784291
722.600000000 51.4233 20.6602 0 0 0 -0.382443 0.923979
724.000000000 52.2233 19.9873 0 0 0 -0.350678 0.936496
725.500000000 52.8973 19.2311 0 0 0 -0.48576 0.874092
726.000000000 52.815 19.2148 0 0 0 -0.684216 0.729279
726.700000000 52.6903 19.1777 0 0 0 -0.876396 0.48159
727.600000000 52.2959 19.0113 0 0 0 -0.971313 0.237807
729.100000000 51.3184 18.8439 0 0 0 -0.999349 0.0360746
730.500000000 50.3587 18.813 0 0 0 -0.999789 0.0205613
732.100000000 49.3123 18.6054 0 0 0 -0.979298 0.202424
734.300000000 48.533 18.0072 0 0 0 -0.935955 0.352119
737.900000000 47.8036 17.2449 0 0 0 -0.891106 0.453796
739.200000000 47.569 16.4632 0 0 0 -0.755722 0.654893
740.700000000 47.7593 15.4585 0 0 0 -0.580743 0.814087
742.200000000 48.26 14.5718 0 0 0 -0.473072 0.881024
743.600000000 48.9543 13.7801 0 0 0 -0.386719 0.922198
745.000000000 49.713 13.0511 0 0 0 -0.366767 0.930313
746.300000000 50.4182 12.3894 0 0 0 -0.381786 0.924251
747.600000000 51.1071 11.6901 0 0 0 -0.384328 0.923197
748.900000000 51.7943 10.998 0 0 0 -0.384333 0.923195
750.300000000 52.536 10.2517 0 0 0 -0.384349 0.923188
751.600000000 53.2104 9.61436 0 0 0 -0.326163 0.945314
752.300000000 53.2754 9.72334 0 0 0 0.00404808 0.999992
752.900000000 53.2392 9.83583 0 0 0 0.299387 0.954132
753.600000000 53.1389 9.92806 0 0 0 0.598629 0.801027
754.600000000 53.0127 10.3126 0 0 0 0.810307 0.586006
756.000000000 52.5765 11.2433 0 0 0 0.85872 0.512445
757.300000000 52.2543 12.1189 0 0 0 0.774039 0.633138
758.000000000 52.3462 12.1485 0 0 0 0.528576 0.848886
758.600000000 52.4384 12.0588 0 0 0 0.25824 0.966081
759.200000000 52.4737 11.967 0 0 0 -0.0341821 0.999416
760.000000000 52.6561 11.75 0 0 0 -0.30586 0.952076
761.500000000 53.3587 10.9517 0 0 0 -0.414919 0.909859
762.700000000 53.9802 10.3104 0 0 0 -0.383462 0.923557
764.100000000 54.7439 9.58635 0 0 0 -0.372022 0.928224
765.500000000 55.4893 8.84486 0 0 0 -0.384107 0.923289
766.800000000 56.1753 8.15383 0 0 0 -0.384843 0.922982
768.200000000 56.9158 7.40567 0 0 0 -0.384863 0.922974
769.500000000 57.5997 6.73946 0 0 0 -0.403249 0.91509
770.900000000 57.9442 5.906 0 0 0 -0.615216 0.788359
772.400000000 57.9159 4.83068 0 0 0 -0.753897 0.656993
773.700000000 57.7605 3.86452 0 0 0 -0.734745 0.678343
775.000000000 57.7054 2.89322 0 0 0 -0.721229 0.692697
776.400000000 57.7361 1.84157 0 0 0 -0.681835 0.731506
777.800000000 57.8196 0.789934 0 0 0 -0.683527 0.729925
779.100000000 57.8469 -0.183227 0 0 0 -0.707226 0.706987
780.300000000 57.8197 -1.08424 0 0 0 -0.729177 0.684325
781.100000000 57.6891 -1.15592 0 0 0 -0.913794 0.406177
781.700000000 57.6202 -1.06 0 0 0 -0.992527 0.122025
782.400000000 57.623 -0.933488 0 0 0 0.975395 0.220466
783.100000000 57.7121 -0.839582 0 0 0 0.843572 0.537015
783.800000000 57.8193 -0.719531 0 0 0 0.649156 0.760655
784.700000000 58.0709 -0.412285 0 0 0 0.436964 0.899479
786.100000000 58.8672 0.293542 0 0 0 0.303627 0.952791
786.800000000 59.0118 0.243556 0 0 0 0.0353384 0.999375
787.500000000 58.9882 0.136749 0 0 0 -0.306692 0.951809
788.100000000 58.8993 0.066692 0 0 0 -0.570366 0.82139
788.700000000 58.807 -0.0251826 0 0 0 -0.764888 0.644163
789.700000000 58.4756 -0.441824 0 0 0 -0.897156 0.441714
791.100000000 57.7233 -1.17054 0 0 0 -0.932048 0.362334
792.500000000 56.9754 -1.87646 0 0 0 -0.940188 0.340656
793.900000000 56.0805 -2.21051 0 0 0 -0.992761 0.12011
795.600000000 55.1392 -2.21298 0 0 0 0.999057 0.0434288
799.200000000 54.1769 -2.12562 0 0 0 0.998806 0.0488505
803.800000000 53.2153 -2.0526 0 0 0 0.999534 0.0305176
807.900000000 52.2167 -2.02372 0 0 0 0.999963 0.00858081
811.400000000 51.2151 -2.01384 0 0 0 0.999996 0.00267478
812.800000000 50.2327 -2.17413 0 0 0 -0.991901 0.127014
814.300000000 49.4418 -2.70926 0 0 0 -0.924229 0.38184
815.700000000 49.0789 -3.41183 0 0 0 -0.770753 0.637135
816.400000000 49.2071 -3.38767 0 0 0 -0.504933 0.863159
817.000000000 49.2968 -3.30247 0 0 0 -0.22959 0.973288
817.700000000 49.3126 -3.16568 0 0 0 0.118071 0.993005
818.300000000 49.2425 -3.06374 0 0 0 0.406256 0.913759
819.000000000 49.1356 -3.01373 0 0 0 0.695402 0.71862
819.600000000 48.9871 -3.03318 0 0 0 0.869913 0.493205
820.800000000 48.4477 -2.6082 0 0 0 0.965965 0.258673
822.200000000 47.5237 -2.31388 0 0 0 0.989151 0.146902
823.500000000 46.5849 -2.08055 0 0 0 0.99279 0.119867
826.500000000 45.7102 -1.95113 0 0 0 0.999058 0.0433861
829.900000000 44.6103 -1.96755 0 0 0 -0.999753 0.0222257
831.100000000 43.7107 -2.04012 0 0 0 -0.999191 0.0402117
833.400000000 42.7239 -2.08598 0 0 0 -0.999939 0.0110154
836.400000000 41.7711 -2.10053 0 0 0 -0.999999 0.00120823
840.400000000 40.7944 -2.10298 0 0 0 -0.999999 0.00120824
843.000000000 39.7569 -2.12211 0 0 0 -0.999497 0.0317288
844.400000000 38.7141 -2.29294 0 0 0 -0.996587 0.0825468
845.800000000 38.0573 -2.52371 0 0 0 -0.938418 0.345503
846.500000000 38.1771 -2.61702 0 0 0 -0.771611 0.636095
847.200000000 38.286 -2.76001 0 0 0 -0.572526 0.819887
848.000000000 38.4854 -2.82918 0 0 0 -0.296945 0.954895
848.700000000 38.6271 -2.77079 0 0 0 -0.0076493 0.999971
849.400000000 38.5739 -2.65735 0 0 0 0.334637 0.942347
850.000000000 38.4755 -2.56174 0 0 0 0.598173 0.801367
850.600000000 38.4673 -2.56312 0 0 0 0.805183 0.593027
851.800000000 37.9215 -1.99799 0 0 0 0.918291 0.395905
853.100000000 37.2774 -1.36634 0 0 0 0.933595 0.35833
854.800000000 36.5829 -0.713888 0 0 0 0.92733 0.374244
858.200000000 35.93 -0.0786342 0 0 0 0.924845 0.380344
862.400000000 35.2337 0.600362 0 0 0 0.924845 0.380344
866.700000000 34.5162 1.50587 0 0 0 0.886545 0.462642
868.100000000 34.118 2.39366 0 0 0 0.808705 0.588215
870.500000000 34.029 3.293 0 0 0 0.728783 0.684745
873.300000000 34.2404 4.1413 0 0 0 0.498194 0.867066
874.700000000 34.9121 4.90501 0 0 0 0.36369 0.93152
877.600000000 35.5838 5.54308 0 0 0 0.373588 0.927595
888.400000000 36.2868 6.2356 0 0 0 0.380356 0.92484
892.700000000 36.9595 6.90101 0 0 0 0.380358 0.924839
897.000000000 37.6396 7.58394 0 0 0 0.380359 0.924839
901.500000000 38.3435 8.28043 0 0 0 0.380361 0.924838
905.800000000 39.0432 8.9729 0 0 0 0.380355 0.924841
910.300000000 39.7473 9.66976 0 0 0 0.380351 0.924842
915.000000000 40.4329 10.3479 0 0 0 0.380348 0.924844
919.300000000 41.127 11.0347 0 0 0 0.380345 0.924845
922.000000000 41.8401 11.7403 0 0 0 0.380348 0.924843
923.600000000 42.5815 12.4741 0 0 0 0.380348 0.924843
925.100000000 43.2848 13.1699 0 0 0 0.380347 0.924844
926.400000000 43.9236 13.8015 0 0 0 0.380343 0.924845
928.000000000 44.6262 14.4966 0 0 0 0.38034 0.924847
929.600000000 45.3349 15.1978 0 0 0 0.380341 0.924846
931.300000000 46.0811 15.9267 0 0 0 0.380341 0.924846
932.600000000 46.7746 16.6123 0 0 0 0.380341 0.924846
934.000000000 47.5221 17.3525 0 0 0 0.380341 0.924846
935.300000000 48.2548 17.9794 0 0 0 0.3163 0.948659
936.600000000 49.1117 18.4616 0 0 0 0.22334 0.974741
937.500000000 49.3423 18.4309 0 0 0 -0.0984199 0.995145
938.200000000 49.274 18.3022 0 0 0 -0.428488 0.903548
938.800000000 49.189 18.228 0 0 0 -0.662876 0.748729
939.400000000 49.0717 18.1846 0 0 0 -0.836575 0.547852
940.100000000 49.0535 18.2081 0 0 0 -0.963823 0.266544
940.600000000 49.077 18.1736 0 0 0 -0.999124 0.0418383
942.400000000 47.975 18.2347 0 0 0 -0.985498 0.169684
943.300000000 47.6269 17.9433 0 0 0 -0.906102 0.423059
944.200000000 47.573 17.5871 0 0 0 -0.757994 0.652262
945.900000000 47.7607 16.5834 0 0 0 -0.624233 0.781239
947.900000000 47.7533 16 0 0 0 -0.829588 0.558376
949.000000000 47.4875 15.8466 0 0 0 -0.941506 0.336997
950.500000000 47.133 15.2247 0 0 0 -0.809936 0.586519
951.100000000 47.2416 15.1989 0 0 0 -0.609187 0.793027
951.800000000 47.3415 15.2716 0 0 0 -0.299742 0.95402
952.400000000 47.395 15.403 0 0 0 -0.00503488 0.999987
953.100000000 47.341 15.496 0 0 0 0.338744 0.940879
953.600000000 47.2622 15.578 0 0 0 0.552764 0.833338
954.300000000 47.2515 15.5735 0 0 0 0.78625 0.617909
955.300000000 46.8184 16.0169 0 0 0 0.908859 0.417103
956.700000000 46.0524 16.54 0 0 0 0.968301 0.249784
958.800000000 45.3106 17.1366 0 0 0 0.935555 0.35318
963.600000000 44.5884 17.819 0 0 0 0.927436 0.373981
968.500000000 43.8937 18.4922 0 0 0 0.924565 0.381024
973.300000000 43.2189 19.1729 0 0 0 0.924445 0.381315
977.900000000 42.5203 19.8572 0 0 0 0.924445 0.381315
982.700000000 41.8233 20.5278 0 0 0 0.932314 0.36165
987.600000000 41.0315 21.0899 0 0 0 0.964677 0.263434
990.300000000 40.1314 21.3986 0 0 0 0.992814 0.119664
993.600000000 39.15 21.4928 0 0 0 0.999887 0.0150344
997.900000000 38.2059 21.4651 0 0 0 -0.999815 0.0192263
1002.200000000 37.259 21.4175 0 0 0 -0.99954 0.0303264
1006.300000000 36.2783 21.3727 0 0 0 -0.999592 0.0285658
1010.900000000 35.3371 21.3185 0 0 0 -0.999968 0.00798776
1015.900000000 34.3547 21.3117 0 0 0 -0.999997 0.00241101
1020.600000000 33.3837 21.3169 0 0 0 -0.999997 0.00241095
1025.400000000 32.4457 21.312 0 0 0 -0.999997 0.0024109
1030.300000000 31.4759 21.3072 0 0 0 -0.999997 0.00241084
1035.300000000 30.4882 21.3022 0 0 0 -0.999997 0.00241081
1040.200000000 29.5155 21.2973 0 0 0 -0.999997 0.00241078
1044.800000000 28.5757 21.2925 0 0 0 -0.999997 0.00241077
1049.600000000 27.6014 21.3069 0 0 0 0.999939 0.0110843
1053.300000000 26.6562 21.1673 0 0 0 -0.978912 0.204283
1054.800000000 25.8464 20.5204 0 0 0 -0.922561 0.385851
1057.200000000 25.2163 19.8653 0 0 0 -0.920805 0.390022
1059.200000000 24.8559 19.6669 0 0 0 -0.994209 0.107461
1060.100000000 24.538 19.9685 0 0 0 0.982524 0.186134
1061.600000000 23.9166 20.6273 0 0 0 0.90928 0.416184
1062.900000000 23.2562 21.3439 0 0 0 0.920788 0.390063
1064.300000000 22.4943 22.0703 0 0 0 0.932625 0.360847
1071.800000000 21.8541 22.8704 0 0 0 0.879523 0.475856
1073.300000000 21.5022 23.7605 0 0 0 0.770653 0.637255
1075.800000000 21.5484 24.75 0 0 0 0.687512 0.726173
1080.500000000 21.6155 25.6965 0 0 0 0.678803 0.73432
1085.400000000 21.6771 26.6613 0 0 0 0.69192 0.721974
1090.300000000 21.6963 27.6261 0 0 0 0.702267 0.711913
1095.200000000 21.7001 28.5824 0 0 0 0.706634 0.707579
1100.200000000 21.6914 29.5656 0 0 0 0.706634 0.707579
1104.900000000 21.6928 30.5066 0 0 0 0.706634 0.707579
1109.900000000 21.6942 31.4861 0 0 0 0.706634 0.707579
1114.900000000 21.6955 32.4829 0 0 0 0.706634 0.707579
1119.800000000 21.6969 33.4409 0 0 0 0.706634 0.707579
1121.100000000 21.8863 33.7511 0 0 0 0.45375 0.891129
1121.800000000 22.0847 33.7762 0 0 0 0.205331 0.978693
1122.500000000 22.2835 33.7227 0 0 0 -0.027355 0.999626
1123.900000000 23.3673 33.4927 0 0 0 -0.117642 0.993056
1125.600000000 23.9377 33.4384 0 0 0 0.125957 0.992036
1126.800000000 23.928 33.6687 0 0 0 0.428553 0.903517
1128.400000000 24.5808 34.3614 0 0 0 0.280085 0.959975
1129.300000000 24.8538 34.2743 0 0 0 -0.0120693 0.999927
1130.000000000 24.8587 34.2748 0 0 0 -0.293959 0.955818
1130.700000000 24.8516 34.2747 0 0 0 -0.528313 0.84905
1131.800000000 24.7861 33.8516 0 0 0 -0.729296 0.684199
1132.900000000 24.4511 33.3795 0 0 0 -0.876078 0.48217
1133.500000000 24.4441 33.3807 0 0 0 -0.972607 0.232458
1134.200000000 24.4343 33.3912 0 0 0 0.997258 0.0739974
1134.800000000 24.4482 33.4004 0 0 0 0.941887 0.335929
1135.400000000 24.56 33.4834 0 0 0 0.803317 0.595551
1136.000000000 24.6169 33.513 0 0 0 0.592367 0.805668
1136.600000000 24.6196 33.5132 0 0 0 0.363715 0.93151
1137.800000000 25.3415 33.7164 0 0 0 0.119753 0.992804
1139.100000000 25.9331 33.6086 0 0 0 -0.171659 0.985156
1140.000000000 25.9354 33.6032 0 0 0 -0.414392 0.910098
1140.900000000 25.952 33.6165 0 0 0 -0.676961 0.736019
1141.900000000 25.9542 33.6097 0 0 0 -0.917123 0.398605
1142.600000000 25.9569 33.6072 0 0 0 -0.993606 0.112905
1143.400000000 25.9542 33.6299 0 0 0 0.98547 0.169851
1144.100000000 25.9824 33.6564 0 0 0 0.913253 0.407393
1144.800000000 26.0829 33.7162 0 0 0 0.740698 0.671838
1145.400000000 26.0594 33.7226 0 0 0 0.510063 0.860137
1146.100000000 26.0681 33.6559 0 0 0 0.188155 0.982139
1146.700000000 25.9273 33.6101 0 0 0 -0.0711102 0.997468
1148.000000000 26.9055 33.4254 0 0 0 -0.101141 0.994872
1150.100000000 27.9219 33.428 0 0 0 0.127621 0.991823
1151.200000000 28.1221 33.6344 0 0 0 0.454357 0.89082
1151.800000000 28.1101 33.6524 0 0 0 0.697319 0.716761
1152.300000000 28.1063 33.6506 0 0 0 0.85356 0.520994
1153.000000000 28.0218 33.5879 0 0 0 0.98058 0.196121
1153.500000000 28.0244 33.5804 0 0 0 -0.999464 0.0327354
1154.700000000 27.4335 33.263 0 0 0 -0.948234 0.317573
1155.900000000 26.8836 32.5946 0 0 0 -0.89433 0.447408
1157.300000000 26.301 31.8167 0 0 0 -0.908326 0.418264
1160.100000000 25.6225 31.105 0 0 0 -0.920505 0.39073
1164.600000000 24.9341 30.4156 0 0 0 -0.922847 0.385167
1168.800000000 24.2518 29.7253 0 0 0 -0.922847 0.385167
1173.100000000 23.5555 29.0113 0 0 0 -0.922847 0.385166
1177.600000000 22.8966 28.3447 0 0 0 -0.922847 0.385166
1182.400000000 22.2003 27.6407 0 0 0 -0.922847 0.385166
1187.100000000 21.5192 26.9517 0 0 0 -0.922847 0.385166
1191.900000000 20.8303 26.2551 0 0 0 -0.922847 0.385166
1196.700000000 20.1465 25.5635 0 0 0 -0.922848 0.385165
1201.400000000 19.4714 24.8807 0 0 0 -0.922848 0.385165
1205.700000000 18.79 24.1917 0 0 0 -0.922848 0.385165
1210.100000000 18.1174 23.5113 0 0 0 -0.922848 0.385165
1214.400000000 17.4397 22.826 0 0 0 -0.922848 0.385165
1218.700000000 16.7546 22.1432 0 0 0 -0.922848 0.385165
1223.300000000 16.0732 21.4541 0 0 0 -0.922848 0.385165
1228.000000000 15.3932 20.7663 0 0 0 -0.922848 0.385164
1231.400000000 14.7043 20.0798 0 0 0 -0.922848 0.385164
1234.600000000 14.0579 19.4157 0 0 0 -0.922848 0.385164
1238.100000000 13.3606 18.7105 0 0 0 -0.922848 0.385164
1241.700000000 12.6472 17.989 0 0 0 -0.922848 0.385164
1245.300000000 11.9559 17.29 0 0 0 -0.922848 0.385164
1248.900000000 11.2959 16.6049 0 0 0 -0.916514 0.400002
1250.500000000 10.7252 15.7948 0 0 0 -0.869544 0.493856
1251.900000000 10.3088 14.7827 0 0 0 -0.774647 0.632394
1253.200000000 10.3957 13.8321 0 0 0 -0.680186 0.733039
1254.600000000 10.4287 12.7645 0 0 0 -0.674738 0.738057
1255.900000000 10.5116 11.8108 0 0 0 -0.712737 0.701432
1257.200000000 10.4802 10.8375 0 0 0 -0.719751 0.694232
1258.700000000 10.6757 9.97968 0 0 0 -0.527471 0.849573
1260.200000000 11.36 9.23542 0 0 0 -0.317693 0.948194
1261.500000000 12.2576 8.86655 0 0 0 -0.152034 0.988375
1263.600000000 13.2444 8.81391 0 0 0 0.0290623 0.999578
1264.900000000 13.8902 8.55541 0 0 0 -0.251657 0.967816
1266.400000000 14.6315 7.77791 0 0 0 -0.458397 0.888748
1267.900000000 15.3233 7.13686 0 0 0 -0.275343 0.961346
1269.400000000 16.2554 6.93207 0 0 0 -0.0209368 0.999781
1270.800000000 17.2621 6.85541 0 0 0 -0.0827281 0.996572
1272.200000000 18.1511 6.42793 0 0 0 -0.284835 0.958577
1273.500000000 18.8821 5.80248 0 0 0 -0.380478 0.92479
1274.800000000 19.5593 5.11219 0 0 0 -0.398866 0.917009
1276.100000000 20.2336 4.38805 0 0 0 -0.389526 0.921015
1277.500000000 20.9721 3.64903 0 0 0 -0.377486 0.926015
1278.800000000 21.6157 2.90097 0 0 0 -0.459078 0.888396
1280.000000000 21.9156 2.08528 0 0 0 -0.585241 0.810859
1281.500000000 22.043 1.01664 0 0 0 -0.691652 0.72223
1282.600000000 22.291 0.515989 0 0 0 -0.473231 0.880938
1283.900000000 22.9762 -0.162013 0 0 0 -0.361768 0.932268
1285.200000000 23.6983 -0.826451 0 0 0 -0.373781 0.927517
1286.500000000 24.3916 -1.50255 0 0 0 -0.367166 0.930155
1294.400000000 25.0121 -1.89248 0 0 0 -0.0777348 0.996974
1295.300000000 25.2814 -1.72461 0 0 0 0.223476 0.97471
1296.900000000 26.0366 -0.931995 0 0 0 0.410773 0.911738
1298.500000000 26.7288 -0.319437 0 0 0 0.30009 0.953911
1300.000000000 27.7152 0.0441358 0 0 0 0.116014 0.993248
1301.400000000 28.7476 0.0790674 0 0 0 -0.02963 0.999561
1304.900000000 29.7353 -0.00632181 0 0 0 -0.0377486 0.999287
1309.200000000 30.694 -0.0497458 0 0 0 -0.0175614 0.999846
1313.900000000 31.6498 -0.0767828 0 0 0 -0.00501337 0.999987
1318.900000000 32.6312 -0.0826025 0 0 0 -0.00246044 0.999997
1323.900000000 33.6154 -0.088243 0 0 0 -0.00247441 0.999997
1328.800000000 34.5897 -0.0938828 0 0 0 -0.00240456 0.999997
1333.500000000 35.5236 -0.0996577 0 0 0 -0.00233064 0.999997
1337.500000000 36.273 0.00964001 0 0 0 0.281807 0.959471
1338.200000000 36.2742 0.00648623 0 0 0 0.602666 0.797993
1338.800000000 36.1749 0.112293 0 0 0 0.781302 0.624153
1339.900000000 35.8508 0.397507 0 0 0 0.94506 0.326896
1341.500000000 34.9307 0.589461 0 0 0 0.990044 0.140759
1343.200000000 34.1709 1.023 0 0 0 0.904352 0.426788
1344.000000000 34.1806 1.23861 0 0 0 0.761208 0.648508
1345.200000000 34.349 1.70131 0 0 0 0.579455 0.815004
1346.900000000 34.813 2.23555 0 0 0 0.313769 0.949499
1347.700000000 34.7905 2.252 0 0 0 -0.0202582 0.999795
1348.400000000 34.8094 2.14299 0 0 0 -0.304964 0.952364
1349.200000000 34.6924 2.06659 0 0 0 -0.584581 0.811335
1349.900000000 34.6035 2.05317 0 0 0 -0.782545 0.622594
1350.600000000 34.4917 2.09965 0 0 0 -0.920553 0.390618
1351.200000000 34.4676 2.23231 0 0 0 -0.994233 0.107238
1351.700000000 34.4339 2.30896 0 0 0 0.990105 0.14033
1352.400000000 34.5188 2.41155 0 0 0 0.890295 0.455385
1353.900000000 34.1078 3.41373 0 0 0 0.819035 0.573743
1355.400000000 34.0027 4.04494 0 0 0 0.575676 0.817678
1356.000000000 34.1019 3.92278 0 0 0 0.31274 0.949839
1356.500000000 34.1485 3.87325 0 0 0 0.0700541 0.997543
1357.200000000 34.1565 3.70073 0 0 0 -0.270206 0.962802
1357.800000000 34.0706 3.61512 0 0 0 -0.538802 0.842432
1358.400000000 33.9396 3.60854 0 0 0 -0.759852 0.650097
1359.500000000 33.6013 3.22277 0 0 0 -0.91927 0.393627
1361.100000000 32.7085 2.76187 0 0 0 -0.961793 0.273778
1362.500000000 31.9945 2.05782 0 0 0 -0.917728 0.397209
1363.800000000 31.3388 1.34686 0 0 0 -0.921578 0.388193
1365.100000000 30.6452 0.662609 0 0 0 -0.923293 0.384097
1366.400000000 29.958 -0.0293597 0 0 0 -0.923293 0.384097
1367.800000000 29.1914 -0.749745 0 0 0 -0.932913 0.360101
1369.000000000 28.4916 -1.33292 0 0 0 -0.9405 0.339793
1370.400000000 27.5776 -1.91788 0 0 0 -0.973818 0.22733
1371.700000000 26.7006 -2.09786 0 0 0 -0.99774 0.0671948
1373.400000000 25.7221 -2.03935 0 0 0 0.998616 0.0525867
1376.900000000 24.7974 -1.95941 0 0 0 0.999561 0.0296203
1380.600000000 23.8046 -1.93792 0 0 0 0.999973 0.00737796
1383.700000000 22.8544 -1.93132 0 0 0 0.999996 0.00286164
1392.200000000 21.97 -1.59202 0 0 0 0.956262 0.292511
1393.600000000 21.2078 -0.91494 0 0 0 0.919917 0.392112
1394.800000000 20.5623 -0.287718 0 0 0 0.946109 0.323849
1396.200000000 19.6937 0.21144 0 0 0 0.985121 0.171861
1397.900000000 18.6549 0.288346 0 0 0 0.999874 0.0158916
1400.700000000 17.6618 0.218211 0 0 0 -0.998702 0.0509368
1402.000000000 16.6965 0.0831684 0 0 0 -0.997019 0.0771587
1403.400000000 15.6706 0.00879549 0 0 0 -0.999901 0.0140704
1404.600000000 14.7834 -0.0443967 0 0 0 0.999959 0.00901459
1405.900000000 13.8106 -0.0103396 0 0 0 0.999902 0.0139871
1407.300000000 12.7576 0.015532 0 0 0 0.999901 0.0140832
1408.600000000 11.7845 0.0474963 0 0 0 -0.999965 0.00832389
1409.900000000 10.8112 0.026287 0 0 0 -1 0.00064844
1411.100000000 9.90766 0.0273699 0 0 0 -1 0.00071792
1412.500000000 8.86536 0.027214 0 0 0 -1 0.000800806
1413.900000000 7.81196 0.0264272 0 0 0 -1 0.00089688
1415.200000000 6.83996 0.0259786 0 0 0 -0.999999 0.00100563
1416.600000000 5.79047 0.0234131 0 0 0 -1 0.000906157
1417.900000000 4.82114 0.0209754 0 0 0 -1 0.000828211
1419.200000000 3.8487 0.0155322 0 0 0 -1 0.000630777
1420.400000000 2.94756 0.0176192 0 0 0 -0.999999 0.00102629
1421.700000000 1.97527 0.0183461 0 0 0 -0.999999 0.00122769
1423.100000000 0.920052 0.0159664 0 0 0 -0.999999 0.00113645
1424.400000000 -0.0548839 0.0143827 0 0 0 -0.999999 0.00108265
1425.300000000 -0.299143 -0.104858 0 0 0 -0.956234 0.292603
1426.000000000 -0.181899 -0.180011 0 0 0 -0.800655 0.599125
1426.600000000 -0.0992637 -0.198509 0 0 0 -0.592305 0.805714
1427.200000000 0.0686896 -0.210466 0 0 0 -0.37321 0.927747
1427.900000000 0.208141 -0.150564 0 0 0 -0.084344 0.996437
1429.600000000 1.12499 0.165839 0 0 0 0.101763 0.994809
1431.400000000 1.81452 0.136552 0 0 0 -0.226623 0.973983
1431.900000000 1.83828 0.0666403 0 0 0 -0.432704 0.901536
1432.600000000 1.69702 -0.0120839 0 0 0 -0.679621 0.733563
1433.400000000 1.54459 -0.115372 0 0 0 -0.876478 0.481443
1434.100000000 1.38408 -0.115022 0 0 0 -0.975653 0.219322
1435.000000000 1.02063 -0.0904241 0 0 0 0.999992 0.00401594
1436.400000000 -0.02217 -0.033688 0 0 0 0.999802 0.0199143
1437.400000000 -0.23051 0.0908358 0 0 0 0.947286 0.320389
1438.100000000 -0.146126 0.176713 0 0 0 0.810188 0.58617
1438.700000000 -0.0498668 0.183367 0 0 0 0.617186 0.786817
1439.300000000 0.0577805 0.147194 0 0 0 0.363246 0.931693
1440.000000000 0.149043 0.0454063 0 0 0 0.0285588 0.999592
1440.600000000 0.0791263 -0.0913609 0 0 0 -0.244282 0.969704
1442.100000000 1.02535 -0.665702 0 0 0 -0.257168 0.966367
1443.400000000 1.51632 -0.81776 0 0 0 0.0344343 0.999407
1444.100000000 1.4851 -0.710642 0 0 0 0.336555 0.941664
1444.800000000 1.43601 -0.66443 0 0 0 0.613863 0.789413
1445.500000000 1.3007 -0.438995 0 0 0 0.780717 0.624885
1446.300000000 1.09366 -0.268829 0 0 0 0.920621 0.390456
1448.200000000 0.184369 0.188314 0 0 0 0.988245 0.152881
1449.200000000 0.0615921 0.0945633 0 0 0 -0.990424 0.13806
1450.000000000 0.122509 0.00853161 0 0 0 -0.910301 0.413948
1450.800000000 0.225519 -0.038708 0 0 0 -0.756106 0.654449
