0.300000000 0.2 0 0 0 0 0 1
8.900000000 0.984811 -0.132844 0 0 0 -0.343475 0.939162
9.500000000 0.885667 -0.190769 0 0 0 -0.605186 0.796084
10.200000000 0.767507 -0.187177 0 0 0 -0.841802 0.539786
10.800000000 0.679429 -0.108176 0 0 0 -0.963722 0.266908
11.300000000 0.651264 0.00688373 0 0 0 -0.999784 0.0207973
12.000000000 0.691444 0.121308 0 0 0 0.946102 0.323868
12.600000000 0.788393 0.190157 0 0 0 0.808136 0.588996
13.200000000 0.896703 0.190313 0 0 0 0.59798 0.801511
13.700000000 0.984945 0.123857 0 0 0 0.381661 0.924302
14.400000000 1.02985 0.0191769 0 0 0 0.0409666 0.999161
14.900000000 1.01427 -0.0862068 0 0 0 -0.206902 0.978362
18.500000000 1.19977 -0.0772612 0 0 0 0.13977 0.990184
19.100000000 1.15501 0.0214347 0 0 0 0.426147 0.904654
19.600000000 1.08562 0.132673 0 0 0 0.617976 0.786197
20.300000000 0.968716 0.220486 0 0 0 0.819246 0.573443
22.000000000 0.206036 0.992188 0 0 0 0.933563 0.358412
23.300000000 -0.505432 1.67887 0 0 0 0.923156 0.384427
24.700000000 -1.16862 2.49504 0 0 0 0.892351 0.451343
26.000000000 -1.68071 3.31724 0 0 0 0.866442 0.499278
27.400000000 -2.10903 4.27495 0 0 0 0.822187 0.569218
28.700000000 -2.48398 5.1508 0 0 0 0.839864 0.542796
30.000000000 -2.8393 6.08237 0 0 0 0.802899 0.596116
31.700000000 -2.78387 7.14361 0 0 0 0.602978 0.797758
33.100000000 -2.30736 8.0562 0 0 0 0.534675 0.845058
34.700000000 -2.05307 9.02146 0 0 0 0.64007 0.768317
36.100000000 -2.07602 10.0451 0 0 0 0.729475 0.684007
37.400000000 -2.17282 10.97 0 0 0 0.73524 0.677807
39.600000000 -2.19906 11.9764 0 0 0 0.713379 0.700779
42.900000000 -2.20438 12.9797 0 0 0 0.708857 0.705352
47.400000000 -2.18688 13.9363 0 0 0 0.701047 0.713115
51.700000000 -2.18011 14.8708 0 0 0 0.705865 0.708347
54.800000000 -2.1483 15.8505 0 0 0 0.669996 0.742365
56.200000000 -1.72134 16.5392 0 0 0 0.426796 0.904348
57.800000000 -1.03508 17.1977 0 0 0 0.363806 0.931475
61.300000000 -0.497743 17.8719 0 0 0 0.625983 0.779836
62.000000000 -0.632035 17.8562 0 0 0 0.855418 0.517937
62.900000000 -0.931075 17.9932 0 0 0 0.972512 0.232852
64.000000000 -1.49807 17.923 0 0 0 -0.999264 0.038348
65.500000000 -2.51361 17.6769 0 0 0 -0.993466 0.114127
66.300000000 -2.69562 17.7624 0 0 0 0.982441 0.186573
66.900000000 -2.6305 17.8599 0 0 0 0.885597 0.464454
67.800000000 -2.56056 18.1894 0 0 0 0.710561 0.703636
69.200000000 -2.30499 19.1439 0 0 0 0.59267 0.805445
70.800000000 -2.10826 20.0493 0 0 0 0.64452 0.764587
74.300000000 -2.08715 21.0815 0 0 0 0.709534 0.704671
75.700000000 -2.12421 22.0835 0 0 0 0.733579 0.679604
77.200000000 -2.19326 23.0501 0 0 0 0.72241 0.691465
79.900000000 -2.21193 23.9952 0 0 0 0.711058 0.703133
83.500000000 -2.21685 24.9357 0 0 0 0.708892 0.705317
87.600000000 -2.22195 25.8937 0 0 0 0.708892 0.705317
92.100000000 -2.22702 26.8764 0 0 0 0.708892 0.705317
95.500000000 -2.19869 27.8669 0 0 0 0.700318 0.713831
96.900000000 -1.86952 28.5577 0 0 0 0.475067 0.87995
98.300000000 -1.13324 29.1615 0 0 0 0.273019 0.962009
99.800000000 -0.0794563 29.532 0 0 0 0.105026 0.994469
101.000000000 0.800037 29.5698 0 0 0 0.0276654 0.999617
102.500000000 1.26876 29.7444 0 0 0 0.363237 0.931697
103.000000000 1.18545 29.7927 0 0 0 0.583309 0.812251
103.700000000 1.07666 29.8729 0 0 0 0.804317 0.594201
104.600000000 0.781709 30.0431 0 0 0 0.941944 0.33577
106.200000000 -0.25782 30.4069 0 0 0 0.996112 0.0880907
107.500000000 -1.21868 30.4361 0 0 0 -0.999562 0.0295919
108.800000000 -1.83932 30.6483 0 0 0 0.960148 0.279492
109.900000000 -2.15919 31.1626 0 0 0 0.860472 0.509498
111.500000000 -2.30192 32.2018 0 0 0 0.723201 0.690638
113.600000000 -2.26839 33.1351 0 0 0 0.681954 0.731395
117.600000000 -2.20683 34.0854 0 0 0 0.682567 0.730823
121.300000000 -2.17777 35.0388 0 0 0 0.699283 0.714845
125.000000000 -2.17449 36.0055 0 0 0 0.704705 0.709501
129.300000000 -2.17007 36.9963 0 0 0 0.705448 0.708762
133.800000000 -2.1655 37.9746 0 0 0 0.705447 0.708762
136.500000000 -2.16096 38.9951 0 0 0 0.70544 0.708769
137.800000000 -2.1608 39.9697 0 0 0 0.71256 0.701611
139.100000000 -2.2652 40.9265 0 0 0 0.797263 0.603633
140.300000000 -2.63817 41.7472 0 0 0 0.842001 0.539476
141.700000000 -2.94298 42.7545 0 0 0 0.776388 0.630255
143.100000000 -2.97185 43.7954 0 0 0 0.68939 0.724391
144.300000000 -2.81333 44.282 0 0 0 0.430352 0.902661
144.800000000 -2.77823 44.2099 0 0 0 0.197108 0.980382
145.400000000 -2.75432 44.1324 0 0 0 -0.0985217 0.995135
146.100000000 -2.7382 44.1429 0 0 0 -0.437979 0.898985
146.700000000 -2.78788 44.0317 0 0 0 -0.656503 0.754324
147.500000000 -2.98072 43.862 0 0 0 -0.84912 0.528199
149.000000000 -3.69358 43.1188 0 0 0 -0.931977 0.362517
150.200000000 -4.15365 42.8897 0 0 0 -0.996091 0.0883381
150.900000000 -4.1473 43.0203 0 0 0 0.96747 0.252986
151.500000000 -4.0714 43.1086 0 0 0 0.85189 0.52372
152.100000000 -3.95788 43.1382 0 0 0 0.662551 0.749017
152.800000000 -3.75369 43.3226 0 0 0 0.473516 0.880785
154.300000000 -2.98936 43.9961 0 0 0 0.331115 0.94359
155.600000000 -2.34925 44.7281 0 0 0 0.460527 0.887646
157.000000000 -2.01528 45.6618 0 0 0 0.628659 0.777681
158.300000000 -1.98596 46.625 0 0 0 0.730003 0.683444
159.600000000 -2.13275 47.5953 0 0 0 0.756413 0.654095
160.800000000 -2.20788 48.4957 0 0 0 0.724664 0.689103
162.100000000 -2.19374 49.4694 0 0 0 0.699888 0.714253
163.400000000 -2.18519 50.443 0 0 0 0.705942 0.70827
164.800000000 -2.19566 51.4866 0 0 0 0.720385 0.693575
166.100000000 -2.25694 52.4684 0 0 0 0.745157 0.666889
167.300000000 -2.52961 53.3461 0 0 0 0.817555 0.57585
168.600000000 -2.98341 53.9542 0 0 0 0.938894 0.344206
169.300000000 -3.13689 53.9065 0 0 0 0.998044 0.0625192
169.900000000 -3.17371 53.8067 0 0 0 -0.977601 0.210466
170.600000000 -3.07522 53.7081 0 0 0 -0.845841 0.533435
171.200000000 -2.95798 53.691 0 0 0 -0.6491 0.760704
171.800000000 -2.86176 53.7332 0 0 0 -0.395308 0.918548
172.400000000 -2.72927 53.8254 0 0 0 -0.133969 0.990985
173.200000000 -2.51378 53.906 0 0 0 0.152958 0.988233
174.700000000 -1.76982 54.5244 0 0 0 0.383 0.923748
176.000000000 -1.10979 55.2449 0 0 0 0.405572 0.914063
177.300000000 -0.432185 55.9434 0 0 0 0.380727 0.924688
178.700000000 0.315233 56.6806 0 0 0 0.380739 0.924683
180.000000000 0.985932 57.3894 0 0 0 0.410317 0.911943
181.400000000 1.73744 58.0367 0 0 0 0.277203 0.960811
183.000000000 2.78049 58.2713 0 0 0 0.0314175 0.999506
184.600000000 3.70938 58.1578 0 0 0 -0.0629494 0.998017
187.000000000 4.70622 58.0374 0 0 0 -0.0546662 0.998505
188.400000000 5.09841 58.1423 0 0 0 0.213999 0.976834
189.200000000 5.15412 58.3552 0 0 0 0.49956 0.866279
190.700000000 5.38213 59.3483 0 0 0 0.649402 0.760445
191.500000000 5.28026 59.489 0 0 0 0.851635 0.524136
192.100000000 5.18519 59.4069 0 0 0 0.968054 0.250741
192.700000000 5.16377 59.2914 0 0 0 -0.998945 0.0459224
193.400000000 5.22892 59.1721 0 0 0 -0.922398 0.38624
194.000000000 5.3339 59.1277 0 0 0 -0.767059 0.641577
194.700000000 5.44687 58.9641 0 0 0 -0.572279 0.820059
195.600000000 5.77602 58.704 0 0 0 -0.353622 0.935388
197.200000000 6.7642 58.2676 0 0 0 -0.159886 0.987136
198.700000000 7.76948 58.0147 0 0 0 -0.0962976 0.995353
201.700000000 8.74915 57.9282 0 0 0 -0.0179285 0.999839
206.000000000 9.76769 57.9614 0 0 0 0.0231529 0.999732
207.400000000 10.7752 58.033 0 0 0 0.0367264 0.999325
211.900000000 11.7334 58.063 0 0 0 0.0107119 0.999943
215.500000000 12.7136 58.0801 0 0 0 0.00343289 0.999994
220.200000000 13.6644 58.0649 0 0 0 -0.00855689 0.999963
224.900000000 14.6059 58.0579 0 0 0 -0.00194601 0.999998
228.900000000 15.5979 58.0539 0 0 0 -0.00194601 0.999998
232.600000000 16.5621 58.0499 0 0 0 -0.00194601 0.999998
234.000000000 17.3225 58.3814 0 0 0 0.277138 0.96083
235.500000000 18.0959 59.1615 0 0 0 0.441398 0.897311
236.700000000 18.4733 59.9715 0 0 0 0.572029 0.820233
237.500000000 18.3837 60.0855 0 0 0 0.811732 0.584031
238.100000000 18.2878 60.0165 0 0 0 0.94807 0.318063
238.700000000 18.2475 59.9153 0 0 0 0.99972 0.0236832
239.200000000 18.2671 59.8108 0 0 0 -0.974638 0.223789
239.900000000 18.3578 59.7245 0 0 0 -0.838477 0.544938
240.400000000 18.4543 59.7043 0 0 0 -0.687004 0.726654
241.500000000 18.7574 59.2342 0 0 0 -0.466324 0.884614
242.700000000 19.3925 58.6141 0 0 0 -0.336825 0.941567
244.100000000 20.1649 57.8949 0 0 0 -0.371622 0.928384
245.600000000 20.906 57.1385 0 0 0 -0.390884 0.92044
247.800000000 21.4753 56.4192 0 0 0 -0.468015 0.88372
249.200000000 21.8683 55.5031 0 0 0 -0.591074 0.806618
251.700000000 21.9679 54.5204 0 0 0 -0.6933 0.720649
256.400000000 21.9612 53.5609 0 0 0 -0.720559 0.693393
260.900000000 21.9139 52.6018 0 0 0 -0.728079 0.685494
265.300000000 21.8485 51.6242 0 0 0 -0.729558 0.683919
268.100000000 22.05 50.824 0 0 0 -0.509108 0.860703
269.600000000 22.7226 50.0682 0 0 0 -0.418974 0.907998
270.900000000 23.2082 49.2144 0 0 0 -0.53745 0.843295
272.900000000 23.391 48.2269 0 0 0 -0.704602 0.709603
274.000000000 23.0638 47.7454 0 0 0 -0.865126 0.501554
275.400000000 22.362 47.055 0 0 0 -0.935117 0.354338
276.800000000 21.6 46.3387 0 0 0 -0.926262 0.37688
278.200000000 20.864 45.5869 0 0 0 -0.92196 0.387285
279.500000000 20.1728 44.9003 0 0 0 -0.924043 0.382288
280.700000000 19.5506 44.2451 0 0 0 -0.915492 0.402336
282.100000000 18.9567 43.3861 0 0 0 -0.857033 0.515262
283.700000000 18.7846 42.3225 0 0 0 -0.733688 0.679487
285.900000000 18.8141 41.4139 0 0 0 -0.675118 0.73771
289.800000000 18.8801 40.4526 0 0 0 -0.688225 0.725497
291.200000000 18.7779 39.4303 0 0 0 -0.778868 0.627188
293.300000000 18.2585 38.5672 0 0 0 -0.895654 0.444752
297.100000000 17.6415 37.8434 0 0 0 -0.915593 0.402106
301.400000000 16.9555 37.1517 0 0 0 -0.92156 0.388236
305.800000000 16.2678 36.4564 0 0 0 -0.922856 0.385145
310.100000000 15.5879 35.7687 0 0 0 -0.922856 0.385145
314.400000000 14.8979 35.0809 0 0 0 -0.922856 0.385145
318.700000000 14.2114 34.3769 0 0 0 -0.922856 0.385145
320.800000000 13.5254 33.6829 0 0 0 -0.922856 0.385145
322.300000000 12.7915 32.9414 0 0 0 -0.922856 0.385145
323.600000000 12.1115 32.2537 0 0 0 -0.922856 0.385145
325.000000000 11.4454 31.5186 0 0 0 -0.900086 0.435712
325.600000000 11.5618 31.4944 0 0 0 -0.739763 0.672868
326.200000000 11.6476 31.4985 0 0 0 -0.507877 0.86143
326.900000000 11.6495 31.5037 0 0 0 -0.16907 0.985604
327.500000000 11.6504 31.5131 0 0 0 0.110644 0.99386
328.500000000 12.0816 31.8234 0 0 0 0.347672 0.937616
329.800000000 12.917 32.5854 0 0 0 0.390904 0.920432
331.200000000 13.6454 33.277 0 0 0 0.339355 0.940658
332.800000000 14.4863 33.7036 0 0 0 0.145809 0.989313
335.600000000 15.5316 33.7762 0 0 0 0.0250852 0.999685
339.700000000 16.4882 33.7678 0 0 0 -0.0178612 0.99984
343.200000000 17.4784 33.7172 0 0 0 -0.0333737 0.999443
346.300000000 18.4116 33.658 0 0 0 -0.0337139 0.999432
350.600000000 19.4014 33.6387 0 0 0 -0.00905821 0.999959
355.000000000 20.3611 33.6211 0 0 0 -0.00181898 0.999998
359.400000000 21.3008 33.6174 0 0 0 -0.00181898 0.999998
364.000000000 22.2763 33.6137 0 0 0 -0.00181898 0.999998
368.600000000 23.2473 33.6101 0 0 0 -0.00181898 0.999998
373.200000000 24.2216 33.6063 0 0 0 -0.00181898 0.999998
377.900000000 25.1996 33.6026 0 0 0 -0.00181899 0.999998
382.500000000 26.1563 33.5989 0 0 0 -0.00181899 0.999998
386.600000000 27.1373 33.5953 0 0 0 -0.00181899 0.999998
390.500000000 28.074 33.5916 0 0 0 -0.00181899 0.999998
392.200000000 28.651 33.8545 0 0 0 0.282631 0.959229
393.600000000 29.4562 34.5835 0 0 0 0.400492 0.9163
395.200000000 30.0963 35.258 0 0 0 0.394067 0.919082
398.500000000 30.7465 35.9256 0 0 0 0.385617 0.922659
401.000000000 31.4895 36.6679 0 0 0 0.385617 0.922659
402.300000000 32.1741 37.3624 0 0 0 0.385617 0.922659
403.700000000 32.9134 38.1109 0 0 0 0.385617 0.922659
405.500000000 33.5266 38.7942 0 0 0 0.416279 0.909237
407.700000000 34.0452 39.7548 0 0 0 0.54154 0.840675
409.000000000 34.27 40.7044 0 0 0 0.658329 0.75273
410.300000000 34.2598 41.6754 0 0 0 0.733541 0.679645
411.600000000 34.1817 42.6453 0 0 0 0.736163 0.676804
412.900000000 34.126 43.6155 0 0 0 0.71802 0.696022
414.200000000 34.1244 44.5877 0 0 0 0.702987 0.711203
415.500000000 34.1377 45.5623 0 0 0 0.704439 0.709765
416.900000000 34.1332 46.6193 0 0 0 0.708739 0.705471
418.100000000 34.128 47.5255 0 0 0 0.70866 0.70555
419.500000000 34.1227 48.5714 0 0 0 0.708602 0.705609
420.800000000 34.1172 49.556 0 0 0 0.70854 0.70567
422.200000000 34.1123 50.6014 0 0 0 0.708383 0.705829
423.500000000 34.1081 51.5744 0 0 0 0.708395 0.705816
424.800000000 34.1025 52.556 0 0 0 0.708403 0.705809
426.200000000 34.098 53.5983 0 0 0 0.708461 0.70575
427.800000000 34.2791 54.6143 0 0 0 0.550323 0.834952
429.300000000 34.9649 55.4435 0 0 0 0.380921 0.924608
430.600000000 35.6704 56.1165 0 0 0 0.368896 0.929471
432.000000000 36.4138 56.8496 0 0 0 0.382156 0.924098
433.300000000 37.1007 57.5382 0 0 0 0.382161 0.924096
434.600000000 37.8117 58.2138 0 0 0 0.368714 0.929543
436.000000000 38.592 58.9202 0 0 0 0.357264 0.934003
437.300000000 39.3215 59.5563 0 0 0 0.350025 0.93674
438.600000000 40.0304 60.2356 0 0 0 0.375308 0.9269
440.000000000 40.3388 60.7819 0 0 0 0.657224 0.753695
440.600000000 40.2333 60.8426 0 0 0 0.831053 0.556193
441.200000000 40.1119 60.8139 0 0 0 0.951855 0.306549
441.800000000 40.0942 60.7013 0 0 0 0.999934 0.0115035
442.300000000 40.0917 60.6871 0 0 0 -0.971434 0.237308
443.200000000 39.9877 60.4194 0 0 0 -0.852011 0.523524
444.600000000 39.5772 59.4138 0 0 0 -0.857438 0.514587
446.000000000 38.9027 58.6727 0 0 0 -0.928559 0.371184
453.700000000 38.1362 58.079 0 0 0 -0.947708 0.319138
456.000000000 37.2632 57.5056 0 0 0 -0.959371 0.282147
457.300000000 36.3886 57.0619 0 0 0 -0.988256 0.152809
458.900000000 35.457 57.0408 0 0 0 -0.999954 0.00963894
461.400000000 34.463 57.0235 0 0 0 0.999289 0.0377129
464.900000000 33.466 57.1151 0 0 0 0.999204 0.0398808
469.100000000 32.5355 57.1593 0 0 0 0.999884 0.0152573
473.700000000 31.5549 57.1728 0 0 0 0.999991 0.00425666
478.400000000 30.5616 57.1793 0 0 0 0.999994 0.00333735
482.900000000 29.6096 57.1861 0 0 0 0.999994 0.00333462
487.700000000 28.6299 57.1747 0 0 0 -0.999964 0.00851127
492.400000000 27.6667 57.1673 0 0 0 -0.999997 0.00253106
496.500000000 26.7004 57.1622 0 0 0 -0.999997 0.00253311
500.700000000 25.7659 57.157 0 0 0 -0.999997 0.00253498
505.300000000 24.7814 57.1519 0 0 0 -0.999997 0.00253663
509.700000000 23.8182 57.1467 0 0 0 -0.999997 0.00253809
513.900000000 22.8672 57.1416 0 0 0 -0.999997 0.00253935
518.300000000 21.8987 57.1364 0 0 0 -0.999997 0.0025404
522.400000000 20.92 57.095 0 0 0 -0.996274 0.0862429
523.000000000 20.9577 57.0747 0 0 0 -0.936025 0.351933
523.600000000 21.0582 57.0254 0 0 0 -0.806093 0.591789
524.400000000 21.2063 56.7213 0 0 0 -0.631876 0.775069
526.000000000 21.6491 55.7404 0 0 0 -0.467744 0.883864
527.500000000 22.2611 54.9507 0 0 0 -0.393164 0.919468
529.000000000 22.399 54.6083 0 0 0 -0.658309 0.752747
529.800000000 22.3545 54.6133 0 0 0 -0.858228 0.513269
531.500000000 21.7239 53.779 0 0 0 -0.845424 0.534096
533.300000000 21.5946 52.88 0 0 0 -0.675062 0.737761
534.300000000 21.7764 52.5613 0 0 0 -0.416438 0.909164
534.900000000 21.8391 52.6415 0 0 0 -0.129162 0.991623
535.400000000 21.9059 52.8044 0 0 0 0.0864507 0.996256
536.700000000 22.4948 53.2475 0 0 0 0.349902 0.936786
538.100000000 23.2072 54.0245 0 0 0 0.402755 0.915308
539.500000000 23.9398 54.7819 0 0 0 0.377806 0.925885
540.900000000 24.6991 55.5114 0 0 0 0.37946 0.925208
542.100000000 25.3386 56.1511 0 0 0 0.383383 0.923589
543.500000000 26.0825 56.897 0 0 0 0.383158 0.923683
544.800000000 26.7952 57.5465 0 0 0 0.342244 0.939611
546.100000000 27.624 58.0258 0 0 0 0.217843 0.975984
547.500000000 28.5565 58.2178 0 0 0 0.0516684 0.998664
549.100000000 29.5357 58.1796 0 0 0 -0.0520987 0.998642
550.400000000 30.4966 58.0243 0 0 0 -0.0806071 0.996746
552.100000000 31.4603 57.9291 0 0 0 -0.0342831 0.999412
556.100000000 32.4437 57.9469 0 0 0 0.0138265 0.999904
561.000000000 33.4021 57.9903 0 0 0 0.0249618 0.999688
565.900000000 34.3754 58.0154 0 0 0 0.00822247 0.999966
570.500000000 35.356 58.0236 0 0 0 0.00116323 0.999999
575.000000000 36.3193 58.0303 0 0 0 -0.000575208 1
579.100000000 37.2766 58.0291 0 0 0 -0.000575097 1
580.500000000 38.3203 58.0279 0 0 0 -0.000574837 1
581.800000000 39.3041 58.0268 0 0 0 -0.000574408 1
583.000000000 40.1978 58.0256 0 0 0 -0.000573408 1
584.400000000 41.2504 58.0246 0 0 0 -0.000571801 1
585.700000000 42.2242 58.0238 0 0 0 -0.000567216 1
587.100000000 43.278 58.0235 0 0 0 -0.000561343 1
588.400000000 44.2521 58.0241 0 0 0 -0.000555415 1
589.600000000 45.1554 58.0279 0 0 0 -0.000557461 1
591.000000000 46.2079 58.0293 0 0 0 -0.000566067 1
592.300000000 47.1816 58.0277 0 0 0 -0.000566911 1
593.700000000 48.2353 58.0266 0 0 0 -0.000566739 1
595.000000000 49.2078 58.0253 0 0 0 -0.000567059 1
596.400000000 50.2616 58.0242 0 0 0 -0.000567572 1
597.700000000 51.2341 58.023 0 0 0 -0.000568725 1
599.100000000 52.2779 58.0218 0 0 0 -0.000570731 1
600.600000000 53.2459 57.8362 0 0 0 -0.173032 0.984916
602.100000000 54.0045 57.1867 0 0 0 -0.385335 0.922777
603.300000000 54.6318 56.4677 0 0 0 -0.394841 0.918749
604.700000000 55.364 55.8322 0 0 0 -0.381495 0.924371
605.900000000 55.9904 55.1909 0 0 0 -0.390058 0.92079
607.300000000 56.7089 54.4325 0 0 0 -0.399028 0.916939
608.600000000 57.3752 53.6129 0 0 0 -0.400848 0.916145
610.000000000 58.1446 52.976 0 0 0 -0.253304 0.967387
611.500000000 58.9191 52.8147 0 0 0 0.0836528 0.996495
612.200000000 58.8559 52.9402 0 0 0 0.417675 0.908597
612.800000000 58.7474 52.9872 0 0 0 0.667532 0.744581
613.300000000 58.6313 52.9746 0 0 0 0.830651 0.556794
613.900000000 58.5501 52.8993 0 0 0 0.958095 0.28645
614.500000000 58.4685 52.8004 0 0 0 0.999903 0.0139567
615.300000000 58.3944 52.6392 0 0 0 -0.948615 0.316433
616.600000000 58.0176 51.9702 0 0 0 -0.832131 0.554579
618.200000000 57.857 50.9703 0 0 0 -0.753692 0.657228
621.200000000 57.7887 50.0463 0 0 0 -0.720863 0.693077
624.200000000 57.5688 49.0346 0 0 0 -0.860604 0.509274
625.700000000 56.8203 48.2394 0 0 0 -0.927816 0.373037
627.000000000 56.1091 47.5726 0 0 0 -0.929061 0.369927
628.300000000 55.4096 46.8943 0 0 0 -0.924438 0.381331
629.600000000 54.7308 46.1954 0 0 0 -0.922958 0.3849
631.000000000 54.0263 45.4127 0 0 0 -0.909827 0.414988
632.200000000 53.5392 44.6809 0 0 0 -0.845256 0.534362
633.600000000 53.3631 43.7145 0 0 0 -0.7343 0.678825
635.600000000 53.5215 42.7254 0 0 0 -0.567119 0.823636
637.100000000 54.1893 41.9756 0 0 0 -0.370449 0.928853
638.500000000 54.9991 41.3329 0 0 0 -0.336648 0.941631
639.700000000 55.7483 40.7927 0 0 0 -0.236398 0.971656
641.200000000 56.7624 40.5711 0 0 0 -0.026241 0.999656
642.900000000 57.7372 40.9393 0 0 0 0.176574 0.984287
644.200000000 58.6868 41.0514 0 0 0 0.0184111 0.999831
645.500000000 59.6548 40.9527 0 0 0 -0.0518333 0.998656
647.000000000 60.7092 40.7324 0 0 0 -0.178553 0.98393
647.800000000 60.7299 40.583 0 0 0 -0.497994 0.867181
648.500000000 60.5996 40.5726 0 0 0 -0.76174 0.647882
649.200000000 60.5104 40.5956 0 0 0 -0.936315 0.351162
649.900000000 60.3224 40.6608 0 0 0 -0.996796 0.0799918
651.600000000 59.3264 40.8809 0 0 0 0.995354 0.0962829
652.800000000 58.4123 41.0601 0 0 0 0.998218 0.0596739
654.200000000 57.7013 40.9714 0 0 0 -0.973935 0.226825
655.600000000 57.0185 40.2411 0 0 0 -0.918048 0.396469
657.500000000 56.3361 39.5328 0 0 0 -0.919559 0.392951
661.800000000 55.6301 38.8277 0 0 0 -0.923039 0.384706
666.400000000 54.952 38.1433 0 0 0 -0.923039 0.384707
671.300000000 54.2502 37.4453 0 0 0 -0.923038 0.384709
676.000000000 53.5755 36.7647 0 0 0 -0.923037 0.384711
680.800000000 52.8958 36.0692 0 0 0 -0.923036 0.384714
685.500000000 52.2287 35.3962 0 0 0 -0.923035 0.384716
690.400000000 51.5368 34.6979 0 0 0 -0.923034 0.384718
695.400000000 50.8435 33.9984 0 0 0 -0.923033 0.384721
700.100000000 50.1777 33.3264 0 0 0 -0.923031 0.384725
704.800000000 49.5044 32.6368 0 0 0 -0.923029 0.384729
709.300000000 48.8113 31.9474 0 0 0 -0.923027 0.384734
713.800000000 48.1118 31.2419 0 0 0 -0.923025 0.384739
718.300000000 47.4386 30.5625 0 0 0 -0.923023 0.384745
720.000000000 47.2612 30.1083 0 0 0 -0.756083 0.654476
721.000000000 47.424 29.6296 0 0 0 -0.572957 0.819586
722.400000000 47.9182 29.0359 0 0 0 -0.294601 0.95562
723.100000000 47.9526 29.1677 0 0 0 0.0509152 0.998703
723.800000000 48.0653 29.3316 0 0 0 0.312792 0.949822
725.000000000 48.2983 29.9092 0 0 0 0.573617 0.819124
726.400000000 48.43 30.8787 0 0 0 0.662869 0.748735
728.000000000 48.8655 31.842 0 0 0 0.470521 0.882389
729.200000000 49.4769 32.4885 0 0 0 0.378795 0.925481
730.500000000 50.2004 33.1393 0 0 0 0.342238 0.939613
731.900000000 51.0988 33.6465 0 0 0 0.190623 0.981663
733.200000000 52.051 33.7778 0 0 0 0.0289761 0.99958
734.500000000 53.015 33.6777 0 0 0 -0.0661571 0.997809
735.900000000 54.0589 33.605 0 0 0 -0.0166909 0.999861
737.300000000 55.1075 33.6108 0 0 0 0.00385032 0.999993
738.700000000 56.1571 33.6195 0 0 0 0.00356034 0.999994
739.800000000 56.5639 33.5023 0 0 0 -0.288444 0.957497
740.400000000 56.493 33.4889 0 0 0 -0.551762 0.834001
741.100000000 56.3797 33.3508 0 0 0 -0.785944 0.618297
742.100000000 56.0267 33.0134 0 0 0 -0.921478 0.38843
743.600000000 55.2555 32.3173 0 0 0 -0.920214 0.391416
745.000000000 54.6345 31.5773 0 0 0 -0.897409 0.441199
745.800000000 54.6266 31.3023 0 0 0 -0.729394 0.684094
746.400000000 54.6929 31.3079 0 0 0 -0.550323 0.834952
747.900000000 55.3934 30.5175 0 0 0 -0.364015 0.931393
749.300000000 56.1628 29.814 0 0 0 -0.376012 0.926615
750.600000000 56.9243 29.196 0 0 0 -0.323212 0.946327
751.900000000 57.4187 28.9412 0 0 0 0.00218716 0.999998
752.500000000 57.382 29.065 0 0 0 0.297634 0.95468
753.100000000 57.2883 29.1385 0 0 0 0.566465 0.824086
753.700000000 57.1801 29.1364 0 0 0 0.784695 0.619882
754.300000000 57.088 29.0762 0 0 0 0.932833 0.360308
755.100000000 56.7713 29.1622 0 0 0 0.992733 0.120339
756.400000000 55.9681 29.0181 0 0 0 -0.992329 0.123627
757.500000000 55.5624 28.7463 0 0 0 -0.912393 0.409315
758.200000000 55.6806 28.7067 0 0 0 -0.716675 0.697407
758.900000000 55.8065 28.7512 0 0 0 -0.433851 0.900985
759.600000000 55.9819 28.805 0 0 0 -0.160673 0.987008
761.000000000 56.9236 28.7552 0 0 0 0.00645159 0.999979
762.300000000 57.8943 28.7999 0 0 0 0.0239577 0.999713
763.700000000 58.9468 28.8602 0 0 0 0.030111 0.999547
764.900000000 59.84 28.9119 0 0 0 0.0317994 0.999494
766.400000000 60.82 28.8941 0 0 0 -0.119583 0.992824
767.000000000 60.7689 28.786 0 0 0 -0.403543 0.914961
767.700000000 60.6671 28.7143 0 0 0 -0.660696 0.750654
768.400000000 60.5684 28.5449 0 0 0 -0.839941 0.542678
770.000000000 59.7846 27.8386 0 0 0 -0.937556 0.347835
771.300000000 59.0827 27.1555 0 0 0 -0.928522 0.371278
772.900000000 58.5314 26.3521 0 0 0 -0.830511 0.557003
774.400000000 58.4541 25.3743 0 0 0 -0.672401 0.740187
775.800000000 58.6164 24.3464 0 0 0 -0.649941 0.759984
777.000000000 58.7321 23.433 0 0 0 -0.669062 0.743207
779.100000000 58.7833 22.438 0 0 0 -0.696633 0.717428
782.700000000 58.7871 21.4701 0 0 0 -0.710674 0.703522
787.000000000 58.7708 20.4873 0 0 0 -0.713612 0.700541
790.100000000 58.7634 19.4286 0 0 0 -0.707779 0.706434
791.400000000 58.7945 18.4557 0 0 0 -0.686746 0.726897
792.700000000 58.8486 17.5043 0 0 0 -0.627688 0.778465
794.200000000 59.3445 16.6259 0 0 0 -0.42704 0.904233
795.500000000 59.8732 16.3093 0 0 0 -0.105453 0.994424
796.100000000 59.8643 16.4352 0 0 0 0.192525 0.981292
796.800000000 59.7793 16.5466 0 0 0 0.513373 0.858166
797.300000000 59.6961 16.5953 0 0 0 0.700597 0.713557
798.400000000 59.5169 17.0258 0 0 0 0.886205 0.463293
799.300000000 59.1547 17.1788 0 0 0 0.972063 0.23472
800.600000000 58.3469 17.7096 0 0 0 0.946332 0.323196
802.200000000 57.6192 18.4045 0 0 0 0.924188 0.381939
805.600000000 56.9192 19.1072 0 0 0 0.923631 0.383282
810.300000000 56.2574 19.7709 0 0 0 0.923631 0.383283
815.100000000 55.5483 20.4695 0 0 0 0.928992 0.3701
817.100000000 54.71 21.1117 0 0 0 0.961337 0.275375
818.800000000 53.8061 21.4379 0 0 0 0.992107 0.125392
822.600000000 52.8738 21.4969 0 0 0 0.999982 0.00605931
825.700000000 51.8685 21.4229 0 0 0 -0.998836 0.048233
828.200000000 50.8647 21.3403 0 0 0 -0.99951 0.0313091
831.900000000 49.8353 21.2147 0 0 0 -0.989607 0.143801
833.400000000 49.0376 20.651 0 0 0 -0.928719 0.370785
834.700000000 48.5581 19.8664 0 0 0 -0.843164 0.537657
836.200000000 48.37 18.9286 0 0 0 -0.737596 0.675242
837.600000000 48.4901 17.89 0 0 0 -0.618507 0.785779
839.200000000 48.9315 16.918 0 0 0 -0.526931 0.849908
840.100000000 48.7696 16.6631 0 0 0 -0.766605 0.642119
841.200000000 48.4862 16.166 0 0 0 -0.902883 0.429886
842.500000000 47.7992 15.4862 0 0 0 -0.931427 0.363928
844.000000000 47.0262 14.6879 0 0 0 -0.905784 0.423741
845.600000000 46.5952 13.8948 0 0 0 -0.735334 0.677705
846.200000000 46.7169 13.7703 0 0 0 -0.564961 0.825117
847.800000000 47.4893 12.9789 0 0 0 -0.378064 0.925779
849.000000000 48.1046 12.3582 0 0 0 -0.370182 0.928959
850.300000000 48.8437 11.6796 0 0 0 -0.381581 0.924336
851.700000000 49.5822 10.9303 0 0 0 -0.385149 0.922854
853.000000000 50.2828 10.2627 0 0 0 -0.356057 0.934464
854.400000000 51.1181 9.62289 0 0 0 -0.309256 0.950979
855.800000000 51.9667 9.08085 0 0 0 -0.25704 0.966401
857.100000000 52.8759 8.62481 0 0 0 -0.203164 0.979145
858.500000000 53.7531 8.06183 0 0 0 -0.323296 0.946298
859.900000000 54.5374 7.34714 0 0 0 -0.375475 0.926832
861.200000000 55.2101 6.67239 0 0 0 -0.387533 0.921856
862.400000000 55.8363 6.03112 0 0 0 -0.387526 0.921859
863.900000000 56.2041 5.48561 0 0 0 -0.673755 0.738955
864.400000000 56.0923 5.40542 0 0 0 -0.813669 0.581328
865.800000000 55.5202 4.6373 0 0 0 -0.912939 0.408097
867.200000000 54.7516 3.92844 0 0 0 -0.929669 0.368396
868.400000000 54.1089 3.30219 0 0 0 -0.92286 0.385135
869.800000000 53.3832 2.5406 0 0 0 -0.919209 0.393771
871.200000000 52.6501 1.79576 0 0 0 -0.925207 0.379462
872.400000000 52.0092 1.15897 0 0 0 -0.92453 0.38111
873.700000000 51.3219 0.469335 0 0 0 -0.921857 0.387531
875.000000000 50.6317 -0.217838 0 0 0 -0.925767 0.378095
876.500000000 49.733 -0.698606 0 0 0 -0.988141 0.153546
877.900000000 48.7506 -0.730025 0 0 0 0.999361 0.035737
881.000000000 47.766 -0.59389 0 0 0 0.998481 0.0550916
885.200000000 46.8076 -0.543586 0 0 0 0.999844 0.0176822
889.300000000 45.8662 -0.528588 0 0 0 0.999968 0.00802313
893.300000000 44.8821 -0.549351 0 0 0 -0.999858 0.0168591
897.000000000 43.9358 -0.566207 0 0 0 -0.999989 0.00466969
901.700000000 42.9347 -0.571209 0 0 0 -1 0.000991086
905.700000000 41.9444 -0.595155 0 0 0 -0.999837 0.0180602
908.000000000 40.9179 -0.690064 0 0 0 -0.99596 0.0897925
909.500000000 39.9309 -1.11604 0 0 0 -0.959594 0.281388
910.800000000 39.2541 -1.80471 0 0 0 -0.900028 0.435832
911.900000000 39.1402 -2.20879 0 0 0 -0.704429 0.709775
912.400000000 39.2327 -2.1818 0 0 0 -0.50714 0.861864
913.000000000 39.315 -2.09355 0 0 0 -0.229229 0.973373
913.700000000 39.3341 -1.97492 0 0 0 0.119171 0.992874
914.300000000 39.2679 -1.87027 0 0 0 0.406639 0.913589
915.000000000 39.141 -1.81848 0 0 0 0.695197 0.71882
915.800000000 38.9649 -1.63642 0 0 0 0.870885 0.491488
917.000000000 38.3994 -1.20664 0 0 0 0.973581 0.228343
918.500000000 37.3876 -1.11855 0 0 0 0.9995 0.0316118
919.900000000 36.3917 -1.13315 0 0 0 -0.999365 0.0356213
921.800000000 35.454 -1.19145 0 0 0 -0.999767 0.0215978
924.300000000 34.619 -0.935827 0 0 0 0.964099 0.265542
925.400000000 34.2787 -0.404302 0 0 0 0.875366 0.483461
926.900000000 34.0053 0.531393 0 0 0 0.760617 0.649201
929.600000000 34.0031 1.49318 0 0 0 0.691424 0.722449
934.400000000 34.0652 2.44529 0 0 0 0.683877 0.729597
939.500000000 34.1301 3.45124 0 0 0 0.688713 0.725034
942.200000000 33.946 4.24835 0 0 0 0.854506 0.519442
944.000000000 33.2712 5.01302 0 0 0 0.917169 0.398499
947.300000000 32.6289 5.69551 0 0 0 0.922613 0.385727
948.400000000 32.4271 5.69596 0 0 0 0.998497 0.054803
948.900000000 32.4496 5.55002 0 0 0 -0.981491 0.19151
949.500000000 32.535 5.4583 0 0 0 -0.881151 0.472834
950.100000000 32.6497 5.42439 0 0 0 -0.702224 0.711956
950.800000000 32.7632 5.47534 0 0 0 -0.413962 0.910294
951.300000000 32.8269 5.53412 0 0 0 -0.175142 0.984543
952.100000000 33.0239 5.63232 0 0 0 0.14152 0.989935
952.800000000 33.0795 5.7864 0 0 0 0.411625 0.911353
959.700000000 33.0431 6.14976 0 0 0 0.658939 0.752196
960.500000000 32.8987 6.40559 0 0 0 0.831334 0.555773
962.100000000 32.229 7.24452 0 0 0 0.905554 0.424231
963.600000000 31.8199 8.1638 0 0 0 0.827056 0.56212
965.300000000 31.5724 9.21684 0 0 0 0.728244 0.685318
968.400000000 31.5505 10.153 0 0 0 0.689061 0.724703
973.200000000 31.6394 11.0391 0 0 0 0.669196 0.743086
978.100000000 31.7154 12.0087 0 0 0 0.680363 0.732875
982.900000000 31.7686 12.9432 0 0 0 0.699039 0.715083
987.800000000 31.7792 13.9064 0 0 0 0.704895 0.709312
992.800000000 31.7265 14.9042 0 0 0 0.735251 0.677795
996.700000000 31.6223 15.868 0 0 0 0.744399 0.667736
999.900000000 31.5375 16.8647 0 0 0 0.731033 0.682343
1003.800000000 31.51 17.8216 0 0 0 0.714714 0.699417
1008.000000000 31.4989 18.7848 0 0 0 0.709392 0.704815
1012.600000000 31.493 19.7708 0 0 0 0.709161 0.705047
1017.300000000 31.487 20.7638 0 0 0 0.709161 0.705047
1022.100000000 31.492 21.7479 0 0 0 0.699733 0.714404
1027.000000000 31.504 22.7223 0 0 0 0.704524 0.70968
1031.900000000 31.5101 23.6936 0 0 0 0.70497 0.709237
1036.900000000 31.5162 24.6733 0 0 0 0.70497 0.709237
1041.700000000 31.5223 25.6335 0 0 0 0.70497 0.709237
1046.700000000 31.5284 26.6133 0 0 0 0.70497 0.709237
1051.600000000 31.5346 27.574 0 0 0 0.70497 0.709237
1056.500000000 31.5408 28.539 0 0 0 0.70497 0.709237
1061.400000000 31.5469 29.5292 0 0 0 0.70497 0.709237
1066.100000000 31.553 30.4707 0 0 0 0.70497 0.709237
1071.000000000 31.5591 31.4587 0 0 0 0.70497 0.709237
1075.900000000 31.5653 32.4272 0 0 0 0.70497 0.709237
1080.800000000 31.5715 33.3949 0 0 0 0.70497 0.709237
1085.800000000 31.5776 34.3746 0 0 0 0.70497 0.709237
1090.700000000 31.5838 35.3431 0 0 0 0.70497 0.709237
1095.500000000 31.5748 36.3075 0 0 0 0.715941 0.698161
1098.600000000 31.8105 37.2976 0 0 0 0.522583 0.852588
1099.800000000 32.1549 37.5591 0 0 0 0.277031 0.960861
1100.900000000 32.3322 37.5081 0 0 0 0.0126444 0.99992
1102.900000000 33.3363 37.5427 0 0 0 0.206399 0.978468
1103.800000000 33.4849 37.8073 0 0 0 0.475599 0.879662
1104.300000000 33.4653 37.8097 0 0 0 0.658339 0.752722
1104.900000000 33.3515 37.796 0 0 0 0.832421 0.554144
1106.300000000 32.7301 38.2156 0 0 0 0.950018 0.312194
1107.900000000 32.0275 38.4855 0 0 0 -0.999618 0.0276266
1108.600000000 32.0387 38.4747 0 0 0 -0.93313 0.359538
1109.200000000 32.07 38.4607 0 0 0 -0.775767 0.631019
1109.900000000 32.0777 38.4619 0 0 0 -0.511832 0.859086
1110.500000000 32.0903 38.4664 0 0 0 -0.246951 0.969028
1111.100000000 32.1137 38.5623 0 0 0 0.0504456 0.998727
1112.600000000 33.0521 39.0202 0 0 0 0.203996 0.978972
1114.600000000 33.8228 39.0882 0 0 0 -0.0905957 0.995888
1115.600000000 33.8418 39.1043 0 0 0 -0.407196 0.913341
1116.200000000 33.8593 39.1061 0 0 0 -0.616351 0.787471
1117.000000000 33.8252 39.1081 0 0 0 -0.843421 0.537252
1118.500000000 33.1008 38.473 0 0 0 -0.934416 0.356183
1119.900000000 32.3359 37.7508 0 0 0 -0.927149 0.374693
1121.600000000 31.7071 37.1141 0 0 0 -0.924428 0.381356
1125.500000000 31.0036 36.4147 0 0 0 -0.924428 0.381356
1129.600000000 30.3376 35.7528 0 0 0 -0.924428 0.381356
1134.200000000 29.6317 35.0611 0 0 0 -0.924428 0.381356
1138.700000000 28.9406 34.3741 0 0 0 -0.924428 0.381356
1143.000000000 28.2584 33.6961 0 0 0 -0.924428 0.381356
1147.700000000 27.5562 32.998 0 0 0 -0.924428 0.381356
1152.200000000 26.8889 32.3348 0 0 0 -0.924428 0.381356
1156.900000000 26.1965 31.6466 0 0 0 -0.924428 0.381356
1161.600000000 25.5018 30.956 0 0 0 -0.924428 0.381356
1166.000000000 24.8145 30.2828 0 0 0 -0.924428 0.381356
1170.300000000 24.1398 29.6122 0 0 0 -0.924428 0.381356
1174.700000000 23.465 28.9315 0 0 0 -0.924428 0.381356
1179.500000000 22.7627 28.2334 0 0 0 -0.924428 0.381356
1184.000000000 22.0816 27.5564 0 0 0 -0.924428 0.381356
1188.600000000 21.4131 26.892 0 0 0 -0.924428 0.381356
1193.400000000 20.7209 26.194 0 0 0 -0.924428 0.381356
1198.300000000 20.0211 25.4983 0 0 0 -0.924428 0.381356
1202.900000000 19.3501 24.8413 0 0 0 -0.924428 0.381356
1207.600000000 18.6641 24.1495 0 0 0 -0.924428 0.381356
1212.300000000 17.978 23.4776 0 0 0 -0.924428 0.381356
1217.000000000 17.2882 22.7918 0 0 0 -0.924428 0.381356
1221.700000000 16.6259 22.1335 0 0 0 -0.924428 0.381356
1226.500000000 15.9423 21.4541 0 0 0 -0.924428 0.381356
1230.400000000 15.2182 20.7346 0 0 0 -0.924428 0.381356
1231.800000000 14.4722 19.9928 0 0 0 -0.924428 0.381356
1233.200000000 13.7262 19.251 0 0 0 -0.924428 0.381356
1234.500000000 13.0403 18.5692 0 0 0 -0.924428 0.381356
1235.800000000 12.3443 17.8774 0 0 0 -0.924428 0.381356
1237.100000000 11.6583 17.1955 0 0 0 -0.924428 0.381356
1238.900000000 11.0308 16.5117 0 0 0 -0.906728 0.421717
1240.300000000 10.5358 15.5913 0 0 0 -0.840027 0.542545
1241.600000000 10.3457 14.6933 0 0 0 -0.742645 0.669686
1242.900000000 10.4492 13.7286 0 0 0 -0.631967 0.774995
1244.100000000 10.7104 12.8352 0 0 0 -0.652612 0.757692
1245.500000000 10.6144 11.8027 0 0 0 -0.734266 0.678862
1246.800000000 10.5641 10.8211 0 0 0 -0.748351 0.663302
1248.200000000 10.529 9.77182 0 0 0 -0.71226 0.701916
1249.500000000 10.4858 8.77055 0 0 0 -0.686469 0.727159
1250.800000000 10.555 7.82516 0 0 0 -0.706119 0.708094
1252.100000000 10.57 6.85143 0 0 0 -0.708881 0.705328
1253.300000000 10.5379 5.94859 0 0 0 -0.729482 0.684
1254.700000000 10.5163 4.89446 0 0 0 -0.707935 0.706278
1256.000000000 10.4966 3.92941 0 0 0 -0.703403 0.710792
1257.200000000 10.5123 3.02554 0 0 0 -0.71053 0.703666
1258.500000000 10.5035 2.05153 0 0 0 -0.709461 0.704745
1259.900000000 10.509 0.998898 0 0 0 -0.705108 0.7091
1261.300000000 10.4358 -0.0268184 0 0 0 -0.741375 0.671091
1262.400000000 10.1935 -0.503486 0 0 0 -0.892307 0.451429
1263.700000000 9.4826 -1.1755 0 0 0 -0.934525 0.355898
1264.900000000 8.8071 -1.76177 0 0 0 -0.943449 0.331519
1266.300000000 7.88562 -2.26726 0 0 0 -0.981151 0.193241
1267.600000000 6.92715 -2.44597 0 0 0 -0.999144 0.0413587
1269.000000000 5.86743 -2.34032 0 0 0 0.995984 0.0895273
1270.300000000 4.9046 -2.13469 0 0 0 0.996888 0.0788335
1271.600000000 3.9435 -2.09447 0 0 0 -0.999792 0.0203835
1272.900000000 2.98842 -2.2616 0 0 0 -0.992264 0.124146
1280.400000000 2.49662 -2.09077 0 0 0 0.984451 0.175658
1281.700000000 1.9544 -1.63788 0 0 0 0.902618 0.430443
1283.100000000 1.42446 -0.768739 0 0 0 0.898615 0.438739
1284.400000000 0.698578 -0.18518 0 0 0 0.949986 0.312293
1285.800000000 -0.195446 0.269622 0 0 0 0.983751 0.179541
1287.100000000 -0.821074 0.327119 0 0 0 -0.992846 0.1194
1287.800000000 -0.748707 0.217562 0 0 0 -0.891387 0.453242
1288.400000000 -0.618424 0.178754 0 0 0 -0.718771 0.695247
1289.100000000 -0.454651 0.0547779 0 0 0 -0.511219 0.859451
1289.900000000 -0.248101 -0.036539 0 0 0 -0.245532 0.969388
1291.200000000 0.537733 -0.0995955 0 0 0 -0.0222957 0.999751
1292.500000000 1.51179 -0.00683025 0 0 0 0.0891482 0.996018
1293.600000000 1.525 0.116361 0 0 0 0.395482 0.918474
1294.400000000 1.48869 0.195612 0 0 0 0.624828 0.780763
1295.200000000 1.36617 0.18132 0 0 0 0.832086 0.554647
1296.000000000 1.25345 0.0844148 0 0 0 0.960657 0.277738
1296.700000000 1.10551 0.0594246 0 0 0 0.998917 0.0465323
1298.300000000 0.326446 -0.230342 0 0 0 -0.969641 0.244534
1299.300000000 0.321867 -0.359847 0 0 0 -0.856418 0.516283
1300.100000000 0.423745 -0.379839 0 0 0 -0.688923 0.724835
1301.100000000 0.550469 -0.343439 0 0 0 -0.423869 0.905723
1302.100000000 0.580323 -0.238591 0 0 0 -0.115581 0.993298
1303.200000000 0.856555 -0.102155 0 0 0 0.145693 0.98933
1304.400000000 1.00643 0.112759 0 0 0 0.467011 0.884252
1305.000000000 0.889518 0.153629 0 0 0 0.707634 0.706579
1305.600000000 0.775638 0.118976 0 0 0 0.884779 0.466012
1306.200000000 0.702457 0.0299127 0 0 0 0.982977 0.183727
1306.800000000 0.694614 -0.0878695 0 0 0 -0.993372 0.114941
1307.400000000 0.755362 -0.189938 0 0 0 -0.915055 0.403329
1308.000000000 0.861778 -0.24255 0 0 0 -0.755121 0.655586
1308.700000000 1.01077 -0.439988 0 0 0 -0.573773 0.819014
1309.800000000 1.40322 -0.79743 0 0 0 -0.318346 0.947975
1311.200000000 2.26428 -1.25251 0 0 0 -0.246555 0.969129
1312.500000000 3.17213 -1.61053 0 0 0 -0.15201 0.988379
1313.900000000 4.12008 -1.75777 0 0 0 -0.0439297 0.999035
1316.300000000 5.12315 -1.75226 0 0 0 0.0231428 0.999732
1320.000000000 6.06522 -1.70375 0 0 0 0.0252436 0.999681
1324.000000000 7.09448 -1.68124 0 0 0 0.00764205 0.999971
1325.900000000 8.08071 -1.67533 0 0 0 0.00194752 0.999998
1327.900000000 9.14245 -1.67123 0 0 0 0.00194752 0.999998
1329.800000000 10.0702 -1.66719 0 0 0 0.00194752 0.999998
1332.800000000 11.0687 -1.66322 0 0 0 0.00194752 0.999998
1335.200000000 12.0422 -1.66912 0 0 0 0.00194752 0.999998
1337.600000000 13.0477 -1.66512 0 0 0 0.00194752 0.999998
1340.400000000 13.9722 -1.66121 0 0 0 0.00194752 0.999998
1343.600000000 14.9549 -1.6573 0 0 0 0.00194752 0.999998
1346.900000000 15.9264 -1.65337 0 0 0 0.00194752 0.999998
1349.100000000 16.9226 -1.64945 0 0 0 0.00194752 0.999998
1350.400000000 17.9003 -1.66185 0 0 0 -0.0249564 0.999689
1351.900000000 18.8683 -2.01091 0 0 0 -0.249431 0.968393
1353.200000000 19.3714 -2.15436 0 0 0 0.0478081 0.998857
1354.400000000 19.8842 -1.87894 0 0 0 0.327489 0.944855
1355.700000000 20.5946 -1.10089 0 0 0 0.391718 0.920085
1357.000000000 21.285 -0.403494 0 0 0 0.382449 0.923977
1364.500000000 22.0285 0.330686 0 0 0 0.376009 0.926616
1365.700000000 22.6739 0.953086 0 0 0 0.382449 0.923977
1367.100000000 23.4182 1.69662 0 0 0 0.382449 0.923977
1368.400000000 24.1025 2.39015 0 0 0 0.382449 0.923977
1369.700000000 24.7934 3.08817 0 0 0 0.394576 0.918863
1371.300000000 25.4958 3.88033 0 0 0 0.415128 0.909763
1375.100000000 26.0216 4.66319 0 0 0 0.49719 0.867642
1377.800000000 26.3377 5.56412 0 0 0 0.630864 0.775893
1380.300000000 26.6548 6.48168 0 0 0 0.509758 0.860318
1384.500000000 27.3003 7.27532 0 0 0 0.405443 0.91412
1385.900000000 27.9966 7.92017 0 0 0 0.284239 0.958753
1388.000000000 28.8614 8.24114 0 0 0 0.115581 0.993298
1389.900000000 29.8567 8.24469 0 0 0 -0.0440638 0.999029
1391.100000000 30.8203 8.04035 0 0 0 -0.0700364 0.997544
1392.500000000 31.8451 8.0887 0 0 0 -0.00982309 0.999952
1394.600000000 32.4344 8.1479 0 0 0 0.276151 0.961114
1395.200000000 32.3949 8.23506 0 0 0 0.547845 0.83658
1395.900000000 32.3874 8.23818 0 0 0 0.802901 0.596112
1396.500000000 32.3777 8.23059 0 0 0 0.923804 0.382865
1397.800000000 31.6218 8.84389 0 0 0 0.9464 0.322996
1399.700000000 31.096 9.44254 0 0 0 0.808067 0.589091
1400.800000000 31.3318 9.74245 0 0 0 0.637007 0.770858
1402.400000000 31.7126 10.7409 0 0 0 0.440085 0.897956
1404.100000000 31.896 11.3329 0 0 0 0.660632 0.75071
1406.700000000 31.7334 12.3083 0 0 0 0.805613 0.592442
1410.100000000 31.4274 13.2489 0 0 0 0.633185 0.774
