0.300000000 0.2 0 0 0 0 0 1
5.500000000 1.25452 0.00237759 0 0 0 0.00057427 1
6.800000000 2.20989 0.0231593 0 0 0 0.0477209 0.998861
8.200000000 3.05861 0.393128 0 0 0 0.278337 0.960484
8.900000000 3.0799 0.255952 0 0 0 -0.0671374 0.997744
9.400000000 3.03699 0.232611 0 0 0 -0.31113 0.950367
10.000000000 2.95019 0.148641 0 0 0 -0.578268 0.815847
10.600000000 2.83276 0.12223 0 0 0 -0.793585 0.608459
11.200000000 2.72099 0.205157 0 0 0 -0.938014 0.346598
11.900000000 2.67407 0.286185 0 0 0 -0.999994 0.00357693
12.500000000 2.71034 0.399764 0 0 0 0.95647 0.29183
13.100000000 2.80227 0.472796 0 0 0 0.827164 0.561961
13.800000000 2.94059 0.470295 0 0 0 0.5832 0.812328
14.400000000 3.03856 0.406923 0 0 0 0.318006 0.948089
15.100000000 3.0788 0.259625 0 0 0 -0.0250464 0.999686
18.900000000 3.63506 0.475901 0 0 0 0.273041 0.962002
19.900000000 3.86214 0.896087 0 0 0 0.522531 0.85262
20.900000000 3.85765 1.41595 0 0 0 0.712389 0.701785
22.300000000 3.72989 2.44667 0 0 0 0.742727 0.669594
23.500000000 3.67778 3.32334 0 0 0 0.71828 0.695755
24.800000000 3.67788 4.29714 0 0 0 0.703513 0.710683
26.200000000 3.69402 5.35071 0 0 0 0.698726 0.715389
27.400000000 3.72333 6.24421 0 0 0 0.694922 0.719085
28.800000000 3.7667 7.29589 0 0 0 0.68791 0.725796
30.200000000 3.88769 8.28517 0 0 0 0.631769 0.775156
31.800000000 4.34491 9.21038 0 0 0 0.444768 0.895646
33.300000000 5.18338 9.76741 0 0 0 0.21601 0.976391
34.800000000 6.14069 9.98695 0 0 0 0.0367811 0.999323
36.100000000 7.17811 9.90231 0 0 0 -0.0539801 0.998542
37.800000000 8.13905 10.0042 0 0 0 0.204353 0.978897
39.400000000 8.87755 10.7419 0 0 0 0.42926 0.903181
40.700000000 9.32268 11.6071 0 0 0 0.560984 0.827827
42.000000000 9.50138 12.5755 0 0 0 0.675647 0.737226
43.200000000 9.42169 13.4715 0 0 0 0.758185 0.65204
44.600000000 9.30476 14.5179 0 0 0 0.73218 0.681111
46.000000000 9.28169 15.5708 0 0 0 0.707915 0.706298
47.400000000 9.31467 16.6146 0 0 0 0.68991 0.723895
48.700000000 9.39595 17.5855 0 0 0 0.665436 0.746455
50.000000000 9.67617 18.5144 0 0 0 0.56383 0.825891
51.400000000 10.2717 19.3237 0 0 0 0.393751 0.919217
52.700000000 10.9721 19.9862 0 0 0 0.374077 0.927398
54.000000000 11.6559 20.6867 0 0 0 0.383432 0.923569
55.400000000 12.0065 21.2095 0 0 0 0.64298 0.765883
56.100000000 11.8618 21.1855 0 0 0 0.86661 0.498986
56.700000000 11.7824 21.0986 0 0 0 0.975361 0.220614
57.400000000 11.7634 20.9833 0 0 0 -0.991814 0.127693
58.000000000 11.8256 20.8731 0 0 0 -0.909803 0.415041
58.600000000 11.9262 20.7906 0 0 0 -0.764839 0.644221
59.400000000 12.0546 20.59 0 0 0 -0.548429 0.836197
60.600000000 12.5645 20.0442 0 0 0 -0.342413 0.939549
61.400000000 12.6927 20.0999 0 0 0 0.00196401 0.999998
62.200000000 12.9651 20.2617 0 0 0 0.246122 0.969239
63.700000000 13.6814 21.0189 0 0 0 0.406195 0.913786
65.000000000 14.309 21.775 0 0 0 0.43765 0.899145
66.300000000 14.8666 22.5648 0 0 0 0.471239 0.882006
67.700000000 15.3987 23.4623 0 0 0 0.500688 0.865628
69.000000000 15.8948 24.3159 0 0 0 0.495259 0.868745
70.400000000 16.5221 25.1544 0 0 0 0.413845 0.910347
71.800000000 17.3018 25.8488 0 0 0 0.326636 0.94515
73.100000000 18.1297 26.3702 0 0 0 0.256897 0.966439
74.400000000 19.018 26.768 0 0 0 0.188452 0.982082
75.700000000 19.8836 27.2144 0 0 0 0.247121 0.968985
77.000000000 20.6533 27.8133 0 0 0 0.357458 0.933929
78.400000000 21.3884 28.5577 0 0 0 0.395267 0.918566
79.600000000 21.5481 28.9241 0 0 0 0.691583 0.722297
80.100000000 21.4444 28.9038 0 0 0 0.848504 0.529189
80.800000000 21.3489 28.8124 0 0 0 0.978291 0.207234
81.400000000 21.33 28.6854 0 0 0 -0.995894 0.0905264
82.100000000 21.405 28.5806 0 0 0 -0.904215 0.427077
82.700000000 21.496 28.4801 0 0 0 -0.760643 0.649171
83.400000000 21.6062 28.3226 0 0 0 -0.561905 0.827202
84.600000000 22.0854 27.8029 0 0 0 -0.343305 0.939224
85.800000000 22.772 27.2376 0 0 0 -0.350885 0.936419
87.200000000 23.5296 26.5041 0 0 0 -0.372497 0.928033
88.500000000 24.2897 25.9007 0 0 0 -0.309323 0.950957
89.700000000 25.0831 25.4376 0 0 0 -0.238818 0.971064
91.100000000 26.0423 25.0663 0 0 0 -0.159942 0.987126
92.400000000 27.0086 24.8544 0 0 0 -0.0735669 0.99729
93.800000000 28.0492 24.8373 0 0 0 0.0186126 0.999827
95.200000000 29.0959 24.8932 0 0 0 0.0161998 0.999869
96.400000000 29.9982 24.8786 0 0 0 -0.0242799 0.999705
97.800000000 31.0475 24.7985 0 0 0 -0.0363448 0.999339
99.100000000 32.002 24.6554 0 0 0 -0.124302 0.992244
100.600000000 32.9171 24.12 0 0 0 -0.322582 0.946542
102.000000000 33.6756 23.4002 0 0 0 -0.37043 0.92886
103.500000000 34.0717 22.8299 0 0 0 -0.631636 0.775265
104.300000000 33.9576 22.636 0 0 0 -0.829287 0.558823
105.400000000 33.5623 22.3649 0 0 0 -0.961204 0.275839
106.900000000 32.8203 21.6998 0 0 0 -0.899513 0.436893
108.300000000 32.4675 20.8027 0 0 0 -0.786673 0.61737
109.300000000 32.5406 20.4902 0 0 0 -0.540241 0.84151
110.000000000 32.6393 20.5782 0 0 0 -0.218458 0.975846
110.600000000 32.7125 20.6935 0 0 0 0.0481987 0.998838
111.400000000 32.8894 20.8634 0 0 0 0.328589 0.944473
112.700000000 33.511 21.5832 0 0 0 0.416378 0.909192
114.000000000 34.1946 22.2788 0 0 0 0.379511 0.925187
115.400000000 34.9471 23.0155 0 0 0 0.378779 0.925487
116.700000000 35.6329 23.7086 0 0 0 0.386625 0.922237
118.100000000 36.372 24.4586 0 0 0 0.386617 0.922241
119.400000000 37.0535 25.1496 0 0 0 0.386626 0.922237
120.600000000 37.5673 25.8884 0 0 0 0.49602 0.868311
121.400000000 37.5394 26.1131 0 0 0 0.72301 0.690838
122.500000000 37.2532 26.5309 0 0 0 0.897802 0.4404
123.700000000 36.6164 27.1572 0 0 0 0.931925 0.362651
125.100000000 35.8505 27.8777 0 0 0 0.926557 0.376154
126.400000000 35.1624 28.5683 0 0 0 0.920811 0.390009
127.800000000 34.4145 29.3089 0 0 0 0.933452 0.358703
129.200000000 33.5281 29.8681 0 0 0 0.97479 0.223125
130.300000000 33.1159 29.9082 0 0 0 -0.99493 0.100566
130.800000000 33.1102 29.804 0 0 0 -0.946021 0.324107
131.600000000 33.1311 29.5708 0 0 0 -0.803298 0.595578
132.700000000 33.2129 28.997 0 0 0 -0.629045 0.777369
134.000000000 33.3605 28.0943 0 0 0 -0.677827 0.735221
135.600000000 33.0929 27.0632 0 0 0 -0.848713 0.528853
136.900000000 32.7066 26.1844 0 0 0 -0.823271 0.567649
138.200000000 32.5082 25.2305 0 0 0 -0.748695 0.662915
139.400000000 32.4879 24.3284 0 0 0 -0.702437 0.711746
140.800000000 32.5647 23.2786 0 0 0 -0.676032 0.736873
142.200000000 32.6163 22.2274 0 0 0 -0.690622 0.723216
143.500000000 32.63 21.2635 0 0 0 -0.713207 0.700953
144.800000000 32.6238 20.2799 0 0 0 -0.710351 0.703848
146.100000000 32.5808 19.3087 0 0 0 -0.737464 0.675386
147.700000000 32.1965 18.2979 0 0 0 -0.875809 0.482658
149.000000000 31.5763 17.8693 0 0 0 -0.972221 0.234067
150.400000000 30.6328 17.6983 0 0 0 -0.999893 0.0146235
151.800000000 29.5828 17.8143 0 0 0 0.99799 0.0633771
153.000000000 28.6886 17.9147 0 0 0 0.99842 0.0561939
154.700000000 27.6498 17.766 0 0 0 -0.980308 0.197474
156.100000000 27.0235 17.1581 0 0 0 -0.898764 0.438432
157.500000000 26.6614 16.2542 0 0 0 -0.786162 0.618021
158.800000000 26.5986 15.2818 0 0 0 -0.692658 0.721267
160.000000000 26.7753 14.3929 0 0 0 -0.647937 0.761694
161.300000000 26.7965 13.4214 0 0 0 -0.731318 0.682036
162.800000000 26.3862 12.5871 0 0 0 -0.89223 0.451581
164.300000000 25.5667 12.0612 0 0 0 -0.977939 0.208889
165.500000000 25.1234 12.0398 0 0 0 0.989229 0.146377
166.000000000 25.1304 12.1222 0 0 0 0.923613 0.383327
166.600000000 25.2273 12.2105 0 0 0 0.780057 0.625708
167.300000000 25.3579 12.2985 0 0 0 0.561965 0.827161
168.500000000 25.846 12.6883 0 0 0 0.297623 0.954683
169.900000000 26.6984 13.1755 0 0 0 0.316634 0.948548
171.300000000 27.1258 13.883 0 0 0 0.563855 0.825874
172.700000000 27.121 14.7359 0 0 0 0.765278 0.6437
174.200000000 26.6439 15.6131 0 0 0 0.901378 0.433032
175.500000000 25.9322 16.2719 0 0 0 0.932817 0.360352
176.800000000 25.2231 16.9498 0 0 0 0.92578 0.378064
178.100000000 24.5205 17.6231 0 0 0 0.928676 0.370891
179.300000000 23.8033 18.1607 0 0 0 0.960765 0.277365
180.700000000 22.8171 18.5097 0 0 0 0.99387 0.110552
182.000000000 21.8598 18.5469 0 0 0 -0.999835 0.0181752
183.300000000 20.896 18.4353 0 0 0 -0.997073 0.0764538
184.600000000 19.9207 18.3332 0 0 0 -0.99939 0.0349234
186.000000000 18.8674 18.297 0 0 0 -0.999937 0.0112665
187.300000000 17.893 18.3041 0 0 0 0.999964 0.00842669
188.600000000 16.9198 18.3627 0 0 0 0.999363 0.0356888
190.000000000 15.9455 18.6091 0 0 0 0.97798 0.208698
191.400000000 15.1655 19.2623 0 0 0 0.927679 0.37338
192.700000000 14.4814 19.9656 0 0 0 0.913694 0.406402
193.900000000 13.951 20.6888 0 0 0 0.871352 0.490658
195.300000000 13.613 21.6735 0 0 0 0.768048 0.640393
196.600000000 13.6461 22.6341 0 0 0 0.682495 0.73089
197.800000000 13.7127 23.54 0 0 0 0.66605 0.745907
199.200000000 13.7891 24.5807 0 0 0 0.702356 0.711826
200.600000000 13.7693 25.6443 0 0 0 0.71498 0.699145
201.900000000 13.7641 26.6166 0 0 0 0.709553 0.704653
203.200000000 13.7553 27.5904 0 0 0 0.706823 0.70739
204.500000000 13.7663 28.5641 0 0 0 0.706824 0.707389
205.800000000 13.774 29.5378 0 0 0 0.698098 0.716002
206.700000000 13.943 29.6959 0 0 0 0.419405 0.907799
207.400000000 14.1146 29.6855 0 0 0 0.149983 0.988689
208.200000000 14.189 29.5508 0 0 0 -0.205796 0.978595
208.800000000 14.1201 29.4559 0 0 0 -0.481736 0.876317
209.400000000 14.0101 29.4154 0 0 0 -0.715955 0.698146
210.200000000 13.8432 29.1434 0 0 0 -0.863546 0.504271
211.500000000 13.1863 28.4951 0 0 0 -0.933005 0.359863
212.900000000 12.4322 27.7686 0 0 0 -0.925114 0.37969
214.300000000 11.6563 27.0585 0 0 0 -0.947417 0.320002
215.700000000 10.7841 26.7184 0 0 0 -0.992215 0.12454
217.700000000 9.74919 26.6419 0 0 0 -0.999886 0.0150899
219.400000000 8.82111 26.633 0 0 0 0.999961 0.00881717
221.700000000 7.84075 26.6717 0 0 0 0.999762 0.0218303
223.000000000 6.86465 26.7218 0 0 0 0.999493 0.0318396
224.400000000 5.82401 26.8053 0 0 0 0.999288 0.0377214
226.000000000 4.85908 26.9071 0 0 0 0.997312 0.0732759
227.200000000 4.31823 27.2547 0 0 0 0.939732 0.341913
228.400000000 4.00452 27.848 0 0 0 0.815169 0.579223
229.700000000 4.03711 28.6175 0 0 0 0.636548 0.771237
231.300000000 4.59933 29.4651 0 0 0 0.391619 0.920128
232.300000000 4.99476 29.6623 0 0 0 0.127579 0.991828
233.000000000 4.99435 29.5258 0 0 0 -0.214926 0.97663
233.700000000 4.91402 29.422 0 0 0 -0.531914 0.846799
234.300000000 4.80253 29.3947 0 0 0 -0.755369 0.655299
235.100000000 4.58839 29.13 0 0 0 -0.887131 0.461518
236.600000000 3.81044 28.4213 0 0 0 -0.935002 0.354642
237.900000000 3.11588 27.7632 0 0 0 -0.926376 0.3766
240.000000000 2.39175 27.0374 0 0 0 -0.923413 0.383809
243.300000000 1.70719 26.3608 0 0 0 -0.923418 0.383795
247.200000000 1.03324 25.6855 0 0 0 -0.923424 0.383782
251.400000000 0.330855 24.9821 0 0 0 -0.923425 0.38378
255.600000000 -0.346714 24.3025 0 0 0 -0.923428 0.383771
256.800000000 -0.536903 23.8384 0 0 0 -0.789692 0.613504
258.300000000 -0.389537 22.9013 0 0 0 -0.637681 0.770301
259.700000000 -0.0922282 21.8959 0 0 0 -0.581785 0.813343
261.000000000 0.293898 20.9961 0 0 0 -0.551891 0.833916
262.700000000 0.427618 20.2325 0 0 0 -0.790432 0.61255
263.400000000 0.307668 20.2044 0 0 0 -0.936054 0.351855
264.500000000 -0.291004 20.0136 0 0 0 -0.992122 0.125277
265.700000000 -1.2114 19.9318 0 0 0 -0.999533 0.0305588
267.100000000 -2.25648 19.9252 0 0 0 0.999947 0.0103117
268.300000000 -3.13859 19.9683 0 0 0 0.998852 0.0479087
269.600000000 -4.09706 20.1252 0 0 0 0.99559 0.0938101
271.000000000 -5.12882 20.3365 0 0 0 0.994011 0.10928
272.200000000 -6.00311 20.5306 0 0 0 0.992261 0.124171
274.000000000 -7.00015 20.5493 0 0 0 -0.985575 0.169237
275.500000000 -7.748 19.8834 0 0 0 -0.920936 0.389714
276.900000000 -8.46462 19.1212 0 0 0 -0.920723 0.390217
278.100000000 -9.10755 18.4841 0 0 0 -0.923949 0.382515
279.600000000 -9.47739 17.894 0 0 0 -0.75925 0.650799
280.300000000 -9.35555 17.7445 0 0 0 -0.557153 0.83041
281.900000000 -8.62418 16.9304 0 0 0 -0.3651 0.930968
283.300000000 -7.86466 16.1825 0 0 0 -0.388308 0.921529
284.500000000 -7.3519 15.4858 0 0 0 -0.497743 0.867324
285.500000000 -7.33373 15.1973 0 0 0 -0.762779 0.646659
286.100000000 -7.47256 15.2288 0 0 0 -0.917974 0.39664
286.600000000 -7.52905 15.3296 0 0 0 -0.987006 0.160681
287.300000000 -7.53731 15.4651 0 0 0 0.983266 0.182174
288.400000000 -7.83402 15.8945 0 0 0 0.8871 0.461577
289.800000000 -8.20278 16.8474 0 0 0 0.790799 0.612076
291.100000000 -8.27765 17.8186 0 0 0 0.707463 0.70675
292.500000000 -8.16414 18.8669 0 0 0 0.656276 0.754521
293.800000000 -8.08936 19.8378 0 0 0 0.686113 0.727495
295.100000000 -8.06254 20.8125 0 0 0 0.712379 0.701795
296.300000000 -8.11448 21.7159 0 0 0 0.73129 0.682066
297.900000000 -8.42895 22.6954 0 0 0 0.867925 0.496695
299.200000000 -9.06322 23.3796 0 0 0 0.925253 0.379352
300.600000000 -9.82435 24.1061 0 0 0 0.932194 0.361958
301.900000000 -10.6121 24.6417 0 0 0 0.970801 0.239885
303.300000000 -11.6043 24.8599 0 0 0 0.998789 0.0492048
304.600000000 -12.5775 24.8267 0 0 0 -0.999173 0.0406494
306.000000000 -13.6272 24.7375 0 0 0 -0.999144 0.0413632
307.300000000 -14.599 24.7144 0 0 0 -0.999978 0.00660041
308.600000000 -15.5729 24.7122 0 0 0 0.999972 0.00747312
310.100000000 -16.4621 24.4242 0 0 0 -0.970782 0.239964
311.600000000 -17.2842 23.6898 0 0 0 -0.920149 0.391569
313.000000000 -18.0104 22.93 0 0 0 -0.921636 0.388055
314.200000000 -18.6362 22.2903 0 0 0 -0.923897 0.382642
315.500000000 -18.9379 21.8214 0 0 0 -0.789067 0.614307
316.200000000 -18.839 21.672 0 0 0 -0.595644 0.803249
317.700000000 -18.1911 20.9748 0 0 0 -0.384928 0.922947
319.100000000 -17.4284 20.2592 0 0 0 -0.373498 0.927631
320.400000000 -16.7214 19.5768 0 0 0 -0.369187 0.929355
321.600000000 -16.2943 19.3497 0 0 0 -0.0746873 0.997207
322.300000000 -16.322 19.4861 0 0 0 0.272333 0.962203
322.900000000 -16.411 19.5642 0 0 0 0.544412 0.838818
323.500000000 -16.5125 19.6429 0 0 0 0.746231 0.665687
324.500000000 -16.7808 20.0557 0 0 0 0.891287 0.45344
325.800000000 -17.4881 20.6003 0 0 0 0.964533 0.263962
327.300000000 -18.4974 20.9648 0 0 0 0.977371 0.211534
328.700000000 -19.3011 21.606 0 0 0 0.931789 0.363
330.000000000 -19.9784 22.3111 0 0 0 0.920231 0.391375
331.400000000 -20.771 23.0001 0 0 0 0.95064 0.310296
332.700000000 -21.6614 23.4032 0 0 0 0.986166 0.16576
334.000000000 -22.6097 23.5717 0 0 0 0.998383 0.0568403
335.300000000 -23.5938 23.5922 0 0 0 -0.999924 0.0122919
336.800000000 -24.2517 23.4454 0 0 0 -0.944747 0.327799
337.400000000 -24.1538 23.3698 0 0 0 -0.806652 0.591026
338.000000000 -24.0379 23.3678 0 0 0 -0.596323 0.802744
338.700000000 -23.9797 23.3458 0 0 0 -0.345367 0.938468
339.700000000 -23.3486 23.1954 0 0 0 -0.110658 0.993859
341.300000000 -22.3393 23.0082 0 0 0 -0.194504 0.980902
342.600000000 -21.8684 22.4967 0 0 0 -0.473639 0.880719
343.800000000 -21.7448 21.8384 0 0 0 -0.687445 0.726236
345.100000000 -22.0121 21.1259 0 0 0 -0.855554 0.517714
346.600000000 -22.7439 20.4295 0 0 0 -0.954994 0.296626
347.600000000 -23.132 20.3542 0 0 0 0.999999 0.00152112
349.400000000 -24.1205 20.6705 0 0 0 0.996626 0.0820719
350.900000000 -25.1509 20.5772 0 0 0 -0.990289 0.139026
352.200000000 -25.688 20.1731 0 0 0 -0.901865 0.432018
352.800000000 -25.5811 20.1556 0 0 0 -0.733654 0.679523
353.500000000 -25.4355 20.1679 0 0 0 -0.463354 0.886173
354.200000000 -25.291 20.1754 0 0 0 -0.190082 0.981768
355.600000000 -24.4046 20.233 0 0 0 0.044155 0.999025
356.800000000 -23.5218 20.4217 0 0 0 0.142135 0.989847
358.200000000 -22.6067 20.8437 0 0 0 0.246187 0.969222
359.500000000 -21.7913 21.4427 0 0 0 0.347911 0.937527
360.900000000 -21.0704 22.2044 0 0 0 0.411638 0.911347
362.200000000 -20.6182 22.9775 0 0 0 0.496594 0.867983
363.400000000 -20.1991 23.8602 0 0 0 0.619056 0.785347
364.800000000 -20.2326 24.8752 0 0 0 0.712893 0.701273
366.100000000 -20.2695 25.8771 0 0 0 0.747046 0.664773
367.400000000 -20.3584 26.8489 0 0 0 0.730189 0.683245
368.700000000 -20.3662 27.8278 0 0 0 0.70423 0.709972
370.100000000 -20.3829 28.8542 0 0 0 0.726089 0.687601
370.800000000 -20.5019 29.0156 0 0 0 0.876646 0.481137
371.700000000 -20.819 29.0828 0 0 0 0.979961 0.19919
373.300000000 -21.8442 29.1104 0 0 0 -0.999917 0.0129221
374.700000000 -22.8863 29.0525 0 0 0 -0.999462 0.032785
375.900000000 -23.2907 29.1513 0 0 0 0.951561 0.307459
376.500000000 -23.1953 29.2232 0 0 0 0.821437 0.5703
377.200000000 -23.0688 29.2403 0 0 0 0.579691 0.814836
377.800000000 -22.9681 29.1794 0 0 0 0.317393 0.948294
378.300000000 -22.9586 29.0729 0 0 0 0.0781455 0.996942
379.400000000 -22.4507 28.8238 0 0 0 -0.206359 0.978476
380.600000000 -21.927 28.3881 0 0 0 -0.441921 0.897054
381.900000000 -21.7269 27.6557 0 0 0 -0.66238 0.749168
383.300000000 -21.9532 26.8516 0 0 0 -0.842268 0.539059
384.700000000 -22.5954 26.1671 0 0 0 -0.942975 0.332865
386.100000000 -23.5174 25.7557 0 0 0 -0.9892 0.146575
387.500000000 -24.5616 25.6428 0 0 0 -0.999932 0.0116708
388.700000000 -25.4606 25.7011 0 0 0 0.998649 0.0519716
390.100000000 -26.5005 25.8638 0 0 0 0.9969 0.0786744
391.400000000 -27.4629 26.0072 0 0 0 0.996796 0.0799909
392.700000000 -28.4218 26.1604 0 0 0 0.996561 0.0828595
394.000000000 -29.3888 26.3195 0 0 0 0.994867 0.101196
395.500000000 -30.3727 26.7471 0 0 0 0.960631 0.277829
396.800000000 -31.0733 27.4223 0 0 0 0.906889 0.421369
397.500000000 -31.0406 27.5925 0 0 0 0.762664 0.646795
398.300000000 -30.9102 27.7922 0 0 0 0.545611 0.838039
399.700000000 -30.2707 28.5085 0 0 0 0.37807 0.925777
401.100000000 -29.5178 29.2345 0 0 0 0.380195 0.924906
402.600000000 -29.1517 29.8007 0 0 0 0.657348 0.753587
403.200000000 -29.2683 29.7814 0 0 0 0.850689 0.52567
403.800000000 -29.3537 29.6996 0 0 0 0.967601 0.252486
404.300000000 -29.3785 29.6041 0 0 0 0.999992 0.00412189
405.200000000 -29.5838 29.421 0 0 0 -0.950484 0.310772
406.600000000 -30.1113 28.6581 0 0 0 -0.888383 0.459103
408.000000000 -30.8252 27.9061 0 0 0 -0.929612 0.368539
409.400000000 -31.5887 27.1876 0 0 0 -0.925014 0.379933
410.600000000 -32.2252 26.5421 0 0 0 -0.922139 0.386858
411.900000000 -32.8777 25.8212 0 0 0 -0.905298 0.424777
413.300000000 -33.4693 24.9504 0 0 0 -0.870601 0.491989
414.600000000 -33.8734 24.0718 0 0 0 -0.829007 0.559238
415.900000000 -34.1158 23.0944 0 0 0 -0.790231 0.612809
417.300000000 -34.2826 22.086 0 0 0 -0.750218 0.661191
419.000000000 -34.3617 21.1312 0 0 0 -0.711602 0.702583
420.700000000 -34.4177 20.1508 0 0 0 -0.756636 0.653837
422.200000000 -34.8722 19.2149 0 0 0 -0.885954 0.463774
423.500000000 -35.5676 18.6287 0 0 0 -0.957652 0.287929
425.000000000 -36.6 18.3003 0 0 0 -0.996027 0.0890547
426.500000000 -37.4041 18.4083 0 0 0 0.971914 0.235337
427.300000000 -37.5139 18.6461 0 0 0 0.869201 0.494459
428.200000000 -37.5331 19.026 0 0 0 0.7117 0.702483
429.700000000 -37.3302 20.0641 0 0 0 0.64733 0.76221
430.800000000 -37.4232 20.3892 0 0 0 0.870262 0.492589
431.300000000 -37.4921 20.3212 0 0 0 0.964914 0.262566
432.000000000 -37.5192 20.1861 0 0 0 -0.996396 0.0848214
432.600000000 -37.4612 20.077 0 0 0 -0.92707 0.374889
433.300000000 -37.348 20.0202 0 0 0 -0.741984 0.670417
433.900000000 -37.2001 19.9424 0 0 0 -0.55372 0.832703
434.600000000 -37.0354 19.8681 0 0 0 -0.322743 0.946487
435.900000000 -36.2007 19.3726 0 0 0 -0.248652 0.968593
437.300000000 -35.3742 18.7099 0 0 0 -0.373008 0.927828
438.600000000 -34.7419 17.9574 0 0 0 -0.447715 0.894176
440.000000000 -34.3315 17.062 0 0 0 -0.58693 0.809637
442.200000000 -34.2042 16.1288 0 0 0 -0.686791 0.726855
444.500000000 -34.234 15.0513 0 0 0 -0.727623 0.685977
445.700000000 -34.3119 14.1541 0 0 0 -0.741794 0.670628
447.100000000 -34.4207 13.1147 0 0 0 -0.738901 0.673814
448.500000000 -34.5505 12.09 0 0 0 -0.777584 0.628778
449.900000000 -35.0286 11.2646 0 0 0 -0.896066 0.443922
451.300000000 -35.7826 10.5414 0 0 0 -0.932873 0.360205
452.600000000 -36.4799 9.82976 0 0 0 -0.922196 0.386724
453.700000000 -36.6572 9.49064 0 0 0 -0.759292 0.65075
454.300000000 -36.5385 9.51049 0 0 0 -0.533075 0.846068
455.000000000 -36.4502 9.59165 0 0 0 -0.209995 0.977702
455.500000000 -36.4306 9.70866 0 0 0 0.0378517 0.999283
456.100000000 -36.4748 9.81205 0 0 0 0.331494 0.943457
456.800000000 -36.5454 9.91387 0 0 0 0.627183 0.778872
457.400000000 -36.6811 9.9315 0 0 0 0.818286 0.574812
458.400000000 -37.0633 10.3334 0 0 0 0.926054 0.377392
459.500000000 -37.5054 10.5164 0 0 0 0.996661 0.0816518
460.200000000 -37.4792 10.3775 0 0 0 -0.96455 0.263901
460.800000000 -37.3929 10.2968 0 0 0 -0.843427 0.537243
461.400000000 -37.2747 10.2817 0 0 0 -0.646887 0.762586
462.200000000 -37.0455 9.99499 0 0 0 -0.462262 0.886744
463.700000000 -36.2855 9.28477 0 0 0 -0.36052 0.932751
465.000000000 -35.613 8.60706 0 0 0 -0.416656 0.909064
465.700000000 -35.6592 8.48216 0 0 0 -0.679759 0.733435
466.200000000 -35.7775 8.51793 0 0 0 -0.836946 0.547286
466.900000000 -35.885 8.59021 0 0 0 -0.972604 0.232468
467.600000000 -35.9143 8.72821 0 0 0 0.994005 0.109331
468.100000000 -35.8686 8.81793 0 0 0 0.93726 0.348632
468.800000000 -35.7711 8.90265 0 0 0 0.766659 0.642054
469.500000000 -35.6343 8.93015 0 0 0 0.519314 0.854583
470.700000000 -35.09 9.40184 0 0 0 0.298369 0.954451
472.000000000 -34.3055 9.95041 0 0 0 0.334477 0.942404
473.400000000 -33.5642 10.6867 0 0 0 0.396643 0.917973
474.700000000 -33.2976 11.1639 0 0 0 0.666621 0.745397
475.300000000 -33.4321 11.14 0 0 0 0.856807 0.515638
476.200000000 -33.7692 11.3297 0 0 0 0.96059 0.27797
477.700000000 -34.7727 11.5624 0 0 0 0.998919 0.0464823
478.900000000 -35.6506 11.4698 0 0 0 -0.997426 0.0716982
480.300000000 -36.6025 11.3757 0 0 0 0.999788 0.0205693
481.000000000 -36.6943 11.5048 0 0 0 0.953058 0.302787
481.600000000 -36.65 11.6039 0 0 0 0.835933 0.548831
482.200000000 -36.5491 11.6815 0 0 0 0.657264 0.75366
482.800000000 -36.4378 11.6529 0 0 0 0.415184 0.909738
483.400000000 -36.3675 11.5552 0 0 0 0.13231 0.991208
484.300000000 -36.1742 11.4043 0 0 0 -0.213819 0.976873
484.900000000 -36.2757 11.3244 0 0 0 -0.488323 0.872663
485.500000000 -36.3626 11.2845 0 0 0 -0.721638 0.692271
486.200000000 -36.4814 11.3165 0 0 0 -0.913478 0.406887
486.800000000 -36.5512 11.4135 0 0 0 -0.99234 0.123537
487.400000000 -36.5647 11.5205 0 0 0 0.985657 0.168761
488.000000000 -36.5125 11.6324 0 0 0 0.896303 0.443442
490.000000000 -36.8132 12.6701 0 0 0 0.832602 0.553872
491.400000000 -36.8886 13.2259 0 0 0 0.59578 0.803147
492.100000000 -36.7651 13.1479 0 0 0 0.289745 0.957104
492.700000000 -36.7421 13.0468 0 0 0 0.00032853 1
493.200000000 -36.72 12.948 0 0 0 -0.231493 0.972836
494.000000000 -36.7215 12.7511 0 0 0 -0.53365 0.845706
495.700000000 -36.736 11.6881 0 0 0 -0.699595 0.714539
497.100000000 -36.3984 10.9235 0 0 0 -0.476966 0.878922
498.600000000 -35.6082 10.2431 0 0 0 -0.333827 0.942634
500.000000000 -34.8399 9.52361 0 0 0 -0.378715 0.925513
501.400000000 -34.0924 8.8385 0 0 0 -0.319988 0.947422
502.800000000 -33.1163 8.4281 0 0 0 -0.138053 0.990425
504.400000000 -32.1053 8.42064 0 0 0 0.0164581 0.999865
506.900000000 -31.2092 8.45556 0 0 0 0.0343552 0.99941
510.900000000 -30.2436 8.53982 0 0 0 0.0251371 0.999684
513.800000000 -29.2919 8.5674 0 0 0 0.00734479 0.999973
516.400000000 -28.2945 8.57686 0 0 0 0.00070429 1
519.200000000 -27.3544 8.58459 0 0 0 0.000734416 1
522.100000000 -26.3937 8.58856 0 0 0 0.000731249 1
525.100000000 -25.4217 8.59237 0 0 0 0.000659553 1
528.200000000 -24.4066 8.59602 0 0 0 0.000514777 1
531.200000000 -23.4101 8.59956 0 0 0 0.000296609 1
534.100000000 -22.4588 8.60435 0 0 0 1.25058e-05 1
537.100000000 -21.4958 8.6088 0 0 0 -0.000332635 1
540.900000000 -20.5196 8.61213 0 0 0 -0.000478212 1
543.600000000 -19.5845 8.61534 0 0 0 -0.000707628 1
545.000000000 -18.5751 8.618 0 0 0 -0.000971568 1
546.800000000 -17.589 8.62128 0 0 0 -0.00126899 0.999999
548.700000000 -16.5434 8.62343 0 0 0 -0.00154239 0.999999
550.500000000 -15.55 8.62451 0 0 0 -0.00163337 0.999999
552.400000000 -14.5058 8.62529 0 0 0 -0.00195608 0.999998
554.300000000 -13.4995 8.62431 0 0 0 -0.00209435 0.999998
556.000000000 -12.551 8.61623 0 0 0 -0.0200094 0.9998
557.400000000 -11.519 8.43255 0 0 0 -0.134848 0.990866
558.900000000 -10.5395 7.97935 0 0 0 -0.318067 0.948068
560.200000000 -9.87315 7.18996 0 0 0 -0.388213 0.92157
561.500000000 -9.19517 6.49232 0 0 0 -0.391035 0.920376
562.700000000 -8.6285 5.83488 0 0 0 -0.462475 0.886632
564.100000000 -8.23031 4.89356 0 0 0 -0.585268 0.81084
565.500000000 -8.01328 3.94561 0 0 0 -0.651821 0.758373
568.600000000 -7.99206 2.98037 0 0 0 -0.708667 0.705543
571.100000000 -7.88331 2.03603 0 0 0 -0.628919 0.777471
572.500000000 -7.61864 1.07901 0 0 0 -0.59656 0.802568
574.200000000 -7.42753 0.143008 0 0 0 -0.664977 0.746864
577.600000000 -7.37881 -0.836202 0 0 0 -0.684572 0.728945
581.300000000 -7.29655 -1.76576 0 0 0 -0.677206 0.735793
582.700000000 -7.40147 -1.98837 0 0 0 -0.885031 0.465531
583.300000000 -7.49985 -1.9021 0 0 0 -0.981855 0.189635
583.900000000 -7.51845 -1.75783 0 0 0 0.994575 0.104018
584.400000000 -7.47169 -1.70766 0 0 0 0.939767 0.341815
585.200000000 -7.42268 -1.53468 0 0 0 0.780329 0.625369
586.100000000 -7.33248 -1.07761 0 0 0 0.620233 0.784418
587.400000000 -7.03889 -0.162748 0 0 0 0.59229 0.805725
588.800000000 -6.75684 0.84243 0 0 0 0.644056 0.764978
590.300000000 -6.7474 1.8109 0 0 0 0.713948 0.700198
592.800000000 -6.81595 2.73313 0 0 0 0.735663 0.677348
595.900000000 -6.87694 3.72896 0 0 0 0.719218 0.694785
597.200000000 -6.86997 4.71422 0 0 0 0.704625 0.709579
599.200000000 -6.88034 5.74274 0 0 0 0.708749 0.705461
601.600000000 -6.8758 6.71961 0 0 0 0.70889 0.705319
604.200000000 -6.8524 7.75507 0 0 0 0.685315 0.728247
605.800000000 -6.48439 8.72041 0 0 0 0.48581 0.874064
607.300000000 -5.76623 9.27294 0 0 0 0.215519 0.9765
608.100000000 -5.56225 9.20727 0 0 0 -0.0840373 0.996463
609.800000000 -4.63212 8.75259 0 0 0 -0.146551 0.989203
611.200000000 -3.64823 8.62593 0 0 0 -0.0267179 0.999643
613.100000000 -2.72239 8.65405 0 0 0 0.0240809 0.99971
616.500000000 -1.74355 8.71659 0 0 0 0.0313506 0.999508
619.200000000 -0.697534 8.69723 0 0 0 -0.0211113 0.999777
620.700000000 0.209343 8.37531 0 0 0 -0.266824 0.963745
621.900000000 0.61631 7.83058 0 0 0 -0.512224 0.858852
623.100000000 0.668195 7.17444 0 0 0 -0.720597 0.693355
624.600000000 0.268528 6.30657 0 0 0 -0.844304 0.535865
625.800000000 -0.0492242 5.44641 0 0 0 -0.797584 0.603208
627.400000000 -0.118771 4.46695 0 0 0 -0.707473 0.70674
630.200000000 -0.0637755 3.47973 0 0 0 -0.686502 0.727128
635.000000000 -0.0159873 2.49897 0 0 0 -0.691496 0.72238
639.800000000 -0.00121917 1.5547 0 0 0 -0.703671 0.710526
644.500000000 -0.000525577 0.601277 0 0 0 -0.707363 0.706851
649.300000000 0.00203237 -0.354065 0 0 0 -0.707264 0.70695
654.300000000 0.00126653 -1.34188 0 0 0 -0.707135 0.707079
659.200000000 0.00378613 -2.31143 0 0 0 -0.707132 0.707081
664.000000000 0.00182881 -3.2626 0 0 0 -0.707118 0.707095
668.700000000 -0.0023114 -4.29044 0 0 0 -0.707088 0.707126
670.200000000 -0.00716039 -5.28008 0 0 0 -0.707317 0.706897
671.400000000 -0.00510077 -6.18751 0 0 0 -0.707431 0.706783
672.800000000 -0.0111059 -7.24346 0 0 0 -0.707433 0.70678
674.100000000 0.00104621 -8.21743 0 0 0 -0.707074 0.707139
675.400000000 -0.134952 -9.1366 0 0 0 -0.802214 0.597036
676.900000000 -0.615231 -10.0137 0 0 0 -0.912426 0.409242
678.300000000 -1.51619 -10.5849 0 0 0 -0.967605 0.252469
679.700000000 -2.27872 -10.7273 0 0 0 0.999156 0.0410832
681.500000000 -3.17516 -10.4142 0 0 0 0.998907 0.0467445
682.800000000 -3.86143 -10.6595 0 0 0 -0.971593 0.236657
684.300000000 -4.55485 -11.3624 0 0 0 -0.880218 0.47457
685.700000000 -4.78733 -12.312 0 0 0 -0.75822 0.651998
687.000000000 -4.70911 -13.2081 0 0 0 -0.67275 0.73987
688.400000000 -4.66112 -14.2499 0 0 0 -0.699849 0.714291
689.600000000 -4.66712 -15.1536 0 0 0 -0.710492 0.703705
691.000000000 -4.67699 -16.2067 0 0 0 -0.710503 0.703695
691.800000000 -4.79964 -16.3773 0 0 0 -0.88495 0.465687
692.500000000 -4.89337 -16.2635 0 0 0 -0.988994 0.147956
693.200000000 -5.0157 -16.168 0 0 0 0.989932 0.141546
694.300000000 -5.45162 -15.7517 0 0 0 0.928241 0.371979
695.600000000 -6.11754 -15.0368 0 0 0 0.908987 0.416825
696.900000000 -6.78868 -14.3299 0 0 0 0.924286 0.3817
697.800000000 -7.0834 -14.1712 0 0 0 0.991788 0.127896
698.500000000 -7.08251 -14.3107 0 0 0 -0.975546 0.219797
699.200000000 -6.98769 -14.4079 0 0 0 -0.841124 0.540843
699.900000000 -6.85315 -14.4211 0 0 0 -0.604762 0.796406
700.600000000 -6.73405 -14.3436 0 0 0 -0.295117 0.955461
701.300000000 -6.70021 -14.2237 0 0 0 0.0508157 0.998708
702.200000000 -6.35727 -14.0129 0 0 0 0.289065 0.957309
709.800000000 -5.7396 -13.1923 0 0 0 0.401103 0.916033
711.100000000 -5.00976 -12.5148 0 0 0 0.373048 0.927812
712.500000000 -4.25776 -11.7866 0 0 0 0.376407 0.926455
713.900000000 -3.4135 -11.1268 0 0 0 0.313888 0.94946
715.300000000 -2.53266 -10.5753 0 0 0 0.253842 0.967246
716.600000000 -1.64931 -10.1551 0 0 0 0.208999 0.977916
717.800000000 -0.814179 -9.78033 0 0 0 0.195533 0.980697
719.400000000 0.0562284 -9.15948 0 0 0 0.41015 0.912018
720.700000000 0.24699 -8.46165 0 0 0 0.648163 0.761501
722.100000000 0.178613 -7.4847 0 0 0 0.756852 0.653586
723.500000000 0.0875293 -6.43544 0 0 0 0.732056 0.681244
724.800000000 0.0518559 -5.46176 0 0 0 0.700556 0.713598
726.000000000 0.0777207 -4.55999 0 0 0 0.701234 0.712931
727.400000000 0.0792093 -3.50438 0 0 0 0.708338 0.705873
728.700000000 0.0752945 -2.53132 0 0 0 0.708291 0.705921
730.000000000 0.0727889 -1.55692 0 0 0 0.708217 0.705995
731.300000000 0.0691523 -0.584869 0 0 0 0.708358 0.705853
732.600000000 0.0688523 0.353404 0 0 0 0.708657 0.705553
734.500000000 0.0215541 1.33648 0 0 0 0.766907 0.641758
735.000000000 -0.0611986 1.2975 0 0 0 0.90172 0.432321
735.700000000 -0.136051 1.18411 0 0 0 0.995286 0.0969821
736.300000000 -0.120221 1.06361 0 0 0 -0.979935 0.199316
737.100000000 -0.15697 0.871077 0 0 0 -0.869692 0.493595
737.800000000 -0.108776 0.672772 0 0 0 -0.710358 0.70384
739.400000000 0.2911 -0.179522 0 0 0 -0.552703 0.833379
741.100000000 0.666399 -0.715421 0 0 0 -0.240489 0.970652
741.800000000 0.685085 -0.615926 0 0 0 0.0699657 0.997549
742.500000000 0.708518 -0.464163 0 0 0 0.33589 0.941901
743.600000000 0.902185 -0.0294765 0 0 0 0.56039 0.828229
745.900000000 1.16316 0.426404 0 0 0 0.287378 0.957817
747.000000000 1.608 0.447951 0 0 0 0.0367016 0.999326
748.400000000 2.25312 0.225742 0 0 0 -0.21914 0.975693
750.300000000 2.60754 -0.217625 0 0 0 -0.506708 0.862118
751.100000000 2.49065 -0.224878 0 0 0 -0.728003 0.685574
751.900000000 2.38728 -0.221257 0 0 0 -0.891128 0.453751
752.600000000 2.30655 -0.125767 0 0 0 -0.983098 0.183081
753.300000000 2.28834 -0.0127622 0 0 0 0.993954 0.109802
754.000000000 2.34342 0.0932992 0 0 0 0.919568 0.392931
754.700000000 2.40068 0.183034 0 0 0 0.780884 0.624676
755.500000000 2.51574 0.331322 0 0 0 0.588155 0.808748
756.700000000 2.82045 0.483898 0 0 0 0.289472 0.957186
757.900000000 3.2006 0.514113 0 0 0 0.0401355 0.999194
759.000000000 3.25654 0.420437 0 0 0 -0.258819 0.965926
760.000000000 3.18427 0.320199 0 0 0 -0.538135 0.842859
761.300000000 3.11152 -0.00895752 0 0 0 -0.729417 0.684069
762.600000000 2.96075 -0.294511 0 0 0 -0.876415 0.481557
763.400000000 2.87148 -0.224859 0 0 0 -0.978018 0.208518
764.200000000 2.84694 -0.11098 0 0 0 0.996641 0.081898
765.400000000 2.55322 0.161793 0 0 0 0.941162 0.337957
766.800000000 2.43842 0.449038 0 0 0 0.792776 0.609513
767.600000000 2.53911 0.4728 0 0 0 0.628788 0.777576
768.700000000 2.68135 0.48358 0 0 0 0.391536 0.920163
770.400000000 3.04364 0.548031 0 0 0 0.0666709 0.997775
771.100000000 3.21005 0.406777 0 0 0 -0.18966 0.98185
772.100000000 3.5519 0.0675487 0 0 0 -0.42146 0.906847
773.600000000 3.8539 -0.829767 0 0 0 -0.644332 0.764746
775.300000000 3.85159 -1.79899 0 0 0 -0.71807 0.695971
778.900000000 3.80259 -2.78062 0 0 0 -0.727351 0.686265
783.700000000 3.75589 -3.74717 0 0 0 -0.716975 0.697099
788.500000000 3.73781 -4.73467 0 0 0 -0.70968 0.704525
792.900000000 3.73599 -5.7133 0 0 0 -0.709934 0.704268
797.600000000 3.71936 -6.65999 0 0 0 -0.710306 0.703893
802.400000000 3.70492 -7.61922 0 0 0 -0.710265 0.703934
806.500000000 3.72409 -8.65989 0 0 0 -0.671423 0.741074
807.800000000 4.0528 -9.56641 0 0 0 -0.551438 0.834216
809.100000000 4.57824 -10.3556 0 0 0 -0.412351 0.911025
810.300000000 5.25358 -10.952 0 0 0 -0.374506 0.927225
811.700000000 5.98878 -11.6935 0 0 0 -0.383888 0.92338
813.000000000 6.58487 -12.4313 0 0 0 -0.482217 0.876052
814.300000000 6.94866 -13.3163 0 0 0 -0.55553 0.831497
815.000000000 7.09602 -13.3425 0 0 0 -0.299726 0.954025
815.700000000 7.33055 -13.3585 0 0 0 -0.0648468 0.997895
817.300000000 8.34413 -13.1049 0 0 0 0.170734 0.985317
818.600000000 9.2837 -12.8566 0 0 0 0.102629 0.99472
819.900000000 10.2595 -12.7519 0 0 0 0.00530381 0.999986
821.500000000 11.1329 -12.4815 0 0 0 0.278935 0.96031
822.800000000 11.8733 -11.8228 0 0 0 0.387626 0.921817
824.200000000 12.6121 -11.072 0 0 0 0.3789 0.925438
825.400000000 13.3049 -10.5053 0 0 0 0.31202 0.950076
826.800000000 14.15 -9.86854 0 0 0 0.328767 0.944411
828.100000000 14.9099 -9.22147 0 0 0 0.388266 0.921547
829.300000000 15.5455 -8.57893 0 0 0 0.379462 0.925207
830.700000000 16.295 -7.83839 0 0 0 0.37936 0.925249
832.000000000 16.9831 -7.15767 0 0 0 0.379304 0.925272
833.200000000 17.6218 -6.53091 0 0 0 0.379477 0.925201
834.500000000 18.2739 -5.7998 0 0 0 0.435184 0.900341
835.900000000 18.7232 -4.88773 0 0 0 0.586245 0.810134
837.200000000 18.8153 -3.91073 0 0 0 0.708491 0.70572
838.700000000 18.5041 -2.99717 0 0 0 0.866342 0.499451
840.100000000 17.817 -2.28468 0 0 0 0.928673 0.370899
841.300000000 17.163 -1.63117 0 0 0 0.926527 0.376229
842.600000000 16.478 -0.957847 0 0 0 0.920094 0.391697
844.000000000 15.7482 -0.209614 0 0 0 0.920096 0.391692
845.200000000 15.1169 0.437134 0 0 0 0.923989 0.38242
846.600000000 14.3702 1.17853 0 0 0 0.923617 0.383316
847.900000000 13.6898 1.87755 0 0 0 0.921905 0.387416
849.300000000 12.9534 2.62904 0 0 0 0.921905 0.387417
850.500000000 12.3254 3.2429 0 0 0 0.934292 0.356507
851.300000000 12.103 3.22865 0 0 0 0.998062 0.0622306
852.300000000 11.7114 3.09055 0 0 0 -0.974035 0.226399
853.700000000 10.8107 2.53446 0 0 0 -0.970721 0.240212
855.100000000 9.85527 2.07663 0 0 0 -0.978068 0.208285
856.000000000 9.66416 2.1385 0 0 0 0.990062 0.140632
856.600000000 9.7201 2.26169 0 0 0 0.90699 0.421151
857.200000000 9.82367 2.31672 0 0 0 0.745125 0.666925
858.000000000 9.94659 2.59057 0 0 0 0.556754 0.830678
859.500000000 10.693 3.34304 0 0 0 0.356333 0.934359
860.900000000 11.5129 3.97609 0 0 0 0.308301 0.951289
862.200000000 12.1412 4.22365 0 0 0 0.0210674 0.999778
863.500000000 12.8998 3.95688 0 0 0 -0.218954 0.975735
864.800000000 13.7779 3.50485 0 0 0 -0.204096 0.978951
866.100000000 14.7304 3.30716 0 0 0 -0.0535583 0.998565
867.400000000 15.6969 3.38107 0 0 0 0.0665518 0.997783
868.800000000 16.7473 3.46341 0 0 0 0.0252005 0.999682
870.200000000 17.7927 3.44276 0 0 0 -0.00660276 0.999978
871.500000000 18.7685 3.43019 0 0 0 -0.00888987 0.99996
872.800000000 19.7419 3.41255 0 0 0 -0.00884475 0.999961
874.100000000 20.7155 3.402 0 0 0 -0.00496345 0.999988
875.300000000 21.6192 3.39281 0 0 0 -0.00496128 0.999988
876.700000000 22.6729 3.3824 0 0 0 -0.004959 0.999988
877.900000000 23.5666 3.37331 0 0 0 -0.00495383 0.999988
879.200000000 24.5403 3.37041 0 0 0 0.00731512 0.999973
880.700000000 25.4482 3.71564 0 0 0 0.267093 0.963671
882.200000000 26.1579 4.49149 0 0 0 0.445144 0.895459
883.000000000 26.3323 4.51588 0 0 0 0.147968 0.988992
883.600000000 26.3422 4.40899 0 0 0 -0.148042 0.988981
884.100000000 26.295 4.32657 0 0 0 -0.38487 0.922971
884.800000000 26.2064 4.2431 0 0 0 -0.663247 0.748401
885.400000000 26.0677 4.19738 0 0 0 -0.84121 0.540709
887.000000000 25.3081 3.51438 0 0 0 -0.94184 0.336061
888.400000000 24.506 2.85131 0 0 0 -0.935105 0.354371
889.800000000 23.847 2.05748 0 0 0 -0.880606 0.47385
891.100000000 23.5011 1.19861 0 0 0 -0.797154 0.603776
893.100000000 23.4152 0.309259 0 0 0 -0.711761 0.702422
896.800000000 23.4702 -0.672642 0 0 0 -0.679695 0.733495
901.100000000 23.5613 -1.67258 0 0 0 -0.674666 0.738123
902.500000000 23.7601 -2.70131 0 0 0 -0.616256 0.787546
903.800000000 24.2109 -3.23199 0 0 0 -0.362589 0.931949
905.000000000 24.8244 -3.49684 0 0 0 -0.0958243 0.995398
906.300000000 25.788 -3.47523 0 0 0 0.0620037 0.998076
907.300000000 26.1333 -3.26008 0 0 0 0.344931 0.938628
907.900000000 26.0495 -3.18407 0 0 0 0.59792 0.801556
908.500000000 25.9295 -3.18526 0 0 0 0.808048 0.589116
909.100000000 25.8234 -3.25218 0 0 0 0.9455 0.325623
909.700000000 25.7827 -3.3598 0 0 0 0.9995 0.0316112
910.200000000 25.8005 -3.44753 0 0 0 -0.975989 0.217819
910.900000000 25.8934 -3.53271 0 0 0 -0.841987 0.539497
911.500000000 26.0254 -3.56737 0 0 0 -0.655102 0.75554
912.700000000 26.3739 -4.02638 0 0 0 -0.395139 0.918621
913.600000000 26.6226 -4.08616 0 0 0 -0.0770512 0.997027
914.200000000 26.606 -3.98807 0 0 0 0.223198 0.974773
914.800000000 26.5257 -3.90232 0 0 0 0.499243 0.866462
915.400000000 26.3933 -3.8794 0 0 0 0.732731 0.680519
916.100000000 26.2734 -3.92403 0 0 0 0.921913 0.387397
916.700000000 26.2174 -4.0301 0 0 0 0.995222 0.0976385
917.300000000 26.2272 -4.1367 0 0 0 -0.979618 0.20087
918.200000000 25.9214 -4.47216 0 0 0 -0.910062 0.414472
919.700000000 25.6375 -5.38767 0 0 0 -0.777712 0.628621
921.100000000 25.5219 -6.41262 0 0 0 -0.741427 0.671034
923.000000000 25.4612 -7.34268 0 0 0 -0.718537 0.695489
927.200000000 25.4757 -8.30332 0 0 0 -0.695712 0.71832
930.900000000 25.5237 -9.37634 0 0 0 -0.690476 0.723355
932.400000000 25.7668 -10.3392 0 0 0 -0.529186 0.848506
933.600000000 26.2235 -10.747 0 0 0 -0.269097 0.963113
934.200000000 26.3213 -10.6679 0 0 0 -0.0116482 0.999932
935.900000000 27.3978 -10.4967 0 0 0 0.0433456 0.99906
937.000000000 27.7917 -10.6037 0 0 0 -0.266158 0.963929
937.500000000 27.7178 -10.6772 0 0 0 -0.489491 0.872008
938.200000000 27.6371 -10.769 0 0 0 -0.746325 0.665582
939.000000000 27.343 -10.9807 0 0 0 -0.879293 0.476282
940.400000000 26.7107 -11.7571 0 0 0 -0.905525 0.424294
941.800000000 26.2889 -12.6192 0 0 0 -0.791566 0.611083
943.200000000 26.2644 -13.6693 0 0 0 -0.675652 0.737221
944.500000000 26.4524 -14.6352 0 0 0 -0.65355 0.756883
945.800000000 26.5066 -15.5922 0 0 0 -0.698044 0.716055
947.000000000 26.4735 -16.5049 0 0 0 -0.73206 0.68124
948.300000000 26.3442 -17.4703 0 0 0 -0.758874 0.651237
949.600000000 26.3398 -18.4477 0 0 0 -0.688846 0.724907
951.000000000 26.4092 -19.4919 0 0 0 -0.689895 0.72391
952.300000000 26.4187 -20.4646 0 0 0 -0.711479 0.702708
953.700000000 26.4006 -21.5158 0 0 0 -0.711294 0.702895
955.000000000 26.3782 -22.4869 0 0 0 -0.711257 0.702932
956.400000000 26.3779 -23.5389 0 0 0 -0.702414 0.711769
957.700000000 26.439 -24.5089 0 0 0 -0.672586 0.740019
959.000000000 26.5301 -25.4388 0 0 0 -0.670625 0.741797
960.300000000 26.5987 -26.4427 0 0 0 -0.707421 0.706793
961.000000000 26.4636 -26.5311 0 0 0 -0.880059 0.474865
961.700000000 26.3844 -26.4301 0 0 0 -0.988694 0.149945
962.300000000 26.3828 -26.3036 0 0 0 0.989516 0.144422
962.900000000 26.4591 -26.1912 0 0 0 0.905139 0.425115
963.600000000 26.5518 -26.0918 0 0 0 0.72535 0.68838
964.300000000 26.6715 -25.9108 0 0 0 0.530861 0.847459
965.900000000 27.4807 -25.1893 0 0 0 0.301264 0.953541
966.800000000 27.7528 -25.1573 0 0 0 -0.00780742 0.99997
967.400000000 27.7278 -25.2775 0 0 0 -0.298633 0.954368
967.900000000 27.6488 -25.351 0 0 0 -0.521484 0.853261
968.600000000 27.5282 -25.4474 0 0 0 -0.759533 0.650469
969.700000000 27.2268 -25.8768 0 0 0 -0.912673 0.40869
971.000000000 26.4624 -26.5163 0 0 0 -0.929261 0.369423
972.400000000 25.747 -27.2897 0 0 0 -0.911637 0.410997
973.600000000 25.1931 -28.0012 0 0 0 -0.891018 0.453969
975.000000000 24.52 -28.8083 0 0 0 -0.918953 0.394367
976.200000000 23.8311 -29.3752 0 0 0 -0.952872 0.303372
977.000000000 23.6562 -29.3483 0 0 0 0.999944 0.0105925
977.700000000 23.6938 -29.2042 0 0 0 0.937101 0.34906
978.200000000 23.7674 -29.1533 0 0 0 0.824594 0.565726
979.000000000 23.8967 -28.9773 0 0 0 0.604919 0.796287
979.700000000 24.0475 -28.8987 0 0 0 0.367367 0.930076
981.300000000 24.9348 -28.3103 0 0 0 0.355964 0.9345
982.800000000 25.4114 -27.4696 0 0 0 0.591723 0.806142
984.000000000 25.3694 -26.8032 0 0 0 0.778961 0.627073
985.500000000 24.8148 -26.0181 0 0 0 0.913213 0.407483
986.800000000 24.1045 -25.3409 0 0 0 0.932937 0.360041
988.100000000 23.3753 -24.6929 0 0 0 0.932987 0.35991
989.600000000 22.5081 -24.2888 0 0 0 0.991549 0.129735
991.800000000 21.5087 -24.2718 0 0 0 -0.999764 0.0217227
995.600000000 20.5766 -24.3518 0 0 0 -0.998595 0.0529959
999.400000000 19.6264 -24.4435 0 0 0 -0.999197 0.0400655
1001.900000000 18.6028 -24.4804 0 0 0 0.999963 0.00858061
1003.300000000 17.5295 -24.4009 0 0 0 0.987197 0.159509
1004.600000000 16.6303 -24.0466 0 0 0 0.981835 0.189735
1005.900000000 15.7004 -23.7566 0 0 0 0.992052 0.125825
1007.100000000 14.8433 -23.612 0 0 0 0.999292 0.0376289
1008.800000000 13.8933 -23.6354 0 0 0 -0.999778 0.0210648
1012.100000000 12.9291 -23.6813 0 0 0 -0.99961 0.0279419
1012.900000000 12.8163 -23.8103 0 0 0 -0.950179 0.311706
1013.600000000 12.9243 -23.9009 0 0 0 -0.793841 0.608126
1014.300000000 13.0418 -23.9944 0 0 0 -0.576861 0.816842
1016.000000000 13.803 -24.7342 0 0 0 -0.38463 0.923071
1017.400000000 14.3765 -25.5983 0 0 0 -0.539823 0.841778
1018.900000000 14.5822 -26.6272 0 0 0 -0.6183 0.785942
1020.400000000 15.1471 -27.4568 0 0 0 -0.472232 0.881474
1021.800000000 15.7674 -28.2996 0 0 0 -0.442555 0.896741
1023.200000000 16.4228 -29.1223 0 0 0 -0.426662 0.904411
1024.400000000 17.018 -29.7927 0 0 0 -0.401601 0.915815
1025.300000000 17.3343 -29.8976 0 0 0 -0.126668 0.991945
1026.200000000 17.5582 -29.7649 0 0 0 0.202395 0.979304
1026.800000000 17.5668 -29.6418 0 0 0 0.446417 0.894825
1027.500000000 17.4361 -29.6109 0 0 0 0.726665 0.686992
1028.000000000 17.2987 -29.6393 0 0 0 0.873895 0.486115
1028.700000000 17.2151 -29.7136 0 0 0 0.982487 0.186332
1029.400000000 17.0514 -29.785 0 0 0 -0.995863 0.0908674
1030.600000000 16.4566 -30.1711 0 0 0 -0.951239 0.308456
1031.900000000 15.6411 -30.6968 0 0 0 -0.962487 0.271327
1033.400000000 14.6551 -30.981 0 0 0 -0.998963 0.0455342
1034.700000000 13.7047 -30.8883 0 0 0 0.996969 0.0777963
1035.900000000 12.8121 -30.7803 0 0 0 0.998972 0.0453369
1037.400000000 11.731 -30.7775 0 0 0 -0.997197 0.0748232
1039.000000000 10.8177 -31.1116 0 0 0 -0.990022 0.140915
1039.900000000 10.5785 -31.0495 0 0 0 0.989922 0.141612
1040.500000000 10.6345 -30.9464 0 0 0 0.906569 0.422057
1041.200000000 10.7382 -30.9016 0 0 0 0.709722 0.704482
1041.900000000 10.9066 -30.7352 0 0 0 0.508227 0.861223
1042.600000000 11.1038 -30.6511 0 0 0 0.287016 0.957926
1044.200000000 12.0077 -30.3431 0 0 0 0.236638 0.971598
1045.700000000 12.6166 -29.6647 0 0 0 0.506996 0.861949
1046.900000000 12.755 -29.0184 0 0 0 0.728279 0.68528
1048.400000000 12.3201 -28.1864 0 0 0 0.891937 0.452159
1049.900000000 11.4684 -27.6434 0 0 0 0.976465 0.215675
1051.400000000 10.5149 -27.419 0 0 0 0.999081 0.0428526
1052.700000000 9.49553 -27.4527 0 0 0 -0.998878 0.0473516
1054.000000000 8.56467 -27.598 0 0 0 -0.995413 0.0956666
1055.400000000 7.54744 -27.832 0 0 0 -0.990719 0.135928
1056.700000000 6.44239 -28.1425 0 0 0 -0.996167 0.0874701
1058.100000000 5.53068 -28.4262 0 0 0 -0.973972 0.226667
1059.400000000 4.88252 -29.0334 0 0 0 -0.920238 0.39136
1060.800000000 4.59177 -29.6717 0 0 0 -0.748238 0.663431
1061.500000000 4.72387 -29.8408 0 0 0 -0.556314 0.830972
1063.000000000 5.40005 -30.6194 0 0 0 -0.349001 0.937122
1064.300000000 6.21737 -31.1222 0 0 0 -0.276308 0.961069
1065.600000000 6.88496 -31.2649 0 0 0 0.0277056 0.999616
1066.300000000 6.83372 -31.1441 0 0 0 0.371011 0.928629
1066.800000000 6.75065 -31.0867 0 0 0 0.590138 0.807302
1067.400000000 6.61328 -31.0856 0 0 0 0.801306 0.598254
1068.400000000 6.25831 -30.8307 0 0 0 0.944791 0.327672
1069.800000000 5.44648 -30.5462 0 0 0 0.996712 0.0810306
1071.200000000 4.55967 -30.6198 0 0 0 -0.994934 0.100533
1072.500000000 3.4601 -30.8146 0 0 0 -0.997822 0.0659664
1073.700000000 2.50721 -30.8867 0 0 0 -0.999723 0.0235484
1075.100000000 1.51358 -30.8946 0 0 0 0.999996 0.0029377
1076.100000000 1.17678 -30.7648 0 0 0 0.958196 0.286112
1076.800000000 1.27622 -30.6176 0 0 0 0.827828 0.560982
1077.400000000 1.35533 -30.4969 0 0 0 0.66753 0.744582
1078.800000000 1.74638 -29.6067 0 0 0 0.535313 0.844654
1080.400000000 1.93967 -28.6807 0 0 0 0.734964 0.678107
1081.500000000 1.79139 -28.3331 0 0 0 0.911899 0.410415
1082.100000000 1.67537 -28.3667 0 0 0 0.98713 0.15992
1082.700000000 1.59625 -28.4589 0 0 0 -0.994733 0.102503
1083.300000000 1.5047 -28.5887 0 0 0 -0.931706 0.363213
1083.900000000 1.62646 -28.6471 0 0 0 -0.78402 0.620735
1084.400000000 1.72425 -28.6387 0 0 0 -0.606489 0.795092
1085.100000000 1.80454 -28.5641 0 0 0 -0.29132 0.956626
1085.600000000 1.84866 -28.45 0 0 0 -0.0461852 0.998933
1086.300000000 1.82298 -28.3343 0 0 0 0.299777 0.954009
1086.900000000 1.74759 -28.2698 0 0 0 0.568371 0.822772
1087.500000000 1.70269 -28.2551 0 0 0 0.784044 0.620706
1088.000000000 1.49254 -28.2308 0 0 0 0.900356 0.435154
1088.600000000 1.39906 -28.2962 0 0 0 0.984994 0.172587
1090.700000000 0.339848 -28.3301 0 0 0 0.997337 0.0729347
1092.700000000 -0.608619 -28.2349 0 0 0 0.999587 0.0287353
1094.800000000 -1.80751 -28.2062 0 0 0 0.999987 0.00509056
1096.100000000 -2.78079 -28.2012 0 0 0 -1 0.000512447
1097.300000000 -3.6841 -28.196 0 0 0 -1 0.00029396
1098.700000000 -4.73746 -28.1887 0 0 0 -0.999984 0.00570175
1100.000000000 -5.58023 -28.2192 0 0 0 -0.995239 0.0974648
1101.400000000 -6.36805 -28.6682 0 0 0 -0.926941 0.375208
1102.600000000 -6.62271 -29.2843 0 0 0 -0.794705 0.606996
1103.400000000 -6.53826 -29.5064 0 0 0 -0.590724 0.806874
1104.800000000 -6.06278 -30.3353 0 0 0 -0.481965 0.87619
1106.300000000 -5.31766 -30.9728 0 0 0 -0.251828 0.967772
1107.000000000 -5.22219 -30.8871 0 0 0 0.0578275 0.998327
1107.500000000 -5.20322 -30.7866 0 0 0 0.280653 0.959809
1108.100000000 -5.29363 -30.7106 0 0 0 0.551782 0.833988
1108.800000000 -5.43382 -30.6886 0 0 0 0.804669 0.593723
1109.300000000 -5.53221 -30.7565 0 0 0 0.926311 0.376759
1110.500000000 -6.1222 -30.5954 0 0 0 0.99571 0.0925294
1111.800000000 -7.09874 -30.5859 0 0 0 -0.999859 0.0168165
1113.200000000 -8.14621 -30.6788 0 0 0 -0.998304 0.0582146
1114.600000000 -9.18562 -30.7698 0 0 0 -0.999511 0.0312729
1115.900000000 -10.159 -30.7956 0 0 0 -0.999961 0.0088472
1117.200000000 -11.1329 -30.8025 0 0 0 0.999982 0.00595399
1118.800000000 -12.063 -31.1002 0 0 0 -0.959054 0.283222
1119.700000000 -12.2218 -31.3875 0 0 0 -0.837485 0.54646
1120.400000000 -12.0742 -31.3913 0 0 0 -0.598839 0.800869
1121.000000000 -11.9841 -31.3295 0 0 0 -0.335997 0.941863
1121.700000000 -11.8502 -31.2307 0 0 0 -0.0390356 0.999238
1122.400000000 -11.7141 -31.108 0 0 0 0.232793 0.972526
1123.800000000 -10.9403 -30.5183 0 0 0 0.329113 0.94429
1125.100000000 -10.1981 -29.8776 0 0 0 0.349707 0.936859
1126.500000000 -9.44151 -29.157 0 0 0 0.382386 0.924003
1127.800000000 -8.75158 -28.4621 0 0 0 0.430114 0.902774
1129.100000000 -8.39318 -27.6148 0 0 0 0.565913 0.824465
1130.800000000 -8.27025 -26.6047 0 0 0 0.680234 0.732995
1133.700000000 -8.20962 -25.6092 0 0 0 0.721021 0.692913
1137.600000000 -8.27294 -24.5638 0 0 0 0.755238 0.65545
1138.900000000 -8.56104 -23.6247 0 0 0 0.838654 0.544665
1140.200000000 -9.00591 -22.7529 0 0 0 0.827787 0.561043
1141.700000000 -9.17426 -21.8388 0 0 0 0.738867 0.673851
1143.800000000 -9.08902 -20.8508 0 0 0 0.618483 0.785798
1145.300000000 -8.53939 -20.0874 0 0 0 0.397624 0.917549
1146.600000000 -7.83223 -19.4242 0 0 0 0.364707 0.931122
1148.000000000 -7.07402 -18.6969 0 0 0 0.379717 0.925103
1155.700000000 -6.46286 -17.9148 0 0 0 0.548931 0.835868
1157.000000000 -6.50525 -17.1618 0 0 0 0.764531 0.644587
1158.400000000 -6.85528 -16.2108 0 0 0 0.823772 0.566921
1159.800000000 -7.2946 -15.2847 0 0 0 0.838721 0.544561
1161.100000000 -7.22512 -14.5377 0 0 0 0.662939 0.748673
1162.800000000 -6.95048 -13.9868 0 0 0 0.411771 0.911287
1163.900000000 -6.73402 -13.9437 0 0 0 0.140546 0.990074
1164.500000000 -6.72504 -14.0208 0 0 0 -0.071567 0.997436
1165.600000000 -6.72421 -14.1464 0 0 0 -0.439193 0.898393
1167.500000000 -6.49836 -14.854 0 0 0 -0.641208 0.767367
1168.300000000 -6.61002 -14.8497 0 0 0 -0.846693 0.532082
1169.100000000 -6.72275 -14.79 0 0 0 -0.96899 0.2471
1169.800000000 -6.7481 -14.6932 0 0 0 0.999765 0.0216631
1170.400000000 -6.73291 -14.6186 0 0 0 0.968824 0.247751
1171.200000000 -6.59439 -14.5427 0 0 0 0.85213 0.523329
1172.100000000 -6.5893 -14.2862 0 0 0 0.70962 0.704584
1173.600000000 -6.53953 -13.3789 0 0 0 0.704174 0.710027
1174.400000000 -6.52212 -13.3751 0 0 0 0.478703 0.877977
1175.300000000 -6.43046 -13.4602 0 0 0 0.183259 0.983065
1176.600000000 -5.85637 -13.5148 0 0 0 -0.0619348 0.99808
1178.700000000 -5.39079 -13.5116 0 0 0 0.277773 0.960647
1179.500000000 -5.34986 -13.3019 0 0 0 0.495796 0.868439
1181.000000000 -5.11435 -12.3458 0 0 0 0.668211 0.743972
1182.300000000 -5.14974 -12.0926 0 0 0 0.858668 0.512532
1183.300000000 -5.28844 -12.1746 0 0 0 0.971543 0.236861
1184.100000000 -5.31382 -12.2703 0 0 0 -0.998359 0.0572652
1185.000000000 -5.25808 -12.4202 0 0 0 -0.925219 0.379433
1185.600000000 -5.18764 -12.4504 0 0 0 -0.815201 0.579178
1186.400000000 -5.07739 -12.4748 0 0 0 -0.594409 0.804163
1187.200000000 -4.94788 -12.3974 0 0 0 -0.315324 0.948984
1188.100000000 -4.70277 -12.4037 0 0 0 -0.0844985 0.996424
1189.400000000 -4.27548 -12.2402 0 0 0 0.210941 0.977499
1190.500000000 -3.92528 -11.88 0 0 0 0.432811 0.901485
1192.200000000 -3.81465 -11.1547 0 0 0 0.682412 0.730968
1193.800000000 -4.01509 -10.6318 0 0 0 0.876533 0.481342
1194.400000000 -4.05254 -10.6944 0 0 0 0.966883 0.25522
1195.200000000 -4.0781 -10.8496 0 0 0 -0.997903 0.0647347
1195.800000000 -4.04617 -10.9019 0 0 0 -0.952143 0.305652
1196.600000000 -3.94879 -10.9889 0 0 0 -0.805175 0.593038
1197.400000000 -3.82789 -11.007 0 0 0 -0.587732 0.809056
1198.600000000 -3.46058 -11.3438 0 0 0 -0.356806 0.934179
1199.700000000 -3.11127 -11.4392 0 0 0 -0.0883497 0.99609
1200.400000000 -2.99892 -11.3428 0 0 0 0.155926 0.987769
1201.300000000 -2.92417 -11.1424 0 0 0 0.454161 0.890919
1202.400000000 -2.85826 -10.7444 0 0 0 0.649477 0.760381
1203.700000000 -2.98288 -10.3305 0 0 0 0.834147 0.551542
1204.600000000 -3.0792 -10.4177 0 0 0 0.963951 0.266082
1205.400000000 -3.10785 -10.51 0 0 0 -0.999163 0.0409126
1206.000000000 -3.07603 -10.6379 0 0 0 -0.943412 0.331622
1206.600000000 -2.96882 -10.6955 0 0 0 -0.805003 0.59327
1207.200000000 -2.86277 -10.7054 0 0 0 -0.595594 0.803286
1207.800000000 -2.74872 -10.6984 0 0 0 -0.349985 0.936755
1208.300000000 -2.64892 -10.6181 0 0 0 -0.131313 0.991341
1209.000000000 -2.60592 -10.5046 0 0 0 0.18466 0.982803
1209.700000000 -2.55954 -10.3236 0 0 0 0.420395 0.907341
1211.600000000 -1.73944 -9.87603 0 0 0 0.114887 0.993379
1212.600000000 -1.46647 -9.97944 0 0 0 -0.160262 0.987075
1214.800000000 -0.684519 -10.5892 0 0 0 -0.251554 0.967843
1216.000000000 -0.414322 -10.5403 0 0 0 0.0665849 0.997781
1216.800000000 -0.46337 -10.4327 0 0 0 0.404054 0.914735
1217.400000000 -0.528694 -10.37 0 0 0 0.620644 0.784092
1218.400000000 -0.658028 -10.0437 0 0 0 0.810606 0.585592
1219.500000000 -0.915819 -9.88951 0 0 0 0.96005 0.279829
1220.200000000 -1.01579 -9.96375 0 0 0 -0.999931 0.0117077
1221.000000000 -0.881102 -10.1246 0 0 0 -0.942644 0.3338
1221.700000000 -0.804527 -10.1932 0 0 0 -0.805715 0.592303
1222.400000000 -0.730891 -10.2056 0 0 0 -0.599635 0.800273
1223.200000000 -0.569201 -10.1129 0 0 0 -0.307994 0.951388
1224.100000000 -0.441539 -10.0101 0 0 0 0.0171235 0.999853
1225.000000000 -0.398896 -9.85534 0 0 0 0.336772 0.941586
1226.800000000 0.0264198 -8.94912 0 0 0 0.464531 0.885557
1228.300000000 0.704601 -8.22738 0 0 0 0.394559 0.918871
1230.400000000 1.37037 -7.71694 0 0 0 0.111513 0.993763
1231.000000000 1.37989 -7.81985 0 0 0 -0.150863 0.988555
1231.600000000 1.32841 -7.92485 0 0 0 -0.416944 0.908932
1232.300000000 1.21952 -7.96163 0 0 0 -0.690644 0.723195
1232.800000000 1.11779 -7.96377 0 0 0 -0.840499 0.541813
1233.600000000 0.886293 -7.99629 0 0 0 -0.963276 0.268513
1234.900000000 0.206445 -8.0549 0 0 0 0.999527 0.0307423
1236.000000000 -0.0277375 -7.88119 0 0 0 0.943718 0.330751
1237.000000000 -0.0188565 -7.71214 0 0 0 0.797182 0.603738
1238.300000000 0.107646 -6.97541 0 0 0 0.63878 0.76939
1240.100000000 0.475151 -6.21911 0 0 0 0.373723 0.92754
1241.000000000 0.536721 -6.30795 0 0 0 0.107681 0.994185
1241.800000000 0.547101 -6.42779 0 0 0 -0.152399 0.988319
1242.700000000 0.482502 -6.52448 0 0 0 -0.443468 0.89629
1243.500000000 0.371363 -6.57783 0 0 0 -0.695143 0.718872
1244.000000000 0.280039 -6.56098 0 0 0 -0.841992 0.53949
1244.500000000 0.206948 -6.51235 0 0 0 -0.943053 0.332644
1245.300000000 0.148162 -6.37372 0 0 0 0.999411 0.034308
1245.900000000 0.109692 -6.25758 0 0 0 0.957679 0.28784
1246.600000000 0.116398 -6.09834 0 0 0 0.834471 0.551052
1247.300000000 0.231087 -5.96188 0 0 0 0.650838 0.759217
1248.800000000 0.403507 -4.97513 0 0 0 0.669454 0.742853
1250.200000000 0.282576 -4.42208 0 0 0 0.883185 0.469024
1250.700000000 0.215909 -4.49767 0 0 0 0.971824 0.23571
1251.400000000 0.202694 -4.63126 0 0 0 -0.993645 0.112561
1252.100000000 0.141274 -4.78939 0 0 0 -0.923082 0.384604
1253.100000000 -0.00151455 -5.28021 0 0 0 -0.798577 0.601893
1254.400000000 -0.072078 -6.20607 0 0 0 -0.715722 0.698385
1256.200000000 -0.00537479 -7.29054 0 0 0 -0.685901 0.727695
1257.400000000 0.0405075 -8.18202 0 0 0 -0.709516 0.704689
1258.800000000 -0.0976581 -9.20986 0 0 0 -0.778339 0.627844
1260.400000000 -0.652978 -10.0755 0 0 0 -0.920477 0.390797
1262.000000000 -1.60307 -10.55 0 0 0 -0.989295 0.14593
1263.800000000 -2.59703 -10.6368 0 0 0 -0.999993 0.00374309
1265.100000000 -3.56683 -10.5482 0 0 0 0.998119 0.0613037
1266.400000000 -4.53753 -10.4381 0 0 0 0.999027 0.0441062
1268.000000000 -5.56981 -10.3881 0 0 0 0.999919 0.012738
1270.700000000 -6.51227 -10.3828 0 0 0 0.999991 0.004176
1274.400000000 -7.50572 -10.3751 0 0 0 0.999991 0.00412451
1277.300000000 -8.47119 -10.3816 0 0 0 -0.99994 0.0109563
1281.100000000 -9.46253 -10.3869 0 0 0 -0.999989 0.0046704
1284.800000000 -10.4238 -10.3864 0 0 0 -0.999998 0.00218569
1286.500000000 -11.4283 -10.3898 0 0 0 -0.999998 0.0020595
1287.900000000 -12.5265 -10.3591 0 0 0 0.998711 0.0507586
1289.300000000 -13.4032 -10.0114 0 0 0 0.975168 0.221465
1290.900000000 -14.2694 -9.28707 0 0 0 0.901041 0.433734
1291.900000000 -14.4413 -8.80625 0 0 0 0.761891 0.647705
1292.600000000 -14.315 -8.85265 0 0 0 0.497107 0.867689
1293.200000000 -14.2291 -8.93268 0 0 0 0.223057 0.974805
1293.700000000 -14.2015 -9.0377 0 0 0 -0.0215353 0.999768
1294.400000000 -14.2423 -9.15774 0 0 0 -0.357995 0.933724
1295.100000000 -14.3133 -9.24077 0 0 0 -0.653481 0.756943
1295.700000000 -14.487 -9.34334 0 0 0 -0.813948 0.580938
1296.800000000 -14.8633 -9.71085 0 0 0 -0.945414 0.325871
1298.200000000 -15.7069 -10.217 0 0 0 -0.945386 0.325954
1299.600000000 -16.4581 -10.9568 0 0 0 -0.919143 0.393924
1300.900000000 -17.1364 -11.6483 0 0 0 -0.923055 0.384669
1302.200000000 -17.7966 -12.4126 0 0 0 -0.90958 0.415528
1303.500000000 -18.3958 -13.1143 0 0 0 -0.871056 0.491183
1304.800000000 -18.7176 -14.0351 0 0 0 -0.783294 0.621651
1306.100000000 -18.76 -15.0157 0 0 0 -0.695191 0.718825
1307.400000000 -18.6408 -16.061 0 0 0 -0.676235 0.736686
1308.500000000 -18.571 -17.2651 0 0 0 -0.689898 0.723907
1310.300000000 -18.7094 -18.0777 0 0 0 -0.901394 0.433001
1310.900000000 -18.7914 -17.9865 0 0 0 -0.988192 0.15322
1311.500000000 -18.7926 -17.8721 0 0 0 0.990004 0.141039
1312.100000000 -18.7407 -17.765 0 0 0 0.906093 0.423079
1312.700000000 -18.6514 -17.6642 0 0 0 0.757437 0.652908
1313.500000000 -18.5036 -17.5281 0 0 0 0.523347 0.85212
1314.900000000 -17.8604 -16.9399 0 0 0 0.280584 0.959829
1316.400000000 -16.8494 -16.7115 0 0 0 0.0494216 0.998778
1317.800000000 -15.8517 -16.8662 0 0 0 -0.142752 0.989759
1319.200000000 -15.3393 -16.8971 0 0 0 0.199812 0.979834
1319.800000000 -15.4058 -16.7889 0 0 0 0.473581 0.88075
1320.300000000 -15.5054 -16.7648 0 0 0 0.672382 0.740204
1320.900000000 -15.6143 -16.7598 0 0 0 0.856444 0.516239
1321.600000000 -15.7485 -16.8215 0 0 0 0.976111 0.217271
1323.200000000 -16.7903 -16.7722 0 0 0 0.999922 0.0124686
1324.500000000 -17.7684 -16.7006 0 0 0 0.999575 0.0291667
1325.800000000 -18.7407 -16.7002 0 0 0 -0.999952 0.00980572
1327.200000000 -19.7904 -16.7662 0 0 0 -0.999091 0.0426337
1328.500000000 -20.7576 -16.8763 0 0 0 -0.997949 0.0640148
1329.800000000 -21.7344 -17.0057 0 0 0 -0.998221 0.0596295
1331.300000000 -22.6756 -17.059 0 0 0 0.999206 0.0398381
1332.000000000 -22.6767 -16.9291 0 0 0 0.935703 0.35279
1332.600000000 -22.573 -16.8582 0 0 0 0.792892 0.609362
1333.200000000 -22.4549 -16.8626 0 0 0 0.581175 0.813779
1333.700000000 -22.3712 -16.8917 0 0 0 0.365672 0.930744
1334.600000000 -22.0367 -16.8845 0 0 0 0.0820852 0.996625
1336.000000000 -21.0961 -16.7191 0 0 0 0.165886 0.986145
1337.300000000 -20.7003 -16.2285 0 0 0 0.450356 0.892849
1338.500000000 -20.4423 -15.5717 0 0 0 0.669728 0.742607
1340.000000000 -20.6897 -14.6245 0 0 0 0.838177 0.545398
1341.400000000 -21.2798 -14.0112 0 0 0 0.954062 0.299609
1342.100000000 -21.3179 -14.1238 0 0 0 -0.99923 0.0392267
1342.600000000 -21.2994 -14.2264 0 0 0 -0.959553 0.281529
1343.300000000 -21.2213 -14.326 0 0 0 -0.811015 0.585026
1344.100000000 -21.1206 -14.7024 0 0 0 -0.664679 0.747129
1345.600000000 -20.8234 -15.7445 0 0 0 -0.61837 0.785887
1346.900000000 -20.7593 -16.7152 0 0 0 -0.706104 0.708108
1348.100000000 -20.8422 -17.6275 0 0 0 -0.736187 0.676778
1349.500000000 -20.9089 -18.6686 0 0 0 -0.731514 0.681827
1350.800000000 -20.9299 -19.6471 0 0 0 -0.706233 0.70798
1352.100000000 -20.9228 -20.6228 0 0 0 -0.706793 0.707421
1353.500000000 -20.9359 -21.6697 0 0 0 -0.713456 0.7007
1354.700000000 -20.938 -22.5732 0 0 0 -0.708673 0.705537
1356.000000000 -20.9398 -23.5465 0 0 0 -0.708901 0.705308
1357.300000000 -20.9909 -24.5171 0 0 0 -0.746951 0.664879
1358.500000000 -21.1082 -25.4179 0 0 0 -0.734765 0.678322
1360.100000000 -21.2458 -26.4919 0 0 0 -0.800205 0.599727
1361.300000000 -21.6809 -27.0711 0 0 0 -0.919222 0.39374
1362.800000000 -22.587 -27.5533 0 0 0 -0.985355 0.170517
1364.100000000 -23.5217 -27.6482 0 0 0 -0.999988 0.00492138
1365.500000000 -24.5312 -27.4368 0 0 0 0.986898 0.161343
1366.200000000 -24.5626 -27.3248 0 0 0 0.890327 0.455322
1366.800000000 -24.4343 -27.278 0 0 0 0.719259 0.694742
1367.400000000 -24.319 -27.2995 0 0 0 0.486019 0.873948
1367.900000000 -24.2757 -27.3708 0 0 0 0.258079 0.966124
1368.500000000 -24.2102 -27.4726 0 0 0 -0.0343854 0.999409
1369.200000000 -24.2615 -27.5951 0 0 0 -0.369609 0.929187
1369.900000000 -24.2838 -27.7851 0 0 0 -0.608234 0.793758
1370.800000000 -24.4156 -28.0465 0 0 0 -0.823018 0.568016
1371.600000000 -24.6534 -28.2083 0 0 0 -0.93489 0.354937
1372.900000000 -24.7977 -28.6417 0 0 0 -0.771793 0.635874
1374.500000000 -24.6008 -29.6147 0 0 0 -0.660017 0.751251
1375.800000000 -24.7986 -30.316 0 0 0 -0.842733 0.538332
1377.300000000 -25.4882 -30.9956 0 0 0 -0.953865 0.300236
1378.200000000 -25.7685 -30.9789 0 0 0 0.999917 0.0129164
1379.700000000 -26.7592 -30.7546 0 0 0 0.996509 0.0834863
1380.800000000 -27.1981 -30.8483 0 0 0 -0.971681 0.236295
1381.400000000 -27.1152 -30.9321 0 0 0 -0.858507 0.512802
1382.000000000 -26.9987 -30.9552 0 0 0 -0.668483 0.743728
1382.600000000 -26.8631 -30.9887 0 0 0 -0.458252 0.888822
1383.500000000 -26.5833 -31.0495 0 0 0 -0.152983 0.988229
1384.900000000 -25.5715 -31.1234 0 0 0 -0.00772021 0.99997
1386.200000000 -24.6009 -31.0651 0 0 0 0.0484687 0.998825
1387.500000000 -23.6307 -31.0208 0 0 0 0.00286596 0.999996
1388.800000000 -22.6759 -31.0649 0 0 0 -0.0407807 0.999168
1390.100000000 -21.6932 -31.1263 0 0 0 -0.0199615 0.999801
1391.400000000 -20.705 -31.1338 0 0 0 0.00729888 0.999973
1392.800000000 -19.661 -31.1035 0 0 0 0.0150108 0.999887
1394.000000000 -18.7603 -31.1155 0 0 0 -0.0319994 0.999488
1395.400000000 -17.7126 -31.2074 0 0 0 -0.0388867 0.999244
1397.100000000 -16.8601 -31.4375 0 0 0 -0.34989 0.936791
1397.700000000 -16.9545 -31.5074 0 0 0 -0.607441 0.794365
1398.400000000 -17.092 -31.5113 0 0 0 -0.839922 0.542707
1398.900000000 -17.1663 -31.4415 0 0 0 -0.946969 0.321324
1399.500000000 -17.2728 -31.3788 0 0 0 -0.997928 0.0643395
1400.800000000 -17.9871 -31.1663 0 0 0 0.977376 0.211511
1402.300000000 -18.7365 -30.421 0 0 0 0.920109 0.391663
1403.600000000 -19.4439 -29.7707 0 0 0 0.919427 0.393262
1405.000000000 -20.1575 -29.0249 0 0 0 0.923898 0.382639
1406.200000000 -20.7983 -28.3903 0 0 0 0.924801 0.380452
1407.600000000 -21.5513 -27.6543 0 0 0 0.924825 0.380393
1409.000000000 -22.3408 -26.9645 0 0 0 0.944746 0.327803
1410.300000000 -23.1666 -26.4406 0 0 0 0.966491 0.2567
1411.600000000 -24.0508 -26.0334 0 0 0 0.983126 0.182931
1412.800000000 -24.9022 -25.7665 0 0 0 0.990914 0.134497
1414.100000000 -25.8597 -25.5525 0 0 0 0.994737 0.10246
1415.600000000 -26.83 -25.1313 0 0 0 0.96037 0.278729
1417.000000000 -27.2342 -24.5783 0 0 0 0.806473 0.591271
1417.700000000 -27.1282 -24.5319 0 0 0 0.598315 0.801261
1418.400000000 -26.9751 -24.4797 0 0 0 0.352183 0.935931
1420.600000000 -26.5404 -23.765 0 0 0 0.5947 0.803948
1422.000000000 -26.4877 -22.7266 0 0 0 0.728804 0.684723
1423.400000000 -26.8125 -22.0285 0 0 0 0.890346 0.455285
1424.700000000 -27.506 -21.3425 0 0 0 0.932794 0.36041
1426.000000000 -28.1979 -20.6674 0 0 0 0.913641 0.406523
1427.400000000 -28.7326 -19.7686 0 0 0 0.838931 0.544237
1429.100000000 -28.8442 -18.9784 0 0 0 0.605498 0.795847
1429.700000000 -28.7505 -19.0961 0 0 0 0.350337 0.936624
1430.400000000 -28.687 -19.2308 0 0 0 0.0152744 0.999883
1431.000000000 -28.7189 -19.3485 0 0 0 -0.280827 0.959758
1431.600000000 -28.7912 -19.4321 0 0 0 -0.547987 0.836487
1432.100000000 -28.8838 -19.4535 0 0 0 -0.735942 0.677045
1433.000000000 -29.1332 -19.6795 0 0 0 -0.899663 0.436584
1434.500000000 -29.9721 -20.2017 0 0 0 -0.975168 0.221465
1435.900000000 -30.6797 -20.8438 0 0 0 -0.903399 0.428801
1437.500000000 -31.0528 -21.8588 0 0 0 -0.766999 0.641648
1438.900000000 -31.0021 -22.8943 0 0 0 -0.6658 0.74613
1440.100000000 -30.8267 -23.7806 0 0 0 -0.599186 0.80061
1440.900000000 -30.6865 -23.7986 0 0 0 -0.28918 0.957275
1441.500000000 -30.6001 -23.702 0 0 0 -0.0229412 0.999737
1442.500000000 -30.2525 -23.4926 0 0 0 0.271526 0.962431
1443.900000000 -29.5086 -22.7082 0 0 0 0.429373 0.903127
1445.200000000 -29.0551 -21.8839 0 0 0 0.544205 0.838952
1446.500000000 -28.8373 -20.9515 0 0 0 0.658285 0.752769
1448.400000000 -28.8312 -19.9354 0 0 0 0.732995 0.680234
1451.700000000 -28.9148 -18.9718 0 0 0 0.729364 0.684126
1455.100000000 -28.9471 -17.9585 0 0 0 0.718315 0.695719
1458.900000000 -29.0398 -16.8396 0 0 0 0.771737 0.635942
1460.300000000 -29.4841 -15.9441 0 0 0 0.884789 0.465992
1461.700000000 -30.2041 -15.1806 0 0 0 0.927632 0.373496
1463.000000000 -30.898 -14.5067 0 0 0 0.92409 0.382176
1464.200000000 -31.5239 -13.8649 0 0 0 0.918242 0.39602
1465.600000000 -32.2552 -13.0982 0 0 0 0.921564 0.388226
1466.800000000 -32.8618 -12.4378 0 0 0 0.910105 0.414377
1468.200000000 -33.4666 -11.5371 0 0 0 0.87495 0.484213
1469.400000000 -33.8685 -10.77 0 0 0 0.836806 0.547499
1470.800000000 -34.1521 -9.71236 0 0 0 0.789217 0.614115
1472.100000000 -34.2656 -8.71354 0 0 0 0.742098 0.670291
1473.600000000 -34.423 -7.62336 0 0 0 0.783991 0.620772
1475.000000000 -34.9016 -6.73849 0 0 0 0.889046 0.457818
1476.400000000 -35.6831 -6.0608 0 0 0 0.952416 0.3048
1477.700000000 -36.4141 -5.4068 0 0 0 0.925799 0.378016
1479.100000000 -37.1323 -4.64829 0 0 0 0.9177 0.397275
1480.400000000 -37.8366 -3.97565 0 0 0 0.936347 0.351075
1481.700000000 -38.6199 -3.39852 0 0 0 0.95773 0.287668
1482.500000000 -38.7454 -3.47668 0 0 0 -0.998647 0.0520007
1483.100000000 -38.6993 -3.58629 0 0 0 -0.938674 0.344807
1483.600000000 -38.6197 -3.63983 0 0 0 -0.824527 0.565823
1484.200000000 -38.5018 -3.64807 0 0 0 -0.620484 0.784219
1484.800000000 -38.4007 -3.58845 0 0 0 -0.361005 0.932564
1485.500000000 -38.331 -3.46087 0 0 0 -0.0309244 0.999522
1486.300000000 -38.1021 -3.3029 0 0 0 0.236325 0.971674
1487.100000000 -37.973 -3.0574 0 0 0 0.485594 0.874185
1488.600000000 -37.4675 -2.18979 0 0 0 0.442183 0.896925
1489.900000000 -36.7425 -1.49353 0 0 0 0.324059 0.946037
1491.200000000 -35.8913 -1.02398 0 0 0 0.209492 0.97781
1492.700000000 -34.816 -0.820142 0 0 0 0.102887 0.994693
1494.300000000 -34.1918 -0.520175 0 0 0 0.426643 0.90442
1495.800000000 -33.8552 0.451296 0 0 0 0.619082 0.785326
1497.200000000 -33.8995 1.41052 0 0 0 0.751298 0.659963
1498.800000000 -33.9915 2.3465 0 0 0 0.664501 0.747287
1499.900000000 -33.6666 2.84772 0 0 0 0.455233 0.890372
1501.500000000 -33.0154 3.51863 0 0 0 0.37252 0.928024
1503.700000000 -32.1918 4.31795 0 0 0 0.379926 0.925017
1507.400000000 -31.9204 4.78943 0 0 0 0.659476 0.751726
1508.200000000 -32.0376 5.09014 0 0 0 0.832137 0.55457
1509.700000000 -32.7437 5.76053 0 0 0 0.930114 0.367271
1511.000000000 -33.4391 6.47144 0 0 0 0.921895 0.387439
1512.300000000 -34.0728 7.21076 0 0 0 0.902473 0.430747
1513.700000000 -34.8224 7.92241 0 0 0 0.920762 0.390126
1514.900000000 -35.4053 8.62849 0 0 0 0.908093 0.418768
1516.200000000 -35.8927 9.46813 0 0 0 0.840789 0.541363
1517.300000000 -35.8443 9.73514 0 0 0 0.630196 0.776436
1518.000000000 -35.7795 9.6857 0 0 0 0.406495 0.913653
1518.700000000 -35.7308 9.5484 0 0 0 0.138143 0.990412
1519.400000000 -35.7177 9.50024 0 0 0 -0.148189 0.988959
1520.200000000 -35.8187 9.41186 0 0 0 -0.45664 0.889651
1522.000000000 -35.6455 8.40925 0 0 0 -0.583772 0.811918
1523.400000000 -35.1672 7.72869 0 0 0 -0.358672 0.933464
1524.100000000 -35.1612 7.78539 0 0 0 -0.0150668 0.999886
1524.800000000 -35.1689 7.98962 0 0 0 0.312522 0.949911
1525.400000000 -35.2293 8.02998 0 0 0 0.54957 0.835448
1526.100000000 -35.2783 8.21615 0 0 0 0.781801 0.623528
1526.800000000 -35.5324 8.26161 0 0 0 0.91187 0.41048
1528.200000000 -36.1118 9.13325 0 0 0 0.85993 0.510411
1529.400000000 -36.1278 9.46997 0 0 0 0.650171 0.759788
1530.200000000 -36.0189 9.44696 0 0 0 0.384094 0.923294
1531.000000000 -35.8288 9.40365 0 0 0 0.145364 0.989378
1532.100000000 -35.4399 9.3649 0 0 0 -0.127247 0.991871
1533.300000000 -35.2906 9.13867 0 0 0 -0.372458 0.928049
1534.800000000 -35.0975 8.82288 0 0 0 -0.614568 0.788864
1535.900000000 -35.2145 8.81033 0 0 0 -0.818787 0.574098
1536.900000000 -35.3217 8.88662 0 0 0 -0.947991 0.318298
1537.400000000 -35.3673 8.97929 0 0 0 -0.995442 0.0953726
1538.100000000 -35.4013 9.04534 0 0 0 0.973436 0.228961
1538.600000000 -35.3237 9.14725 0 0 0 0.897873 0.440254
1539.400000000 -35.2165 9.26477 0 0 0 0.697144 0.716931
1540.200000000 -35.0886 9.28345 0 0 0 0.415445 0.909618
1540.900000000 -34.9078 9.2665 0 0 0 0.189318 0.981916
1542.300000000 -34.0708 9.70425 0 0 0 0.264213 0.964464
1543.200000000 -34.0688 9.79744 0 0 0 0.502153 0.864779
1544.100000000 -34.1212 9.84558 0 0 0 0.728779 0.684749
1546.400000000 -34.2772 10.8832 0 0 0 0.672764 0.739857
1547.300000000 -34.1325 10.975 0 0 0 0.405086 0.914279
1548.100000000 -34.1337 10.8288 0 0 0 0.0749779 0.997185
1549.200000000 -33.5864 10.5854 0 0 0 -0.158209 0.987406
1550.800000000 -32.7956 10.1657 0 0 0 -0.455949 0.890006
1551.800000000 -33.0081 10.1478 0 0 0 -0.766525 0.642214
1552.600000000 -33.1467 10.2528 0 0 0 -0.929959 0.367663
1553.200000000 -33.2003 10.2687 0 0 0 -0.991841 0.127478
1554.000000000 -33.2029 10.4182 0 0 0 0.979695 0.200495
1555.000000000 -33.3199 10.6889 0 0 0 0.884219 0.467072
1556.300000000 -33.4053 11.2197 0 0 0 0.733033 0.680193
1557.300000000 -33.2747 11.5153 0 0 0 0.542787 0.83987
1558.500000000 -32.9477 11.6659 0 0 0 0.270512 0.962717
1559.300000000 -32.9598 11.5767 0 0 0 0.029214 0.999573
1560.300000000 -32.9708 11.4443 0 0 0 -0.273369 0.961909
1561.200000000 -33.0263 11.4177 0 0 0 -0.518921 0.854822
1562.100000000 -33.1111 11.3844 0 0 0 -0.725294 0.688439
1562.900000000 -33.2429 11.3758 0 0 0 -0.886923 0.461918
1563.800000000 -33.3746 11.504 0 0 0 -0.993127 0.117046
1564.700000000 -33.4128 11.6041 0 0 0 0.969692 0.244331
1566.400000000 -34.0141 12.3492 0 0 0 0.891029 0.453946
1567.400000000 -33.9931 12.5288 0 0 0 0.712889 0.701277
1568.200000000 -33.8722 12.5078 0 0 0 0.466482 0.884531
1568.900000000 -33.8362 12.4163 0 0 0 0.211286 0.977424
1570.000000000 -33.8203 12.2773 0 0 0 -0.235458 0.971885
1570.600000000 -33.8524 12.1696 0 0 0 -0.472925 0.881103
1571.200000000 -33.9662 12.1606 0 0 0 -0.70881 0.705399
1571.800000000 -34.0712 12.1777 0 0 0 -0.88338 0.468658
1572.500000000 -34.1677 12.2515 0 0 0 -0.989969 0.141285
1573.000000000 -34.2424 12.3564 0 0 0 0.997546 0.070012
1574.400000000 -34.6528 12.2321 0 0 0 -0.970649 0.240501
1575.200000000 -34.7038 12.065 0 0 0 -0.88292 0.469523
1576.800000000 -34.7759 11.4618 0 0 0 -0.688203 0.725518
1577.400000000 -34.7151 11.482 0 0 0 -0.508315 0.861171
1578.100000000 -34.6505 11.55 0 0 0 -0.267528 0.96355
1578.800000000 -34.6282 11.6472 0 0 0 0.0449224 0.99899
1579.400000000 -34.6754 11.7559 0 0 0 0.323659 0.946174
1580.200000000 -34.7744 11.8333 0 0 0 0.651593 0.758568
1580.700000000 -34.8791 11.8453 0 0 0 0.809762 0.586758
1581.400000000 -34.9892 11.799 0 0 0 0.954606 0.297873
1582.000000000 -35.0487 11.6984 0 0 0 0.999668 0.0257822
1582.700000000 -35.1059 11.567 0 0 0 -0.965991 0.258577
1584.100000000 -36.0173 11.1436 0 0 0 -0.986905 0.161303
1585.400000000 -36.4614 11.163 0 0 0 0.986739 0.162314
1585.800000000 -36.4365 11.2186 0 0 0 0.948956 0.315408
1589.200000000 -36.7479 11.6973 0 0 0 0.986686 0.162634
1590.100000000 -36.7511 11.5918 0 0 0 -0.994305 0.106576
1591.200000000 -36.6933 11.4919 0 0 0 -0.920342 0.391116
1592.400000000 -36.5817 11.4401 0 0 0 -0.763561 0.645735
