0.300000000 0.2 0 0 0 0 0 1
8.600000000 1.00005 -0.112987 0 0 0 -0.295519 0.955337
9.200000000 0.907417 -0.186537 0 0 0 -0.564641 0.825337
9.900000000 0.78945 -0.194984 0 0 0 -0.813771 0.581186
10.500000000 0.692801 -0.11877 0 0 0 -0.948983 0.315327
11.100000000 0.653141 -0.00747634 0 0 0 -0.999784 0.0208004
11.800000000 0.693321 0.116654 0 0 0 0.946103 0.323865
12.400000000 0.780311 0.18588 0 0 0 0.808129 0.589005
13.000000000 0.907431 0.199971 0 0 0 0.59847 0.801145
13.700000000 1.00581 0.114202 0 0 0 0.286889 0.957964
14.300000000 1.03734 -0.00932509 0 0 0 -0.00840726 0.999965
14.900000000 1.00051 -0.121675 0 0 0 -0.303541 0.952818
18.100000000 1.20827 -0.0976296 0 0 0 0.039604 0.999215
18.700000000 1.17453 0.0121924 0 0 0 0.333124 0.942883
19.300000000 1.08383 0.116505 0 0 0 0.584429 0.811445
20.100000000 0.954665 0.226203 0 0 0 0.819249 0.573438
21.700000000 0.256512 0.949111 0 0 0 0.936445 0.350814
23.100000000 -0.530608 1.66152 0 0 0 0.925979 0.377576
24.400000000 -1.15076 2.3919 0 0 0 0.89574 0.444577
25.600000000 -1.63807 3.14313 0 0 0 0.86813 0.496337
27.000000000 -2.04393 4.13334 0 0 0 0.82523 0.564797
28.300000000 -2.48518 5.00334 0 0 0 0.844779 0.535116
29.700000000 -2.82752 5.99222 0 0 0 0.810298 0.586018
31.100000000 -2.81926 6.72806 0 0 0 0.608269 0.793731
32.500000000 -2.24675 7.52194 0 0 0 0.444852 0.895604
33.800000000 -1.70111 8.31839 0 0 0 0.50963 0.860394
35.300000000 -1.46653 9.33253 0 0 0 0.674854 0.737951
36.700000000 -1.58104 10.3555 0 0 0 0.783545 0.621335
37.900000000 -1.94962 11.1562 0 0 0 0.839325 0.54363
39.300000000 -2.24533 12.1622 0 0 0 0.771877 0.635772
41.000000000 -2.28565 13.1303 0 0 0 0.702682 0.711504
44.000000000 -2.23607 14.0888 0 0 0 0.687059 0.726602
48.400000000 -2.18906 15.0699 0 0 0 0.690835 0.723013
51.600000000 -2.19607 16.1081 0 0 0 0.72904 0.684472
52.900000000 -2.38602 17.0617 0 0 0 0.818103 0.575072
54.300000000 -2.77643 18.0149 0 0 0 0.824812 0.565407
55.300000000 -3.06236 18.2174 0 0 0 0.964954 0.262418
56.000000000 -3.25027 18.1708 0 0 0 0.999989 0.00479553
57.400000000 -4.22808 17.9893 0 0 0 -0.99376 0.111538
58.200000000 -4.27388 17.8554 0 0 0 -0.898331 0.439319
58.800000000 -4.17329 17.8036 0 0 0 -0.730768 0.682626
59.400000000 -4.06155 17.8318 0 0 0 -0.495418 0.868655
60.000000000 -3.99213 17.9093 0 0 0 -0.216586 0.976264
60.800000000 -3.84225 18.0362 0 0 0 0.11103 0.993817
62.000000000 -3.3384 18.4781 0 0 0 0.373662 0.927565
63.300000000 -2.71784 19.2243 0 0 0 0.439636 0.898176
64.700000000 -2.16299 20.15 0 0 0 0.558644 0.829407
66.200000000 -2.0006 21.1633 0 0 0 0.689564 0.724225
67.400000000 -2.11926 22.0421 0 0 0 0.745278 0.666754
68.900000000 -2.23123 23.0205 0 0 0 0.734717 0.678374
71.100000000 -2.24455 24.0011 0 0 0 0.703909 0.710291
74.900000000 -2.224 25.0162 0 0 0 0.699067 0.715056
79.000000000 -2.21432 25.9829 0 0 0 0.705201 0.709008
83.400000000 -2.21045 26.9409 0 0 0 0.706538 0.707675
84.800000000 -2.25743 27.9235 0 0 0 0.744676 0.667426
86.300000000 -2.35024 28.9777 0 0 0 0.774308 0.632809
87.700000000 -2.70939 29.7814 0 0 0 0.891824 0.452382
88.400000000 -2.83877 29.7448 0 0 0 0.9872 0.159488
89.100000000 -2.97813 29.6447 0 0 0 -0.992817 0.119641
89.800000000 -2.96146 29.514 0 0 0 -0.902301 0.431107
90.400000000 -2.93166 29.4802 0 0 0 -0.7346 0.6785
91.000000000 -2.82632 29.5061 0 0 0 -0.50128 0.865285
91.600000000 -2.74573 29.5626 0 0 0 -0.223182 0.974777
92.100000000 -2.67803 29.7195 0 0 0 0.0243053 0.999705
93.000000000 -2.48641 29.8743 0 0 0 0.334656 0.942341
94.100000000 -2.19738 30.4263 0 0 0 0.55116 0.8344
95.500000000 -2.07682 31.3907 0 0 0 0.709005 0.705204
96.900000000 -2.19332 32.4353 0 0 0 0.75905 0.651033
98.300000000 -2.31867 33.4601 0 0 0 0.736323 0.67663
100.600000000 -2.32762 34.4454 0 0 0 0.701023 0.713138
104.600000000 -2.28599 35.3779 0 0 0 0.686267 0.72735
108.700000000 -2.26401 36.3618 0 0 0 0.699517 0.714616
112.300000000 -2.25546 37.2997 0 0 0 0.705434 0.708775
116.100000000 -2.25573 38.2776 0 0 0 0.707005 0.707208
117.800000000 -2.24557 39.3205 0 0 0 0.706993 0.707221
119.100000000 -2.32884 40.2866 0 0 0 0.759769 0.650193
120.500000000 -2.59765 41.2683 0 0 0 0.832312 0.554307
122.000000000 -3.26839 42.1152 0 0 0 0.920903 0.389791
123.400000000 -4.01113 42.8502 0 0 0 0.925508 0.378729
124.700000000 -4.61649 43.5307 0 0 0 0.885389 0.464851
125.400000000 -4.53961 43.6779 0 0 0 0.715498 0.698615
126.400000000 -4.30137 44.0735 0 0 0 0.495695 0.868497
127.800000000 -3.61014 44.7875 0 0 0 0.375851 0.92668
129.100000000 -2.90807 45.4702 0 0 0 0.378112 0.92576
130.300000000 -2.26907 46.109 0 0 0 0.386491 0.922293
131.700000000 -1.53028 46.8579 0 0 0 0.383649 0.923479
132.900000000 -0.902284 47.4876 0 0 0 0.380088 0.92495
134.200000000 -0.203873 48.1769 0 0 0 0.378684 0.925526
135.500000000 0.529562 48.8163 0 0 0 0.322465 0.946581
137.000000000 1.27038 49.1329 0 0 0 -0.000578963 1
137.600000000 1.2453 48.9989 0 0 0 -0.291628 0.956532
138.200000000 1.17043 48.9378 0 0 0 -0.557422 0.830229
138.800000000 1.03526 48.9211 0 0 0 -0.774068 0.633103
139.400000000 0.947741 48.9483 0 0 0 -0.925492 0.378768
140.000000000 0.885101 49.0478 0 0 0 -0.995667 0.0929924
140.900000000 0.591845 49.1869 0 0 0 0.979718 0.20038
142.400000000 -0.128704 49.9138 0 0 0 0.903714 0.428136
143.700000000 -0.726521 50.6777 0 0 0 0.900183 0.435512
145.000000000 -1.32963 51.4433 0 0 0 0.899846 0.436207
146.400000000 -1.97531 52.2745 0 0 0 0.89412 0.447827
147.800000000 -2.54077 53.1586 0 0 0 0.867771 0.496964
149.200000000 -2.71798 53.7501 0 0 0 0.661566 0.749887
149.800000000 -2.60744 53.7113 0 0 0 0.414638 0.909987
150.600000000 -2.33878 53.6976 0 0 0 0.142843 0.989745
152.100000000 -1.30936 53.6223 0 0 0 -0.0784215 0.99692
153.300000000 -0.425283 53.4491 0 0 0 -0.0713567 0.997451
154.700000000 0.557926 53.4386 0 0 0 0.037672 0.99929
155.900000000 1.13154 53.7766 0 0 0 0.30335 0.952879
157.400000000 1.90194 54.5628 0 0 0 0.39225 0.919859
158.800000000 2.63988 55.3012 0 0 0 0.382969 0.923761
160.000000000 3.27681 55.9413 0 0 0 0.380085 0.924951
161.300000000 3.96386 56.6212 0 0 0 0.380056 0.924964
162.700000000 4.72116 57.3491 0 0 0 0.360282 0.932843
164.000000000 5.52306 57.9011 0 0 0 0.250602 0.96809
165.400000000 6.49992 58.1672 0 0 0 0.0764901 0.99707
167.000000000 7.26096 58.102 0 0 0 -0.240784 0.970579
167.600000000 7.2409 58.0855 0 0 0 -0.478688 0.877985
168.300000000 7.23609 57.8376 0 0 0 -0.675061 0.737762
169.700000000 7.00263 56.9313 0 0 0 -0.816011 0.578037
171.100000000 6.6394 55.9597 0 0 0 -0.788588 0.614921
172.800000000 6.65325 55.0197 0 0 0 -0.653424 0.756992
173.400000000 6.70594 55.0559 0 0 0 -0.401212 0.915985
173.900000000 6.73555 55.0586 0 0 0 -0.164406 0.986393
174.700000000 6.92962 55.1716 0 0 0 0.140377 0.990098
176.000000000 7.48549 55.7015 0 0 0 0.402809 0.915284
177.400000000 8.20796 56.4789 0 0 0 0.393959 0.919128
178.600000000 8.85568 57.1095 0 0 0 0.370777 0.928722
180.000000000 9.67441 57.77 0 0 0 0.301005 0.953623
181.300000000 10.5492 58.1342 0 0 0 0.138012 0.990431
183.000000000 11.5503 58.1803 0 0 0 -0.00892869 0.99996
185.600000000 12.465 58.1492 0 0 0 -0.0330554 0.999454
190.300000000 13.4372 58.0812 0 0 0 -0.0337489 0.99943
194.900000000 14.3914 58.0311 0 0 0 -0.0162194 0.999868
198.900000000 15.3633 58.0175 0 0 0 -0.00426554 0.999991
202.700000000 16.3475 58.014 0 0 0 -0.00183062 0.999998
206.400000000 17.309 58.0103 0 0 0 -0.00183062 0.999998
209.400000000 18.0219 58.1434 0 0 0 0.339745 0.940518
210.100000000 17.9029 58.208 0 0 0 0.64212 0.766604
210.800000000 17.8042 58.4557 0 0 0 0.795841 0.605505
212.400000000 17.3487 59.3808 0 0 0 0.820192 0.572089
213.200000000 17.3764 59.6376 0 0 0 0.627494 0.778621
213.900000000 17.5031 59.569 0 0 0 0.329568 0.944132
214.500000000 17.5904 59.494 0 0 0 0.0565406 0.9984
215.100000000 17.5844 59.4761 0 0 0 -0.208569 0.978008
216.600000000 18.2923 58.7882 0 0 0 -0.404899 0.914361
217.900000000 18.9573 58.0767 0 0 0 -0.393805 0.919194
219.400000000 19.6761 57.3575 0 0 0 -0.378345 0.925665
221.600000000 20.3666 56.6753 0 0 0 -0.381227 0.924481
223.200000000 21.0726 55.9641 0 0 0 -0.384452 0.923145
226.300000000 21.6836 55.093 0 0 0 -0.516491 0.856292
228.000000000 21.9231 54.0411 0 0 0 -0.649099 0.760704
231.300000000 21.9538 53.1695 0 0 0 -0.713803 0.700346
235.900000000 21.9046 52.1957 0 0 0 -0.726436 0.687234
240.400000000 21.8403 51.2532 0 0 0 -0.728112 0.685458
243.900000000 22.053 50.3004 0 0 0 -0.507103 0.861886
245.300000000 22.7388 49.6151 0 0 0 -0.355203 0.934789
247.600000000 23.4517 48.9489 0 0 0 -0.369972 0.929043
249.300000000 23.5797 48.5834 0 0 0 -0.651055 0.759031
250.000000000 23.543 48.5799 0 0 0 -0.832729 0.553681
251.600000000 22.7974 47.8065 0 0 0 -0.933662 0.358155
252.900000000 22.0779 47.1503 0 0 0 -0.929143 0.369721
254.300000000 21.3397 46.4008 0 0 0 -0.919837 0.3923
255.600000000 20.6515 45.7215 0 0 0 -0.921752 0.387781
256.900000000 19.9743 45.0096 0 0 0 -0.923244 0.384214
258.300000000 19.2418 44.263 0 0 0 -0.919378 0.393374
259.700000000 18.613 43.4241 0 0 0 -0.872212 0.489128
261.000000000 18.2719 42.5143 0 0 0 -0.789914 0.613217
262.900000000 18.2276 41.5127 0 0 0 -0.694248 0.719736
266.300000000 18.3292 40.5449 0 0 0 -0.670992 0.741465
268.100000000 18.2713 39.574 0 0 0 -0.765537 0.643392
269.800000000 17.8182 38.6514 0 0 0 -0.86264 0.505819
272.300000000 17.2679 37.845 0 0 0 -0.89463 0.446808
276.700000000 16.6327 37.1281 0 0 0 -0.915075 0.403284
281.300000000 15.9587 36.4293 0 0 0 -0.921651 0.388019
286.100000000 15.2627 35.725 0 0 0 -0.92276 0.385375
290.600000000 14.5829 35.0368 0 0 0 -0.92276 0.385375
295.100000000 13.918 34.3636 0 0 0 -0.92276 0.385375
298.400000000 13.2544 33.6817 0 0 0 -0.92276 0.385375
301.100000000 12.4852 32.9138 0 0 0 -0.92276 0.385375
302.400000000 11.7956 32.2157 0 0 0 -0.92276 0.385375
303.600000000 11.1659 31.5775 0 0 0 -0.92276 0.385375
305.100000000 10.4615 30.8645 0 0 0 -0.92276 0.385375
306.900000000 9.74412 30.1388 0 0 0 -0.92276 0.385375
308.400000000 9.08108 29.4671 0 0 0 -0.92276 0.385375
310.600000000 8.3867 28.7496 0 0 0 -0.915422 0.402495
311.500000000 8.35925 28.5324 0 0 0 -0.749396 0.662122
312.200000000 8.47562 28.5631 0 0 0 -0.476382 0.879239
312.800000000 8.55114 28.6441 0 0 0 -0.195272 0.980749
313.400000000 8.6549 28.7477 0 0 0 0.0568422 0.998383
314.200000000 8.90093 28.998 0 0 0 0.304748 0.952433
315.600000000 9.60813 29.7784 0 0 0 0.415606 0.909545
316.800000000 10.1956 30.4175 0 0 0 0.398405 0.91721
318.700000000 10.8796 31.1113 0 0 0 0.383625 0.923489
322.800000000 11.5713 31.7925 0 0 0 0.382645 0.923895
327.300000000 12.253 32.4836 0 0 0 0.382016 0.924156
332.100000000 12.9864 33.1241 0 0 0 0.327434 0.944874
333.600000000 13.8091 33.6035 0 0 0 0.179153 0.983821
335.800000000 14.7061 33.7669 0 0 0 0.0456216 0.998959
340.400000000 15.6995 33.7601 0 0 0 -0.0111435 0.999938
344.600000000 16.6427 33.7193 0 0 0 -0.0288881 0.999583
349.100000000 17.5943 33.6627 0 0 0 -0.0327481 0.999464
354.100000000 18.5753 33.6437 0 0 0 -0.00910356 0.999959
358.900000000 19.5433 33.6263 0 0 0 -0.00189044 0.999998
363.800000000 20.5058 33.6224 0 0 0 -0.00189044 0.999998
368.800000000 21.4883 33.6185 0 0 0 -0.00189044 0.999998
373.700000000 22.4663 33.6146 0 0 0 -0.00189044 0.999998
378.500000000 23.4273 33.6109 0 0 0 -0.00189044 0.999998
383.400000000 24.3905 33.607 0 0 0 -0.00189043 0.999998
388.300000000 25.3608 33.6032 0 0 0 -0.00189043 0.999998
393.200000000 26.3275 33.5993 0 0 0 -0.00189043 0.999998
395.900000000 27.2916 33.2611 0 0 0 -0.280345 0.959899
397.600000000 28.0124 32.6316 0 0 0 -0.381067 0.924547
401.100000000 28.6601 31.9738 0 0 0 -0.383848 0.923396
405.600000000 29.3486 31.2817 0 0 0 -0.383848 0.923396
409.700000000 30.0345 30.5922 0 0 0 -0.383848 0.923396
413.600000000 30.7117 29.9114 0 0 0 -0.383848 0.923396
418.000000000 31.3788 29.2406 0 0 0 -0.383848 0.923396
422.300000000 32.0661 28.5498 0 0 0 -0.383848 0.923396
426.500000000 32.7458 27.8665 0 0 0 -0.383848 0.923396
430.900000000 33.4212 27.1792 0 0 0 -0.395782 0.918344
435.400000000 34.0918 26.4795 0 0 0 -0.38677 0.922176
440.000000000 34.7824 25.7824 0 0 0 -0.384898 0.922959
444.500000000 35.4393 25.1187 0 0 0 -0.384898 0.922959
448.700000000 36.1311 24.42 0 0 0 -0.384898 0.922959
453.100000000 36.7917 23.7526 0 0 0 -0.384898 0.922959
455.400000000 37.0922 23.2696 0 0 0 -0.626263 0.779612
456.100000000 36.9651 23.1787 0 0 0 -0.82888 0.559427
457.700000000 36.2264 22.4185 0 0 0 -0.931923 0.362655
458.900000000 35.559 21.8444 0 0 0 -0.943444 0.331531
460.300000000 34.7064 21.2475 0 0 0 -0.980328 0.197377
461.700000000 33.7742 21.1557 0 0 0 -0.998846 0.0480221
464.700000000 32.7924 21.2047 0 0 0 0.999122 0.0418984
467.900000000 31.8365 21.008 0 0 0 -0.966919 0.255083
469.300000000 31.0868 20.3121 0 0 0 -0.918376 0.395708
470.700000000 30.3481 19.5728 0 0 0 -0.934753 0.355298
472.100000000 29.4416 19.0406 0 0 0 -0.978111 0.208084
473.600000000 28.4394 18.8294 0 0 0 -0.999132 0.0416574
475.600000000 27.509 18.8942 0 0 0 0.998695 0.0510758
477.900000000 26.4888 18.9076 0 0 0 -0.999521 0.0309464
479.300000000 25.6128 18.6639 0 0 0 -0.976339 0.216247
482.200000000 24.8142 18.0616 0 0 0 -0.938245 0.345972
486.600000000 24.122 17.4265 0 0 0 -0.928919 0.370283
490.700000000 23.4286 16.7372 0 0 0 -0.924875 0.380271
494.900000000 22.7255 16.0498 0 0 0 -0.924681 0.380743
499.400000000 22.0473 15.3777 0 0 0 -0.924681 0.380743
503.600000000 21.3404 14.6669 0 0 0 -0.924681 0.380743
506.800000000 20.6671 14.0097 0 0 0 -0.924681 0.380743
508.900000000 19.892 13.2414 0 0 0 -0.924681 0.380743
510.300000000 19.1451 12.5005 0 0 0 -0.924681 0.380743
511.500000000 18.5148 11.893 0 0 0 -0.930455 0.366406
513.100000000 17.7163 11.1964 0 0 0 -0.93881 0.344436
514.400000000 16.9946 10.5314 0 0 0 -0.928326 0.371766
515.600000000 16.3364 9.89192 0 0 0 -0.922718 0.385475
517.300000000 15.6167 9.27125 0 0 0 -0.952963 0.303086
518.700000000 14.6562 8.89444 0 0 0 -0.991759 0.128118
520.100000000 13.6059 8.84764 0 0 0 0.999484 0.0321265
521.900000000 12.6157 8.88423 0 0 0 -0.979577 0.201069
523.400000000 11.8879 8.1202 0 0 0 -0.914522 0.404536
524.700000000 11.2206 7.40065 0 0 0 -0.917007 0.398871
526.000000000 10.6276 6.63033 0 0 0 -0.879349 0.476178
527.400000000 10.2565 5.69404 0 0 0 -0.786483 0.617612
528.900000000 10.2852 4.60405 0 0 0 -0.655312 0.755358
530.300000000 10.5165 3.5802 0 0 0 -0.624537 0.780995
531.700000000 10.6264 2.54273 0 0 0 -0.691005 0.72285
533.200000000 10.7297 1.53142 0 0 0 -0.638422 0.769687
534.300000000 11.0078 1.01114 0 0 0 -0.433497 0.901155
535.700000000 11.7848 0.301141 0 0 0 -0.358362 0.933583
537.000000000 12.5761 -0.319957 0 0 0 -0.328229 0.944598
538.300000000 13.3693 -0.87742 0 0 0 -0.282947 0.959136
539.700000000 14.2687 -1.36431 0 0 0 -0.244858 0.969559
541.000000000 15.1581 -1.79317 0 0 0 -0.200283 0.979738
542.300000000 16.0579 -2.15515 0 0 0 -0.182403 0.983224
543.600000000 17.016 -2.40113 0 0 0 -0.079168 0.996861
545.300000000 18.0098 -2.32305 0 0 0 0.149416 0.988774
546.800000000 18.7792 -1.71772 0 0 0 0.370173 0.928963
548.100000000 19.4573 -1.01807 0 0 0 0.39193 0.919995
549.400000000 20.1475 -0.320296 0 0 0 0.382665 0.923887
550.700000000 20.842 0.362875 0 0 0 0.373361 0.927686
553.800000000 21.48 1.11405 0 0 0 0.457306 0.889309
555.300000000 21.8946 2.01559 0 0 0 0.58199 0.813196
557.200000000 22.0766 3.00466 0 0 0 0.603321 0.797498
559.300000000 22.6983 3.78333 0 0 0 0.3969 0.917862
563.200000000 23.3689 4.4609 0 0 0 0.38741 0.921908
567.800000000 24.0563 5.1814 0 0 0 0.389452 0.921047
572.200000000 24.7243 5.85621 0 0 0 0.385798 0.922583
576.800000000 25.4346 6.57626 0 0 0 0.385801 0.922582
581.300000000 26.1136 7.26414 0 0 0 0.385807 0.922579
585.800000000 26.7962 7.94287 0 0 0 0.383056 0.923725
588.100000000 27.6229 8.63294 0 0 0 0.303695 0.952769
589.500000000 28.5789 9.06757 0 0 0 0.158326 0.987387
591.400000000 29.5473 9.18902 0 0 0 0.0127136 0.999919
593.800000000 30.5218 8.88388 0 0 0 -0.247257 0.96895
595.200000000 31.2817 8.23983 0 0 0 -0.341965 0.939713
596.400000000 32.1191 7.88504 0 0 0 -0.198634 0.980074
598.000000000 33.1169 7.71085 0 0 0 -0.035868 0.999357
599.900000000 34.1622 7.47804 0 0 0 -0.215238 0.976562
601.300000000 35.0222 6.91178 0 0 0 -0.253969 0.967212
602.500000000 35.8891 6.65115 0 0 0 -0.124436 0.992228
604.300000000 36.8914 6.58489 0 0 0 0.00131104 0.999999
606.000000000 37.6492 6.89278 0 0 0 0.288428 0.957502
607.400000000 38.3844 7.5996 0 0 0 0.401363 0.915919
609.100000000 39.046 8.29597 0 0 0 0.39096 0.920408
611.700000000 39.6197 8.73239 0 0 0 0.0987474 0.995113
612.300000000 39.6742 8.60854 0 0 0 -0.169742 0.985489
613.200000000 39.7728 8.34461 0 0 0 -0.45816 0.88887
614.800000000 40.0179 7.33756 0 0 0 -0.648547 0.761175
616.500000000 40.2576 6.51851 0 0 0 -0.391817 0.920043
617.200000000 40.3199 6.64169 0 0 0 -0.052624 0.998614
617.900000000 40.2979 6.74306 0 0 0 0.293556 0.955942
618.500000000 40.1792 6.82594 0 0 0 0.562406 0.826861
619.100000000 40.1708 6.82243 0 0 0 0.780396 0.625286
619.800000000 40.1781 6.82699 0 0 0 0.937271 0.348602
620.500000000 39.7837 6.8465 0 0 0 0.992372 0.123283
622.000000000 38.739 6.81898 0 0 0 -0.99749 0.070809
623.200000000 37.8428 6.57628 0 0 0 -0.978999 0.203863
624.500000000 37.0371 6.02605 0 0 0 -0.942965 0.332891
625.800000000 36.3351 5.33929 0 0 0 -0.922229 0.386643
627.100000000 35.6543 4.61201 0 0 0 -0.924976 0.380027
628.500000000 34.9485 3.86905 0 0 0 -0.918997 0.394264
629.800000000 34.3271 3.07461 0 0 0 -0.871242 0.490854
631.200000000 34.0278 2.11981 0 0 0 -0.767132 0.64149
632.600000000 34.0713 1.08609 0 0 0 -0.681775 0.731562
633.900000000 34.1816 0.121909 0 0 0 -0.622302 0.782777
635.400000000 34.7291 -0.636157 0 0 0 -0.397335 0.917674
636.800000000 35.499 -1.35481 0 0 0 -0.370033 0.929019
638.200000000 36.3219 -1.97911 0 0 0 -0.263577 0.964638
639.400000000 37.2071 -2.27819 0 0 0 -0.145774 0.989318
640.700000000 38.1759 -2.39727 0 0 0 -0.0283111 0.999599
642.100000000 39.2151 -2.42311 0 0 0 -0.0435865 0.99905
643.500000000 40.0061 -2.80286 0 0 0 -0.298816 0.954311
645.000000000 40.5147 -3.53653 0 0 0 -0.568892 0.822412
645.600000000 40.3987 -3.55315 0 0 0 -0.783644 0.62121
646.300000000 40.2687 -3.4881 0 0 0 -0.946861 0.321643
647.000000000 40.2187 -3.36952 0 0 0 0.99986 0.0167445
647.600000000 40.2477 -3.29463 0 0 0 0.951156 0.308711
648.200000000 40.2965 -3.21292 0 0 0 0.823097 0.5679
648.700000000 40.3137 -3.19778 0 0 0 0.673294 0.739375
649.500000000 40.6352 -2.93806 0 0 0 0.444889 0.895586
650.900000000 41.3736 -2.47207 0 0 0 0.199707 0.979856
652.400000000 42.4024 -2.39914 0 0 0 -0.0311952 0.999513
653.700000000 43.3598 -2.57577 0 0 0 -0.0894931 0.995987
655.100000000 44.3868 -2.68564 0 0 0 -0.0411878 0.999151
656.400000000 45.375 -2.69887 0 0 0 0.0147252 0.999892
657.700000000 46.3434 -2.66208 0 0 0 0.0167169 0.99986
658.900000000 47.2465 -2.65371 0 0 0 -0.00251092 0.999997
660.200000000 48.2202 -2.67251 0 0 0 -0.00405754 0.999992
661.600000000 49.2739 -2.67082 0 0 0 -0.00405754 0.999992
662.900000000 50.2476 -2.67913 0 0 0 -0.00405754 0.999992
664.400000000 51.1392 -3.00196 0 0 0 -0.264084 0.9645
665.900000000 51.7455 -3.75773 0 0 0 -0.502526 0.864562
666.600000000 51.635 -3.84564 0 0 0 -0.748623 0.662996
667.100000000 51.5342 -3.80712 0 0 0 -0.887768 0.460291
667.800000000 51.4549 -3.70075 0 0 0 -0.991023 0.133693
668.400000000 51.3328 -3.57549 0 0 0 0.993921 0.110099
669.700000000 50.7896 -3.09597 0 0 0 0.924236 0.381822
670.900000000 50.2587 -2.36828 0 0 0 0.891701 0.452625
672.400000000 49.6609 -1.54112 0 0 0 0.899669 0.436573
675.300000000 48.9962 -0.816492 0 0 0 0.918405 0.395641
680.100000000 48.3167 -0.123468 0 0 0 0.923124 0.384501
684.900000000 47.6192 0.581853 0 0 0 0.922145 0.386845
688.100000000 46.9971 1.31286 0 0 0 0.894408 0.447252
689.600000000 46.5042 2.16744 0 0 0 0.821604 0.570059
692.200000000 46.3472 3.10707 0 0 0 0.740622 0.671922
695.500000000 46.3935 4.18528 0 0 0 0.672594 0.740011
696.900000000 46.6454 5.18021 0 0 0 0.52591 0.85054
698.300000000 47.3144 5.93045 0 0 0 0.358983 0.933344
699.600000000 48.2074 6.37589 0 0 0 0.197991 0.980204
701.000000000 49.2424 6.57442 0 0 0 0.0232677 0.999729
702.300000000 50.1845 6.41123 0 0 0 -0.121629 0.992576
703.700000000 51.1703 5.97686 0 0 0 -0.262101 0.96504
704.400000000 51.1954 5.81565 0 0 0 -0.51607 0.856547
705.100000000 51.0526 5.78547 0 0 0 -0.775081 0.631862
705.800000000 50.951 5.84658 0 0 0 -0.942966 0.33289
706.500000000 50.8331 5.94758 0 0 0 -0.999677 0.0254283
707.300000000 50.8611 6.07931 0 0 0 0.956778 0.290819
708.900000000 50.1085 6.93266 0 0 0 0.896927 0.442178
710.200000000 49.4438 7.69227 0 0 0 0.917129 0.398591
711.600000000 48.6919 8.42811 0 0 0 0.925891 0.377791
712.900000000 48.0071 9.11109 0 0 0 0.924794 0.380469
714.200000000 47.3596 9.75638 0 0 0 0.922296 0.386484
716.900000000 46.713 10.6085 0 0 0 0.86271 0.505699
718.400000000 46.4197 11.5152 0 0 0 0.78099 0.624544
721.500000000 46.3589 12.4385 0 0 0 0.704279 0.709924
725.700000000 46.4354 13.3976 0 0 0 0.673395 0.739283
729.800000000 46.519 14.361 0 0 0 0.678995 0.734143
734.300000000 46.56 15.3322 0 0 0 0.699091 0.715033
738.800000000 46.5789 16.3034 0 0 0 0.705594 0.708616
741.300000000 46.9101 17.3125 0 0 0 0.490579 0.871397
742.600000000 47.5786 17.9978 0 0 0 0.346992 0.937868
743.900000000 48.4238 18.478 0 0 0 0.206755 0.978393
745.300000000 49.444 18.6755 0 0 0 0.0294162 0.999567
746.500000000 50.3251 18.5618 0 0 0 -0.108586 0.994087
747.900000000 51.2919 18.1519 0 0 0 -0.23588 0.971782
748.900000000 51.6386 18.1679 0 0 0 0.0853899 0.996348
749.900000000 52.0594 18.4841 0 0 0 0.326698 0.945129
751.300000000 52.7325 19.2446 0 0 0 0.417633 0.908616
752.600000000 53.3988 19.9457 0 0 0 0.386052 0.922477
753.900000000 54.1107 20.6174 0 0 0 0.365053 0.930987
755.200000000 54.8147 21.3006 0 0 0 0.381335 0.924437
756.500000000 55.4911 21.9901 0 0 0 0.386859 0.922139
757.800000000 56.1818 22.6844 0 0 0 0.382583 0.923921
759.100000000 56.8764 23.3681 0 0 0 0.379729 0.925098
760.500000000 57.5686 24.1167 0 0 0 0.447128 0.89447
761.900000000 57.8576 24.9816 0 0 0 0.648851 0.760915
763.800000000 57.7963 25.9491 0 0 0 0.743867 0.668328
767.900000000 57.6744 26.925 0 0 0 0.744153 0.668009
770.500000000 57.67 27.8656 0 0 0 0.684201 0.729293
771.900000000 57.866 28.8783 0 0 0 0.59318 0.80507
772.800000000 58.0664 28.9817 0 0 0 0.28987 0.957066
773.600000000 58.2094 28.8827 0 0 0 -0.0511516 0.998691
774.300000000 58.181 28.7593 0 0 0 -0.373941 0.927453
774.900000000 58.0845 28.6892 0 0 0 -0.627984 0.778226
775.500000000 58.0074 28.6994 0 0 0 -0.827302 0.561757
776.100000000 57.8903 28.7749 0 0 0 -0.954995 0.296622
776.800000000 57.8751 28.8833 0 0 0 0.999058 0.0434049
777.400000000 57.8137 29.0067 0 0 0 0.952045 0.305957
778.200000000 57.7958 29.226 0 0 0 0.813436 0.581654
779.500000000 57.8454 30.0019 0 0 0 0.644144 0.764905
781.200000000 57.7356 30.7964 0 0 0 0.84356 0.537035
782.700000000 57.0521 31.5668 0 0 0 0.929607 0.368553
784.000000000 56.2923 32.2928 0 0 0 0.928408 0.371561
785.200000000 55.6514 32.921 0 0 0 0.924535 0.381097
786.600000000 54.9133 33.6707 0 0 0 0.921483 0.388418
788.000000000 54.1726 34.4178 0 0 0 0.924829 0.380382
789.300000000 53.5471 35.0598 0 0 0 0.928863 0.370423
790.500000000 52.7842 35.6695 0 0 0 0.94216 0.335164
792.300000000 52.067 36.243 0 0 0 0.952758 0.303731
794.500000000 51.0597 36.6732 0 0 0 0.986391 0.164419
796.000000000 50.1118 36.8438 0 0 0 0.999234 0.0391381
797.700000000 49.1647 37.208 0 0 0 0.959359 0.282189
800.700000000 48.4161 37.8473 0 0 0 0.933413 0.358803
804.500000000 47.6937 38.6044 0 0 0 0.903743 0.428075
805.900000000 47.2707 39.524 0 0 0 0.80744 0.58995
807.200000000 47.1823 40.4891 0 0 0 0.711378 0.702809
808.500000000 47.0632 41.4568 0 0 0 0.750874 0.660445
809.700000000 46.9476 42.3501 0 0 0 0.757476 0.652863
810.600000000 47.0579 42.5344 0 0 0 0.493274 0.869874
811.300000000 47.241 42.5167 0 0 0 0.227653 0.973742
812.800000000 48.1973 42.5875 0 0 0 0.0139845 0.999902
814.200000000 49.2491 42.5636 0 0 0 -0.026016 0.999662
815.600000000 50.2895 42.4806 0 0 0 -0.0475618 0.998868
816.800000000 50.909 42.6385 0 0 0 0.214559 0.976711
818.200000000 51.6076 43.3015 0 0 0 0.396288 0.918126
819.500000000 52.2745 44.0018 0 0 0 0.389264 0.921126
820.900000000 53.0212 44.7428 0 0 0 0.380806 0.924655
822.200000000 53.7138 45.4292 0 0 0 0.380795 0.924659
823.600000000 54.4565 46.166 0 0 0 0.380812 0.924653
824.900000000 55.1532 46.8573 0 0 0 0.38082 0.924649
826.300000000 55.8999 47.5985 0 0 0 0.380821 0.924649
827.500000000 56.5365 48.2298 0 0 0 0.380812 0.924652
828.800000000 57.2028 48.9396 0 0 0 0.427215 0.90415
830.100000000 57.7056 49.7763 0 0 0 0.525134 0.851019
831.500000000 57.9681 50.7848 0 0 0 0.650613 0.759409
832.900000000 57.9757 51.8369 0 0 0 0.726054 0.687638
834.300000000 57.8591 52.8805 0 0 0 0.750031 0.661402
835.600000000 57.7823 53.8521 0 0 0 0.717839 0.696209
836.900000000 57.8121 54.8247 0 0 0 0.683976 0.729505
838.100000000 57.8473 55.7267 0 0 0 0.699513 0.71462
839.500000000 57.74 56.4054 0 0 0 0.868385 0.495891
840.200000000 57.6581 56.3073 0 0 0 0.985872 0.167501
840.800000000 57.6543 56.1888 0 0 0 -0.991343 0.131297
841.400000000 57.718 56.108 0 0 0 -0.908276 0.418372
842.000000000 57.8169 56.0707 0 0 0 -0.744087 0.668083
842.800000000 57.9533 55.7847 0 0 0 -0.555333 0.831628
844.400000000 58.7231 54.9933 0 0 0 -0.333002 0.942926
845.500000000 59.1746 54.812 0 0 0 -0.03878 0.999248
846.100000000 59.1505 54.913 0 0 0 0.258279 0.96607
846.600000000 59.0834 54.9798 0 0 0 0.488704 0.87245
847.300000000 58.993 55.0847 0 0 0 0.737715 0.675112
848.100000000 58.7696 55.3632 0 0 0 0.871903 0.489679
849.600000000 58.0041 56.1375 0 0 0 0.934213 0.356714
850.900000000 57.274 56.78 0 0 0 0.9346 0.355701
852.200000000 56.5269 57.4034 0 0 0 0.946724 0.322047
853.500000000 55.6515 57.7984 0 0 0 0.987582 0.157104
855.200000000 54.6171 57.9052 0 0 0 1 0.000428642
858.100000000 53.6485 57.8467 0 0 0 -0.999414 0.034217
862.500000000 52.6559 57.7772 0 0 0 -0.999414 0.0342174
865.700000000 51.7113 57.7398 0 0 0 -0.999979 0.00654459
867.800000000 50.7383 57.8125 0 0 0 0.997711 0.0676267
869.300000000 49.7638 58.1273 0 0 0 0.968019 0.250878
869.800000000 49.7884 58.2235 0 0 0 0.886369 0.46298
870.500000000 49.8811 58.2985 0 0 0 0.689206 0.724566
871.100000000 50.0083 58.2904 0 0 0 0.459171 0.888348
871.700000000 50.0901 58.2082 0 0 0 0.181136 0.983458
872.300000000 50.1077 58.0922 0 0 0 -0.112977 0.993598
872.800000000 50.0578 58.0061 0 0 0 -0.352003 0.935999
873.400000000 49.9735 57.9363 0 0 0 -0.609216 0.793004
874.000000000 49.8663 57.9308 0 0 0 -0.81367 0.581327
874.800000000 49.6383 57.8532 0 0 0 -0.949273 0.314453
875.700000000 49.1892 57.7701 0 0 0 -0.995608 0.0936185
877.300000000 48.1135 57.9256 0 0 0 0.994288 0.10673
878.800000000 47.0806 58.0265 0 0 0 0.999405 0.0344983
881.100000000 46.1341 58.0213 0 0 0 -0.999891 0.0147571
885.100000000 45.1863 57.976 0 0 0 -0.999602 0.0282253
889.100000000 44.2252 57.9509 0 0 0 -0.999966 0.00822558
893.100000000 43.2409 57.9441 0 0 0 -0.999998 0.00209906
897.000000000 42.2899 57.9399 0 0 0 -0.999998 0.00209906
900.800000000 41.3055 57.9357 0 0 0 -0.999998 0.00209906
904.200000000 40.3204 57.9729 0 0 0 0.999701 0.0244428
905.800000000 39.2742 58.0368 0 0 0 0.99975 0.0223505
