0.100000000 0.2 0 0 0 0 0 1
6.300000000 0.991903 -0.123033 0 0 0 -0.343472 0.939163
6.900000000 0.8828 -0.181394 0 0 0 -0.605181 0.796088
7.600000000 0.746081 -0.170621 0 0 0 -0.841466 0.54031
8.300000000 0.657933 -0.0819731 0 0 0 -0.975855 0.218418
8.900000000 0.635556 0.0544395 0 0 0 0.996866 0.0791068
9.600000000 0.707866 0.150344 0 0 0 0.909049 0.41669
10.200000000 0.816058 0.197661 0 0 0 0.745317 0.66671
10.800000000 0.922362 0.186027 0 0 0 0.514987 0.857198
11.400000000 1.01401 0.10421 0 0 0 0.239252 0.970958
12.100000000 1.02227 -0.0317956 0 0 0 -0.108191 0.99413
15.500000000 1.23355 -0.0286962 0 0 0 0.2198 0.975545
16.000000000 1.17381 0.0582381 0 0 0 0.453778 0.891115
16.700000000 1.04652 0.17178 0 0 0 0.703229 0.710964
17.400000000 0.893546 0.216942 0 0 0 0.862299 0.5064
19.000000000 0.116079 1.03211 0 0 0 0.940681 0.339293
20.300000000 -0.597312 1.69828 0 0 0 0.92151 0.388354
21.600000000 -1.20887 2.46084 0 0 0 0.891351 0.453314
22.900000000 -1.71148 3.29086 0 0 0 0.863213 0.50484
24.200000000 -2.09705 4.16255 0 0 0 0.807532 0.589824
25.500000000 -2.46082 5.08251 0 0 0 0.841016 0.541011
26.700000000 -2.79858 5.8997 0 0 0 0.81332 0.581817
28.000000000 -2.85424 6.59443 0 0 0 0.631103 0.775699
28.700000000 -2.78803 6.57209 0 0 0 0.330575 0.94378
29.300000000 -2.72102 6.43473 0 0 0 0.0691585 0.997606
30.100000000 -2.4698 6.33834 0 0 0 -0.21873 0.975786
31.600000000 -1.72736 5.5825 0 0 0 -0.364895 0.931049
32.900000000 -0.968805 5.1206 0 0 0 -0.200519 0.97969
34.000000000 -0.518266 5.10582 0 0 0 0.117849 0.993032
34.600000000 -0.559555 5.20051 0 0 0 0.404108 0.914711
35.100000000 -0.626853 5.2825 0 0 0 0.617226 0.786786
35.900000000 -0.733427 5.48384 0 0 0 0.819903 0.572503
37.300000000 -1.36371 6.036 0 0 0 0.942762 0.333465
38.600000000 -2.01647 6.72425 0 0 0 0.899432 0.43706
40.200000000 -2.38625 7.75032 0 0 0 0.761962 0.647621
41.700000000 -2.29896 8.66799 0 0 0 0.674152 0.738593
45.100000000 -2.23406 9.62699 0 0 0 0.674903 0.737907
49.000000000 -2.19612 10.6005 0 0 0 0.696891 0.717177
52.700000000 -2.18412 11.5529 0 0 0 0.704321 0.709881
56.800000000 -2.18041 12.5106 0 0 0 0.704856 0.709351
61.200000000 -2.17818 13.479 0 0 0 0.704338 0.709864
65.600000000 -2.17033 14.4335 0 0 0 0.704338 0.709864
69.500000000 -2.1516 15.4237 0 0 0 0.704326 0.709876
71.200000000 -2.1924 16.3516 0 0 0 0.73583 0.677166
72.600000000 -2.50074 17.332 0 0 0 0.821426 0.570315
73.900000000 -2.80799 18.295 0 0 0 0.785749 0.618545
75.200000000 -2.8481 19.2269 0 0 0 0.7151 0.699023
76.800000000 -2.66092 20.2157 0 0 0 0.563608 0.826042
78.100000000 -2.20747 21.1394 0 0 0 0.569237 0.822174
79.900000000 -2.0052 22.1956 0 0 0 0.684986 0.728556
81.200000000 -2.11935 23.2054 0 0 0 0.749362 0.66216
82.700000000 -2.22794 24.2452 0 0 0 0.735903 0.677087
84.800000000 -2.26345 25.2019 0 0 0 0.705571 0.708639
88.800000000 -2.21903 26.1571 0 0 0 0.688698 0.725048
93.300000000 -2.20497 27.1033 0 0 0 0.705699 0.708512
95.000000000 -2.26149 28.185 0 0 0 0.738611 0.674132
96.300000000 -2.43682 29.1457 0 0 0 0.776484 0.630137
97.600000000 -2.74439 30.0728 0 0 0 0.803158 0.595766
98.900000000 -2.86565 31.0057 0 0 0 0.741219 0.671263
100.000000000 -2.71585 31.3329 0 0 0 0.483652 0.87526
100.600000000 -2.67982 31.267 0 0 0 0.206188 0.978512
101.200000000 -2.65248 31.0898 0 0 0 -0.0876098 0.996155
101.800000000 -2.65974 31.0708 0 0 0 -0.381967 0.924176
102.400000000 -2.75265 30.9801 0 0 0 -0.617442 0.786616
103.100000000 -2.87251 30.8752 0 0 0 -0.818884 0.573959
103.800000000 -3.02633 30.8904 0 0 0 -0.954664 0.297687
104.400000000 -3.07308 30.9874 0 0 0 -0.999979 0.00641316
105.100000000 -3.06639 31.0992 0 0 0 0.942898 0.333082
105.600000000 -2.98463 31.1543 0 0 0 0.846349 0.532629
106.400000000 -2.87057 31.3684 0 0 0 0.651821 0.758373
108.000000000 -2.38137 32.3265 0 0 0 0.509304 0.860586
109.400000000 -2.05477 33.2549 0 0 0 0.619025 0.785371
110.900000000 -2.0028 34.3251 0 0 0 0.737189 0.675687
112.200000000 -2.1901 35.2791 0 0 0 0.768044 0.640397
113.500000000 -2.28607 36.2226 0 0 0 0.730604 0.682802
115.600000000 -2.28618 37.1616 0 0 0 0.695329 0.718692
119.700000000 -2.23951 38.1151 0 0 0 0.685114 0.728435
122.400000000 -2.1869 39.1636 0 0 0 0.698195 0.715908
123.700000000 -2.175 40.1388 0 0 0 0.709714 0.704489
125.100000000 -2.30491 41.1337 0 0 0 0.802704 0.596378
126.400000000 -2.64475 42.0413 0 0 0 0.821216 0.570618
127.700000000 -2.87234 42.9648 0 0 0 0.744216 0.667939
129.200000000 -2.60343 43.9088 0 0 0 0.554188 0.832392
130.500000000 -2.19168 44.8065 0 0 0 0.574011 0.818848
131.800000000 -2.03923 45.764 0 0 0 0.67482 0.737982
133.000000000 -2.09497 46.6654 0 0 0 0.738455 0.674302
134.400000000 -2.18609 47.7031 0 0 0 0.733726 0.679445
135.700000000 -2.20188 48.6868 0 0 0 0.703157 0.711035
137.000000000 -2.17984 49.659 0 0 0 0.703896 0.710303
138.400000000 -2.18401 50.7127 0 0 0 0.709902 0.704301
139.700000000 -2.18165 51.6867 0 0 0 0.709901 0.704301
141.000000000 -2.29551 52.6605 0 0 0 0.741956 0.670449
142.300000000 -2.54522 53.5906 0 0 0 0.819816 0.572627
143.600000000 -2.8587 54.5239 0 0 0 0.784299 0.620383
144.900000000 -2.91981 55.4959 0 0 0 0.699671 0.714466
146.200000000 -2.7032 56.0001 0 0 0 0.41824 0.908337
146.800000000 -2.6413 55.9057 0 0 0 0.135379 0.990794
147.400000000 -2.6378 55.7887 0 0 0 -0.158843 0.987304
148.100000000 -2.70104 55.7163 0 0 0 -0.484205 0.874955
148.600000000 -2.84127 55.6682 0 0 0 -0.678959 0.734176
149.300000000 -2.96709 55.6393 0 0 0 -0.874157 0.485644
150.700000000 -3.69172 55.0423 0 0 0 -0.949991 0.312278
152.300000000 -4.3491 54.7391 0 0 0 0.999513 0.0311906
152.900000000 -4.31761 54.8427 0 0 0 0.947136 0.320831
153.500000000 -4.2282 54.9185 0 0 0 0.812728 0.582643
154.100000000 -4.09166 54.9216 0 0 0 0.609281 0.792955
155.100000000 -3.87414 55.3466 0 0 0 0.394604 0.918851
156.400000000 -3.01199 55.9677 0 0 0 0.355166 0.934803
157.800000000 -2.27801 56.7044 0 0 0 0.381326 0.92444
159.000000000 -1.64655 57.3411 0 0 0 0.384189 0.923254
160.400000000 -0.809484 57.952 0 0 0 0.257336 0.966322
161.700000000 0.0695601 58.1931 0 0 0 0.0843857 0.996433
163.600000000 1.06206 58.2059 0 0 0 -0.0272719 0.999628
167.500000000 2.05557 58.141 0 0 0 -0.0340247 0.999421
172.000000000 3.02578 58.0864 0 0 0 -0.0276447 0.999618
175.500000000 3.9776 58.0559 0 0 0 -0.00588741 0.999983
178.900000000 4.9591 58.0513 0 0 0 -0.00161339 0.999999
182.200000000 5.76655 58.1592 0 0 0 0.26216 0.965024
182.900000000 5.66823 58.2455 0 0 0 0.57244 0.819947
183.600000000 5.5694 58.4123 0 0 0 0.771577 0.636136
184.300000000 5.39364 58.5953 0 0 0 0.895935 0.444186
185.000000000 5.26885 58.5457 0 0 0 0.989513 0.144441
185.600000000 5.27983 58.4365 0 0 0 -0.988001 0.154446
186.200000000 5.33726 58.3388 0 0 0 -0.898231 0.439523
186.800000000 5.46792 58.297 0 0 0 -0.728224 0.685339
187.500000000 5.75409 58.1434 0 0 0 -0.53253 0.846411
188.800000000 6.34495 57.6249 0 0 0 -0.307431 0.95157
190.100000000 7.2406 57.255 0 0 0 -0.150149 0.988663
191.400000000 7.92252 57.322 0 0 0 0.0982209 0.995165
192.800000000 8.80672 57.7351 0 0 0 0.258694 0.965959
194.200000000 9.73833 58.1797 0 0 0 0.160783 0.98699
195.800000000 10.6823 58.2614 0 0 0 -0.0137214 0.999906
198.600000000 11.6475 58.1104 0 0 0 -0.0705257 0.99751
203.300000000 12.6149 58.0389 0 0 0 -0.0274026 0.999624
207.900000000 13.568 58.011 0 0 0 -0.00750072 0.999972
212.700000000 14.5432 58.0053 0 0 0 -0.0011406 0.999999
216.600000000 15.5262 58.0039 0 0 0 0.00554833 0.999985
220.300000000 16.4885 58.0232 0 0 0 0.00826211 0.999966
221.800000000 17.3485 58.3955 0 0 0 0.285079 0.958504
223.200000000 18.0784 59.1062 0 0 0 0.401287 0.915953
224.500000000 18.6581 59.8421 0 0 0 0.478559 0.878055
225.200000000 18.5605 59.9004 0 0 0 0.738541 0.674208
225.800000000 18.4498 59.8591 0 0 0 0.904622 0.426215
226.400000000 18.377 59.7629 0 0 0 0.989956 0.141375
227.000000000 18.3786 59.6427 0 0 0 -0.987588 0.157069
227.700000000 18.4625 59.5343 0 0 0 -0.87356 0.486717
228.300000000 18.4853 59.5774 0 0 0 -0.706442 0.707771
229.200000000 18.7635 59.1986 0 0 0 -0.491813 0.870701
230.600000000 19.4696 58.546 0 0 0 -0.332019 0.943273
231.900000000 20.1883 57.9044 0 0 0 -0.370998 0.928634
233.200000000 20.8446 57.25 0 0 0 -0.386603 0.922246
235.600000000 21.3832 56.4935 0 0 0 -0.498576 0.866846
237.100000000 21.7772 55.4398 0 0 0 -0.593492 0.80484
239.500000000 21.8891 54.5783 0 0 0 -0.66205 0.749459
244.400000000 21.9084 53.6204 0 0 0 -0.70694 0.707274
248.900000000 21.8835 52.6736 0 0 0 -0.721362 0.692558
253.400000000 21.8443 51.7006 0 0 0 -0.715325 0.698792
255.800000000 21.5322 50.8087 0 0 0 -0.876268 0.481824
257.400000000 20.8233 50.0776 0 0 0 -0.928176 0.37214
260.100000000 20.1729 49.4471 0 0 0 -0.924729 0.380625
264.900000000 19.4942 48.7494 0 0 0 -0.922646 0.385647
269.500000000 18.7976 48.0426 0 0 0 -0.922651 0.385636
274.200000000 18.1202 47.3666 0 0 0 -0.922652 0.385632
279.000000000 17.4369 46.6747 0 0 0 -0.922654 0.385628
283.700000000 16.7707 46.0005 0 0 0 -0.922656 0.385624
288.400000000 16.0823 45.3034 0 0 0 -0.922658 0.385619
293.100000000 15.4 44.6127 0 0 0 -0.92266 0.385614
296.800000000 14.7252 43.9295 0 0 0 -0.922662 0.385609
300.200000000 14.0602 43.2566 0 0 0 -0.922665 0.385603
302.900000000 13.3446 42.532 0 0 0 -0.922667 0.385599
306.300000000 12.6722 41.8519 0 0 0 -0.922673 0.385583
310.100000000 11.9874 41.1586 0 0 0 -0.92268 0.385568
313.800000000 11.271 40.4182 0 0 0 -0.90443 0.426622
315.000000000 11.0647 39.9005 0 0 0 -0.739364 0.673306
316.000000000 11.2705 39.4992 0 0 0 -0.501577 0.865113
317.500000000 12.0101 38.8432 0 0 0 -0.348173 0.93743
319.700000000 12.701 38.2257 0 0 0 -0.364766 0.931099
324.300000000 13.3764 37.5836 0 0 0 -0.373389 0.927675
328.900000000 14.0848 36.8987 0 0 0 -0.374662 0.927161
333.500000000 14.7858 36.2215 0 0 0 -0.374696 0.927148
338.200000000 15.4854 35.5556 0 0 0 -0.374711 0.927142
342.700000000 16.1674 34.8969 0 0 0 -0.374716 0.92714
347.700000000 16.9144 34.254 0 0 0 -0.31943 0.94761
350.800000000 17.4598 34.0254 0 0 0 -0.0631286 0.998005
351.400000000 17.5378 34.1593 0 0 0 0.196057 0.980593
352.300000000 17.6817 34.4373 0 0 0 0.474946 0.880015
353.900000000 17.881 35.4709 0 0 0 0.696736 0.717327
355.200000000 17.7779 36.4357 0 0 0 0.733944 0.679209
356.100000000 17.6445 36.6226 0 0 0 0.910964 0.412485
356.700000000 17.5884 36.5123 0 0 0 0.992095 0.125492
357.400000000 17.6035 36.3931 0 0 0 -0.974847 0.222874
357.900000000 17.6738 36.3153 0 0 0 -0.889692 0.456561
358.600000000 17.6619 36.3107 0 0 0 -0.699991 0.714151
359.200000000 17.6468 36.2885 0 0 0 -0.495562 0.868573
360.800000000 18.4695 35.6194 0 0 0 -0.32157 0.946886
362.100000000 19.1954 35.0114 0 0 0 -0.354993 0.934869
364.100000000 19.9266 34.3484 0 0 0 -0.346427 0.938077
367.800000000 20.8125 33.7915 0 0 0 -0.191104 0.98157
369.300000000 21.6396 33.4358 0 0 0 -0.0505236 0.998723
372.100000000 22.6099 33.4151 0 0 0 0.0520408 0.998645
376.700000000 23.5953 33.5388 0 0 0 0.0847602 0.996401
381.400000000 24.5349 33.6666 0 0 0 0.0649002 0.997892
386.300000000 25.4926 33.7464 0 0 0 0.0275788 0.99962
391.100000000 26.4469 33.7752 0 0 0 0.0109565 0.99994
395.900000000 27.4185 33.7885 0 0 0 0.00609446 0.999981
398.700000000 28.4186 34.1571 0 0 0 0.291334 0.956621
400.300000000 29.1211 34.8518 0 0 0 0.393728 0.919227
403.100000000 29.7562 35.516 0 0 0 0.390001 0.920815
407.900000000 30.4318 36.205 0 0 0 0.386796 0.922165
412.300000000 31.0826 36.8687 0 0 0 0.386606 0.922245
416.900000000 31.7859 37.5743 0 0 0 0.386417 0.922324
421.400000000 32.4589 38.2695 0 0 0 0.386228 0.922403
426.000000000 33.1318 38.9699 0 0 0 0.392242 0.919862
429.400000000 33.7515 39.6585 0 0 0 0.476666 0.879084
430.700000000 34.1205 40.5592 0 0 0 0.590893 0.80675
432.000000000 34.2729 41.5264 0 0 0 0.691201 0.722662
433.300000000 34.2601 42.4985 0 0 0 0.750966 0.660341
434.500000000 34.5171 43.0752 0 0 0 0.533215 0.84598
436.100000000 35.2579 43.8857 0 0 0 0.348617 0.937265
437.400000000 35.9388 44.5488 0 0 0 0.373653 0.927569
438.600000000 36.5999 45.185 0 0 0 0.383303 0.923623
440.100000000 36.9855 45.7416 0 0 0 0.652993 0.757364
440.800000000 36.8616 45.9102 0 0 0 0.816729 0.577021
441.900000000 36.3344 46.329 0 0 0 0.929264 0.369417
443.300000000 35.5837 47.0404 0 0 0 0.935855 0.352387
444.500000000 34.9005 47.6342 0 0 0 0.919086 0.394056
445.900000000 34.2716 48.4895 0 0 0 0.876693 0.481051
447.300000000 33.9948 49.42 0 0 0 0.76126 0.648447
448.600000000 33.9928 50.3869 0 0 0 0.683263 0.730172
449.800000000 34.0697 51.2855 0 0 0 0.669017 0.743247
451.100000000 34.1518 52.2561 0 0 0 0.681871 0.731472
452.500000000 33.9309 52.9977 0 0 0 0.85935 0.511388
454.000000000 33.1878 53.7444 0 0 0 0.935879 0.352322
455.400000000 32.4137 54.4544 0 0 0 0.928326 0.371766
456.800000000 31.67 55.1976 0 0 0 0.92226 0.386571
464.100000000 30.9963 55.8873 0 0 0 0.922309 0.386454
465.500000000 30.2584 56.6364 0 0 0 0.922263 0.386564
466.800000000 29.5048 57.2755 0 0 0 0.944875 0.327432
468.100000000 28.7086 57.8151 0 0 0 0.961777 0.273835
469.400000000 27.8509 58.2635 0 0 0 0.973315 0.229471
470.800000000 26.932 58.7365 0 0 0 0.972109 0.234531
472.100000000 26.1006 59.287 0 0 0 0.941021 0.338349
473.500000000 25.2432 59.8555 0 0 0 0.9719 0.235394
474.700000000 24.3833 60.046 0 0 0 0.996666 0.0815872
476.100000000 23.3733 60.0202 0 0 0 -0.998932 0.0461986
477.500000000 22.3338 59.9756 0 0 0 -0.999662 0.0259991
478.800000000 21.348 59.9527 0 0 0 0.999964 0.00853202
480.100000000 20.3744 59.9647 0 0 0 0.999982 0.0059436
481.300000000 19.4706 59.9718 0 0 0 -0.999997 0.00252282
482.700000000 18.5074 59.8852 0 0 0 -0.994462 0.105097
484.900000000 17.752 59.4864 0 0 0 -0.931965 0.362549
485.700000000 17.7669 59.4772 0 0 0 -0.763287 0.64606
486.400000000 17.792 59.4806 0 0 0 -0.538456 0.842654
487.100000000 17.8773 59.5543 0 0 0 -0.277603 0.960696
488.100000000 18.455 59.4815 0 0 0 -0.0537007 0.998557
489.400000000 18.7308 59.5993 0 0 0 0.248935 0.96852
490.200000000 18.6727 59.6782 0 0 0 0.479146 0.877735
491.300000000 18.5883 59.7521 0 0 0 0.710416 0.703782
492.200000000 18.487 59.7374 0 0 0 0.859931 0.51041
493.100000000 18.4029 59.6418 0 0 0 0.973366 0.229256
493.900000000 18.3859 59.5387 0 0 0 -0.997806 0.0662041
494.600000000 18.4368 59.4807 0 0 0 -0.934045 0.357156
495.300000000 18.5248 59.3334 0 0 0 -0.771495 0.636236
496.200000000 18.5433 59.0048 0 0 0 -0.575759 0.81762
497.600000000 19.0642 58.4957 0 0 0 -0.350456 0.936579
499.200000000 19.6754 58.2881 0 0 0 -0.110822 0.99384
500.400000000 19.7086 58.4115 0 0 0 0.202963 0.979186
501.200000000 19.6462 58.4961 0 0 0 0.470083 0.882622
502.000000000 19.5416 58.5281 0 0 0 0.699401 0.71473
502.700000000 19.4327 58.4958 0 0 0 0.879805 0.475336
503.300000000 19.3523 58.4078 0 0 0 0.97939 0.201977
503.800000000 19.3371 58.3062 0 0 0 -0.999217 0.039557
504.500000000 19.3971 58.2028 0 0 0 -0.928348 0.371712
505.100000000 19.4532 58.1993 0 0 0 -0.780758 0.624834
505.800000000 19.4443 58.0939 0 0 0 -0.580909 0.813969
506.500000000 19.6048 58.0215 0 0 0 -0.348227 0.93741
508.100000000 20.6032 57.5669 0 0 0 -0.191591 0.981475
509.900000000 20.8999 57.2336 0 0 0 -0.495528 0.868592
510.800000000 20.9023 57.1435 0 0 0 -0.694708 0.719292
512.600000000 20.8843 56.1041 0 0 0 -0.709827 0.704376
513.400000000 20.8499 56.0919 0 0 0 -0.896017 0.444019
514.000000000 20.7848 56.0896 0 0 0 -0.986255 0.165233
514.700000000 20.751 56.1685 0 0 0 0.983451 0.181176
515.300000000 20.7909 56.2943 0 0 0 0.899483 0.436955
516.200000000 20.7033 56.6878 0 0 0 0.758634 0.651517
518.200000000 20.9285 57.7054 0 0 0 0.585441 0.810715
519.200000000 21.1095 57.8401 0 0 0 0.308106 0.951352
519.800000000 21.1473 57.7347 0 0 0 0.0177467 0.999843
520.500000000 21.1435 57.7254 0 0 0 -0.296734 0.95496
521.300000000 21.2255 57.3564 0 0 0 -0.557324 0.830295
522.600000000 21.1883 56.6083 0 0 0 -0.758269 0.651942
524.500000000 21.3181 55.8844 0 0 0 -0.546382 0.837536
526.200000000 21.8052 55.4806 0 0 0 -0.297055 0.954861
528.200000000 22.0557 55.2981 0 0 0 -0.563469 0.826137
530.000000000 22.019 54.4772 0 0 0 -0.755859 0.654734
531.900000000 21.7751 53.87 0 0 0 -0.91248 0.409121
532.800000000 21.7567 53.8784 0 0 0 -0.987196 0.159514
533.900000000 21.6955 53.9491 0 0 0 0.992762 0.120095
534.800000000 21.7497 54.0463 0 0 0 0.924944 0.380104
535.700000000 21.8469 54.1162 0 0 0 0.764553 0.64456
536.500000000 21.959 54.1177 0 0 0 0.560255 0.82832
537.100000000 22.0427 54.0444 0 0 0 0.295678 0.955288
537.700000000 22.0887 53.9263 0 0 0 0.00478644 0.999989
538.300000000 22.0476 53.8519 0 0 0 -0.288166 0.95758
538.900000000 22.1179 53.6327 0 0 0 -0.484498 0.874793
540.500000000 22.1563 52.9978 0 0 0 -0.718786 0.695231
542.400000000 21.8544 52.1407 0 0 0 -0.841498 0.54026
544.200000000 21.8347 51.7053 0 0 0 -0.645381 0.763861
547.300000000 21.8783 50.8941 0 0 0 -0.826024 0.563636
548.400000000 21.7183 50.88 0 0 0 -0.951117 0.308831
550.400000000 20.9751 50.3056 0 0 0 -0.913896 0.405949
551.700000000 21.0148 50.0735 0 0 0 -0.757394 0.652958
554.300000000 20.9099 49.6725 0 0 0 -0.908419 0.418062
555.000000000 20.8792 49.736 0 0 0 -0.996508 0.0834953
555.600000000 20.856 49.8148 0 0 0 0.977297 0.211874
556.200000000 20.8965 49.9069 0 0 0 0.873301 0.48718
556.800000000 21.0068 49.946 0 0 0 0.693683 0.720281
557.300000000 21.1349 49.9787 0 0 0 0.517623 0.855609
558.900000000 21.9169 50.6646 0 0 0 0.326349 0.945249
560.200000000 22.6217 51.3169 0 0 0 0.379379 0.925241
561.600000000 23.3537 52.0772 0 0 0 0.387892 0.921705
563.000000000 24.0997 52.8178 0 0 0 0.380871 0.924628
564.300000000 24.7932 53.5072 0 0 0 0.380877 0.924626
565.600000000 25.4859 54.1892 0 0 0 0.380905 0.924614
566.900000000 26.1717 54.8823 0 0 0 0.381035 0.92456
568.200000000 26.8662 55.5645 0 0 0 0.381232 0.92448
569.400000000 27.5025 56.1979 0 0 0 0.381374 0.924421
570.700000000 28.1954 56.8904 0 0 0 0.381602 0.924327
572.100000000 28.9671 57.5942 0 0 0 0.349408 0.936971
573.400000000 29.7886 58.0908 0 0 0 0.205252 0.978709
574.900000000 30.7932 58.2318 0 0 0 0.00864194 0.999963
577.000000000 31.6976 58.1245 0 0 0 -0.0534543 0.99857
581.400000000 32.6632 58.0597 0 0 0 -0.0257007 0.99967
585.900000000 33.6297 58.038 0 0 0 -0.00729899 0.999973
590.400000000 34.5975 58.0326 0 0 0 -0.00170955 0.999999
594.900000000 35.572 58.0292 0 0 0 -0.00171002 0.999999
599.500000000 36.5345 58.0257 0 0 0 -0.00171059 0.999999
604.400000000 37.5155 58.0223 0 0 0 -0.00171125 0.999999
608.800000000 38.542 58.0187 0 0 0 -0.001712 0.999999
610.200000000 39.4973 58.0151 0 0 0 -0.00171239 0.999999
611.500000000 40.471 58.0116 0 0 0 -0.00171269 0.999999
612.800000000 41.4453 58.0084 0 0 0 -0.00172077 0.999999
614.100000000 42.417 58.0385 0 0 0 0.0333951 0.999442
615.200000000 42.8212 58.1935 0 0 0 0.319019 0.947748
615.900000000 42.7051 58.2622 0 0 0 0.625137 0.780515
616.600000000 42.5833 58.4657 0 0 0 0.798231 0.602351
618.300000000 41.9514 59.3144 0 0 0 0.87377 0.486339
619.600000000 41.5662 60.184 0 0 0 0.811059 0.584965
620.300000000 41.6723 60.259 0 0 0 0.593594 0.804764
620.900000000 41.7745 60.2014 0 0 0 0.333635 0.942702
621.500000000 41.8862 60.1497 0 0 0 0.0739847 0.997259
622.200000000 42.0134 60.0303 0 0 0 -0.206115 0.978528
623.700000000 42.6722 59.3149 0 0 0 -0.421136 0.906998
625.100000000 43.3744 58.532 0 0 0 -0.381753 0.924264
626.600000000 44.2693 57.9853 0 0 0 -0.183651 0.982992
628.000000000 45.27 57.8845 0 0 0 0.0163288 0.999867
629.300000000 46.2366 57.9851 0 0 0 0.0461217 0.998936
630.600000000 47.2074 58.0666 0 0 0 0.0358118 0.999359
631.900000000 48.1838 58.1118 0 0 0 0.0118563 0.99993
633.200000000 49.1571 58.1105 0 0 0 -0.00503288 0.999987
634.500000000 50.1279 58.0623 0 0 0 -0.0270711 0.999634
635.700000000 51.0314 58.0366 0 0 0 -0.000713979 1
637.100000000 52.0837 58.0495 0 0 0 0.00537033 0.999986
638.800000000 53.03 57.7522 0 0 0 -0.280066 0.959981
640.200000000 53.7298 57.0386 0 0 0 -0.407014 0.913422
641.500000000 54.4035 56.3252 0 0 0 -0.390231 0.920717
642.700000000 55.0405 55.6944 0 0 0 -0.382009 0.924159
644.100000000 55.7854 54.9516 0 0 0 -0.382013 0.924157
645.400000000 56.4684 54.2459 0 0 0 -0.390682 0.920526
646.700000000 57.1147 53.5285 0 0 0 -0.427039 0.904233
648.000000000 57.655 52.7155 0 0 0 -0.507381 0.861722
649.400000000 57.9249 51.7175 0 0 0 -0.623111 0.782133
650.900000000 58.4822 50.9278 0 0 0 -0.39827 0.917268
651.800000000 58.825 50.7531 0 0 0 -0.155282 0.98787
652.500000000 58.8173 50.8813 0 0 0 0.193496 0.981101
653.100000000 58.7432 50.9727 0 0 0 0.4748 0.880094
653.700000000 58.6403 51.0054 0 0 0 0.713689 0.700463
654.300000000 58.5084 51.0126 0 0 0 0.877336 0.479876
655.100000000 58.2927 51.1192 0 0 0 0.973361 0.22928
656.400000000 57.4522 51.109 0 0 0 -0.999955 0.00945253
657.900000000 56.801 50.8647 0 0 0 -0.950184 0.31169
658.500000000 56.9004 50.7944 0 0 0 -0.815602 0.578613
659.100000000 57 50.7908 0 0 0 -0.6068 0.794855
660.100000000 57.3589 50.5076 0 0 0 -0.407781 0.91308
661.300000000 57.9592 49.8425 0 0 0 -0.425158 0.905119
662.800000000 58.3516 48.8925 0 0 0 -0.622282 0.782793
664.100000000 58.3114 48.0173 0 0 0 -0.811198 0.584772
665.700000000 57.5915 47.2174 0 0 0 -0.926489 0.376321
667.000000000 56.919 46.5941 0 0 0 -0.935309 0.353831
668.400000000 56.0713 46.0387 0 0 0 -0.968151 0.250366
669.800000000 55.1697 45.8005 0 0 0 -0.988146 0.153514
671.400000000 54.4187 45.1729 0 0 0 -0.909423 0.415873
672.800000000 54.0141 44.2334 0 0 0 -0.796782 0.604267
674.400000000 54.0454 43.3283 0 0 0 -0.703751 0.710446
676.900000000 54.0164 42.3772 0 0 0 -0.709497 0.704709
681.200000000 53.9959 41.3797 0 0 0 -0.711845 0.702337
684.400000000 53.957 40.4072 0 0 0 -0.721747 0.692157
685.800000000 53.7715 39.3447 0 0 0 -0.812729 0.582642
687.900000000 53.269 38.5716 0 0 0 -0.898646 0.438675
691.400000000 52.6222 37.9116 0 0 0 -0.916932 0.399043
695.000000000 51.9243 37.1958 0 0 0 -0.922572 0.385826
698.200000000 51.2566 36.5094 0 0 0 -0.922781 0.385325
701.700000000 50.5699 35.8142 0 0 0 -0.92278 0.385328
705.400000000 49.8958 35.1312 0 0 0 -0.922779 0.38533
709.000000000 49.2103 34.4371 0 0 0 -0.922778 0.385332
712.400000000 48.5315 33.6776 0 0 0 -0.89031 0.455356
713.900000000 48.2156 32.7804 0 0 0 -0.781311 0.624143
715.800000000 48.1984 31.8338 0 0 0 -0.697135 0.71694
718.500000000 48.2434 30.8716 0 0 0 -0.687628 0.726063
720.900000000 48.2926 29.9097 0 0 0 -0.693447 0.720508
723.600000000 48.324 28.9802 0 0 0 -0.690857 0.722992
725.800000000 48.3884 27.8837 0 0 0 -0.671091 0.741375
726.900000000 48.5259 27.5014 0 0 0 -0.446296 0.894885
727.600000000 48.6048 27.5972 0 0 0 -0.111758 0.993735
728.200000000 48.5772 27.7333 0 0 0 0.186313 0.982491
728.800000000 48.5028 27.8212 0 0 0 0.4684 0.883517
729.600000000 48.4218 28.0758 0 0 0 0.699183 0.714943
731.000000000 48.3435 29.0295 0 0 0 0.723217 0.690621
732.400000000 48.545 30.0057 0 0 0 0.55986 0.828587
733.700000000 49.1194 30.7131 0 0 0 0.413117 0.910678
735.100000000 49.8703 31.4388 0 0 0 0.361211 0.932484
736.400000000 50.5917 32.1431 0 0 0 0.377022 0.926204
737.700000000 51.2805 32.7912 0 0 0 0.374086 0.927394
739.300000000 51.9326 33.2071 0 0 0 0.0770529 0.997027
740.000000000 52.0799 33.1021 0 0 0 -0.193322 0.981135
741.600000000 52.8232 32.3937 0 0 0 -0.407053 0.913404
742.900000000 53.4762 31.6933 0 0 0 -0.392947 0.919561
744.200000000 54.1606 30.98 0 0 0 -0.38012 0.924937
745.600000000 54.9096 30.2423 0 0 0 -0.380823 0.924648
746.800000000 55.5485 29.6046 0 0 0 -0.385075 0.922885
748.100000000 56.2382 28.9169 0 0 0 -0.385029 0.922904
749.500000000 56.9524 28.1847 0 0 0 -0.395388 0.918514
750.800000000 57.5874 27.4291 0 0 0 -0.465704 0.884941
752.200000000 57.9113 26.474 0 0 0 -0.635409 0.772176
753.800000000 57.8786 25.5173 0 0 0 -0.71276 0.701408
756.700000000 57.7981 24.5161 0 0 0 -0.788197 0.615423
758.300000000 57.1545 23.7022 0 0 0 -0.922405 0.386224
759.600000000 56.3864 23.0662 0 0 0 -0.92999 0.367584
760.900000000 55.7093 22.3867 0 0 0 -0.923248 0.384205
762.400000000 54.9516 21.7337 0 0 0 -0.943436 0.331554
763.700000000 54.1474 21.2778 0 0 0 -0.985174 0.171559
765.800000000 53.161 21.1817 0 0 0 -0.999998 0.00205608
770.100000000 52.2185 21.247 0 0 0 0.999093 0.0425818
774.800000000 51.1719 21.3035 0 0 0 -0.999487 0.0320393
775.900000000 50.6723 21.0277 0 0 0 -0.955657 0.294481
777.400000000 50.0972 20.299 0 0 0 -0.90002 0.435849
781.300000000 49.4683 19.5718 0 0 0 -0.917589 0.397531
785.900000000 48.819 18.8845 0 0 0 -0.922748 0.385404
790.200000000 48.1622 18.2114 0 0 0 -0.924423 0.381369
793.800000000 47.5323 17.505 0 0 0 -0.9032 0.42922
795.200000000 46.9444 16.6025 0 0 0 -0.844711 0.535223
796.600000000 46.7281 15.5854 0 0 0 -0.739853 0.672769
797.900000000 46.7386 14.5168 0 0 0 -0.750393 0.660992
799.600000000 46.8975 13.6139 0 0 0 -0.536912 0.843638
801.100000000 47.5919 12.979 0 0 0 -0.346674 0.937986
802.500000000 48.3476 12.2047 0 0 0 -0.372737 0.927937
803.800000000 49.0427 11.5606 0 0 0 -0.386326 0.922362
805.000000000 49.675 10.9119 0 0 0 -0.383312 0.923619
806.300000000 50.3701 10.2136 0 0 0 -0.383142 0.923689
807.700000000 51.1287 9.52535 0 0 0 -0.342432 0.939543
809.000000000 51.9652 9.05735 0 0 0 -0.213071 0.977037
810.400000000 52.921 8.96635 0 0 0 -0.0050167 0.999987
811.100000000 52.9497 9.04777 0 0 0 0.320495 0.94725
811.800000000 52.9729 9.26399 0 0 0 0.544256 0.838919
812.800000000 52.9448 9.7837 0 0 0 0.731681 0.681647
814.200000000 52.5328 10.7846 0 0 0 0.813982 0.58089
815.500000000 52.4782 11.7267 0 0 0 0.741482 0.670973
816.900000000 52.6086 12.3306 0 0 0 0.473775 0.880646
817.500000000 52.6891 12.2456 0 0 0 0.197067 0.98039
818.100000000 52.7087 12.1188 0 0 0 -0.0966548 0.995318
819.000000000 52.9647 11.813 0 0 0 -0.338002 0.941145
820.300000000 53.6004 11.1114 0 0 0 -0.418 0.908447
821.700000000 54.3428 10.3575 0 0 0 -0.382598 0.923915
823.000000000 55.042 9.6769 0 0 0 -0.375051 0.927004
824.300000000 55.7373 8.99546 0 0 0 -0.382829 0.923819
825.700000000 56.4762 8.2457 0 0 0 -0.38233 0.924026
827.000000000 57.1565 7.5509 0 0 0 -0.394442 0.918921
828.400000000 57.7224 6.68524 0 0 0 -0.526711 0.850044
829.700000000 57.9388 5.73881 0 0 0 -0.661512 0.749934
831.000000000 57.8702 4.76757 0 0 0 -0.755422 0.655238
832.300000000 57.7301 3.80147 0 0 0 -0.733109 0.680111
833.600000000 57.7186 2.82655 0 0 0 -0.703127 0.711064
835.000000000 57.6388 1.94969 0 0 0 -0.806414 0.591352
836.600000000 56.9091 1.12911 0 0 0 -0.92067 0.390341
837.900000000 56.2482 0.44135 0 0 0 -0.931721 0.363176
839.300000000 55.4931 -0.281511 0 0 0 -0.925245 0.37937
840.500000000 54.8614 -0.928306 0 0 0 -0.924855 0.380321
841.900000000 54.0597 -1.574 0 0 0 -0.958933 0.283633
843.200000000 53.1368 -1.89083 0 0 0 -0.993282 0.11572
845.000000000 52.1198 -1.94284 0 0 0 0.999891 0.014735
847.800000000 51.1602 -1.89961 0 0 0 0.999702 0.0244004
849.800000000 50.1832 -1.97938 0 0 0 -0.993454 0.114231
851.400000000 49.3152 -2.55366 0 0 0 -0.925172 0.379548
852.600000000 49.046 -3.15254 0 0 0 -0.787165 0.616743
854.000000000 48.9818 -4.15761 0 0 0 -0.69982 0.714319
854.800000000 49.1206 -4.3083 0 0 0 -0.446249 0.894909
855.400000000 49.19 -4.18079 0 0 0 -0.16006 0.987107
856.000000000 49.1924 -4.06052 0 0 0 0.138782 0.990323
856.500000000 49.1388 -3.99378 0 0 0 0.378991 0.9254
857.100000000 49.0372 -3.939 0 0 0 0.635622 0.772001
857.900000000 48.9144 -3.69286 0 0 0 0.819618 0.57291
859.400000000 48.2457 -2.98017 0 0 0 0.932002 0.362454
860.800000000 47.4549 -2.28359 0 0 0 0.940247 0.340494
862.200000000 46.5516 -1.7241 0 0 0 0.977567 0.210627
863.800000000 45.6383 -1.55214 0 0 0 0.998168 0.0605097
865.400000000 44.5384 -1.59427 0 0 0 -0.999045 0.0436857
866.600000000 43.6462 -1.69089 0 0 0 -0.998411 0.0563588
868.300000000 42.6241 -1.74345 0 0 0 -0.999913 0.0131972
871.200000000 41.7146 -1.7341 0 0 0 0.999889 0.0149225
875.200000000 40.743 -1.70581 0 0 0 0.999968 0.00805272
877.700000000 39.7061 -1.74624 0 0 0 -0.999448 0.0332103
879.100000000 38.7438 -1.90828 0 0 0 -0.98016 0.198209
879.800000000 38.716 -2.03478 0 0 0 -0.876163 0.482015
880.400000000 38.8139 -2.12507 0 0 0 -0.708074 0.706138
881.100000000 38.9565 -2.08531 0 0 0 -0.426117 0.904668
881.600000000 39.0115 -2.00621 0 0 0 -0.189709 0.98184
882.300000000 39.0132 -1.90874 0 0 0 0.159084 0.987265
882.900000000 38.9451 -1.82766 0 0 0 0.444266 0.895895
883.500000000 38.9365 -1.8205 0 0 0 0.676244 0.736677
884.100000000 38.7669 -1.76244 0 0 0 0.843345 0.537373
885.600000000 38.0592 -1.0522 0 0 0 0.936682 0.35018
887.000000000 37.3257 -0.366621 0 0 0 0.938344 0.345703
890.100000000 36.6327 0.271961 0 0 0 0.92816 0.372182
894.500000000 35.9554 0.947158 0 0 0 0.924914 0.380176
897.800000000 35.2901 1.60439 0 0 0 0.92493 0.380138
902.300000000 34.5961 2.41369 0 0 0 0.891254 0.453504
903.800000000 34.1838 3.26931 0 0 0 0.813994 0.580873
906.200000000 34.0374 4.30029 0 0 0 0.728143 0.685425
910.800000000 34.0288 5.1758 0 0 0 0.730009 0.683438
912.000000000 33.7113 5.85791 0 0 0 0.879211 0.476432
913.400000000 33.0315 6.56918 0 0 0 0.930119 0.367257
916.200000000 32.3312 7.22856 0 0 0 0.927501 0.373821
921.000000000 31.6278 7.92044 0 0 0 0.924966 0.38005
923.400000000 31.4728 8.38277 0 0 0 0.747116 0.664694
924.100000000 31.5414 8.4714 0 0 0 0.530964 0.847394
925.700000000 32.2641 9.01629 0 0 0 0.355927 0.934514
927.000000000 32.9522 9.71462 0 0 0 0.378269 0.925696
928.300000000 33.6451 10.3893 0 0 0 0.38999 0.920819
935.800000000 34.3225 11.0995 0 0 0 0.38483 0.922988
937.100000000 35.0131 11.7966 0 0 0 0.38484 0.922983
938.400000000 35.6938 12.4837 0 0 0 0.38485 0.922979
939.700000000 36.4081 13.1569 0 0 0 0.344462 0.9388
941.000000000 37.22 13.643 0 0 0 0.209611 0.977785
942.600000000 38.2506 13.7819 0 0 0 0.00872921 0.999962
944.200000000 39.3023 13.719 0 0 0 -0.0676684 0.997708
945.600000000 40.2379 13.5765 0 0 0 -0.0329915 0.999456
947.000000000 41.3346 13.7075 0 0 0 0.1444 0.989519
948.300000000 42.1318 14.2023 0 0 0 0.318799 0.947822
949.800000000 42.8705 14.9581 0 0 0 0.395026 0.91867
952.100000000 43.5221 15.6283 0 0 0 0.388654 0.921384
956.400000000 44.2111 16.3273 0 0 0 0.38529 0.922796
960.700000000 44.8836 17.0085 0 0 0 0.385356 0.922768
964.400000000 45.5934 17.7274 0 0 0 0.385404 0.922748
967.700000000 46.268 18.4089 0 0 0 0.385233 0.922819
969.100000000 46.9953 19.1421 0 0 0 0.385254 0.922811
970.400000000 47.6854 19.83 0 0 0 0.385271 0.922803
971.700000000 48.3655 20.5278 0 0 0 0.385292 0.922795
973.000000000 49.0792 21.1919 0 0 0 0.354965 0.93488
974.200000000 49.8364 21.6846 0 0 0 0.234838 0.972035
975.700000000 50.8892 21.8862 0 0 0 0.0246546 0.999696
976.900000000 51.7786 21.6927 0 0 0 -0.071707 0.997426
978.200000000 52.7481 21.6841 0 0 0 -0.0299594 0.999551
979.500000000 53.7217 21.6923 0 0 0 0.0161532 0.99987
980.900000000 54.7751 21.7191 0 0 0 0.00717488 0.999974
982.500000000 55.7477 21.7161 0 0 0 -0.0014506 0.999999
983.300000000 55.8739 21.6135 0 0 0 -0.312489 0.949921
983.900000000 55.786 21.5259 0 0 0 -0.575453 0.817835
984.500000000 55.6506 21.5147 0 0 0 -0.78773 0.616021
985.200000000 55.4628 21.5634 0 0 0 -0.94538 0.325969
986.200000000 55.0167 21.4591 0 0 0 -0.997533 0.0701927
987.800000000 53.995 21.5183 0 0 0 0.999661 0.0260176
989.300000000 53.6546 21.4374 0 0 0 -0.965802 0.259282
990.200000000 53.756 21.3356 0 0 0 -0.84006 0.542494
993.000000000 53.4108 20.7616 0 0 0 -0.967316 0.253573
993.900000000 53.1134 20.7915 0 0 0 -0.999979 0.00650148
995.500000000 52.4346 21.1157 0 0 0 0.960991 0.276581
998.300000000 51.8282 21.4481 0 0 0 -0.998684 0.0512878
1000.000000000 51.2024 21.1032 0 0 0 -0.957928 0.287009
1001.900000000 50.7042 20.9382 0 0 0 0.999714 0.0239027
1005.100000000 50.1084 21.0737 0 0 0 -0.956162 0.292838
1006.200000000 50.0969 20.7933 0 0 0 -0.825985 0.563692
1007.800000000 49.8927 19.7945 0 0 0 -0.787239 0.616649
1009.300000000 49.6761 19.4531 0 0 0 -0.93611 0.351708
1010.100000000 49.6191 19.5269 0 0 0 -0.996214 0.0869369
1012.600000000 48.6454 19.6636 0 0 0 -0.992078 0.125621
1013.500000000 48.5883 19.4959 0 0 0 -0.918264 0.395968
1014.500000000 48.6186 19.2161 0 0 0 -0.766127 0.64269
1016.000000000 48.4828 18.242 0 0 0 -0.747479 0.664285
1017.400000000 48.578 17.9903 0 0 0 -0.510891 0.859645
1018.200000000 48.7071 18.0622 0 0 0 -0.257877 0.966178
1019.000000000 48.7129 18.1864 0 0 0 0.0362889 0.999341
1019.800000000 48.6394 18.284 0 0 0 0.329212 0.944256
1020.400000000 48.6013 18.3161 0 0 0 0.5323 0.846556
1021.100000000 48.5298 18.2843 0 0 0 0.776962 0.629547
1021.700000000 48.4603 18.2518 0 0 0 0.924794 0.380468
1022.200000000 48.4401 18.2018 0 0 0 0.9882 0.153167
1023.100000000 48.0478 18.0371 0 0 0 -0.991415 0.130751
1024.500000000 47.1028 17.5631 0 0 0 -0.96832 0.249713
1025.700000000 47.0215 17.3695 0 0 0 -0.851341 0.524613
1026.600000000 47.0655 17.2967 0 0 0 -0.700773 0.713384
1028.400000000 47.2197 16.3134 0 0 0 -0.605371 0.795943
1029.500000000 47.2269 16.3513 0 0 0 -0.341402 0.939917
1030.200000000 47.2739 16.4506 0 0 0 -0.113032 0.993591
1031.100000000 47.3914 16.4499 0 0 0 0.213431 0.976958
1031.800000000 47.3103 16.5421 0 0 0 0.47254 0.881309
1032.500000000 47.2548 16.5186 0 0 0 0.71254 0.701631
1033.200000000 47.2422 16.5125 0 0 0 0.910999 0.41241
1033.800000000 47.1661 16.44 0 0 0 0.991758 0.128124
1034.400000000 47.1374 16.3502 0 0 0 -0.985281 0.170943
1035.300000000 46.826 16.001 0 0 0 -0.91844 0.39556
1036.900000000 46.4187 15.0727 0 0 0 -0.776599 0.629995
1038.100000000 46.4575 14.7778 0 0 0 -0.588949 0.80817
1040.400000000 46.9848 14.0785 0 0 0 -0.346187 0.938166
1041.600000000 47.084 14.136 0 0 0 -0.0518984 0.998652
1042.600000000 47.1993 14.1717 0 0 0 0.24444 0.969664
1043.300000000 47.1427 14.1802 0 0 0 0.494035 0.869442
1044.000000000 47.0274 14.1895 0 0 0 0.709108 0.7051
1044.700000000 47.0129 14.1847 0 0 0 0.886579 0.462578
1045.400000000 46.9938 14.1613 0 0 0 0.986302 0.164949
1046.000000000 46.9813 14.1388 0 0 0 -0.994375 0.105914
1046.700000000 47.016 14.0085 0 0 0 -0.9127 0.408629
1047.600000000 46.9402 13.5973 0 0 0 -0.755196 0.6555
1048.700000000 47.0453 13.0779 0 0 0 -0.561829 0.827254
1050.000000000 47.5001 12.6748 0 0 0 -0.317838 0.948145
1051.700000000 48.2832 12.4439 0 0 0 -0.067597 0.997713
1054.200000000 48.7894 12.324 0 0 0 -0.388052 0.921638
1054.800000000 48.6775 12.2629 0 0 0 -0.627114 0.778927
1055.400000000 48.5626 12.2818 0 0 0 -0.826684 0.562667
1056.100000000 48.5653 12.2766 0 0 0 -0.968937 0.247307
1056.700000000 48.5221 12.3593 0 0 0 0.99957 0.0293345
1057.200000000 48.5146 12.5291 0 0 0 0.969933 0.243371
1058.800000000 47.7142 13.3145 0 0 0 0.91015 0.414279
1060.100000000 47.0169 14.1801 0 0 0 0.924205 0.381897
1061.900000000 46.4205 14.8638 0 0 0 0.926174 0.377096
1066.100000000 45.716 15.5596 0 0 0 0.925035 0.379883
1071.000000000 45.0339 16.2231 0 0 0 0.925035 0.379883
1075.900000000 44.3606 16.8979 0 0 0 0.925035 0.379883
1080.700000000 43.6973 17.5426 0 0 0 0.925035 0.379883
1085.800000000 42.9927 18.2384 0 0 0 0.925035 0.379883
1090.600000000 42.3007 18.9018 0 0 0 0.925035 0.379883
1095.400000000 41.6186 19.5853 0 0 0 0.925035 0.379883
1100.100000000 40.9465 20.2487 0 0 0 0.925035 0.379883
1105.200000000 40.1867 20.8623 0 0 0 0.950458 0.310853
1108.900000000 39.2939 21.3205 0 0 0 0.985545 0.169412
1110.800000000 38.2735 21.3747 0 0 0 0.998829 0.0483735
1114.800000000 37.2797 21.3641 0 0 0 -0.999973 0.00739503
1119.300000000 36.3176 21.3561 0 0 0 -0.999962 0.00876774
1123.800000000 35.3362 21.3487 0 0 0 -0.999998 0.00214378
1128.700000000 34.3712 21.3443 0 0 0 -0.999998 0.00214378
1133.100000000 33.4027 21.34 0 0 0 -0.999998 0.00214378
1137.900000000 32.4512 21.3356 0 0 0 -0.999998 0.00214378
1142.600000000 31.4697 21.3313 0 0 0 -0.999998 0.00214378
1147.500000000 30.5047 21.3269 0 0 0 -0.999998 0.00214378
1152.200000000 29.5447 21.3224 0 0 0 -0.999998 0.00214378
1157.300000000 28.5457 21.318 0 0 0 -0.999998 0.00214378
1161.600000000 27.5647 21.3137 0 0 0 -0.999998 0.00214378
1163.900000000 26.6448 20.9612 0 0 0 -0.957624 0.28802
1165.600000000 25.9449 20.2788 0 0 0 -0.91526 0.402864
1167.000000000 25.3935 19.4701 0 0 0 -0.857852 0.513897
1169.600000000 25.1436 18.5147 0 0 0 -0.760155 0.649741
1171.800000000 25.1217 17.4171 0 0 0 -0.696188 0.717859
1173.100000000 25.2294 16.4402 0 0 0 -0.656263 0.754533
1174.300000000 25.415 15.5616 0 0 0 -0.619636 0.784889
1175.100000000 25.5734 15.391 0 0 0 -0.384506 0.923123
1175.800000000 25.629 15.5053 0 0 0 -0.0440433 0.99903
1176.400000000 25.6041 15.6309 0 0 0 0.253157 0.967425
1176.900000000 25.5383 15.6722 0 0 0 0.484094 0.875016
1177.600000000 25.4304 15.8139 0 0 0 0.727739 0.685855
1178.200000000 25.2955 15.8782 0 0 0 0.861849 0.507164
1179.800000000 24.4924 16.6253 0 0 0 0.94102 0.33835
1187.200000000 23.8158 17.242 0 0 0 0.93316 0.35946
1189.100000000 23.0968 17.9433 0 0 0 0.92514 0.379627
1193.100000000 22.4345 18.604 0 0 0 0.924118 0.382108
1197.700000000 21.7485 19.2882 0 0 0 0.924118 0.382108
1202.700000000 21.0375 19.9874 0 0 0 0.924118 0.382108
1207.100000000 20.3563 20.6669 0 0 0 0.924118 0.382108
1209.500000000 19.5848 21.361 0 0 0 0.899293 0.437346
1210.700000000 19.228 22.18 0 0 0 0.851731 0.523979
1212.200000000 19.0733 23.2298 0 0 0 0.736549 0.676385
1214.200000000 19.0143 24.1985 0 0 0 0.686524 0.727107
1218.000000000 19.0991 25.1399 0 0 0 0.675501 0.737359
1222.700000000 19.1786 26.1536 0 0 0 0.681142 0.732152
1227.100000000 19.2197 27.1076 0 0 0 0.700255 0.713892
1231.100000000 19.2379 28.1083 0 0 0 0.70586 0.708352
1232.400000000 19.1293 29.0744 0 0 0 0.771511 0.636215
1234.300000000 18.7017 29.947 0 0 0 0.878591 0.477576
1238.000000000 18.1249 30.7402 0 0 0 0.898369 0.439241
1240.100000000 17.616 31.58 0 0 0 0.859826 0.510587
1241.600000000 17.2579 32.5062 0 0 0 0.779826 0.625996
1243.000000000 17.316 33.5497 0 0 0 0.692192 0.721714
1244.400000000 17.4408 34.5426 0 0 0 0.656071 0.754699
1245.700000000 17.472 35.5157 0 0 0 0.714972 0.699153
1247.100000000 17.3854 36.4647 0 0 0 0.727357 0.686259
1248.400000000 17.4318 36.532 0 0 0 0.490131 0.871649
1249.300000000 17.4833 36.5009 0 0 0 0.252369 0.967631
1250.600000000 17.729 36.4349 0 0 0 -0.0330356 0.999454
1251.600000000 17.7274 36.411 0 0 0 -0.323315 0.946291
1252.500000000 17.7052 36.379 0 0 0 -0.566692 0.82393
1254.000000000 17.9482 35.4256 0 0 0 -0.592374 0.805663
1255.400000000 18.1808 35.0977 0 0 0 -0.320036 0.947405
1256.100000000 18.1969 35.1199 0 0 0 -0.0889241 0.996038
1257.200000000 18.3822 35.2841 0 0 0 0.199627 0.979872
1258.600000000 18.6273 35.5728 0 0 0 0.465002 0.885309
1259.400000000 18.5898 35.5995 0 0 0 0.680141 0.733081
1260.300000000 18.4486 35.6054 0 0 0 0.860676 0.509154
1261.000000000 18.4298 35.5668 0 0 0 0.970907 0.239456
1261.700000000 18.4178 35.4639 0 0 0 -0.998766 0.049669
1262.400000000 18.4616 35.3876 0 0 0 -0.942359 0.334603
1263.100000000 18.4515 35.3916 0 0 0 -0.795832 0.605517
1263.900000000 18.5871 35.1435 0 0 0 -0.638114 0.769942
1265.400000000 18.9388 34.5336 0 0 0 -0.412718 0.910859
1267.400000000 19.5779 34.3016 0 0 0 -0.129196 0.991619
1268.800000000 19.7815 34.5332 0 0 0 0.110145 0.993916
1270.100000000 20.1489 34.3269 0 0 0 -0.18668 0.982421
1271.300000000 20.3949 33.931 0 0 0 -0.421494 0.906831
1275.000000000 21.003 33.2973 0 0 0 -0.1235 0.992345
1276.400000000 21.4652 33.4605 0 0 0 0.128117 0.991759
1278.200000000 21.9808 33.6495 0 0 0 0.404032 0.914745
1279.200000000 21.9178 33.6991 0 0 0 0.673555 0.739137
1280.100000000 21.8094 33.6787 0 0 0 0.851232 0.52479
1280.900000000 21.7864 33.6406 0 0 0 0.967701 0.252101
1281.500000000 21.7611 33.478 0 0 0 -0.999921 0.0125756
1282.100000000 21.7516 33.4868 0 0 0 -0.959595 0.281386
1282.600000000 21.7605 33.4759 0 0 0 -0.872712 0.488236
1283.200000000 21.7723 33.4756 0 0 0 -0.709448 0.704758
1284.000000000 21.913 33.4457 0 0 0 -0.448541 0.893762
1284.900000000 22.2826 33.2043 0 0 0 -0.234544 0.972106
1286.500000000 23.1812 32.9609 0 0 0 -0.0645742 0.997913
1287.500000000 23.2085 33.069 0 0 0 0.209166 0.97788
1288.400000000 23.2093 33.0666 0 0 0 0.459782 0.888032
1290.100000000 23.7714 33.8561 0 0 0 0.395146 0.918618
1291.200000000 24.1644 34.0821 0 0 0 0.147578 0.98905
1292.300000000 24.2137 34.0103 0 0 0 -0.148051 0.98898
1293.800000000 24.8548 33.5725 0 0 0 -0.3811 0.924534
1295.300000000 25.0375 33.2279 0 0 0 -0.651555 0.758601
1296.100000000 25.0084 33.2225 0 0 0 -0.817299 0.576214
1296.900000000 24.9683 33.2342 0 0 0 -0.950351 0.311179
1297.600000000 24.9521 33.2512 0 0 0 -0.999002 0.0446685
1298.300000000 24.9474 33.2592 0 0 0 0.975778 0.218764
1299.000000000 24.9671 33.4111 0 0 0 0.849257 0.527979
1299.600000000 25.0575 33.4522 0 0 0 0.664497 0.747291
1300.200000000 25.0537 33.453 0 0 0 0.427817 0.903865
1300.900000000 25.2752 33.4488 0 0 0 0.20608 0.978535
1302.200000000 26.2071 33.7395 0 0 0 0.144105 0.989562
1304.300000000 26.949 33.9913 0 0 0 -0.159695 0.987166
1305.700000000 27.1693 33.7065 0 0 0 -0.407904 0.913025
1306.900000000 27.1846 33.479 0 0 0 -0.653475 0.756948
1307.800000000 27.145 33.4779 0 0 0 -0.833405 0.552663
1308.700000000 27.1324 33.4813 0 0 0 -0.967839 0.251571
1309.300000000 27.1286 33.482 0 0 0 0.999941 0.0108974
1309.900000000 27.1263 33.4766 0 0 0 0.964346 0.264644
1310.600000000 27.2174 33.5632 0 0 0 0.843541 0.537064
1311.400000000 27.2145 33.5652 0 0 0 0.628196 0.778055
1312.300000000 27.4756 33.8943 0 0 0 0.412056 0.911159
1314.200000000 28.2388 34.2551 0 0 0 0.141063 0.990001
1316.000000000 28.8164 34.1844 0 0 0 -0.121884 0.992544
1317.300000000 28.8271 34.1947 0 0 0 -0.424447 0.905453
1318.200000000 28.8449 34.203 0 0 0 -0.644741 0.764401
1319.000000000 28.7953 34.1931 0 0 0 -0.842328 0.538965
1319.900000000 28.7063 34.2614 0 0 0 -0.968857 0.247621
1320.800000000 28.7031 34.2601 0 0 0 0.997235 0.0743189
1321.400000000 28.7069 34.2791 0 0 0 0.95464 0.297763
1322.200000000 28.7044 34.255 0 0 0 0.815647 0.57855
1323.300000000 28.6789 34.655 0 0 0 0.653878 0.7566
1324.800000000 29.0288 35.2222 0 0 0 0.382619 0.923906
1325.400000000 29.0923 35.1336 0 0 0 0.0971162 0.995273
1326.000000000 29.0901 35.1463 0 0 0 -0.196798 0.980444
1326.600000000 29.0329 35.1101 0 0 0 -0.473668 0.880704
1327.200000000 28.9965 35.1216 0 0 0 -0.698786 0.715331
1328.100000000 28.7354 34.7333 0 0 0 -0.87465 0.484755
1329.400000000 27.943 34.1444 0 0 0 -0.933123 0.359558
1330.800000000 27.1404 33.4754 0 0 0 -0.93006 0.367407
1332.900000000 26.5132 32.8798 0 0 0 -0.924347 0.381554
1337.000000000 25.8436 32.2113 0 0 0 -0.924082 0.382195
1341.600000000 25.1576 31.5368 0 0 0 -0.924082 0.382195
1345.900000000 24.4741 30.8548 0 0 0 -0.924082 0.382195
1350.800000000 23.7733 30.1556 0 0 0 -0.924082 0.382195
1355.400000000 23.0873 29.4711 0 0 0 -0.924082 0.382195
1360.100000000 22.4187 28.8041 0 0 0 -0.924082 0.382195
1364.800000000 21.7279 28.1248 0 0 0 -0.924082 0.382195
1369.700000000 21.0331 27.4315 0 0 0 -0.924082 0.382195
1374.500000000 20.3509 26.7408 0 0 0 -0.924082 0.382195
1379.300000000 19.6662 26.0576 0 0 0 -0.924082 0.382195
1383.600000000 18.9964 25.3893 0 0 0 -0.924082 0.382195
1388.100000000 18.3116 24.7061 0 0 0 -0.924082 0.382195
1392.100000000 17.6444 24.0403 0 0 0 -0.924082 0.382195
1396.800000000 16.9509 23.3483 0 0 0 -0.924082 0.382195
1401.100000000 16.2698 22.6688 0 0 0 -0.924082 0.382195
1405.700000000 15.5901 21.9906 0 0 0 -0.924082 0.382195
1409.700000000 14.8992 21.3012 0 0 0 -0.924082 0.382195
1413.000000000 14.2022 20.6058 0 0 0 -0.924082 0.382195
1416.200000000 13.4977 19.9029 0 0 0 -0.924082 0.382195
1419.700000000 12.7967 19.2033 0 0 0 -0.924082 0.382195
1422.900000000 12.1122 18.5204 0 0 0 -0.924082 0.382195
1426.500000000 11.4287 17.8384 0 0 0 -0.924082 0.382195
1428.600000000 10.7711 17.0403 0 0 0 -0.878224 0.47825
1429.900000000 10.3911 16.0718 0 0 0 -0.800828 0.598894
1431.300000000 10.3035 15.033 0 0 0 -0.700025 0.714118
1432.700000000 10.5005 14.0802 0 0 0 -0.569829 0.821763
1434.200000000 11.1611 13.2927 0 0 0 -0.374998 0.927025
1435.500000000 11.9039 12.6299 0 0 0 -0.365188 0.930934
1436.800000000 12.61 11.9482 0 0 0 -0.382492 0.923959
1438.000000000 13.2294 11.3098 0 0 0 -0.383737 0.923442
1439.400000000 13.9616 10.5642 0 0 0 -0.383737 0.923442
1440.700000000 14.6494 9.87288 0 0 0 -0.383737 0.923442
1442.200000000 15.4372 9.07152 0 0 0 -0.383737 0.923442
1443.400000000 16.0695 8.43597 0 0 0 -0.383737 0.923442
1444.800000000 16.8117 7.69042 0 0 0 -0.383737 0.923442
1446.000000000 17.444 7.05487 0 0 0 -0.383737 0.923442
1447.400000000 18.1918 6.31351 0 0 0 -0.383737 0.923442
1448.800000000 18.934 5.56796 0 0 0 -0.383737 0.923442
1450.200000000 19.6674 4.82079 0 0 0 -0.383737 0.923442
1451.500000000 20.3596 4.13523 0 0 0 -0.383737 0.923442
1452.900000000 21.1019 3.38968 0 0 0 -0.383737 0.923442
1454.100000000 21.737 2.75462 0 0 0 -0.383949 0.923354
1455.600000000 22.5365 1.95279 0 0 0 -0.383962 0.923349
1463.000000000 23.17 1.31637 0 0 0 -0.383988 0.923338
1464.400000000 23.9093 0.57394 0 0 0 -0.384032 0.92332
1465.800000000 24.6277 -0.171056 0 0 0 -0.386969 0.922093
1467.100000000 25.2491 -0.927968 0 0 0 -0.451714 0.892163
1468.400000000 25.9608 -1.50114 0 0 0 -0.273513 0.961868
1470.000000000 27.0095 -1.74211 0 0 0 -0.025783 0.999668
1471.800000000 27.9512 -1.62455 0 0 0 0.0626488 0.998036
1473.500000000 29 -1.70133 0 0 0 -0.0834135 0.996515
1474.800000000 29.934 -1.95402 0 0 0 -0.117515 0.993071
1476.000000000 30.8171 -2.07942 0 0 0 -0.0483433 0.998831
1478.200000000 31.7997 -2.04605 0 0 0 0.0159563 0.999873
1482.300000000 32.7537 -1.99431 0 0 0 0.0300762 0.999548
1486.000000000 33.7672 -1.97658 0 0 0 0.00790788 0.999969
1489.800000000 34.7134 -1.96404 0 0 0 0.000787154 1
1493.500000000 35.6874 -1.96504 0 0 0 0.000776669 1
1497.000000000 36.6413 -1.96563 0 0 0 0.000803002 1
1500.900000000 37.5841 -1.96137 0 0 0 -4.26089e-05 1
1503.600000000 38.5541 -1.96732 0 0 0 0.00818154 0.999967
1505.000000000 39.5282 -1.92998 0 0 0 0.0190291 0.999819
1506.100000000 39.8407 -2.02716 0 0 0 -0.301913 0.953336
1506.800000000 39.7986 -2.14485 0 0 0 -0.546169 0.837675
1507.400000000 39.6866 -2.16763 0 0 0 -0.766331 0.642446
1508.100000000 39.5466 -2.1593 0 0 0 -0.930619 0.36599
1508.700000000 39.4743 -2.07762 0 0 0 -0.995704 0.092592
1510.200000000 38.4458 -1.8912 0 0 0 0.993266 0.115854
1511.500000000 38.1124 -1.66099 0 0 0 0.901002 0.433815
1512.100000000 38.1891 -1.60896 0 0 0 0.751314 0.659945
1512.700000000 38.2142 -1.6099 0 0 0 0.544523 0.838746
1513.500000000 38.4592 -1.65456 0 0 0 0.248834 0.968546
1514.300000000 38.668 -1.72393 0 0 0 -0.041695 0.99913
1516.200000000 39.6513 -1.93891 0 0 0 -0.0615908 0.998101
1517.300000000 40.0345 -1.86634 0 0 0 0.20461 0.978844
1518.000000000 39.9309 -1.75933 0 0 0 0.52749 0.849561
1518.800000000 39.8125 -1.76137 0 0 0 0.817547 0.575862
1519.400000000 39.6482 -1.73337 0 0 0 0.934719 0.355388
1520.900000000 38.8633 -1.51896 0 0 0 0.998911 0.0466585
1522.800000000 38.2238 -1.71923 0 0 0 -0.96984 0.243741
1523.700000000 38.3483 -1.84201 0 0 0 -0.842261 0.539071
1524.500000000 38.4608 -1.85769 0 0 0 -0.647711 0.761886
1525.300000000 38.5448 -1.8158 0 0 0 -0.430314 0.902679
1526.100000000 38.6045 -1.73313 0 0 0 -0.183748 0.982973
1526.900000000 38.6051 -1.62733 0 0 0 0.102027 0.994782
1527.500000000 38.5582 -1.53031 0 0 0 0.366867 0.930273
1528.100000000 38.4855 -1.45507 0 0 0 0.604626 0.79651
1528.800000000 38.302 -1.31817 0 0 0 0.783493 0.621401
1530.200000000 37.9928 -0.464268 0 0 0 0.842478 0.538731
1531.700000000 37.6994 -0.169749 0 0 0 0.972038 0.234822
1532.500000000 37.6699 -0.231242 0 0 0 -0.998116 0.0613571
1534.100000000 36.681 -0.551222 0 0 0 -0.990821 0.135181
1535.300000000 36.2718 -0.566308 0 0 0 0.991875 0.127218
1536.000000000 36.3215 -0.507885 0 0 0 0.899234 0.437467
1536.600000000 36.4439 -0.477555 0 0 0 0.743166 0.669107
1537.300000000 36.5584 -0.398589 0 0 0 0.496154 0.868234
1538.200000000 36.8823 -0.219707 0 0 0 0.24876 0.968565
1539.600000000 37.4506 -0.195654 0 0 0 -0.0283939 0.999597
1540.800000000 37.7724 -0.37779 0 0 0 -0.273082 0.961991
1541.500000000 37.7011 -0.452523 0 0 0 -0.534009 0.845479
1542.200000000 37.5946 -0.480791 0 0 0 -0.758211 0.652009
1543.000000000 37.4523 -0.40838 0 0 0 -0.931571 0.363559
1543.800000000 37.2887 -0.358045 0 0 0 -0.995521 0.0945435
1544.600000000 37.0718 -0.213158 0 0 0 0.987468 0.157818
1546.200000000 36.3219 0.333019 0 0 0 0.927065 0.3749
1548.000000000 36.0643 0.85105 0 0 0 0.770163 0.637847
1551.300000000 35.9346 1.61706 0 0 0 0.925149 0.379605
1552.100000000 35.8121 1.58344 0 0 0 0.993271 0.11581
1554.100000000 34.8689 1.46406 0 0 0 0.999464 0.0327344
1555.300000000 34.5928 1.62232 0 0 0 0.945254 0.326335
1556.200000000 34.6036 1.61926 0 0 0 0.810713 0.585443
1557.600000000 34.7189 2.1141 0 0 0 0.610542 0.791984
1559.000000000 35.0176 2.58439 0 0 0 0.36576 0.930709
1560.000000000 35.0918 2.54728 0 0 0 0.0654638 0.997855
1560.800000000 35.064 2.3859 0 0 0 -0.206999 0.978341
1561.400000000 35.0258 2.31732 0 0 0 -0.43975 0.89812
1562.200000000 34.9145 2.25416 0 0 0 -0.705541 0.70867
1563.000000000 34.7819 2.28477 0 0 0 -0.898403 0.439172
1563.800000000 34.6906 2.41074 0 0 0 -0.992833 0.119511
1564.500000000 34.6287 2.52266 0 0 0 0.990323 0.138781
1565.800000000 34.1797 2.80555 0 0 0 0.928331 0.371755
1567.400000000 33.9744 3.32228 0 0 0 0.786042 0.618173
1568.600000000 34.0769 3.56448 0 0 0 0.593702 0.804685
1570.900000000 34.276 4.56774 0 0 0 0.701766 0.712407
1571.900000000 34.191 4.56226 0 0 0 0.873715 0.486438
1575.600000000 33.5968 5.22537 0 0 0 0.677858 0.735193
1576.500000000 33.7366 5.24134 0 0 0 0.442137 0.896947
1578.200000000 34.4052 5.98913 0 0 0 0.437689 0.899126
1579.500000000 34.6252 6.35418 0 0 0 0.701529 0.712641
1580.000000000 34.6078 6.34473 0 0 0 0.850195 0.526468
1580.700000000 34.6382 6.36355 0 0 0 0.969748 0.24411
1581.500000000 34.3447 6.30667 0 0 0 -0.999918 0.0127984
1583.100000000 33.3704 5.96613 0 0 0 -0.992247 0.124281
1584.600000000 32.9904 6.10011 0 0 0 0.981059 0.193709
1585.600000000 32.6002 6.32322 0 0 0 0.909273 0.4162
1586.800000000 32.5436 6.65818 0 0 0 0.738889 0.673827
1587.600000000 32.5366 6.66383 0 0 0 0.530339 0.847786
1588.600000000 32.72 6.82542 0 0 0 0.258501 0.966011
1589.900000000 33.1576 6.8721 0 0 0 0.0126763 0.99992
1593.100000000 33.4501 6.71937 0 0 0 -0.327306 0.944918
1593.600000000 33.3404 6.64552 0 0 0 -0.546646 0.837364
1594.300000000 33.2384 6.53758 0 0 0 -0.771613 0.636092
1595.300000000 32.9225 6.13611 0 0 0 -0.904014 0.427503
1596.600000000 32.2039 5.50739 0 0 0 -0.938846 0.344336
1597.900000000 31.5085 4.8286 0 0 0 -0.919156 0.393893
1599.200000000 30.8567 4.07518 0 0 0 -0.900014 0.43586
1600.600000000 30.1967 3.24691 0 0 0 -0.905846 0.423607
1601.900000000 29.5441 2.54794 0 0 0 -0.922231 0.38664
1603.200000000 28.8514 1.8629 0 0 0 -0.926602 0.376043
1604.600000000 28.1116 1.12358 0 0 0 -0.92337 0.383911
1606.000000000 27.317 0.432584 0 0 0 -0.941007 0.338387
1607.300000000 26.4771 -0.0472224 0 0 0 -0.983913 0.178648
1608.800000000 25.4993 -0.194412 0 0 0 -0.999894 0.014533
1610.000000000 24.5454 -0.0320692 0 0 0 0.996955 0.0779771
1612.000000000 23.5981 0.0826911 0 0 0 0.998463 0.0554181
1616.700000000 22.632 0.124026 0 0 0 -0.999966 0.00820684
1620.900000000 21.6816 0.0761624 0 0 0 -0.999667 0.0258064
1625.300000000 20.7177 0.0207001 0 0 0 -0.999876 0.0157568
1629.700000000 19.7375 0.00695521 0 0 0 -0.99999 0.00436639
1634.600000000 18.7725 0.00307636 0 0 0 -0.999998 0.00203619
1639.000000000 17.8146 -0.00102863 0 0 0 -0.999998 0.00203619
1641.700000000 16.7633 -0.00526899 0 0 0 -0.999998 0.00203619
1642.900000000 15.8696 -0.00943815 0 0 0 -0.999998 0.00203619
1644.300000000 14.8171 -0.013928 0 0 0 -0.999998 0.00203619
1645.700000000 13.7633 -0.0180971 0 0 0 -0.999998 0.00203619
1647.000000000 12.7896 -0.0222662 0 0 0 -0.999998 0.00203619
1648.300000000 11.8159 -0.0264353 0 0 0 -0.999998 0.00203619
1649.600000000 10.8421 -0.0306044 0 0 0 -0.999998 0.00203619
1650.900000000 9.86837 -0.0347735 0 0 0 -0.999998 0.00203619
1652.200000000 8.89723 0.00185177 0 0 0 0.999326 0.0367065
1653.600000000 7.84535 0.0580331 0 0 0 0.999945 0.0104418
1654.900000000 6.87166 0.0629449 0 0 0 -0.999993 0.00382457
1656.200000000 5.88918 0.0555178 0 0 0 0.999992 0.00390667
1657.600000000 4.84546 0.0635167 0 0 0 0.999992 0.00390667
1658.800000000 3.94175 0.0636908 0 0 0 -0.999975 0.00703721
1660.200000000 2.89843 0.044013 0 0 0 -0.999947 0.0102498
1661.500000000 1.91471 0.0276999 0 0 0 -1 0.000970182
1662.700000000 1.02096 0.0257135 0 0 0 -1 0.000970182
1664.100000000 -0.0327896 0.023727 0 0 0 -1 0.000970182
1665.900000000 -0.933037 -0.0137928 0 0 0 -0.994805 0.101801
1666.500000000 -0.886236 -0.11366 0 0 0 -0.926231 0.376957
1667.100000000 -0.782373 -0.170102 0 0 0 -0.773464 0.63384
1667.700000000 -0.667552 -0.169193 0 0 0 -0.56074 0.827992
1668.300000000 -0.522258 -0.128219 0 0 0 -0.327961 0.944691
1669.200000000 -0.152727 -0.206533 0 0 0 -0.0923157 0.99573
1670.900000000 0.531741 -0.026102 0 0 0 0.193491 0.981102
1673.400000000 1.07669 0.118604 0 0 0 -0.120735 0.992685
1674.600000000 1.19448 -0.0881757 0 0 0 -0.367898 0.929866
