0.300000000 0.2 0 0 0 0 0 1
8.000000000 1.00211 -0.113168 0 0 0 -0.295522 0.955336
8.700000000 0.881185 -0.193037 0 0 0 -0.605191 0.796081
9.400000000 0.763328 -0.179702 0 0 0 -0.841805 0.539782
10.000000000 0.675485 -0.100818 0 0 0 -0.96372 0.266915
10.500000000 0.647865 -0.00615283 0 0 0 -0.999783 0.0208485
11.200000000 0.68845 0.118054 0 0 0 0.946138 0.323764
11.800000000 0.784478 0.184756 0 0 0 0.80807 0.589086
12.300000000 0.882031 0.196834 0 0 0 0.637722 0.770266
13.000000000 0.99876 0.117726 0 0 0 0.33499 0.942222
13.600000000 1.0331 0.00794669 0 0 0 0.0415801 0.999135
14.300000000 1.00791 -0.0976172 0 0 0 -0.255543 0.966798
18.500000000 2.03925 -0.313466 0 0 0 -0.0336999 0.999432
20.900000000 3.04547 -0.243006 0 0 0 0.0563795 0.998409
22.100000000 3.93736 -0.126195 0 0 0 0.0743396 0.997233
23.600000000 4.71542 -0.189277 0 0 0 -0.184879 0.982761
24.800000000 5.16027 -0.673099 0 0 0 -0.443891 0.896081
26.100000000 5.55213 -1.54225 0 0 0 -0.582286 0.812984
27.300000000 5.55404 -2.05766 0 0 0 -0.812174 0.583415
27.900000000 5.46344 -1.98756 0 0 0 -0.946829 0.321737
28.500000000 5.41333 -1.88163 0 0 0 -0.999482 0.0321881
29.100000000 5.43064 -1.76581 0 0 0 0.965561 0.260176
29.700000000 5.47758 -1.68532 0 0 0 0.854254 0.519856
30.200000000 5.48417 -1.68275 0 0 0 0.714356 0.699783
31.200000000 5.79664 -1.33333 0 0 0 0.481037 0.8767
32.700000000 6.43551 -0.463316 0 0 0 0.408113 0.912931
34.100000000 6.94753 0.358916 0 0 0 0.555091 0.83179
37.200000000 7.09814 1.31758 0 0 0 0.682973 0.730443
40.200000000 7.05737 2.32348 0 0 0 0.731658 0.681671
41.500000000 6.94267 3.28648 0 0 0 0.759089 0.650987
42.800000000 6.82717 4.25071 0 0 0 0.754609 0.656174
44.200000000 6.52719 5.24317 0 0 0 0.83854 0.54484
45.500000000 5.94807 5.98227 0 0 0 0.919317 0.393518
46.800000000 5.16637 6.56427 0 0 0 0.964844 0.262823
48.300000000 4.14027 6.88133 0 0 0 0.998167 0.0605218
49.500000000 3.25659 6.7894 0 0 0 -0.995341 0.0964122
51.000000000 2.55392 6.41012 0 0 0 -0.907425 0.420214
51.500000000 2.59309 6.30902 0 0 0 -0.794828 0.606835
52.200000000 2.7217 6.30539 0 0 0 -0.545421 0.838162
52.800000000 2.818 6.37943 0 0 0 -0.272551 0.962141
53.500000000 2.81797 6.50645 0 0 0 0.0738976 0.997266
54.400000000 3.13272 6.76639 0 0 0 0.318048 0.948075
55.800000000 3.87404 7.51037 0 0 0 0.406859 0.913491
57.000000000 4.46669 8.14588 0 0 0 0.390383 0.920653
59.000000000 5.14565 8.8218 0 0 0 0.382335 0.924024
63.200000000 5.82599 9.49537 0 0 0 0.388359 0.921508
67.000000000 6.55915 10.3284 0 0 0 0.473518 0.880784
68.700000000 6.80046 11.2057 0 0 0 0.610993 0.791636
72.400000000 6.92627 12.184 0 0 0 0.683666 0.729795
76.600000000 6.94247 13.1493 0 0 0 0.716501 0.697587
79.200000000 6.89586 14.1576 0 0 0 0.724881 0.688875
80.600000000 6.84411 15.1377 0 0 0 0.726882 0.686762
82.300000000 6.81111 16.1099 0 0 0 0.724873 0.688883
83.700000000 6.55816 17.1104 0 0 0 0.828135 0.560529
85.000000000 6.02109 17.8946 0 0 0 0.905623 0.424083
86.300000000 5.26806 18.5185 0 0 0 0.95784 0.287304
87.700000000 4.34268 18.8195 0 0 0 0.996652 0.0817576
89.000000000 3.3727 18.7753 0 0 0 -0.996912 0.0785276
90.400000000 2.41584 18.4093 0 0 0 -0.965714 0.25961
91.700000000 1.64071 17.8377 0 0 0 -0.944442 0.328679
93.000000000 0.797504 17.3902 0 0 0 -0.976405 0.215948
94.300000000 -0.100932 17.1154 0 0 0 -0.998737 0.0502426
95.600000000 -1.07558 17.1426 0 0 0 0.99814 0.060971
96.400000000 -1.2057 17.2823 0 0 0 0.929478 0.368877
97.000000000 -1.08789 17.3402 0 0 0 0.782481 0.622675
97.600000000 -0.96778 17.3577 0 0 0 0.576997 0.816746
99.200000000 -0.266502 18.0496 0 0 0 0.345799 0.938309
100.500000000 0.465129 18.6933 0 0 0 0.373236 0.927736
102.100000000 0.954784 19.4905 0 0 0 0.621661 0.783286
102.800000000 0.81813 19.4842 0 0 0 0.852604 0.522557
103.500000000 0.716661 19.3775 0 0 0 0.978796 0.204836
104.200000000 0.596368 19.2855 0 0 0 -0.996123 0.0879672
105.000000000 0.359446 19.1029 0 0 0 -0.946993 0.321254
106.300000000 -0.297412 18.4421 0 0 0 -0.915106 0.403213
107.700000000 -1.09384 17.7969 0 0 0 -0.959446 0.281892
108.500000000 -1.23643 17.7713 0 0 0 0.999037 0.0438839
109.400000000 -1.51227 18.0005 0 0 0 0.949641 0.313339
110.900000000 -2.07077 18.83 0 0 0 0.845364 0.534191
112.200000000 -2.25255 19.7199 0 0 0 0.746829 0.665016
114.100000000 -2.24461 20.7305 0 0 0 0.688712 0.725035
117.700000000 -2.18352 21.6745 0 0 0 0.682759 0.730643
121.600000000 -2.13968 22.624 0 0 0 0.696967 0.717103
125.700000000 -2.13 23.6151 0 0 0 0.704811 0.709395
129.700000000 -2.12862 24.5833 0 0 0 0.704804 0.709402
133.900000000 -2.12212 25.5378 0 0 0 0.704806 0.7094
138.100000000 -2.1155 26.488 0 0 0 0.704805 0.709401
141.900000000 -2.09887 27.48 0 0 0 0.704805 0.709401
144.300000000 -2.0947 28.5295 0 0 0 0.764949 0.644091
145.700000000 -2.54117 29.3007 0 0 0 0.90283 0.429997
146.400000000 -2.65524 29.2666 0 0 0 0.990082 0.140488
148.100000000 -3.6377 29.2516 0 0 0 -0.992668 0.12087
148.700000000 -3.5767 29.1503 0 0 0 -0.912616 0.408817
149.400000000 -3.5264 29.1019 0 0 0 -0.719183 0.694821
150.000000000 -3.41199 29.1335 0 0 0 -0.48176 0.876303
150.500000000 -3.33844 29.1992 0 0 0 -0.254137 0.967168
151.200000000 -3.3286 29.2665 0 0 0 0.0700444 0.997544
151.900000000 -3.1479 29.5195 0 0 0 0.301488 0.95347
153.200000000 -2.49273 30.1644 0 0 0 0.414688 0.909964
154.700000000 -1.68532 30.8188 0 0 0 0.246672 0.969099
156.300000000 -0.633042 30.9865 0 0 0 0.00300104 0.999995
157.700000000 0.409797 30.8586 0 0 0 -0.0776105 0.996984
159.100000000 1.3737 30.7641 0 0 0 -0.031343 0.999509
161.900000000 2.34564 30.7664 0 0 0 0.0163642 0.999866
166.600000000 3.34101 30.8205 0 0 0 0.0274685 0.999623
168.600000000 4.37577 30.8532 0 0 0 -0.0487448 0.998811
170.000000000 5.25497 30.5676 0 0 0 -0.15397 0.988076
172.300000000 6.26985 30.5989 0 0 0 0.0521614 0.998639
176.300000000 7.19544 30.656 0 0 0 0.083543 0.996504
181.100000000 8.11951 30.799 0 0 0 0.0688065 0.99763
186.100000000 9.10513 30.8664 0 0 0 0.0312248 0.999512
191.000000000 10.0624 30.9034 0 0 0 0.00931625 0.999957
195.900000000 11.0308 30.9115 0 0 0 0.00252025 0.999997
200.900000000 12.0114 30.9163 0 0 0 0.002573 0.999997
205.800000000 12.9816 30.9213 0 0 0 0.00264557 0.999997
210.600000000 13.9442 30.9264 0 0 0 0.00276445 0.999996
215.400000000 14.9276 30.9417 0 0 0 0.00289969 0.999996
217.300000000 15.9408 30.8974 0 0 0 -0.0367851 0.999323
219.500000000 16.8893 30.6965 0 0 0 -0.173032 0.984916
223.800000000 17.6187 30.0767 0 0 0 -0.352315 0.935882
227.800000000 18.3993 29.2976 0 0 0 -0.404279 0.914636
229.100000000 18.8849 28.5393 0 0 0 -0.510734 0.859739
231.300000000 19.0408 27.5175 0 0 0 -0.725201 0.688537
232.900000000 18.6536 26.6229 0 0 0 -0.888793 0.458308
233.400000000 18.5711 26.6858 0 0 0 -0.971591 0.236665
234.000000000 18.5398 26.7989 0 0 0 0.998379 0.0569206
234.700000000 18.5978 26.9302 0 0 0 0.920594 0.390522
235.200000000 18.6678 26.9326 0 0 0 0.794627 0.607098
235.900000000 18.6591 26.9384 0 0 0 0.541771 0.840526
236.400000000 18.6533 26.9484 0 0 0 0.317306 0.948323
237.200000000 18.8719 26.8976 0 0 0 0.0185454 0.999828
238.200000000 19.3525 26.6895 0 0 0 -0.222507 0.974931
239.700000000 19.9915 25.9966 0 0 0 -0.478024 0.878347
241.200000000 20.2312 25.0946 0 0 0 -0.65507 0.755568
243.700000000 20.2208 24.0953 0 0 0 -0.727893 0.685691
245.800000000 19.9034 23.1505 0 0 0 -0.865058 0.501672
247.200000000 19.3007 22.3165 0 0 0 -0.891686 0.452655
248.400000000 18.8313 21.5492 0 0 0 -0.834088 0.551632
250.000000000 18.6281 20.5121 0 0 0 -0.721601 0.692309
251.700000000 18.6777 19.4725 0 0 0 -0.729827 0.683631
252.900000000 18.5802 18.5576 0 0 0 -0.746638 0.665231
254.400000000 18.463 17.5079 0 0 0 -0.735604 0.677412
255.800000000 18.4451 16.5414 0 0 0 -0.70536 0.708849
257.100000000 18.4421 15.5856 0 0 0 -0.747374 0.664404
258.500000000 18.0841 14.6463 0 0 0 -0.85373 0.520716
259.900000000 17.964 14.0541 0 0 0 -0.650906 0.759159
260.800000000 18.238 13.7565 0 0 0 -0.434859 0.900498
262.200000000 19.0557 13.2137 0 0 0 -0.237861 0.971299
263.700000000 19.8953 12.9886 0 0 0 -0.103422 0.994638
266.500000000 20.8507 12.9267 0 0 0 -0.00107148 0.999999
268.100000000 21.9031 12.981 0 0 0 0.0366149 0.999329
269.400000000 22.8731 13.0592 0 0 0 0.0427063 0.999088
271.200000000 23.9019 13.1108 0 0 0 0.0112078 0.999937
273.800000000 24.8861 13.1118 0 0 0 0.00446594 0.99999
276.400000000 25.8986 13.121 0 0 0 0.00447196 0.99999
279.400000000 26.8285 13.1069 0 0 0 -0.015293 0.999883
282.300000000 27.8839 13.1134 0 0 0 0.0172794 0.999851
283.900000000 28.7925 13.3945 0 0 0 0.2355 0.971874
286.800000000 29.5189 13.9828 0 0 0 0.355999 0.934486
290.100000000 30.2789 14.7266 0 0 0 0.397925 0.917418
291.700000000 30.7981 15.5294 0 0 0 0.549381 0.835572
293.200000000 30.7912 16.3919 0 0 0 0.767659 0.640859
295.000000000 30.3529 17.0719 0 0 0 0.923075 0.384619
295.600000000 30.2916 17.0055 0 0 0 0.996013 0.0892104
296.100000000 30.2957 16.878 0 0 0 -0.988042 0.154188
296.700000000 30.3737 16.7712 0 0 0 -0.898342 0.439297
297.400000000 30.4849 16.7293 0 0 0 -0.692786 0.721143
298.000000000 30.5972 16.7688 0 0 0 -0.448721 0.893672
298.500000000 30.6677 16.8442 0 0 0 -0.214265 0.976776
299.300000000 30.8481 17.0189 0 0 0 0.101352 0.994851
300.300000000 31.2309 17.2822 0 0 0 0.347044 0.937849
301.700000000 31.8941 18.0684 0 0 0 0.378904 0.925436
303.100000000 32.765 18.5419 0 0 0 0.201535 0.979481
304.900000000 33.7504 18.6622 0 0 0 0.0282298 0.999601
306.200000000 34.7235 18.6436 0 0 0 -0.0443495 0.999016
307.500000000 35.6904 18.5368 0 0 0 -0.041716 0.99913
310.600000000 36.6596 18.5022 0 0 0 -0.0115685 0.999933
315.000000000 37.613 18.5087 0 0 0 0.0136767 0.999906
317.800000000 38.5925 18.5264 0 0 0 0.00459407 0.999989
319.200000000 39.6465 18.5239 0 0 0 -0.0015729 0.999999
320.500000000 40.604 18.3829 0 0 0 -0.118906 0.992906
322.000000000 41.255 17.9836 0 0 0 -0.455933 0.890014
322.500000000 41.1672 17.9468 0 0 0 -0.65932 0.751862
324.900000000 41.395 17.0997 0 0 0 -0.426819 0.904337
326.300000000 42.1045 16.7295 0 0 0 -0.144053 0.98957
328.000000000 42.8256 16.2926 0 0 0 -0.464633 0.885503
328.700000000 42.7628 16.1544 0 0 0 -0.698466 0.715643
330.200000000 42.5104 15.1232 0 0 0 -0.806398 0.591373
331.900000000 42.5626 14.2401 0 0 0 -0.601976 0.798514
333.300000000 43.136 13.504 0 0 0 -0.395574 0.918434
334.700000000 43.8826 12.9233 0 0 0 -0.251009 0.967985
335.900000000 44.8459 12.6533 0 0 0 -0.105928 0.994374
337.300000000 45.889 12.6565 0 0 0 0.0233228 0.999728
338.600000000 46.8672 12.7673 0 0 0 0.0416857 0.999131
339.900000000 47.8396 12.783 0 0 0 -0.0135016 0.999909
341.200000000 48.8129 12.7217 0 0 0 -0.0228616 0.999739
342.500000000 49.7958 12.6967 0 0 0 -0.000128086 1
343.900000000 50.8386 12.7126 0 0 0 0.0160824 0.999871
345.200000000 51.7887 12.7231 0 0 0 0.0989887 0.995089
346.500000000 52.6055 13.2208 0 0 0 0.283553 0.958957
347.900000000 53.3449 13.8761 0 0 0 0.430847 0.902425
349.300000000 53.7806 14.7819 0 0 0 0.572669 0.819787
350.800000000 53.8311 15.7397 0 0 0 0.714745 0.699385
352.500000000 53.4619 16.6978 0 0 0 0.864645 0.502383
353.500000000 53.2573 16.7867 0 0 0 0.984967 0.17274
354.100000000 53.2418 16.6886 0 0 0 -0.991345 0.131282
354.600000000 53.3069 16.5886 0 0 0 -0.928247 0.371964
355.300000000 53.4317 16.5408 0 0 0 -0.743933 0.668254
355.900000000 53.546 16.5634 0 0 0 -0.514732 0.857351
356.500000000 53.6468 16.6653 0 0 0 -0.2389 0.971044
357.800000000 54.3242 16.5782 0 0 0 0.0384352 0.999261
359.100000000 55.3478 16.826 0 0 0 0.109312 0.994007
360.400000000 56.3119 16.9652 0 0 0 0.0258904 0.999665
361.700000000 57.2909 16.9668 0 0 0 -0.0100945 0.999949
362.900000000 58.187 16.9316 0 0 0 -0.0274864 0.999622
364.600000000 58.9134 16.7449 0 0 0 -0.36178 0.932263
365.200000000 58.8141 16.6872 0 0 0 -0.615864 0.787852
365.800000000 58.6828 16.6147 0 0 0 -0.797396 0.603456
367.600000000 57.9818 15.7935 0 0 0 -0.883707 0.468041
368.800000000 57.8001 15.1147 0 0 0 -0.741355 0.671113
370.200000000 58.0668 14.2885 0 0 0 -0.536627 0.84382
371.700000000 58.7043 13.6758 0 0 0 -0.257485 0.966282
372.300000000 58.7068 13.7777 0 0 0 0.0417385 0.999129
373.000000000 58.662 13.9074 0 0 0 0.379258 0.925291
373.600000000 58.5576 13.9739 0 0 0 0.637084 0.770795
374.200000000 58.4501 13.9509 0 0 0 0.836295 0.54828
374.800000000 58.3706 13.8839 0 0 0 0.960958 0.276694
375.400000000 58.3483 13.7793 0 0 0 -0.999808 0.0195963
376.000000000 58.2097 13.6391 0 0 0 -0.971013 0.239026
377.200000000 57.8468 13.0941 0 0 0 -0.866245 0.499619
378.600000000 57.624 12.1439 0 0 0 -0.746617 0.665254
379.900000000 57.6374 11.1693 0 0 0 -0.685652 0.727929
381.300000000 57.7292 10.1273 0 0 0 -0.673399 0.739279
382.600000000 57.7644 9.14918 0 0 0 -0.706444 0.707769
384.000000000 57.7609 8.10343 0 0 0 -0.70472 0.709486
385.400000000 57.8264 7.05334 0 0 0 -0.677943 0.735114
386.800000000 57.8616 6.00041 0 0 0 -0.704609 0.709595
388.000000000 57.8554 5.09658 0 0 0 -0.707826 0.706387
389.400000000 57.852 4.05236 0 0 0 -0.707893 0.706319
390.700000000 57.8306 3.08014 0 0 0 -0.708724 0.705486
392.200000000 58.0814 2.09237 0 0 0 -0.525166 0.851
392.700000000 58.1698 2.12489 0 0 0 -0.312561 0.949898
393.400000000 58.2449 2.23921 0 0 0 0.0115402 0.999933
394.000000000 58.2412 2.3549 0 0 0 0.294192 0.955746
394.600000000 58.1489 2.42834 0 0 0 0.563515 0.826106
395.200000000 58.0413 2.41711 0 0 0 0.782498 0.622653
395.800000000 57.9369 2.34342 0 0 0 0.931337 0.364159
396.400000000 57.8859 2.25688 0 0 0 0.997482 0.0709215
397.300000000 57.5875 2.09523 0 0 0 -0.976146 0.217113
398.800000000 56.8556 1.37573 0 0 0 -0.916742 0.399481
400.000000000 56.1875 0.783567 0 0 0 -0.948916 0.315529
401.400000000 55.2828 0.439263 0 0 0 -0.993928 0.110035
402.800000000 54.2859 0.431087 0 0 0 0.999271 0.0381718
404.200000000 53.2531 0.561878 0 0 0 0.997962 0.0638058
405.700000000 52.2729 0.656998 0 0 0 0.999288 0.0377351
408.500000000 51.2617 0.69248 0 0 0 0.999901 0.0141037
411.000000000 50.2578 0.717087 0 0 0 0.999935 0.011391
412.400000000 49.219 0.807169 0 0 0 0.998359 0.0572687
413.700000000 48.286 0.834645 0 0 0 0.999223 0.0394219
415.200000000 47.2759 0.944321 0 0 0 0.999709 0.0241104
417.300000000 46.3113 0.972301 0 0 0 1 0.000863647
421.300000000 45.3174 0.948091 0 0 0 -0.99985 0.0173474
425.200000000 44.3666 0.923188 0 0 0 -0.999988 0.00498521
428.500000000 43.4104 0.919731 0 0 0 -0.999998 0.00194857
432.200000000 42.4589 0.916177 0 0 0 -0.999998 0.00184734
435.900000000 41.498 0.902678 0 0 0 -0.999998 0.00174918
440.300000000 40.5249 0.866525 0 0 0 -0.99987 0.016105
443.400000000 39.599 0.875628 0 0 0 0.999851 0.0172449
444.900000000 38.5128 1.01038 0 0 0 0.996045 0.088852
446.300000000 37.5654 1.10955 0 0 0 0.999582 0.0289084
448.900000000 36.5918 1.09775 0 0 0 -0.999819 0.0190249
452.500000000 35.5592 1.07187 0 0 0 0.999992 0.00404932
454.000000000 34.4988 1.13186 0 0 0 0.999348 0.0361081
456.400000000 33.5699 1.17766 0 0 0 0.999963 0.00857096
460.400000000 32.5935 1.17452 0 0 0 0.999996 0.00275583
463.500000000 31.6624 1.17978 0 0 0 0.999996 0.00275396
466.600000000 30.6762 1.18522 0 0 0 0.999996 0.002753
469.700000000 29.7273 1.19022 0 0 0 0.999996 0.00283304
473.900000000 28.7206 1.20698 0 0 0 0.999984 0.00564429
476.100000000 27.8258 0.857961 0 0 0 -0.95913 0.282965
477.500000000 27.1293 0.132089 0 0 0 -0.919604 0.392846
478.700000000 26.462 -0.497391 0 0 0 -0.920732 0.390195
480.000000000 25.7737 -1.18695 0 0 0 -0.925449 0.378873
481.800000000 25.2589 -1.99354 0 0 0 -0.759414 0.650608
483.500000000 25.5595 -3.00545 0 0 0 -0.610555 0.791974
484.800000000 25.7644 -3.96629 0 0 0 -0.645056 0.764136
485.500000000 25.6618 -4.07589 0 0 0 -0.835322 0.549761
486.200000000 25.556 -3.98759 0 0 0 -0.971855 0.235578
486.800000000 25.4793 -3.88288 0 0 0 0.999871 0.0160868
487.500000000 25.2896 -3.74569 0 0 0 0.966136 0.258033
489.000000000 24.5159 -2.99129 0 0 0 0.918603 0.395183
490.300000000 23.7904 -2.34478 0 0 0 0.95354 0.301267
491.800000000 22.7767 -1.99759 0 0 0 0.995541 0.0943337
493.100000000 21.8052 -1.98904 0 0 0 -0.999681 0.0252541
494.400000000 20.8329 -2.07204 0 0 0 -0.999192 0.040179
495.800000000 19.8386 -2.14026 0 0 0 -0.999634 0.0270486
498.600000000 18.8474 -2.14127 0 0 0 0.99991 0.013446
502.500000000 17.8949 -2.0833 0 0 0 0.999565 0.0294986
506.600000000 16.8408 -2.02118 0 0 0 0.999779 0.0210423
508.000000000 15.8517 -2.02049 0 0 0 -0.999815 0.0192486
509.500000000 15.2346 -2.20806 0 0 0 -0.934218 0.356703
510.200000000 15.3556 -2.28278 0 0 0 -0.756415 0.654091
510.900000000 15.4801 -2.24502 0 0 0 -0.484887 0.874577
511.500000000 15.5577 -2.15606 0 0 0 -0.20494 0.978775
512.300000000 15.6939 -2.02773 0 0 0 0.133667 0.991026
513.300000000 16.1164 -1.65877 0 0 0 0.363056 0.931767
514.500000000 16.6754 -0.98144 0 0 0 0.414798 0.909913
515.900000000 17.3498 -0.242538 0 0 0 0.395703 0.918378
518.300000000 18.033 0.467568 0 0 0 0.389338 0.921095
520.500000000 18.6584 1.24069 0 0 0 0.462936 0.886391
522.300000000 19.0528 2.13628 0 0 0 0.594985 0.803736
526.200000000 19.1809 3.12181 0 0 0 0.685233 0.728324
528.000000000 19.0814 4.18126 0 0 0 0.750039 0.661394
529.300000000 18.9609 5.19993 0 0 0 0.741089 0.671407
531.200000000 18.9114 6.07988 0 0 0 0.698985 0.715136
535.100000000 18.9858 7.02688 0 0 0 0.687138 0.726527
539.700000000 19.0287 8.01806 0 0 0 0.696819 0.717247
544.200000000 19.0541 8.99575 0 0 0 0.703385 0.710809
548.900000000 19.0625 9.9912 0 0 0 0.703994 0.710206
553.300000000 19.0715 10.9744 0 0 0 0.703962 0.710238
557.100000000 19.0804 11.9365 0 0 0 0.703919 0.71028
561.900000000 19.0892 12.8918 0 0 0 0.703875 0.710324
566.700000000 19.0982 13.8472 0 0 0 0.703806 0.710392
571.700000000 19.1076 14.8384 0 0 0 0.70372 0.710477
575.000000000 19.1174 15.8432 0 0 0 0.703604 0.710593
578.600000000 19.1153 16.7929 0 0 0 0.709052 0.705156
582.800000000 19.1178 17.7864 0 0 0 0.705939 0.708273
585.400000000 19.1207 18.7593 0 0 0 0.705926 0.708286
589.200000000 19.1237 19.7165 0 0 0 0.705912 0.7083
593.400000000 19.1267 20.6484 0 0 0 0.705899 0.708313
596.400000000 19.13 21.6108 0 0 0 0.705885 0.708327
600.900000000 19.1334 22.5837 0 0 0 0.705871 0.708341
605.200000000 19.137 23.6054 0 0 0 0.705857 0.708355
608.900000000 19.1401 24.5502 0 0 0 0.705842 0.708369
613.500000000 19.1435 25.514 0 0 0 0.705828 0.708383
617.600000000 19.1473 26.5174 0 0 0 0.705814 0.708398
621.200000000 19.1507 27.4735 0 0 0 0.7058 0.708412
624.800000000 19.1641 28.4115 0 0 0 0.705786 0.708425
627.400000000 19.1679 29.4266 0 0 0 0.705772 0.708439
630.300000000 19.1714 30.3835 0 0 0 0.705763 0.708448
634.000000000 19.1751 31.3576 0 0 0 0.705753 0.708458
636.600000000 19.179 32.3534 0 0 0 0.705743 0.708468
640.200000000 19.1825 33.3083 0 0 0 0.705733 0.708478
644.200000000 19.1859 34.2651 0 0 0 0.705723 0.708488
647.200000000 19.1896 35.2608 0 0 0 0.705709 0.708501
650.900000000 19.1933 36.2139 0 0 0 0.705695 0.708515
655.300000000 19.197 37.1719 0 0 0 0.705681 0.708529
658.200000000 19.2011 38.1623 0 0 0 0.705667 0.708543
661.000000000 19.2053 39.2147 0 0 0 0.705653 0.708557
662.200000000 19.2087 40.1192 0 0 0 0.70564 0.708571
663.500000000 19.14 41.0773 0 0 0 0.767505 0.641044
664.900000000 18.7071 41.9882 0 0 0 0.875509 0.483202
666.400000000 17.9102 42.7277 0 0 0 0.954843 0.29711
667.800000000 16.983 43.1332 0 0 0 0.986371 0.164537
669.200000000 15.9617 43.2841 0 0 0 -0.999984 0.00565032
670.800000000 15.0059 43.289 0 0 0 0.992208 0.124593
672.000000000 14.4525 43.7084 0 0 0 0.931446 0.36388
673.300000000 13.8626 44.483 0 0 0 0.876866 0.480736
674.800000000 13.4852 45.5238 0 0 0 0.76878 0.639513
676.000000000 13.5337 46.4211 0 0 0 0.675927 0.736968
677.400000000 13.6914 47.4625 0 0 0 0.645 0.764182
678.700000000 13.765 48.4304 0 0 0 0.681505 0.731813
680.000000000 13.8074 49.4099 0 0 0 0.707242 0.706972
681.400000000 13.7539 50.4419 0 0 0 0.727188 0.686438
682.600000000 13.7186 51.3441 0 0 0 0.716214 0.697881
684.000000000 13.7292 52.3967 0 0 0 0.701911 0.712264
685.400000000 13.823 53.4127 0 0 0 0.627236 0.778829
686.900000000 14.3361 54.3522 0 0 0 0.450959 0.892545
688.300000000 15.1374 55.0332 0 0 0 0.288029 0.957622
689.800000000 16.0355 55.3834 0 0 0 0.109829 0.99395
691.400000000 17.0422 55.3186 0 0 0 -0.0670557 0.997749
693.200000000 17.828 55.3734 0 0 0 0.2703 0.962776
694.200000000 18.0608 55.8474 0 0 0 0.499751 0.866169
695.700000000 18.252 56.8526 0 0 0 0.679865 0.733338
697.000000000 18.2785 57.8235 0 0 0 0.715433 0.698681
698.700000000 18.0435 58.6533 0 0 0 0.897951 0.440095
699.500000000 17.7865 58.7346 0 0 0 0.982505 0.186235
700.300000000 17.4363 58.6935 0 0 0 -0.99911 0.0421877
701.800000000 16.4247 58.434 0 0 0 -0.996245 0.0865732
703.000000000 15.7361 58.5458 0 0 0 0.987212 0.159414
704.500000000 14.9787 59.1488 0 0 0 0.91111 0.412163
705.900000000 14.6798 59.8705 0 0 0 0.74499 0.667076
706.500000000 14.7757 59.9981 0 0 0 0.574573 0.818454
707.200000000 14.915 60.0106 0 0 0 0.30165 0.953419
707.900000000 14.9583 59.8783 0 0 0 -0.0371936 0.999308
708.400000000 14.9414 59.802 0 0 0 -0.280257 0.959925
709.000000000 14.839 59.7113 0 0 0 -0.547661 0.8367
709.600000000 14.7654 59.685 0 0 0 -0.759884 0.650059
710.600000000 14.4635 59.3688 0 0 0 -0.915991 0.401199
711.900000000 13.6991 58.8382 0 0 0 -0.974165 0.225837
713.200000000 12.7638 58.5976 0 0 0 -0.996951 0.0780351
714.500000000 11.7922 58.6157 0 0 0 0.998922 0.0464112
715.800000000 10.8241 58.7138 0 0 0 0.998841 0.0481283
717.100000000 9.85227 58.7634 0 0 0 0.999895 0.014474
718.400000000 8.8706 58.7627 0 0 0 -0.999969 0.00792263
719.800000000 7.82098 58.761 0 0 0 0.999994 0.00336428
721.000000000 6.9177 58.7778 0 0 0 0.999975 0.00705918
722.300000000 5.9449 58.7918 0 0 0 0.999975 0.00710763
723.600000000 4.97214 58.8093 0 0 0 0.999924 0.0123561
724.900000000 4.00599 58.904 0 0 0 0.997357 0.0726529
726.200000000 3.36897 59.2568 0 0 0 0.936042 0.351888
727.000000000 3.36744 59.4343 0 0 0 0.775533 0.631307
727.600000000 3.49423 59.4335 0 0 0 0.558352 0.829604
728.300000000 3.6009 59.3521 0 0 0 0.245251 0.96946
728.900000000 3.62323 59.2503 0 0 0 -0.0476312 0.998865
729.600000000 3.62441 59.074 0 0 0 -0.332884 0.942968
731.000000000 4.38853 58.4644 0 0 0 -0.287258 0.957853
732.500000000 5.42563 58.1622 0 0 0 -0.0561658 0.998421
733.600000000 5.78319 58.2823 0 0 0 0.295304 0.955403
734.200000000 5.69366 58.3578 0 0 0 0.564468 0.825455
734.700000000 5.60071 58.3922 0 0 0 0.742833 0.669477
735.400000000 5.46361 58.4242 0 0 0 0.910011 0.414584
736.900000000 4.59324 58.7745 0 0 0 0.988506 0.151183
738.200000000 3.64609 59.0237 0 0 0 0.988083 0.153922
739.600000000 2.92802 59.5282 0 0 0 0.918547 0.395312
740.400000000 2.99756 59.6865 0 0 0 0.738368 0.674398
741.900000000 3.08933 60.7293 0 0 0 0.675076 0.737748
743.400000000 2.97084 61.4928 0 0 0 0.869187 0.494483
744.000000000 2.90161 61.4049 0 0 0 0.976496 0.215537
744.700000000 2.89006 61.268 0 0 0 -0.991201 0.132364
745.400000000 2.95326 61.1675 0 0 0 -0.885438 0.464757
746.600000000 2.82573 60.4596 0 0 0 -0.747578 0.664174
748.100000000 3.04324 59.51 0 0 0 -0.552134 0.833755
749.600000000 3.67177 58.7216 0 0 0 -0.347799 0.937569
751.000000000 4.59737 58.3263 0 0 0 -0.155154 0.98789
752.500000000 5.6744 58.21 0 0 0 0.0300132 0.99955
753.800000000 6.65469 58.3432 0 0 0 0.0530745 0.998591
755.200000000 7.6367 58.404 0 0 0 0.0222139 0.999753
757.600000000 8.61762 58.4056 0 0 0 -0.00891038 0.99996
762.100000000 9.60166 58.3723 0 0 0 -0.0121169 0.999927
765.000000000 10.5503 58.3623 0 0 0 -0.00450558 0.99999
768.600000000 11.5337 58.3585 0 0 0 -0.00319908 0.999995
773.000000000 12.4854 58.3472 0 0 0 -0.00318305 0.999995
776.400000000 13.4379 58.3412 0 0 0 -0.003179 0.999995
780.600000000 14.4458 58.3448 0 0 0 -0.00317377 0.999995
785.200000000 15.4201 58.339 0 0 0 -0.00317367 0.999995
788.100000000 16.4251 58.3227 0 0 0 -0.00317226 0.999995
790.600000000 17.3989 58.3159 0 0 0 -0.00315467 0.999995
794.300000000 18.3731 58.3081 0 0 0 -0.00309808 0.999995
797.200000000 19.392 58.2976 0 0 0 -0.00293048 0.999996
799.600000000 20.3082 58.2872 0 0 0 -0.00246318 0.999997
803.300000000 21.2674 58.2822 0 0 0 -0.00246685 0.999997
806.600000000 22.2656 58.2774 0 0 0 -0.00247607 0.999997
809.400000000 23.2569 58.2726 0 0 0 -0.00249427 0.999997
813.100000000 24.2266 58.268 0 0 0 -0.00248545 0.999997
815.600000000 25.2631 58.2843 0 0 0 0.0199917 0.9998
816.900000000 26.1954 58.3239 0 0 0 0.0181734 0.999835
819.100000000 27.1567 58.3447 0 0 0 0.00570712 0.999984
822.000000000 28.1094 58.3394 0 0 0 -0.00649797 0.999979
824.400000000 29.1771 58.3255 0 0 0 -0.00636073 0.99998
825.900000000 29.8234 58.505 0 0 0 0.332437 0.943125
826.500000000 29.7254 58.5989 0 0 0 0.586259 0.810124
828.600000000 29.8216 59.6484 0 0 0 0.585186 0.810899
829.900000000 30.2491 60.5065 0 0 0 0.501718 0.865031
831.700000000 30.5694 61.3028 0 0 0 0.740702 0.671834
832.300000000 30.4666 61.272 0 0 0 0.901829 0.432092
832.900000000 30.3958 61.1745 0 0 0 0.988886 0.148675
833.600000000 30.413 61.0372 0 0 0 -0.979923 0.199378
834.300000000 30.5094 60.9476 0 0 0 -0.852752 0.522317
835.000000000 30.5505 60.7166 0 0 0 -0.699653 0.714483
836.100000000 30.8415 60.1705 0 0 0 -0.507227 0.861813
837.400000000 31.3504 59.3346 0 0 0 -0.518057 0.855346
839.000000000 31.8366 58.5501 0 0 0 -0.412962 0.910748
840.500000000 32.7106 58.0401 0 0 0 -0.180306 0.983611
841.900000000 33.7019 57.9466 0 0 0 0.0154884 0.99988
843.200000000 34.6778 58.0657 0 0 0 0.0488818 0.998805
844.600000000 35.5883 58.1099 0 0 0 0.0152147 0.999884
846.900000000 36.577 58.1226 0 0 0 -0.000141075 1
849.900000000 37.5487 58.1202 0 0 0 -0.00144487 0.999999
852.900000000 38.4649 58.1183 0 0 0 -0.00149104 0.999999
856.000000000 39.4922 58.1132 0 0 0 -0.004148 0.999991
857.400000000 40.5205 58.0838 0 0 0 -0.0184165 0.99983
858.800000000 41.5583 58.0776 0 0 0 -0.0175232 0.999846
859.800000000 41.9278 58.228 0 0 0 0.270802 0.962635
860.500000000 41.8631 58.3509 0 0 0 0.563591 0.826054
862.700000000 41.9184 59.4244 0 0 0 0.5997 0.800225
864.000000000 42.2853 60.3325 0 0 0 0.545553 0.838076
865.400000000 42.7488 60.8776 0 0 0 0.238831 0.971061
866.000000000 42.7699 60.7646 0 0 0 -0.0541787 0.998531
866.500000000 42.733 60.6733 0 0 0 -0.296187 0.95513
868.000000000 43.2478 59.8529 0 0 0 -0.524369 0.851491
869.600000000 43.5188 58.9089 0 0 0 -0.628754 0.777604
872.600000000 43.62 57.9643 0 0 0 -0.698007 0.716091
875.600000000 43.5835 56.9482 0 0 0 -0.726175 0.68751
876.900000000 43.5124 55.9695 0 0 0 -0.737445 0.675407
879.100000000 43.4369 54.9911 0 0 0 -0.722252 0.69163
882.500000000 43.4193 54.0368 0 0 0 -0.709023 0.705186
886.700000000 43.4368 53.0267 0 0 0 -0.703863 0.710336
890.600000000 43.4479 52.069 0 0 0 -0.712452 0.701721
891.900000000 43.3111 51.0634 0 0 0 -0.765754 0.643134
893.000000000 43.0795 50.6979 0 0 0 -0.927443 0.373964
893.800000000 43.0015 50.8081 0 0 0 0.999994 0.00336357
894.300000000 43.0087 50.9228 0 0 0 0.96986 0.243662
895.000000000 43.1019 51.0217 0 0 0 0.830525 0.556981
895.700000000 43.2375 51.042 0 0 0 0.593801 0.804612
896.300000000 43.3408 50.9844 0 0 0 0.33381 0.94264
896.900000000 43.4158 50.9085 0 0 0 0.0590458 0.998255
897.400000000 43.4311 50.7355 0 0 0 -0.167137 0.985934
899.100000000 44.1631 49.9415 0 0 0 -0.412986 0.910737
900.400000000 44.8329 49.2426 0 0 0 -0.363249 0.931692
901.800000000 45.7228 48.8668 0 0 0 -0.17357 0.984822
903.200000000 46.7169 48.7045 0 0 0 -0.0102464 0.999948
904.400000000 47.6379 48.7572 0 0 0 0.0353332 0.999376
905.800000000 48.6688 48.8317 0 0 0 0.0297957 0.999556
907.100000000 49.6509 48.8455 0 0 0 -0.00397999 0.999992
908.500000000 50.6998 48.8262 0 0 0 -0.00728504 0.999973
909.900000000 51.7436 48.8108 0 0 0 0.00388508 0.999992
911.200000000 52.6999 48.8671 0 0 0 0.0657453 0.997836
912.600000000 53.5701 49.2783 0 0 0 0.284629 0.958638
914.100000000 54.2765 50.0804 0 0 0 0.478284 0.878205
915.400000000 54.5911 50.9822 0 0 0 0.614396 0.788998
916.800000000 54.5106 52.0112 0 0 0 0.749708 0.661768
918.100000000 54.2384 52.6009 0 0 0 0.916814 0.399314
918.700000000 54.1498 52.5613 0 0 0 0.990683 0.136189
919.300000000 54.1423 52.439 0 0 0 -0.988188 0.153249
920.000000000 54.2303 52.3316 0 0 0 -0.874691 0.484681
920.500000000 54.3681 52.3101 0 0 0 -0.728349 0.685206
921.500000000 54.5656 51.9715 0 0 0 -0.47463 0.880185
922.900000000 55.3173 51.2809 0 0 0 -0.364343 0.931265
924.300000000 56.104 50.5833 0 0 0 -0.324892 0.945751
925.700000000 57.0257 50.0703 0 0 0 -0.187112 0.982339
927.000000000 57.9699 49.8503 0 0 0 -0.0779457 0.996958
928.200000000 58.8709 49.8032 0 0 0 -0.0138052 0.999905
929.500000000 59.8433 49.8296 0 0 0 0.0211876 0.999776
930.900000000 60.8942 49.8782 0 0 0 0.0311847 0.999514
932.400000000 61.6123 49.7198 0 0 0 -0.308278 0.951296
933.100000000 61.5065 49.6415 0 0 0 -0.611509 0.791237
933.800000000 61.3462 49.5317 0 0 0 -0.81158 0.584242
934.700000000 61.0583 49.2944 0 0 0 -0.931507 0.363723
935.900000000 60.3692 48.7187 0 0 0 -0.939393 0.342843
937.300000000 59.6184 47.9628 0 0 0 -0.922121 0.386901
938.500000000 59.0316 47.2885 0 0 0 -0.901222 0.433358
939.900000000 58.5817 46.3945 0 0 0 -0.818841 0.574021
941.800000000 58.4337 45.3316 0 0 0 -0.719866 0.694113
943.000000000 58.5089 44.4199 0 0 0 -0.666204 0.74577
944.400000000 58.6517 43.372 0 0 0 -0.66432 0.747448
946.000000000 58.6842 42.4095 0 0 0 -0.707733 0.70648
949.300000000 58.6404 41.4429 0 0 0 -0.728599 0.684941
953.100000000 58.59 40.4653 0 0 0 -0.719537 0.694454
955.400000000 58.5737 39.4225 0 0 0 -0.710717 0.703479
957.000000000 58.737 38.5104 0 0 0 -0.579063 0.815283
958.600000000 59.4124 37.7139 0 0 0 -0.33699 0.941508
960.100000000 60.4039 37.2987 0 0 0 -0.13192 0.99126
961.200000000 60.8531 37.3268 0 0 0 0.178952 0.983858
961.800000000 60.7836 37.4208 0 0 0 0.461127 0.887334
962.500000000 60.6511 37.4572 0 0 0 0.737828 0.674989
963.000000000 60.5617 37.4223 0 0 0 0.881555 0.472081
963.700000000 60.4581 37.3261 0 0 0 0.988675 0.150069
964.300000000 60.4029 37.2288 0 0 0 -0.992878 0.119132
965.200000000 60.075 36.927 0 0 0 -0.938415 0.345509
966.400000000 59.4682 36.2843 0 0 0 -0.916027 0.401117
967.700000000 58.8454 35.5355 0 0 0 -0.893883 0.448301
969.200000000 58.3332 34.5744 0 0 0 -0.810187 0.586172
970.500000000 58.302 33.7093 0 0 0 -0.700753 0.713404
971.800000000 58.4047 32.7435 0 0 0 -0.661018 0.75037
973.300000000 58.4764 31.6869 0 0 0 -0.692775 0.721154
975.800000000 58.4549 30.746 0 0 0 -0.724431 0.689348
979.900000000 58.3909 29.7977 0 0 0 -0.726682 0.686974
983.600000000 58.3582 28.8257 0 0 0 -0.716823 0.697255
986.900000000 58.3286 27.8519 0 0 0 -0.714084 0.70006
989.000000000 58.2941 26.8081 0 0 0 -0.660003 0.751263
990.400000000 58.6652 25.9384 0 0 0 -0.489531 0.871986
991.800000000 59.3567 25.18 0 0 0 -0.386187 0.92242
993.100000000 60.0449 24.4851 0 0 0 -0.381242 0.924475
994.300000000 60.6547 23.8172 0 0 0 -0.421768 0.906704
995.700000000 61.2353 22.9531 0 0 0 -0.494459 0.869201
1002.700000000 61.5496 22.0957 0 0 0 -0.685037 0.728508
1003.600000000 61.3385 21.7437 0 0 0 -0.841819 0.539759
1005.100000000 60.6962 20.9846 0 0 0 -0.932656 0.360767
1007.200000000 59.9986 20.3254 0 0 0 -0.928223 0.372025
1009.700000000 59.2675 19.6455 0 0 0 -0.937297 0.348532
1011.000000000 58.4442 19.1304 0 0 0 -0.972855 0.231416
1012.500000000 57.4151 18.872 0 0 0 -0.997954 0.0639377
1014.700000000 56.3941 18.8764 0 0 0 0.999867 0.0162828
1019.000000000 55.4545 18.9111 0 0 0 0.999653 0.0263273
1024.000000000 54.4703 18.9708 0 0 0 0.999577 0.0290808
1028.900000000 53.4959 18.9917 0 0 0 0.999987 0.0051924
1032.500000000 52.5454 18.9912 0 0 0 -0.999997 0.00245671
1036.800000000 51.5741 18.9866 0 0 0 -0.999997 0.00264356
1040.500000000 50.5869 18.9811 0 0 0 -0.999996 0.00272655
1044.000000000 49.6457 18.9759 0 0 0 -0.999996 0.00280849
1048.500000000 48.6511 18.9699 0 0 0 -0.999996 0.00288917
1051.700000000 47.7044 18.9644 0 0 0 -0.999996 0.00296917
1056.200000000 46.7535 18.9588 0 0 0 -0.999995 0.00305005
1059.800000000 45.7814 18.9524 0 0 0 -0.999995 0.00313136
1064.200000000 44.8294 18.9468 0 0 0 -0.999995 0.00321331
1068.400000000 43.8763 18.9405 0 0 0 -0.999995 0.00329531
1072.500000000 42.8941 18.9337 0 0 0 -0.999994 0.00353407
1077.200000000 41.9519 18.9278 0 0 0 -0.999992 0.0039093
1081.100000000 40.9687 18.9204 0 0 0 -0.999991 0.00427632
1083.300000000 39.9691 18.8931 0 0 0 -0.999757 0.0220222
1085.100000000 38.9525 18.8626 0 0 0 -0.999947 0.0103158
1088.400000000 38.0138 18.8477 0 0 0 -0.999968 0.00804467
1090.600000000 37.0607 18.8315 0 0 0 -0.999967 0.00811723
1094.300000000 36.0353 18.8144 0 0 0 -0.999966 0.00818913
1096.800000000 35.1124 18.7983 0 0 0 -0.999966 0.00826077
1100.400000000 34.1075 18.781 0 0 0 -0.999965 0.00833269
1103.400000000 33.1709 18.7642 0 0 0 -0.999965 0.00840536
1106.800000000 32.1875 18.7478 0 0 0 -0.999964 0.00847841
1110.500000000 31.2429 18.7314 0 0 0 -0.999963 0.0085515
1113.600000000 30.2626 18.7143 0 0 0 -0.999962 0.00871077
1117.600000000 29.333 18.6975 0 0 0 -0.999961 0.00886706
1120.000000000 28.3782 18.6905 0 0 0 -0.99996 0.00893787
1122.400000000 27.2847 18.6712 0 0 0 -0.999959 0.00900285
1124.100000000 26.3843 18.6535 0 0 0 -0.999959 0.00906883
1126.000000000 25.3517 18.6249 0 0 0 -0.999958 0.00911574
1128.500000000 24.3586 18.6069 0 0 0 -0.999956 0.00935928
1130.300000000 23.4259 18.589 0 0 0 -0.999954 0.00957878
1132.800000000 22.4962 18.5701 0 0 0 -0.999954 0.00964321
1134.700000000 21.4946 18.5506 0 0 0 -0.999953 0.00970795
1137.200000000 20.5163 18.5308 0 0 0 -0.999952 0.00977318
1141.000000000 19.6261 18.583 0 0 0 0.99932 0.0368686
1145.400000000 18.647 18.672 0 0 0 0.999058 0.0433927
1149.800000000 17.6167 18.7375 0 0 0 0.999734 0.0230482
1151.300000000 16.6145 18.7436 0 0 0 -0.999945 0.0104629
1152.500000000 15.7199 18.69 0 0 0 -0.998135 0.061051
1153.800000000 14.7679 18.501 0 0 0 -0.994021 0.109193
1155.200000000 13.7325 18.3093 0 0 0 -0.998187 0.0601887
1156.500000000 12.7538 18.2895 0 0 0 -0.999997 0.00244814
1157.900000000 11.6968 18.3017 0 0 0 1 0.00065545
1159.300000000 10.6494 18.2889 0 0 0 -0.999975 0.0070197
1160.600000000 9.67132 18.2732 0 0 0 -0.999976 0.00696232
1161.900000000 8.68543 18.2596 0 0 0 -0.999976 0.00690344
1163.300000000 7.63873 18.2446 0 0 0 -0.999967 0.00807055
1164.600000000 6.66008 18.2903 0 0 0 0.99962 0.0275724
1165.900000000 5.697 18.4276 0 0 0 0.995653 0.0931416
1167.200000000 4.69725 18.6857 0 0 0 0.990686 0.136166
1168.500000000 3.73777 18.8321 0 0 0 0.999531 0.0306328
1169.800000000 3.11081 18.5698 0 0 0 -0.967228 0.253908
1171.100000000 2.43258 17.9675 0 0 0 -0.927217 0.374525
1172.400000000 1.80618 17.2372 0 0 0 -0.91656 0.399896
1173.900000000 1.2228 16.7479 0 0 0 -0.994874 0.101121
1174.800000000 0.885236 16.8862 0 0 0 0.984195 0.17709
1176.000000000 0.474624 17.3959 0 0 0 0.904761 0.425919
1177.200000000 0.487648 17.6543 0 0 0 0.751292 0.65997
1178.100000000 0.557767 17.6366 0 0 0 0.514421 0.857538
1178.900000000 0.632826 17.5438 0 0 0 0.241682 0.970355
1180.000000000 0.977729 17.5483 0 0 0 -0.0212386 0.999774
1181.200000000 1.19478 17.361 0 0 0 -0.285672 0.958327
1182.400000000 1.28536 17.1018 0 0 0 -0.581069 0.813854
1183.100000000 1.19713 17.0888 0 0 0 -0.824856 0.565343
1183.700000000 1.12155 17.144 0 0 0 -0.955019 0.296544
1187.200000000 1.09971 17.0228 0 0 0 -0.798987 0.601349
1187.800000000 1.19113 17.0262 0 0 0 -0.583518 0.8121
1188.400000000 1.30099 17.0989 0 0 0 -0.320109 0.947381
1189.100000000 1.38282 17.2386 0 0 0 -0.00987409 0.999951
1190.000000000 1.65473 17.4548 0 0 0 0.25749 0.966281
1191.500000000 2.3754 18.2669 0 0 0 0.431481 0.902122
1192.900000000 3.12563 18.8118 0 0 0 0.24373 0.969843
1195.200000000 4.11316 19.0384 0 0 0 0.0364091 0.999337
1196.700000000 5.1275 18.8023 0 0 0 -0.187345 0.982294
1198.800000000 5.67023 18.4832 0 0 0 0.177385 0.984142
1199.400000000 5.62835 18.5666 0 0 0 0.460089 0.887873
1200.100000000 5.60554 18.6022 0 0 0 0.736588 0.676342
1200.800000000 5.43336 18.5623 0 0 0 0.92347 0.383671
1201.500000000 5.36087 18.4642 0 0 0 0.995504 0.094721
1202.100000000 5.35965 18.4195 0 0 0 -0.979254 0.202637
1202.700000000 5.42659 18.3497 0 0 0 -0.877302 0.479939
1203.300000000 5.54695 18.304 0 0 0 -0.704677 0.709528
1204.300000000 5.7662 17.966 0 0 0 -0.465141 0.885237
1205.800000000 6.48798 17.1679 0 0 0 -0.415561 0.909565
1207.100000000 6.98188 16.3436 0 0 0 -0.543603 0.839342
1208.600000000 7.08426 15.3302 0 0 0 -0.713284 0.700875
1209.900000000 6.98337 14.3601 0 0 0 -0.750283 0.661117
1211.600000000 6.77002 13.3677 0 0 0 -0.795998 0.605299
1212.300000000 6.67405 13.426 0 0 0 -0.934882 0.354959
1213.100000000 6.6221 13.5542 0 0 0 -0.999439 0.0335046
1213.800000000 6.64692 13.6544 0 0 0 0.968445 0.249229
1214.800000000 6.61193 13.924 0 0 0 0.850598 0.525816
1216.100000000 6.58912 14.3922 0 0 0 0.682476 0.730908
1217.200000000 6.7194 14.537 0 0 0 0.437304 0.899314
1218.200000000 6.73854 14.5283 0 0 0 0.191865 0.981421
1219.200000000 6.92391 14.3149 0 0 0 -0.0435079 0.999053
1221.200000000 7.19993 14.4446 0 0 0 0.298751 0.954331
1221.900000000 7.19693 14.4579 0 0 0 0.601822 0.79863
1222.800000000 7.18288 14.4709 0 0 0 0.763722 0.645546
1225.200000000 7.21135 14.4395 0 0 0 0.492447 0.870343
1225.800000000 7.20782 14.4487 0 0 0 0.22972 0.973257
1226.400000000 7.21912 14.4512 0 0 0 -0.068684 0.997638
1227.100000000 7.18651 14.3328 0 0 0 -0.401575 0.915826
1227.800000000 7.18025 14.2347 0 0 0 -0.676364 0.736567
1228.500000000 7.1175 14.1012 0 0 0 -0.84883 0.528666
1230.000000000 6.43401 13.2763 0 0 0 -0.90914 0.41649
1231.300000000 5.96791 12.4353 0 0 0 -0.834859 0.550464
1232.600000000 5.75299 11.475 0 0 0 -0.739172 0.673517
1233.800000000 5.82278 10.5931 0 0 0 -0.671608 0.740907
1235.200000000 6.0036 9.56257 0 0 0 -0.647352 0.762191
1237.000000000 5.94712 9.01804 0 0 0 -0.851979 0.523576
1237.700000000 5.87411 9.08296 0 0 0 -0.954296 0.298862
1238.500000000 5.8313 9.17912 0 0 0 -0.999884 0.0152136
1239.600000000 5.89032 9.32752 0 0 0 0.928125 0.372268
1240.500000000 5.81365 9.53141 0 0 0 0.810299 0.586017
1241.200000000 5.95644 9.52517 0 0 0 0.56024 0.82833
1242.100000000 6.00243 9.48256 0 0 0 0.323085 0.94637
1243.300000000 6.03885 9.47102 0 0 0 -0.00534375 0.999986
1243.800000000 6.07046 9.3275 0 0 0 -0.245778 0.969326
1244.500000000 6.0829 9.25824 0 0 0 -0.559939 0.828534
1245.100000000 5.97992 9.23084 0 0 0 -0.776852 0.629683
1246.100000000 5.65555 8.81891 0 0 0 -0.905375 0.424613
1247.500000000 4.89556 8.11428 0 0 0 -0.942045 0.335487
1248.700000000 4.22515 7.51579 0 0 0 -0.937864 0.347002
1250.100000000 3.39875 6.8761 0 0 0 -0.946935 0.321425
1251.900000000 2.8988 6.36905 0 0 0 -0.775943 0.630804
1252.400000000 2.99927 6.36967 0 0 0 -0.596236 0.802809
1253.000000000 3.10313 6.42335 0 0 0 -0.332292 0.943177
1253.800000000 3.11993 6.54156 0 0 0 -0.0209188 0.999781
1255.200000000 3.46984 6.73745 0 0 0 0.201256 0.979539
1256.500000000 3.6882 7.01741 0 0 0 0.492014 0.870587
1257.100000000 3.58242 7.04419 0 0 0 0.727314 0.686305
1257.600000000 3.47486 7.02058 0 0 0 0.874167 0.485626
1258.300000000 3.40515 6.89872 0 0 0 0.986084 0.166248
1259.000000000 3.40096 6.82559 0 0 0 -0.993148 0.116867
1262.000000000 3.38484 6.94539 0 0 0 0.97161 0.236589
1262.700000000 3.46765 7.02822 0 0 0 0.833924 0.55188
1263.400000000 3.60289 7.04043 0 0 0 0.598813 0.800889
1263.900000000 3.68601 7.0239 0 0 0 0.385324 0.922781
1264.700000000 3.97593 7.01391 0 0 0 0.124817 0.99218
1266.200000000 4.99644 6.94389 0 0 0 -0.110815 0.993841
1267.700000000 5.81887 6.4376 0 0 0 -0.331535 0.943443
1268.900000000 6.44193 5.73753 0 0 0 -0.430173 0.902746
1270.300000000 6.93135 4.84776 0 0 0 -0.573601 0.819135
