0.300000000 0.2 0 0 0 0 0 1
9.000000000 0.986574 -0.132957 0 0 0 -0.343475 0.939162
9.600000000 0.88705 -0.196738 0 0 0 -0.605675 0.795712
10.200000000 0.768952 -0.193184 0 0 0 -0.813772 0.581184
10.800000000 0.673497 -0.123543 0 0 0 -0.949178 0.314741
11.400000000 0.634243 -0.0121693 0 0 0 -0.999784 0.0207968
12.100000000 0.674592 0.122764 0 0 0 0.946113 0.323838
12.700000000 0.771171 0.180768 0 0 0 0.808159 0.588965
13.300000000 0.879314 0.181726 0 0 0 0.598001 0.801496
13.900000000 0.97761 0.12583 0 0 0 0.334408 0.942428
14.500000000 1.02168 0.0161214 0 0 0 0.0409663 0.999161
15.100000000 0.996118 -0.0993031 0 0 0 -0.256135 0.966641
18.600000000 1.19142 -0.0699188 0 0 0 0.139769 0.990184
19.200000000 1.13056 0.0408868 0 0 0 0.42559 0.904916
19.900000000 0.998757 0.119442 0 0 0 0.693957 0.720017
20.500000000 0.901773 0.17773 0 0 0 0.858351 0.513062
22.100000000 0.102563 0.891999 0 0 0 0.941059 0.338243
23.400000000 -0.605814 1.54959 0 0 0 0.922598 0.385763
24.700000000 -1.21897 2.30312 0 0 0 0.890924 0.454153
26.100000000 -1.75312 3.22825 0 0 0 0.856087 0.516831
27.300000000 -2.10499 4.04374 0 0 0 0.823665 0.567076
28.700000000 -2.50058 5.02438 0 0 0 0.833514 0.552498
29.900000000 -2.8287 5.84703 0 0 0 0.814588 0.58004
31.100000000 -2.8837 6.4373 0 0 0 0.631813 0.775121
31.700000000 -2.79896 6.41036 0 0 0 0.377085 0.926179
32.400000000 -2.75662 6.3304 0 0 0 0.0407055 0.999171
33.000000000 -2.73214 6.17345 0 0 0 -0.250202 0.968194
33.600000000 -2.79938 6.08489 0 0 0 -0.521207 0.853431
34.100000000 -2.91286 6.04419 0 0 0 -0.712479 0.701693
34.900000000 -3.10251 5.89162 0 0 0 -0.886433 0.462857
36.200000000 -3.79142 5.50488 0 0 0 -0.973001 0.2308
37.300000000 -4.19606 5.47825 0 0 0 0.994251 0.107077
37.900000000 -4.14745 5.56483 0 0 0 0.920036 0.391834
38.500000000 -4.04898 5.64067 0 0 0 0.772856 0.634581
39.100000000 -3.98588 5.80657 0 0 0 0.609126 0.793073
40.200000000 -3.57318 6.22252 0 0 0 0.382918 0.923782
41.500000000 -2.86375 6.85479 0 0 0 0.366651 0.930359
42.900000000 -2.22827 7.68533 0 0 0 0.499661 0.866221
44.300000000 -1.973 8.60169 0 0 0 0.655109 0.755534
45.700000000 -2.03389 9.64259 0 0 0 0.751171 0.660107
47.000000000 -2.15556 10.6163 0 0 0 0.748779 0.662819
48.600000000 -2.21968 11.5525 0 0 0 0.715557 0.698554
51.300000000 -2.23199 12.4859 0 0 0 0.707719 0.706494
55.100000000 -2.22456 13.4732 0 0 0 0.703483 0.710712
59.200000000 -2.21027 14.4306 0 0 0 0.705523 0.708687
63.000000000 -2.20578 15.44 0 0 0 0.705519 0.708691
65.100000000 -2.24507 16.4633 0 0 0 0.739524 0.67313
66.400000000 -2.49855 17.4029 0 0 0 0.823914 0.566715
67.400000000 -2.7217 17.6208 0 0 0 0.965522 0.260321
68.100000000 -2.87386 17.552 0 0 0 -0.999798 0.0200832
68.800000000 -2.92341 17.4254 0 0 0 -0.948044 0.318141
69.300000000 -2.86735 17.3564 0 0 0 -0.8402 0.542276
70.000000000 -2.72981 17.3317 0 0 0 -0.604222 0.796816
70.600000000 -2.64044 17.3958 0 0 0 -0.341763 0.939786
71.200000000 -2.59454 17.5047 0 0 0 -0.048774 0.99881
71.900000000 -2.44795 17.5884 0 0 0 0.196075 0.980589
73.400000000 -1.71071 18.3808 0 0 0 0.410265 0.911966
75.000000000 -1.04116 19.1193 0 0 0 0.47839 0.878147
75.700000000 -1.03532 19.3396 0 0 0 0.678538 0.734565
76.900000000 -1.30657 19.9148 0 0 0 0.858378 0.513017
78.300000000 -1.93603 20.7206 0 0 0 0.896837 0.442362
79.700000000 -2.3148 21.6375 0 0 0 0.791444 0.611242
81.400000000 -2.29934 22.6464 0 0 0 0.67531 0.737534
84.300000000 -2.238 23.6138 0 0 0 0.677016 0.735968
88.400000000 -2.17564 24.5616 0 0 0 0.692425 0.72149
92.400000000 -2.15847 25.4967 0 0 0 0.701373 0.712794
96.900000000 -2.15094 26.474 0 0 0 0.704834 0.709372
100.600000000 -2.14695 27.4711 0 0 0 0.711953 0.702227
102.000000000 -2.32438 28.5097 0 0 0 0.766633 0.642086
103.300000000 -2.61892 29.4414 0 0 0 0.82077 0.571258
104.600000000 -2.88547 30.3699 0 0 0 0.78685 0.617144
105.400000000 -2.8151 30.5368 0 0 0 0.559003 0.829165
106.000000000 -2.66692 30.4838 0 0 0 0.29642 0.955058
106.700000000 -2.6216 30.3322 0 0 0 -0.0433055 0.999062
107.300000000 -2.64642 30.2588 0 0 0 -0.333899 0.942609
107.900000000 -2.76657 30.1887 0 0 0 -0.59271 0.805416
108.600000000 -2.91339 30.1782 0 0 0 -0.829747 0.55814
109.200000000 -3.01018 30.2443 0 0 0 -0.956286 0.292432
109.800000000 -3.04369 30.3431 0 0 0 1 0.000352587
110.300000000 -3.02868 30.4368 0 0 0 0.969681 0.244376
111.000000000 -2.95178 30.5376 0 0 0 0.83033 0.557272
111.600000000 -2.82159 30.5659 0 0 0 0.679265 0.733893
113.100000000 -2.46214 31.5604 0 0 0 0.534951 0.844883
114.600000000 -2.1172 32.5469 0 0 0 0.616496 0.787358
116.200000000 -2.05252 33.533 0 0 0 0.71376 0.70039
117.500000000 -2.12724 34.4924 0 0 0 0.742405 0.669951
118.900000000 -2.20811 35.4934 0 0 0 0.728544 0.684999
121.000000000 -2.22793 36.4085 0 0 0 0.710061 0.70414
124.900000000 -2.22979 37.3679 0 0 0 0.707991 0.706221
127.700000000 -2.24241 38.4162 0 0 0 0.707991 0.706221
129.200000000 -2.23498 39.4379 0 0 0 0.707991 0.706222
130.500000000 -2.26114 40.4107 0 0 0 0.732434 0.680839
131.800000000 -2.53627 41.3184 0 0 0 0.820186 0.572097
133.300000000 -2.85653 42.2751 0 0 0 0.765708 0.643188
134.400000000 -2.76508 42.8834 0 0 0 0.583189 0.812336
135.800000000 -2.34048 43.8048 0 0 0 0.514938 0.857227
137.100000000 -2.03816 44.7272 0 0 0 0.609179 0.793033
138.400000000 -1.83967 45.6873 0 0 0 0.712707 0.701462
139.800000000 -1.965 46.732 0 0 0 0.753946 0.656937
141.200000000 -2.09747 47.7671 0 0 0 0.740755 0.671775
142.500000000 -2.13853 48.7495 0 0 0 0.707816 0.706397
143.800000000 -2.13019 49.7233 0 0 0 0.705106 0.709102
145.200000000 -2.136 50.7772 0 0 0 0.70949 0.704716
146.400000000 -2.13275 51.671 0 0 0 0.7095 0.704706
147.800000000 -2.14818 52.7048 0 0 0 0.74868 0.662932
149.200000000 -2.50738 53.6914 0 0 0 0.833417 0.552645
150.400000000 -2.75695 54.5219 0 0 0 0.794895 0.606748
151.500000000 -2.74286 54.8912 0 0 0 0.540458 0.841371
152.100000000 -2.64531 54.8244 0 0 0 0.271735 0.962372
152.800000000 -2.61774 54.6927 0 0 0 -0.0690391 0.997614
153.400000000 -2.65903 54.5925 0 0 0 -0.35646 0.93431
153.900000000 -2.72479 54.5433 0 0 0 -0.573711 0.819058
154.600000000 -2.86153 54.5273 0 0 0 -0.817502 0.575926
155.200000000 -2.94382 54.5947 0 0 0 -0.949339 0.314255
155.900000000 -3.01447 54.7112 0 0 0 0.999684 0.0251414
156.600000000 -2.97403 54.8344 0 0 0 0.932553 0.361034
157.200000000 -2.87868 54.8924 0 0 0 0.787076 0.616857
157.900000000 -2.7561 55.0629 0 0 0 0.602032 0.798472
159.100000000 -2.28786 55.5809 0 0 0 0.388046 0.92164
160.300000000 -1.60036 56.1763 0 0 0 0.364481 0.931211
161.600000000 -0.905046 56.8563 0 0 0 0.376363 0.926472
162.900000000 -0.198517 57.5273 0 0 0 0.350843 0.936434
164.300000000 0.695916 58.0659 0 0 0 0.208972 0.977922
165.700000000 1.61633 58.237 0 0 0 0.0393027 0.999227
167.800000000 2.58367 58.1901 0 0 0 -0.0332564 0.999447
171.900000000 3.56325 58.1192 0 0 0 -0.036234 0.999343
175.600000000 4.47477 58.0719 0 0 0 -0.0160397 0.999871
178.900000000 5.53942 58.0843 0 0 0 0.0288153 0.999585
179.700000000 5.65636 58.2315 0 0 0 0.32664 0.945149
180.500000000 5.6948 58.4613 0 0 0 0.585965 0.810336
181.900000000 5.80957 59.5011 0 0 0 0.694593 0.719403
182.600000000 5.7085 59.5703 0 0 0 0.877099 0.480309
183.300000000 5.61216 59.4601 0 0 0 0.988712 0.149831
183.800000000 5.61205 59.3419 0 0 0 -0.995105 0.0988241
184.500000000 5.6785 59.2381 0 0 0 -0.900622 0.434603
185.100000000 5.78862 59.2053 0 0 0 -0.731966 0.681341
185.600000000 5.92175 59.153 0 0 0 -0.568869 0.822428
187.000000000 6.53203 58.5291 0 0 0 -0.335898 0.941898
188.300000000 7.38664 58.101 0 0 0 -0.178723 0.983899
189.900000000 8.4642 57.9187 0 0 0 -0.0148597 0.99989
191.200000000 9.41796 58.0215 0 0 0 0.0708762 0.997485
192.500000000 10.3738 58.1311 0 0 0 0.0430967 0.999071
195.000000000 11.3861 58.1512 0 0 0 -0.00979989 0.999952
199.400000000 12.3605 58.1143 0 0 0 -0.0216475 0.999766
203.400000000 13.3571 58.095 0 0 0 -0.00648419 0.999979
207.300000000 14.2916 58.0908 0 0 0 -0.00149655 0.999999
211.300000000 15.2741 58.0877 0 0 0 -0.00149655 0.999999
214.500000000 16.2338 58.0847 0 0 0 -0.00149655 0.999999
218.200000000 17.3011 58.0808 0 0 0 0.0614376 0.998111
219.000000000 17.435 58.2908 0 0 0 0.347887 0.937536
220.100000000 17.5745 58.7775 0 0 0 0.593855 0.804572
221.600000000 17.6062 59.555 0 0 0 0.825362 0.564603
222.200000000 17.5236 59.4815 0 0 0 0.955865 0.293807
222.700000000 17.4691 59.3484 0 0 0 0.998722 0.0505457
223.300000000 17.5124 59.2625 0 0 0 -0.96862 0.248545
224.000000000 17.6057 59.1723 0 0 0 -0.82467 0.565614
224.700000000 17.6206 59.1724 0 0 0 -0.622165 0.782886
225.800000000 18.0977 58.6465 0 0 0 -0.430234 0.902717
227.200000000 18.8659 57.9372 0 0 0 -0.352032 0.935988
228.900000000 19.5975 57.2522 0 0 0 -0.373973 0.927439
232.300000000 20.3181 56.54 0 0 0 -0.380751 0.924678
235.200000000 20.9853 55.8596 0 0 0 -0.389587 0.92099
238.800000000 21.5707 55.1023 0 0 0 -0.479041 0.877792
240.100000000 21.956 54.1869 0 0 0 -0.59314 0.805099
242.600000000 22.0699 53.2263 0 0 0 -0.68965 0.724143
247.000000000 22.021 52.2771 0 0 0 -0.736028 0.676952
251.100000000 21.9472 51.3188 0 0 0 -0.710114 0.704086
252.300000000 22.2432 50.8777 0 0 0 -0.465179 0.885217
253.700000000 22.9308 50.0947 0 0 0 -0.356519 0.934288
256.100000000 23.6127 49.4492 0 0 0 -0.373553 0.927609
257.700000000 23.6595 49.0859 0 0 0 -0.635903 0.771769
258.400000000 23.6224 49.0803 0 0 0 -0.817483 0.575952
259.600000000 23.1811 48.5581 0 0 0 -0.927159 0.374669
261.000000000 22.3951 47.8389 0 0 0 -0.931381 0.364045
262.200000000 21.7539 47.2222 0 0 0 -0.921897 0.387435
263.600000000 21.032 46.4654 0 0 0 -0.920749 0.390156
265.000000000 20.2915 45.7181 0 0 0 -0.923145 0.384453
266.300000000 19.6104 45.0314 0 0 0 -0.923145 0.384453
267.500000000 18.9592 44.4056 0 0 0 -0.933383 0.358881
268.900000000 18.1437 43.7596 0 0 0 -0.947037 0.321123
270.900000000 17.4096 43.2673 0 0 0 -0.963952 0.266077
272.600000000 16.3808 42.9357 0 0 0 -0.994185 0.107682
273.900000000 15.4145 42.7612 0 0 0 -0.996239 0.0866534
275.300000000 14.4074 42.348 0 0 0 -0.971644 0.236448
276.700000000 13.5894 41.6844 0 0 0 -0.931297 0.364261
278.300000000 12.9157 41.0125 0 0 0 -0.921047 0.389453
281.700000000 12.2343 40.3235 0 0 0 -0.92341 0.383816
285.300000000 11.5572 39.63 0 0 0 -0.922168 0.386789
287.500000000 11.0863 38.925 0 0 0 -0.777234 0.629212
288.300000000 11.2024 38.6935 0 0 0 -0.573744 0.819035
289.900000000 11.9095 37.9561 0 0 0 -0.364665 0.931139
291.800000000 12.6057 37.3014 0 0 0 -0.36989 0.929076
295.900000000 13.2829 36.6532 0 0 0 -0.379502 0.925191
300.700000000 13.9605 35.9753 0 0 0 -0.379501 0.925191
305.500000000 14.6531 35.2926 0 0 0 -0.3795 0.925192
310.400000000 15.3421 34.619 0 0 0 -0.373817 0.927502
315.400000000 16.0976 34.025 0 0 0 -0.290064 0.957007
317.800000000 17.05 33.6518 0 0 0 -0.131101 0.991369
319.800000000 18.0347 33.6184 0 0 0 -0.0233087 0.999728
323.400000000 18.9768 33.6255 0 0 0 0.115563 0.9933
324.100000000 18.9586 33.6576 0 0 0 0.452117 0.891959
324.700000000 18.8505 33.7721 0 0 0 0.66495 0.746888
325.600000000 18.668 34.0921 0 0 0 0.843459 0.537194
327.000000000 18.0402 34.8193 0 0 0 0.913045 0.407859
328.400000000 17.4985 35.6728 0 0 0 0.843478 0.537164
329.500000000 17.4265 36.2065 0 0 0 0.66476 0.747057
330.100000000 17.5673 36.1685 0 0 0 0.418522 0.908207
330.800000000 17.5682 36.1852 0 0 0 0.082267 0.99661
331.400000000 17.5649 36.1297 0 0 0 -0.213443 0.976955
332.900000000 18.2059 35.4034 0 0 0 -0.41359 0.910463
334.400000000 18.9076 34.6397 0 0 0 -0.391898 0.920009
337.000000000 19.6721 34.009 0 0 0 -0.304099 0.95264
338.800000000 20.5913 33.5806 0 0 0 -0.141399 0.989953
340.800000000 21.5607 33.4994 0 0 0 0.00646435 0.999979
345.200000000 22.5506 33.5849 0 0 0 0.0421474 0.999111
350.000000000 23.5004 33.6604 0 0 0 0.033139 0.999451
354.800000000 24.4415 33.6905 0 0 0 0.0119882 0.999928
359.800000000 25.4299 33.6918 0 0 0 0.00345396 0.999994
364.700000000 26.3861 33.7063 0 0 0 0.00238178 0.999997
369.500000000 27.3429 33.7111 0 0 0 0.00238306 0.999997
372.200000000 28.2335 34.0278 0 0 0 0.287386 0.957815
373.700000000 28.9447 34.6854 0 0 0 0.386992 0.922083
376.400000000 29.5864 35.3318 0 0 0 0.385342 0.922774
381.100000000 30.2714 36.0224 0 0 0 0.384609 0.92308
385.500000000 30.962 36.7192 0 0 0 0.384613 0.923078
389.600000000 31.6454 37.3986 0 0 0 0.384617 0.923076
393.900000000 32.3374 38.1067 0 0 0 0.384621 0.923075
398.400000000 33.0396 38.795 0 0 0 0.384625 0.923073
401.800000000 33.6516 39.5199 0 0 0 0.444414 0.895822
403.200000000 34.1369 40.4191 0 0 0 0.569932 0.821692
404.500000000 34.2232 41.3982 0 0 0 0.676109 0.736801
405.800000000 34.2265 42.3668 0 0 0 0.732135 0.681159
407.500000000 34.0257 43.2659 0 0 0 0.886114 0.463467
408.200000000 33.9724 43.1727 0 0 0 0.983509 0.18086
408.900000000 33.8011 43.0324 0 0 0 -0.991079 0.133279
410.200000000 33.2535 42.5277 0 0 0 -0.917125 0.3986
411.400000000 32.6481 41.812 0 0 0 -0.921205 0.389078
412.800000000 31.7832 41.3156 0 0 0 -0.978017 0.208526
413.700000000 31.5078 41.3375 0 0 0 0.994699 0.102834
414.300000000 31.5685 41.4483 0 0 0 0.921584 0.38818
415.000000000 31.6118 41.5172 0 0 0 0.735419 0.677613
415.600000000 31.6343 41.5589 0 0 0 0.535906 0.844278
417.100000000 32.3766 42.3029 0 0 0 0.355546 0.934659
418.400000000 33.098 42.96 0 0 0 0.378606 0.925558
419.700000000 33.7336 43.6968 0 0 0 0.441446 0.897288
421.100000000 34.3053 44.5815 0 0 0 0.577003 0.816742
422.500000000 34.4257 45.5796 0 0 0 0.724965 0.688785
423.700000000 34.15 46.5215 0 0 0 0.763851 0.645392
425.100000000 34.1171 47.5148 0 0 0 0.738963 0.673746
426.400000000 34.061 48.5362 0 0 0 0.701315 0.712851
427.700000000 34.1399 49.4855 0 0 0 0.679045 0.734097
429.000000000 34.2049 50.4853 0 0 0 0.692904 0.721029
430.400000000 34.1982 51.5379 0 0 0 0.710711 0.703484
431.800000000 34.1905 52.5614 0 0 0 0.711793 0.702389
433.100000000 34.1776 53.555 0 0 0 0.707978 0.706235
434.300000000 34.1753 54.4587 0 0 0 0.707974 0.706238
435.600000000 34.1729 55.4324 0 0 0 0.707971 0.706242
437.000000000 34.2005 56.4561 0 0 0 0.718971 0.69504
438.300000000 33.8321 57.1536 0 0 0 0.879514 0.475873
439.700000000 33.0906 57.7842 0 0 0 0.955754 0.294166
441.000000000 32.1883 58.1355 0 0 0 0.991194 0.132417
442.400000000 31.3049 58.2008 0 0 0 0.99982 0.0189635
450.200000000 30.5619 57.9844 0 0 0 -0.967835 0.251584
451.800000000 29.8258 57.2829 0 0 0 -0.923435 0.383755
454.200000000 29.0005 56.7159 0 0 0 -0.97011 0.242666
455.600000000 28.0809 56.4511 0 0 0 -0.995866 0.0908294
457.900000000 27.0694 56.4132 0 0 0 0.999939 0.0110106
459.900000000 26.0705 56.5294 0 0 0 0.998049 0.0624296
463.700000000 25.0967 56.6105 0 0 0 0.999644 0.0266956
468.400000000 24.156 56.6333 0 0 0 0.999974 0.00724642
473.200000000 23.2094 56.6334 0 0 0 -0.999982 0.00591999
477.600000000 22.2299 56.6114 0 0 0 -0.999876 0.0157683
482.400000000 21.285 56.5963 0 0 0 -0.999986 0.00524233
487.100000000 20.2517 56.571 0 0 0 -0.998318 0.0579819
487.700000000 20.2653 56.4779 0 0 0 -0.947557 0.319587
488.400000000 20.3647 56.3953 0 0 0 -0.790582 0.612356
489.100000000 20.5154 56.4059 0 0 0 -0.547824 0.836594
490.700000000 21.2375 55.6358 0 0 0 -0.401587 0.915821
492.100000000 21.7879 54.8104 0 0 0 -0.45617 0.889893
494.000000000 22.1957 53.8866 0 0 0 -0.597402 0.801942
496.400000000 22.1462 52.8613 0 0 0 -0.784039 0.620712
498.400000000 21.8361 51.9489 0 0 0 -0.776098 0.630612
499.800000000 21.922 51.6708 0 0 0 -0.523606 0.85196
500.500000000 22.017 51.693 0 0 0 -0.202543 0.979273
501.000000000 22.0764 51.9581 0 0 0 0.021797 0.999762
501.700000000 22.1968 52.0814 0 0 0 0.286221 0.958164
503.100000000 22.8621 52.7956 0 0 0 0.404159 0.914689
504.400000000 23.5455 53.4995 0 0 0 0.381402 0.924409
505.800000000 24.3105 54.2212 0 0 0 0.372663 0.927967
507.100000000 25.0019 54.9073 0 0 0 0.386841 0.922147
508.400000000 25.6898 55.5967 0 0 0 0.381669 0.924299
509.600000000 26.3163 56.2376 0 0 0 0.380979 0.924584
511.000000000 27.0908 56.9489 0 0 0 0.35108 0.936346
512.300000000 27.85 57.5883 0 0 0 0.323645 0.946179
513.600000000 28.6862 58.08 0 0 0 0.208131 0.978101
515.000000000 29.6636 58.2081 0 0 0 0.0283537 0.999598
517.000000000 30.6549 58.1442 0 0 0 -0.0377146 0.999289
520.700000000 31.6192 58.1154 0 0 0 -0.0259822 0.999662
524.500000000 32.5452 58.0748 0 0 0 -0.00685848 0.999976
528.700000000 33.5231 58.0682 0 0 0 -0.00310072 0.999995
533.200000000 34.4933 58.0618 0 0 0 -0.00309849 0.999995
537.600000000 35.456 58.0555 0 0 0 -0.00309495 0.999995
542.000000000 36.4122 58.0692 0 0 0 -0.00309007 0.999995
546.600000000 37.3754 58.0628 0 0 0 -0.00308387 0.999995
549.900000000 38.3309 58.0564 0 0 0 -0.00307639 0.999995
551.700000000 39.3956 58.0499 0 0 0 -0.00307337 0.999995
553.000000000 40.3693 58.0436 0 0 0 -0.00306993 0.999995
554.300000000 41.343 58.0373 0 0 0 -0.00306604 0.999995
555.600000000 42.3168 58.0309 0 0 0 -0.0030617 0.999995
556.900000000 43.299 58.0389 0 0 0 0.0144824 0.999895
558.200000000 44.2716 58.0821 0 0 0 0.00975034 0.999952
559.700000000 44.9538 57.9551 0 0 0 -0.30953 0.95089
560.300000000 44.8562 57.8755 0 0 0 -0.572961 0.819583
560.800000000 44.7399 57.859 0 0 0 -0.754472 0.656332
561.400000000 44.6498 57.8893 0 0 0 -0.913558 0.406708
562.100000000 44.5812 57.9844 0 0 0 -0.997346 0.0728119
562.700000000 44.4594 58.113 0 0 0 0.986064 0.166366
563.900000000 43.9848 58.603 0 0 0 0.921601 0.388138
565.500000000 43.5198 59.3609 0 0 0 0.765442 0.643505
566.100000000 43.627 59.356 0 0 0 0.543525 0.839393
566.700000000 43.7114 59.2964 0 0 0 0.275658 0.961256
567.400000000 43.7611 59.1859 0 0 0 -0.0666479 0.997777
568.400000000 44.1719 58.819 0 0 0 -0.316766 0.948504
569.700000000 44.9254 58.2881 0 0 0 -0.289337 0.957227
571.100000000 45.8985 57.929 0 0 0 -0.114698 0.9934
572.500000000 46.9509 57.9206 0 0 0 0.0354696 0.999371
573.800000000 47.9208 58.0568 0 0 0 0.0682471 0.997668
575.100000000 48.8906 58.1274 0 0 0 0.0162829 0.999867
576.400000000 49.8644 58.1171 0 0 0 -0.00635319 0.99998
577.800000000 50.9179 58.1105 0 0 0 -0.00556976 0.999984
579.100000000 51.8915 58.1001 0 0 0 -0.000150003 1
580.400000000 52.8652 58.1001 0 0 0 -0.000146652 1
581.700000000 53.8389 58.0999 0 0 0 -0.000146876 1
583.000000000 54.8126 58.0996 0 0 0 -0.000148251 1
584.400000000 55.515 57.8145 0 0 0 -0.295715 0.955276
585.800000000 56.2492 57.0709 0 0 0 -0.406655 0.913582
587.100000000 56.9138 56.359 0 0 0 -0.392672 0.919679
588.400000000 57.5361 55.6016 0 0 0 -0.458044 0.888929
589.900000000 57.9525 54.6306 0 0 0 -0.617765 0.786363
591.800000000 57.9381 53.6407 0 0 0 -0.731103 0.682267
595.500000000 57.8503 52.7032 0 0 0 -0.740293 0.672284
599.500000000 57.7683 51.7685 0 0 0 -0.733468 0.679724
602.100000000 57.9076 50.9715 0 0 0 -0.492091 0.870544
603.300000000 58.5209 50.5475 0 0 0 -0.277262 0.960794
604.700000000 59.4861 50.171 0 0 0 -0.118204 0.992989
606.000000000 60.4567 50.0727 0 0 0 -0.0205277 0.999789
606.800000000 60.5961 50.1938 0 0 0 0.28923 0.95726
607.300000000 60.5445 50.2785 0 0 0 0.513544 0.858063
607.900000000 60.4284 50.3012 0 0 0 0.744177 0.667983
608.600000000 60.3093 50.2247 0 0 0 0.927682 0.37337
609.200000000 60.2658 50.1198 0 0 0 0.996586 0.0825626
609.800000000 60.1106 50.0043 0 0 0 -0.989548 0.144203
611.300000000 59.373 49.3749 0 0 0 -0.912653 0.408736
612.500000000 58.916 48.6723 0 0 0 -0.903489 0.428611
613.900000000 58.175 47.9354 0 0 0 -0.925477 0.378803
615.200000000 57.4722 47.2504 0 0 0 -0.92452 0.381133
616.500000000 56.7285 46.5264 0 0 0 -0.92526 0.379334
618.100000000 55.8598 45.9522 0 0 0 -0.955018 0.296549
619.400000000 55.1693 45.2676 0 0 0 -0.923568 0.383436
620.800000000 54.4783 44.4742 0 0 0 -0.900249 0.435375
622.100000000 53.9932 43.63 0 0 0 -0.841599 0.540102
623.600000000 53.8147 42.6746 0 0 0 -0.736857 0.676048
625.700000000 53.8574 41.7015 0 0 0 -0.686814 0.726834
629.800000000 53.9165 40.7636 0 0 0 -0.682806 0.730599
633.100000000 53.9506 39.8014 0 0 0 -0.71069 0.703506
634.600000000 53.7045 38.7971 0 0 0 -0.829071 0.559144
636.900000000 53.1585 38.0306 0 0 0 -0.905459 0.424434
638.900000000 52.433 37.2842 0 0 0 -0.923325 0.384018
641.300000000 51.7123 36.5648 0 0 0 -0.923982 0.382437
642.800000000 51.5029 36.1668 0 0 0 -0.761335 0.648359
643.300000000 51.6495 36.2152 0 0 0 -0.594117 0.804379
644.900000000 52.3286 35.5015 0 0 0 -0.361078 0.932536
646.200000000 53.0493 34.8022 0 0 0 -0.369504 0.929229
647.400000000 53.714 34.2114 0 0 0 -0.357068 0.934078
648.700000000 54.4554 33.565 0 0 0 -0.358318 0.9336
650.100000000 55.192 32.8137 0 0 0 -0.390644 0.920542
651.300000000 55.8165 32.1706 0 0 0 -0.385654 0.922643
652.700000000 56.5572 31.4238 0 0 0 -0.384934 0.922944
654.000000000 57.267 30.7557 0 0 0 -0.3532 0.935548
655.500000000 57.8521 29.9472 0 0 0 -0.537366 0.843349
657.200000000 57.9707 28.8763 0 0 0 -0.722411 0.691464
660.200000000 57.839 27.9118 0 0 0 -0.753524 0.65742
664.300000000 57.7615 26.9318 0 0 0 -0.728916 0.684603
666.900000000 57.8372 26.3469 0 0 0 -0.48708 0.873358
667.400000000 57.9404 26.4061 0 0 0 -0.270227 0.962797
668.300000000 58.2318 26.4567 0 0 0 0.0413743 0.999144
669.900000000 59.2403 26.5353 0 0 0 -0.0184324 0.99983
670.900000000 59.5403 26.3782 0 0 0 -0.331389 0.943494
671.500000000 59.4889 26.3588 0 0 0 -0.58603 0.81029
672.200000000 59.3989 26.2353 0 0 0 -0.796062 0.605216
673.500000000 58.982 25.6738 0 0 0 -0.931604 0.363474
675.000000000 58.1837 25.0334 0 0 0 -0.928022 0.372524
676.300000000 57.5106 24.3193 0 0 0 -0.916593 0.399822
677.600000000 56.836 23.6263 0 0 0 -0.923173 0.384385
679.000000000 56.0865 22.888 0 0 0 -0.925533 0.378668
680.200000000 55.4512 22.2556 0 0 0 -0.923172 0.384386
682.900000000 54.6919 21.6177 0 0 0 -0.951442 0.307828
684.400000000 53.7436 21.2022 0 0 0 -0.988409 0.151815
686.800000000 52.736 21.1025 0 0 0 -0.999972 0.00746411
691.600000000 51.7488 21.1738 0 0 0 0.999035 0.0439104
695.300000000 50.7516 21.0118 0 0 0 -0.967848 0.251536
696.700000000 50.034 20.353 0 0 0 -0.919115 0.39399
699.400000000 49.3542 19.6404 0 0 0 -0.921461 0.388471
704.000000000 48.6652 18.9439 0 0 0 -0.922728 0.385453
707.200000000 48.0942 18.5224 0 0 0 -0.998803 0.0489078
707.900000000 48.0927 18.527 0 0 0 0.978556 0.205979
709.500000000 47.3629 19.3767 0 0 0 0.906875 0.4214
710.800000000 46.7027 20.0935 0 0 0 0.920748 0.390157
712.100000000 46.0496 20.708 0 0 0 0.927644 0.373466
714.700000000 45.2517 21.2495 0 0 0 0.974022 0.226452
719.800000000 44.282 21.4464 0 0 0 0.998031 0.0627152
724.600000000 43.3158 21.4382 0 0 0 -0.999663 0.0259489
729.300000000 42.3659 21.375 0 0 0 -0.999215 0.0396093
734.000000000 41.3891 21.2973 0 0 0 -0.999433 0.0336706
738.800000000 40.4276 21.2685 0 0 0 -0.99994 0.0109553
743.400000000 39.4549 21.2572 0 0 0 -0.999994 0.00345438
748.300000000 38.4986 21.254 0 0 0 -0.999998 0.00175255
753.000000000 37.5289 21.2505 0 0 0 -0.999998 0.00175255
757.500000000 36.5779 21.247 0 0 0 -0.999998 0.00175255
762.400000000 35.6172 21.2434 0 0 0 -0.999998 0.00175255
767.400000000 34.6339 21.2398 0 0 0 -0.999998 0.00175255
772.100000000 33.6644 21.2362 0 0 0 -0.999998 0.00175255
777.100000000 32.6749 21.2325 0 0 0 -0.999998 0.00175255
782.100000000 31.6865 21.2381 0 0 0 0.999989 0.004742
787.000000000 30.725 21.2412 0 0 0 0.999999 0.00149544
791.800000000 29.764 21.2442 0 0 0 0.999999 0.00149544
796.600000000 28.7955 21.2472 0 0 0 0.999999 0.00149544
801.400000000 27.8557 21.2502 0 0 0 0.999999 0.00149544
803.400000000 27.1749 20.9817 0 0 0 -0.959316 0.282333
804.800000000 26.453 20.3289 0 0 0 -0.916806 0.399333
808.400000000 25.769 19.6178 0 0 0 -0.92189 0.387451
812.800000000 25.0938 18.9374 0 0 0 -0.923204 0.384311
817.400000000 24.4148 18.2534 0 0 0 -0.923204 0.384311
821.900000000 23.7594 17.5931 0 0 0 -0.923204 0.384311
825.000000000 23.1942 17.1668 0 0 0 -0.998312 0.0580862
825.600000000 23.1132 17.28 0 0 0 0.981298 0.192494
827.100000000 22.392 17.9535 0 0 0 0.917143 0.398557
828.600000000 21.732 18.7554 0 0 0 0.91944 0.393229
837.700000000 21.0697 19.4038 0 0 0 0.924246 0.381796
842.300000000 20.3796 20.0911 0 0 0 0.924246 0.381796
845.800000000 19.6867 20.7711 0 0 0 0.924246 0.381796
849.300000000 19.0125 21.456 0 0 0 0.924218 0.381865
852.900000000 18.2816 22.1734 0 0 0 0.924194 0.381925
856.400000000 17.6218 22.8451 0 0 0 0.924172 0.381976
860.400000000 16.9376 23.5288 0 0 0 0.924154 0.382019
864.500000000 16.2424 24.224 0 0 0 0.924144 0.382044
867.700000000 15.5541 24.918 0 0 0 0.924184 0.381947
870.900000000 14.8764 25.5944 0 0 0 0.924168 0.381986
873.600000000 14.1833 26.297 0 0 0 0.919922 0.392103
875.000000000 13.6376 27.1134 0 0 0 0.879495 0.475907
876.800000000 13.1595 27.9096 0 0 0 0.820746 0.571294
880.300000000 13.0091 28.8951 0 0 0 0.72348 0.690345
881.900000000 13.131 29.9807 0 0 0 0.648751 0.761001
883.300000000 13.2397 31.0125 0 0 0 0.666749 0.745282
884.900000000 13.3378 31.9946 0 0 0 0.697435 0.716648
887.800000000 13.3185 32.9186 0 0 0 0.719317 0.694682
891.800000000 13.2705 33.8623 0 0 0 0.720552 0.693401
895.500000000 13.2547 34.8165 0 0 0 0.711208 0.702981
899.200000000 13.2504 35.7761 0 0 0 0.708489 0.705722
903.000000000 13.2465 36.7623 0 0 0 0.708491 0.70572
904.100000000 13.373 36.9753 0 0 0 0.436168 0.899865
904.700000000 13.3766 36.9572 0 0 0 0.149097 0.988823
905.300000000 13.3553 36.8952 0 0 0 -0.147069 0.989126
906.400000000 13.751 36.495 0 0 0 -0.408852 0.912601
908.100000000 14.1468 35.5628 0 0 0 -0.558061 0.8298
910.100000000 14.5329 34.9541 0 0 0 -0.295218 0.95543
911.000000000 14.5778 35.0726 0 0 0 0.0114574 0.999934
913.200000000 15.5664 35.2257 0 0 0 -0.0754738 0.997148
914.100000000 15.5719 35.2204 0 0 0 -0.381514 0.924363
914.700000000 15.5662 35.2156 0 0 0 -0.589244 0.807955
915.800000000 15.2948 34.7116 0 0 0 -0.778742 0.627344
917.100000000 14.9739 33.7324 0 0 0 -0.832416 0.554151
918.000000000 14.8577 33.6947 0 0 0 -0.967821 0.251641
918.600000000 14.8326 33.7095 0 0 0 0.999219 0.0395082
919.200000000 14.8467 33.7748 0 0 0 0.943856 0.330357
919.700000000 14.9176 33.8166 0 0 0 0.834724 0.550669
920.300000000 15.0136 33.8381 0 0 0 0.638289 0.769797
921.000000000 15.0118 33.8621 0 0 0 0.337801 0.941218
921.900000000 15.434 33.9142 0 0 0 0.125231 0.992128
924.200000000 16.431 34.0638 0 0 0 0.104939 0.994479
925.700000000 16.8819 34.2989 0 0 0 0.410032 0.912071
926.300000000 16.8729 34.3094 0 0 0 0.663848 0.747868
926.900000000 16.7666 34.3294 0 0 0 0.855199 0.518299
927.500000000 16.6935 34.2719 0 0 0 0.969316 0.245818
928.100000000 16.6175 34.1977 0 0 0 -0.99967 0.0256884
928.800000000 16.4162 34.0305 0 0 0 -0.970508 0.24107
930.400000000 15.6296 33.2348 0 0 0 -0.906536 0.422129
931.800000000 14.9971 32.4542 0 0 0 -0.905016 0.425377
933.400000000 14.3133 31.6909 0 0 0 -0.924385 0.381462
935.500000000 13.6277 31.0068 0 0 0 -0.924538 0.381089
939.200000000 12.9064 30.2906 0 0 0 -0.924538 0.381089
942.600000000 12.2237 29.6227 0 0 0 -0.924538 0.381089
946.200000000 11.5526 28.9433 0 0 0 -0.923069 0.384634
947.800000000 10.8938 28.1 0 0 0 -0.889264 0.457395
949.100000000 10.4724 27.2869 0 0 0 -0.834988 0.550268
951.100000000 10.3262 26.2969 0 0 0 -0.718431 0.695598
952.400000000 10.3541 25.3036 0 0 0 -0.638628 0.769516
953.600000000 10.4443 24.3778 0 0 0 -0.647068 0.762432
955.400000000 10.5424 23.3794 0 0 0 -0.682434 0.730947
959.300000000 10.5688 22.4246 0 0 0 -0.713874 0.700274
964.200000000 10.5168 21.4727 0 0 0 -0.725741 0.687968
968.600000000 10.4904 20.5368 0 0 0 -0.712866 0.7013
973.400000000 10.4845 19.5753 0 0 0 -0.707752 0.706461
978.000000000 10.4827 18.6086 0 0 0 -0.707752 0.706461
981.700000000 10.4806 17.5386 0 0 0 -0.707752 0.706461
983.100000000 10.4788 16.4848 0 0 0 -0.707752 0.706461
984.400000000 10.4768 15.5123 0 0 0 -0.707752 0.706461
985.700000000 10.479 14.5386 0 0 0 -0.703069 0.711122
987.100000000 10.5466 13.487 0 0 0 -0.678276 0.734807
988.300000000 10.5829 12.5852 0 0 0 -0.698927 0.715193
989.600000000 10.5886 11.6115 0 0 0 -0.710813 0.703381
990.900000000 10.5779 10.6378 0 0 0 -0.710812 0.703382
992.200000000 10.5785 9.66412 0 0 0 -0.704803 0.709403
993.600000000 10.5886 8.61171 0 0 0 -0.7048 0.709407
995.000000000 10.5846 7.568 0 0 0 -0.708626 0.705585
996.300000000 10.5802 6.58433 0 0 0 -0.708621 0.70559
997.600000000 10.5755 5.6119 0 0 0 -0.708617 0.705593
999.000000000 10.5711 4.55821 0 0 0 -0.708614 0.705596
1000.300000000 10.5667 3.58444 0 0 0 -0.708622 0.705589
1001.600000000 10.5623 2.61068 0 0 0 -0.708629 0.705581
1002.900000000 10.5579 1.63692 0 0 0 -0.708635 0.705575
1004.400000000 10.7785 0.785486 0 0 0 -0.512231 0.858848
1005.900000000 11.5109 -0.031467 0 0 0 -0.37733 0.926079
1007.200000000 12.2465 -0.669298 0 0 0 -0.33441 0.942428
1008.700000000 13.1758 -1.30231 0 0 0 -0.278657 0.960391
1010.000000000 14.0296 -1.77784 0 0 0 -0.219434 0.975627
1011.400000000 15.0312 -2.10973 0 0 0 -0.178181 0.983998
1012.700000000 15.8146 -2.6588 0 0 0 -0.330895 0.943668
1014.100000000 16.3778 -3.45919 0 0 0 -0.521042 0.853531
1015.500000000 16.4982 -4.18452 0 0 0 -0.765541 0.643387
1016.200000000 16.3795 -4.13034 0 0 0 -0.937757 0.347293
1016.700000000 16.3237 -4.04723 0 0 0 -0.994153 0.107977
1017.400000000 16.3299 -3.91206 0 0 0 0.972187 0.234208
1018.700000000 15.9148 -3.31218 0 0 0 0.874831 0.484429
1019.900000000 15.4358 -2.52857 0 0 0 0.874462 0.485093
1023.500000000 14.8012 -1.75141 0 0 0 0.912419 0.409258
1026.200000000 14.1609 -1.06875 0 0 0 0.921508 0.38836
1030.000000000 13.4492 -0.4547 0 0 0 0.945764 0.324855
1031.400000000 12.5205 0.0276007 0 0 0 0.983521 0.180793
1032.800000000 11.4329 0.214743 0 0 0 0.999896 0.0144118
1034.100000000 10.4681 0.122604 0 0 0 -0.997216 0.0745681
1035.300000000 9.59194 -0.0725849 0 0 0 -0.991912 0.12693
1036.700000000 8.55226 -0.128372 0 0 0 -0.999992 0.00404232
1037.900000000 7.6913 -0.13064 0 0 0 0.999016 0.0443533
1039.300000000 6.65197 -0.0359758 0 0 0 0.999247 0.0388074
1040.500000000 5.74992 0.0245776 0 0 0 0.999578 0.0290473
1041.900000000 4.69698 0.0441053 0 0 0 0.999935 0.0113832
1043.200000000 3.72447 0.0618423 0 0 0 0.999999 0.00112954
1044.500000000 2.74902 0.0644882 0 0 0 1 0.000892673
1045.900000000 1.69493 0.0256518 0 0 0 -0.999752 0.0222853
1047.100000000 0.806216 -0.0366804 0 0 0 -0.998256 0.0590319
1048.400000000 -0.166214 -0.0799295 0 0 0 -0.999978 0.00661814
1050.000000000 -0.909046 0.072477 0 0 0 0.943842 0.330397
1050.700000000 -0.800365 0.153863 0 0 0 0.776745 0.629815
1051.400000000 -0.664404 0.146548 0 0 0 0.518316 0.855189
1052.100000000 -0.482473 0.199698 0 0 0 0.276079 0.961135
1052.800000000 -0.289566 0.155308 0 0 0 0.0155698 0.999879
1053.700000000 0.00527426 -0.0565868 0 0 0 -0.269667 0.962954
1055.000000000 0.858981 -0.484801 0 0 0 -0.196917 0.98042
1056.300000000 1.22021 -0.453854 0 0 0 0.0961103 0.995371
1057.300000000 1.29161 -0.310152 0 0 0 0.36626 0.930513
1058.200000000 1.17606 -0.270985 0 0 0 0.611733 0.791065
1059.100000000 1.09221 -0.264832 0 0 0 0.81161 0.5842
1060.400000000 0.714788 0.00233249 0 0 0 0.931778 0.363029
1062.000000000 0.198155 0.246468 0 0 0 0.996767 0.0803486
1063.000000000 0.21797 0.132847 0 0 0 -0.971251 0.23806
1064.000000000 0.31249 0.0506168 0 0 0 -0.846588 0.532249
1064.900000000 0.424619 0.0324691 0 0 0 -0.660073 0.751201
1065.900000000 0.589374 -0.045673 0 0 0 -0.445344 0.89536
1067.400000000 1.03185 -0.244983 0 0 0 -0.189081 0.981962
1068.100000000 1.23109 -0.222273 0 0 0 0.062418 0.99805
1069.300000000 1.70065 0.180197 0 0 0 0.352501 0.935812
1070.700000000 2.34909 0.828233 0 0 0 0.366626 0.930369
1073.200000000 3.32417 1.32128 0 0 0 0.150848 0.988557
1075.000000000 4.16701 1.57372 0 0 0 0.228445 0.973557
1079.200000000 4.93822 2.19101 0 0 0 0.343296 0.939227
1083.200000000 5.63084 2.82037 0 0 0 0.368919 0.929461
1087.200000000 6.32891 3.50259 0 0 0 0.379919 0.92502
1091.500000000 7.02779 4.20416 0 0 0 0.380258 0.924881
1095.700000000 7.70673 4.87549 0 0 0 0.380258 0.924881
1100.200000000 8.40571 5.56696 0 0 0 0.380258 0.924881
1104.400000000 9.08091 6.23459 0 0 0 0.380258 0.924881
1109.100000000 9.77855 6.92453 0 0 0 0.380258 0.924881
1113.700000000 10.4638 7.60231 0 0 0 0.380258 0.924881
1118.500000000 11.1653 8.27537 0 0 0 0.35677 0.934192
1121.300000000 12.0601 8.85857 0 0 0 0.255245 0.966876
1122.800000000 12.975 9.14118 0 0 0 0.103522 0.994627
1126.200000000 13.934 9.17441 0 0 0 -0.00945204 0.999955
1131.100000000 14.9031 9.11217 0 0 0 -0.0317867 0.999495
1135.400000000 15.8679 9.06344 0 0 0 -0.0301532 0.999545
1140.100000000 16.8245 9.02824 0 0 0 -0.00718969 0.999974
1145.000000000 17.8115 9.023 0 0 0 -0.00200295 0.999998
1149.800000000 18.7566 9.01912 0 0 0 -0.00200138 0.999998
1154.800000000 19.7382 9.01524 0 0 0 -0.00200088 0.999998
1159.600000000 20.6994 9.01153 0 0 0 -0.00200107 0.999998
1164.500000000 21.6637 9.00757 0 0 0 -0.00200162 0.999998
1169.400000000 22.6306 9.00374 0 0 0 -0.00200256 0.999998
1174.400000000 23.6168 8.99977 0 0 0 -0.00200388 0.999998
1179.300000000 24.5819 8.99579 0 0 0 -0.00200555 0.999998
1184.200000000 25.5618 8.99181 0 0 0 -0.00201132 0.999998
1188.800000000 26.512 8.98789 0 0 0 -0.00204412 0.999998
1193.700000000 27.5039 8.98375 0 0 0 -0.00204888 0.999998
1198.400000000 28.4436 8.97967 0 0 0 -0.00205443 0.999998
1200.600000000 29.2533 8.71813 0 0 0 -0.280531 0.959845
1202.000000000 29.9498 7.96186 0 0 0 -0.399653 0.916666
1203.300000000 30.6485 7.27381 0 0 0 -0.386764 0.922179
1204.600000000 31.3416 6.5792 0 0 0 -0.376353 0.926476
1206.000000000 32.1227 5.95776 0 0 0 -0.261248 0.965272
1207.400000000 33.0605 5.72055 0 0 0 -0.0711359 0.997467
1209.500000000 34.0755 5.7199 0 0 0 0.0335691 0.999436
1212.000000000 34.5886 5.88757 0 0 0 0.346672 0.937986
1212.500000000 34.5789 5.89021 0 0 0 0.571761 0.82042
1213.100000000 34.5708 5.88645 0 0 0 0.791899 0.610652
1213.700000000 34.479 5.83296 0 0 0 0.936995 0.349343
1214.400000000 34.45 5.80367 0 0 0 0.999881 0.01545
1215.100000000 34.4182 5.63969 0 0 0 -0.957036 0.289968
1216.100000000 34.2652 5.18557 0 0 0 -0.841703 0.539941
1217.400000000 34.1078 4.26601 0 0 0 -0.729353 0.684138
1218.700000000 34.1191 3.29223 0 0 0 -0.695104 0.718909
1220.100000000 34.1285 2.23848 0 0 0 -0.702288 0.711893
1221.400000000 34.1361 1.26576 0 0 0 -0.709933 0.70427
1222.700000000 34.1277 0.291841 0 0 0 -0.709921 0.704281
1224.400000000 34.4064 -0.676025 0 0 0 -0.483036 0.8756
1225.700000000 35.065 -1.38769 0 0 0 -0.37324 0.927735
1227.000000000 35.8099 -2.08128 0 0 0 -0.411621 0.911355
1228.300000000 36.4745 -2.77444 0 0 0 -0.336345 0.941739
1229.700000000 37.2296 -3.06214 0 0 0 -0.0412051 0.999151
1230.500000000 37.455 -2.88891 0 0 0 0.224764 0.974413
1231.900000000 38.1503 -2.23495 0 0 0 0.392344 0.919818
1233.800000000 38.8124 -1.53243 0 0 0 0.394062 0.919084
1236.100000000 39.2751 -1.21097 0 0 0 0.108171 0.994132
1236.900000000 39.4217 -1.36898 0 0 0 -0.209931 0.977716
1237.600000000 39.5408 -1.57791 0 0 0 -0.432439 0.901663
1239.200000000 39.7994 -2.58641 0 0 0 -0.640567 0.767902
1240.500000000 39.8915 -3.54656 0 0 0 -0.690994 0.72286
1242.300000000 39.7697 -4.43383 0 0 0 -0.888214 0.45943
1243.000000000 39.6803 -4.32708 0 0 0 -0.991161 0.132662
1243.600000000 39.664 -4.20862 0 0 0 0.986839 0.161705
1244.200000000 39.7436 -4.10741 0 0 0 0.897022 0.441987
1244.700000000 39.7473 -4.09758 0 0 0 0.7702 0.637803
1245.300000000 39.8706 -4.03573 0 0 0 0.575154 0.818045
1246.600000000 40.4341 -3.48843 0 0 0 0.317862 0.948137
1248.100000000 41.3942 -3.11625 0 0 0 0.200539 0.979686
1249.400000000 42.2431 -2.64151 0 0 0 0.257065 0.966394
1250.700000000 43.1438 -2.28596 0 0 0 0.137526 0.990498
1252.000000000 44.1161 -2.19799 0 0 0 -0.000562944 1
1253.300000000 45.0792 -2.35155 0 0 0 -0.100605 0.994926
1254.600000000 46.0554 -2.42105 0 0 0 -0.00644435 0.999979
1255.800000000 46.9557 -2.37636 0 0 0 0.0420025 0.999118
1257.100000000 47.9271 -2.31094 0 0 0 0.0170804 0.999854
1258.400000000 48.9009 -2.31489 0 0 0 -0.0111197 0.999938
1259.800000000 49.9436 -2.34256 0 0 0 -0.0216397 0.999766
1261.100000000 50.9273 -2.36702 0 0 0 0.00324875 0.999995
1262.300000000 51.8211 -2.35812 0 0 0 -0.000899087 1
1263.700000000 52.8748 -2.36184 0 0 0 -0.00167625 0.999999
1265.000000000 53.8486 -2.36525 0 0 0 -0.00168025 0.999999
1266.000000000 54.0835 -2.23638 0 0 0 0.340462 0.940258
1266.500000000 54.0017 -2.16786 0 0 0 0.555837 0.831291
1267.300000000 53.8514 -2.08066 0 0 0 0.797776 0.602953
1268.400000000 53.4806 -1.53017 0 0 0 0.920988 0.38959
1269.700000000 52.8351 -0.867379 0 0 0 0.881327 0.472507
1271.100000000 52.5116 0.156135 0 0 0 0.774935 0.632041
1272.100000000 52.6568 0.591809 0 0 0 0.578491 0.815689
1273.600000000 53.3143 1.35798 0 0 0 0.392196 0.919882
1275.000000000 54.0483 2.10171 0 0 0 0.382376 0.924007
1276.300000000 54.752 2.77587 0 0 0 0.369433 0.929257
1277.500000000 55.4263 3.3773 0 0 0 0.352558 0.93579
1278.900000000 56.1406 3.59702 0 0 0 0.0608039 0.99815
1280.400000000 57.1254 3.4749 0 0 0 -0.0770473 0.997027
1281.700000000 58.1038 3.3795 0 0 0 -0.0295859 0.999562
1283.200000000 58.7809 3.49439 0 0 0 0.301126 0.953584
1283.900000000 58.713 3.57054 0 0 0 0.576498 0.817099
1284.500000000 58.6553 3.76353 0 0 0 0.756747 0.653708
1286.000000000 58.1715 4.61999 0 0 0 0.871032 0.491226
1287.400000000 57.7682 5.55252 0 0 0 0.802927 0.596077
1289.100000000 57.6902 6.63064 0 0 0 0.702578 0.711607
1290.600000000 57.7317 7.57298 0 0 0 0.679375 0.733791
1292.700000000 57.8113 8.49509 0 0 0 0.684167 0.729326
1296.700000000 57.8344 9.48335 0 0 0 0.701476 0.712694
1300.500000000 57.8397 10.4493 0 0 0 0.706663 0.70755
1304.400000000 57.841 11.4213 0 0 0 0.706664 0.707549
1308.600000000 57.8304 12.3945 0 0 0 0.716118 0.697979
1313.100000000 57.8029 13.3978 0 0 0 0.701749 0.712425
1315.400000000 57.844 14.3625 0 0 0 0.682028 0.731326
1316.800000000 58.0499 15.0208 0 0 0 0.426242 0.904609
1317.400000000 58.1379 14.9371 0 0 0 0.149308 0.988791
1318.100000000 58.1462 14.8015 0 0 0 -0.189458 0.981889
1318.700000000 58.0923 14.7038 0 0 0 -0.466382 0.884583
1319.200000000 58.0048 14.6794 0 0 0 -0.668094 0.744077
1319.800000000 57.8988 14.6905 0 0 0 -0.85534 0.518068
1320.500000000 57.781 14.7665 0 0 0 -0.977788 0.209595
1321.300000000 57.6677 14.8848 0 0 0 0.991639 0.129041
1322.900000000 56.915 15.5475 0 0 0 0.923694 0.383132
1330.500000000 56.2519 16.3152 0 0 0 0.906512 0.422181
1333.900000000 55.6205 17.0055 0 0 0 0.91901 0.394234
1338.600000000 54.9312 17.7066 0 0 0 0.922751 0.385396
1343.300000000 54.244 18.3923 0 0 0 0.922751 0.385396
1348.100000000 53.563 19.0817 0 0 0 0.922751 0.385396
1352.800000000 52.886 19.7604 0 0 0 0.925441 0.378892
1355.400000000 52.1485 20.3921 0 0 0 0.954583 0.297945
1356.900000000 51.2396 20.7676 0 0 0 0.987431 0.158052
1359.800000000 50.3167 20.9518 0 0 0 0.999538 0.0303803
1364.100000000 49.3432 20.8964 0 0 0 -0.999223 0.0394154
1366.000000000 48.3417 20.7098 0 0 0 -0.997031 0.0769953
1369.400000000 47.4074 20.6588 0 0 0 -0.999697 0.0246332
1374.300000000 46.4297 20.6941 0 0 0 0.999714 0.0239045
1379.100000000 45.5073 20.8558 0 0 0 0.987246 0.159201
1382.200000000 44.6722 21.3613 0 0 0 0.962253 0.272156
1387.300000000 43.7384 21.6321 0 0 0 0.996615 0.0822078
1390.400000000 42.7836 21.4133 0 0 0 -0.981703 0.190418
1391.500000000 41.9129 21.1728 0 0 0 -0.98617 0.165738
1393.700000000 40.9024 21.0644 0 0 0 0.994754 0.102299
