0.300000000 0.2 0 0 0 0 0 1
9.400000000 0.989209 -0.12308 0 0 0 -0.343407 0.939187
10.000000000 0.889678 -0.18672 0 0 0 -0.605627 0.795749
10.600000000 0.771642 -0.183014 0 0 0 -0.813742 0.581226
11.100000000 0.696172 -0.133192 0 0 0 -0.932655 0.360768
11.700000000 0.646094 -0.0260294 0 0 0 -0.997615 0.0690252
12.400000000 0.675171 0.0907614 0 0 0 0.960627 0.277842
12.900000000 0.745033 0.167314 0 0 0 0.862334 0.50634
13.600000000 0.861548 0.191555 0 0 0 0.63591 0.771763
14.100000000 0.966105 0.155802 0 0 0 0.425754 0.904839
14.800000000 1.03136 0.0571201 0 0 0 0.0890416 0.996028
15.400000000 1.01508 -0.0786175 0 0 0 -0.208454 0.978032
19.000000000 1.20209 -0.0501181 0 0 0 0.136113 0.990693
19.500000000 1.15818 0.0491395 0 0 0 0.376406 0.926455
20.100000000 1.04927 0.135464 0 0 0 0.619971 0.784625
20.800000000 0.943298 0.223622 0 0 0 0.821587 0.570083
22.500000000 0.164637 0.973569 0 0 0 0.933203 0.35935
23.800000000 -0.538023 1.64306 0 0 0 0.923517 0.383558
25.100000000 -1.15946 2.39699 0 0 0 0.89316 0.449739
26.400000000 -1.67235 3.22515 0 0 0 0.862076 0.506778
27.800000000 -2.03399 4.23213 0 0 0 0.807253 0.590205
29.000000000 -2.32325 5.08634 0 0 0 0.83902 0.544101
30.400000000 -2.73924 6.05122 0 0 0 0.817669 0.575688
31.800000000 -2.81538 6.69459 0 0 0 0.579895 0.814691
32.400000000 -2.7258 6.59354 0 0 0 0.315949 0.948776
33.000000000 -2.6857 6.46701 0 0 0 0.0274205 0.999624
33.700000000 -2.70432 6.37119 0 0 0 -0.313215 0.949682
34.200000000 -2.7825 6.31406 0 0 0 -0.535484 0.844545
34.900000000 -2.87676 6.28776 0 0 0 -0.79016 0.612901
35.800000000 -3.15477 5.98656 0 0 0 -0.918098 0.396354
37.300000000 -3.98139 5.56633 0 0 0 -0.989646 0.14353
37.900000000 -3.99179 5.67306 0 0 0 0.988681 0.150035
38.500000000 -3.93398 5.77747 0 0 0 0.902191 0.431336
39.200000000 -3.83811 5.89184 0 0 0 0.734662 0.678434
39.900000000 -3.73816 6.01674 0 0 0 0.527358 0.849643
41.500000000 -2.98642 6.73962 0 0 0 0.352145 0.935945
42.900000000 -2.32288 7.54257 0 0 0 0.480712 0.876878
44.400000000 -1.98444 8.60939 0 0 0 0.658256 0.752794
45.700000000 -2.02331 9.57491 0 0 0 0.745994 0.665953
47.000000000 -2.18547 10.5483 0 0 0 0.763598 0.645692
48.500000000 -2.28385 11.574 0 0 0 0.727801 0.685788
51.200000000 -2.25985 12.5149 0 0 0 0.682719 0.730681
55.900000000 -2.17009 13.4658 0 0 0 0.674157 0.738588
60.300000000 -2.09689 14.3938 0 0 0 0.686094 0.727513
64.400000000 -2.07043 15.3983 0 0 0 0.700982 0.713179
66.600000000 -2.12252 16.4002 0 0 0 0.734567 0.678536
68.000000000 -2.37147 17.3082 0 0 0 0.858509 0.512798
68.800000000 -2.53188 17.2876 0 0 0 0.981022 0.193897
69.500000000 -2.57538 17.1624 0 0 0 -0.990479 0.137661
70.000000000 -2.54135 17.0745 0 0 0 -0.926499 0.376296
70.700000000 -2.41788 17.0182 0 0 0 -0.74087 0.671649
71.300000000 -2.30229 17.0422 0 0 0 -0.509284 0.860599
71.900000000 -2.22078 17.107 0 0 0 -0.235584 0.971854
72.500000000 -2.14798 17.1915 0 0 0 0.0323848 0.999475
73.200000000 -1.95495 17.3566 0 0 0 0.263277 0.96472
74.600000000 -1.27575 18.0614 0 0 0 0.394826 0.918756
75.900000000 -0.97322 18.5174 0 0 0 0.664099 0.747644
76.400000000 -1.09302 18.5154 0 0 0 0.827799 0.561025
77.100000000 -1.20806 18.4985 0 0 0 0.966597 0.256303
77.700000000 -1.30527 18.3676 0 0 0 -0.999957 0.0092648
78.600000000 -1.70572 18.1379 0 0 0 -0.971809 0.23577
80.100000000 -2.63329 17.6115 0 0 0 -0.978835 0.204652
81.600000000 -3.46727 17.485 0 0 0 0.996253 0.0864822
82.200000000 -3.44151 17.5843 0 0 0 0.927331 0.374242
82.900000000 -3.33017 17.6394 0 0 0 0.746972 0.664856
83.700000000 -3.17224 17.9229 0 0 0 0.563265 0.826277
85.200000000 -2.52187 18.722 0 0 0 0.41841 0.908258
86.700000000 -2.04056 19.6529 0 0 0 0.592658 0.805454
88.100000000 -2.00584 20.6843 0 0 0 0.727029 0.686607
89.500000000 -2.12531 21.7137 0 0 0 0.746689 0.665173
90.700000000 -2.20492 22.6143 0 0 0 0.731306 0.682049
92.800000000 -2.23932 23.576 0 0 0 0.713768 0.700382
96.700000000 -2.23432 24.5692 0 0 0 0.701167 0.712997
100.400000000 -2.22717 25.5124 0 0 0 0.705834 0.708377
104.300000000 -2.22294 26.4981 0 0 0 0.705833 0.708378
107.900000000 -2.21906 27.4815 0 0 0 0.705836 0.708375
110.200000000 -2.2032 28.5461 0 0 0 0.74413 0.668035
111.600000000 -2.4989 29.3077 0 0 0 0.891473 0.453074
112.200000000 -2.59592 29.251 0 0 0 0.981227 0.192858
112.900000000 -2.65871 29.1226 0 0 0 -0.991274 0.131817
113.600000000 -2.60759 29.0164 0 0 0 -0.891184 0.453643
114.200000000 -2.50546 28.9783 0 0 0 -0.717315 0.696749
114.800000000 -2.41144 29.0301 0 0 0 -0.479368 0.877614
115.400000000 -2.33521 29.1006 0 0 0 -0.198601 0.980081
116.000000000 -2.32617 29.24 0 0 0 0.0918037 0.995777
116.700000000 -2.29317 29.3473 0 0 0 0.396004 0.918249
117.800000000 -2.18171 29.8889 0 0 0 0.637745 0.770248
119.400000000 -2.12643 30.8532 0 0 0 0.705353 0.708856
121.800000000 -2.15234 31.7956 0 0 0 0.72368 0.690135
125.400000000 -2.18097 32.804 0 0 0 0.712809 0.701358
128.900000000 -2.18812 33.7868 0 0 0 0.708992 0.705216
132.900000000 -2.19391 34.7503 0 0 0 0.708996 0.705212
137.100000000 -2.20049 35.712 0 0 0 0.709007 0.705202
141.500000000 -2.21128 36.6856 0 0 0 0.708988 0.70522
145.900000000 -2.21666 37.6402 0 0 0 0.708988 0.70522
149.700000000 -2.22225 38.6984 0 0 0 0.708988 0.705221
151.000000000 -2.22585 39.6506 0 0 0 0.717719 0.696333
152.400000000 -2.29062 40.7227 0 0 0 0.784492 0.620139
153.700000000 -2.56992 41.6568 0 0 0 0.816493 0.577356
154.900000000 -2.81323 42.5186 0 0 0 0.781878 0.623431
156.000000000 -2.82772 42.8761 0 0 0 0.535048 0.844821
156.600000000 -2.79295 42.8259 0 0 0 0.26396 0.964534
157.300000000 -2.75577 42.7511 0 0 0 -0.0770275 0.997029
157.800000000 -2.74789 42.6091 0 0 0 -0.316321 0.948652
158.500000000 -2.85717 42.5214 0 0 0 -0.617907 0.786251
159.000000000 -2.84791 42.5128 0 0 0 -0.782599 0.622526
160.100000000 -3.20416 42.1169 0 0 0 -0.928067 0.372414
160.800000000 -3.32372 42.1658 0 0 0 -0.996567 0.0827911
161.400000000 -3.31815 42.2627 0 0 0 0.977512 0.210881
162.000000000 -3.26639 42.3588 0 0 0 0.878007 0.478649
162.600000000 -3.2334 42.4925 0 0 0 0.739441 0.673221
163.800000000 -2.94772 43.0609 0 0 0 0.515055 0.857157
165.100000000 -2.4318 43.8868 0 0 0 0.495081 0.868847
166.500000000 -2.10676 44.8595 0 0 0 0.63939 0.768883
167.900000000 -2.14124 45.8753 0 0 0 0.761203 0.648514
169.200000000 -2.34446 46.8381 0 0 0 0.764573 0.644537
170.400000000 -2.45248 47.7365 0 0 0 0.733183 0.680032
171.700000000 -2.4293 48.7128 0 0 0 0.683163 0.730266
173.100000000 -2.29844 49.7559 0 0 0 0.660649 0.750695
174.500000000 -2.23576 50.775 0 0 0 0.698023 0.716076
175.800000000 -2.28605 51.7552 0 0 0 0.744691 0.66741
177.000000000 -2.41788 52.6342 0 0 0 0.792339 0.610081
178.400000000 -2.77657 53.6162 0 0 0 0.839181 0.543853
179.200000000 -2.9578 53.6807 0 0 0 0.965846 0.259118
179.900000000 -3.07884 53.5917 0 0 0 -0.999149 0.0412359
181.900000000 -4.02822 53.3162 0 0 0 -0.999991 0.00428823
183.400000000 -5.0649 53.5658 0 0 0 0.983959 0.178396
184.700000000 -5.58289 53.9734 0 0 0 0.882499 0.470314
185.300000000 -5.50797 54.0804 0 0 0 0.726954 0.686686
185.900000000 -5.42384 54.1549 0 0 0 0.531192 0.847251
187.500000000 -4.66094 54.876 0 0 0 0.349057 0.937102
188.900000000 -3.88879 55.5904 0 0 0 0.379477 0.925201
190.300000000 -3.1505 56.3418 0 0 0 0.38879 0.921326
191.600000000 -2.46814 57.0376 0 0 0 0.3852 0.922833
192.800000000 -1.80276 57.6411 0 0 0 0.335811 0.941929
194.200000000 -0.878624 58.1248 0 0 0 0.178592 0.983923
195.700000000 0.0597874 58.2602 0 0 0 0.0202142 0.999796
198.400000000 0.974509 58.1962 0 0 0 -0.0533019 0.998578
203.100000000 1.96237 58.0819 0 0 0 -0.0457418 0.998953
207.500000000 2.94879 58.0312 0 0 0 -0.0151853 0.999885
211.400000000 3.95078 58.0202 0 0 0 -0.00347722 0.999994
214.800000000 4.90102 58.1072 0 0 0 0.17176 0.985139
215.600000000 4.97825 58.3176 0 0 0 0.459723 0.888063
217.200000000 5.19627 59.3462 0 0 0 0.651614 0.75855
218.000000000 5.12395 59.5644 0 0 0 0.831049 0.556199
218.700000000 5.02285 59.469 0 0 0 0.971119 0.238598
219.300000000 5.00478 59.3429 0 0 0 -0.998291 0.0584359
220.000000000 5.05254 59.2347 0 0 0 -0.917484 0.397774
220.600000000 5.16879 59.1928 0 0 0 -0.75895 0.651149
221.100000000 5.27805 59.1183 0 0 0 -0.601684 0.798735
222.200000000 5.64669 58.735 0 0 0 -0.360743 0.932665
223.700000000 6.60433 58.2332 0 0 0 -0.169029 0.985611
225.300000000 7.61051 58.0581 0 0 0 -0.0611076 0.998131
228.000000000 8.5571 57.9613 0 0 0 -0.0344882 0.999405
232.400000000 9.51273 57.9563 0 0 0 0.00204869 0.999998
236.900000000 10.5102 57.9927 0 0 0 0.0270395 0.999634
240.400000000 11.467 58.0507 0 0 0 0.0216201 0.999766
245.200000000 12.4206 58.0691 0 0 0 0.00601088 0.999982
250.100000000 13.3986 58.0749 0 0 0 0.00288215 0.999996
255.000000000 14.3788 58.0808 0 0 0 0.00288215 0.999996
258.800000000 15.336 58.0867 0 0 0 0.00288215 0.999996
263.300000000 16.307 58.0925 0 0 0 0.00288215 0.999996
266.200000000 17.0439 58.2786 0 0 0 0.310999 0.95041
266.900000000 17.0832 58.4822 0 0 0 0.539962 0.84169
268.400000000 17.3241 59.5222 0 0 0 0.668766 0.743473
269.100000000 17.2045 59.7155 0 0 0 0.838518 0.544874
269.800000000 17.1059 59.6002 0 0 0 0.974907 0.222613
270.400000000 17.0884 59.4833 0 0 0 -0.997151 0.0754343
271.100000000 17.1499 59.3969 0 0 0 -0.910576 0.413341
271.600000000 17.2379 59.3489 0 0 0 -0.780391 0.625292
272.400000000 17.3259 59.1783 0 0 0 -0.557076 0.830462
273.800000000 18.0308 58.5582 0 0 0 -0.346727 0.937966
275.100000000 18.7895 57.9549 0 0 0 -0.341723 0.939801
277.300000000 19.5286 57.2643 0 0 0 -0.375405 0.926861
281.200000000 20.1981 56.5936 0 0 0 -0.380798 0.924658
284.800000000 20.89 55.9026 0 0 0 -0.38571 0.92262
288.700000000 21.5491 55.0251 0 0 0 -0.491418 0.870924
290.200000000 21.897 54.1004 0 0 0 -0.605674 0.795713
293.400000000 21.9811 53.1151 0 0 0 -0.69891 0.715209
297.900000000 21.9602 52.1735 0 0 0 -0.722212 0.691671
302.300000000 21.8994 51.2009 0 0 0 -0.729704 0.683763
305.300000000 21.6535 50.2109 0 0 0 -0.851417 0.524489
306.800000000 20.9631 49.4861 0 0 0 -0.922831 0.385205
308.700000000 20.2831 48.7761 0 0 0 -0.925545 0.378638
312.600000000 19.6081 48.1032 0 0 0 -0.924101 0.382149
316.800000000 18.9408 47.4376 0 0 0 -0.924101 0.382149
321.100000000 18.2511 46.7595 0 0 0 -0.924101 0.382149
325.500000000 17.549 46.0491 0 0 0 -0.924101 0.382149
329.800000000 16.8666 45.3784 0 0 0 -0.924101 0.382149
334.100000000 16.1755 44.6889 0 0 0 -0.924101 0.382149
338.100000000 15.4783 43.9934 0 0 0 -0.924101 0.382149
342.000000000 14.8098 43.3265 0 0 0 -0.924101 0.382149
345.400000000 14.1013 42.6197 0 0 0 -0.924101 0.382149
349.500000000 13.4078 41.9279 0 0 0 -0.924101 0.382149
352.800000000 12.7193 41.2311 0 0 0 -0.924101 0.382149
357.000000000 12.0458 40.5592 0 0 0 -0.924101 0.382149
360.500000000 11.3683 39.8619 0 0 0 -0.916914 0.399085
361.900000000 10.744 39.0764 0 0 0 -0.874683 0.484695
363.200000000 10.4732 38.1611 0 0 0 -0.789149 0.614202
364.900000000 10.5381 37.2975 0 0 0 -0.543574 0.839361
365.800000000 10.7754 37.2135 0 0 0 -0.241513 0.970398
367.000000000 11.46 37.2125 0 0 0 -0.00907061 0.999959
368.300000000 12.4761 37.2603 0 0 0 0.0648057 0.997898
369.700000000 13.4405 37.3628 0 0 0 0.0430388 0.999073
373.400000000 14.3181 37.1821 0 0 0 -0.205112 0.978739
378.400000000 15.0977 36.6281 0 0 0 -0.328064 0.944656
383.300000000 15.8375 35.9673 0 0 0 -0.36497 0.931019
388.200000000 16.5315 35.2885 0 0 0 -0.376657 0.926353
389.200000000 16.5928 35.0542 0 0 0 -0.632379 0.774659
389.900000000 16.457 35.0625 0 0 0 -0.856891 0.515498
390.600000000 16.3473 35.1582 0 0 0 -0.980244 0.197792
391.100000000 16.3158 35.2735 0 0 0 0.998878 0.047368
391.700000000 16.3614 35.3353 0 0 0 0.941835 0.336075
392.400000000 16.4234 35.4536 0 0 0 0.78846 0.615086
392.900000000 16.5544 35.5027 0 0 0 0.631516 0.775363
394.100000000 16.9556 36.0538 0 0 0 0.407912 0.913021
395.000000000 17.2533 36.1651 0 0 0 0.135334 0.9908
395.800000000 17.2523 36.1365 0 0 0 -0.188979 0.981981
397.100000000 17.9134 35.4809 0 0 0 -0.395901 0.918293
398.700000000 18.6623 34.7675 0 0 0 -0.384765 0.923015
402.300000000 19.4235 34.1752 0 0 0 -0.302613 0.953114
405.800000000 20.3257 33.6211 0 0 0 -0.183631 0.982995
407.200000000 21.1958 33.5722 0 0 0 -0.0589141 0.998263
410.100000000 22.1806 33.5837 0 0 0 0.0151261 0.999886
415.000000000 23.1275 33.6222 0 0 0 0.022326 0.999751
419.900000000 24.1058 33.6431 0 0 0 0.00691421 0.999976
424.700000000 25.0647 33.6486 0 0 0 0.00224076 0.999997
429.600000000 26.0542 33.6533 0 0 0 0.00224076 0.999997
434.600000000 27.0392 33.6578 0 0 0 0.00224076 0.999997
437.700000000 27.938 33.9352 0 0 0 0.27855 0.960422
439.000000000 28.6598 34.568 0 0 0 0.393435 0.919353
441.400000000 29.3158 35.2572 0 0 0 0.390362 0.920661
446.100000000 29.9997 35.9513 0 0 0 0.385089 0.92288
450.800000000 30.6809 36.6402 0 0 0 0.385089 0.92288
455.200000000 31.3724 37.3491 0 0 0 0.385089 0.92288
459.500000000 32.0613 38.0355 0 0 0 0.385089 0.92288
463.600000000 32.7167 38.6983 0 0 0 0.385089 0.92288
468.100000000 33.3906 39.4219 0 0 0 0.406884 0.91348
470.300000000 33.9373 40.2113 0 0 0 0.508959 0.860791
471.600000000 34.2323 41.1405 0 0 0 0.625809 0.779976
473.000000000 34.3592 42.1076 0 0 0 0.614246 0.789114
474.600000000 34.974 42.8629 0 0 0 0.384555 0.923102
475.900000000 35.7067 43.5092 0 0 0 0.363246 0.931693
477.600000000 36.3793 44.1718 0 0 0 0.379946 0.925009
479.200000000 36.6771 44.6406 0 0 0 0.622066 0.782965
479.800000000 36.576 44.706 0 0 0 0.806233 0.591598
481.500000000 35.8208 45.4391 0 0 0 0.928237 0.371989
482.800000000 35.126 46.122 0 0 0 0.925633 0.378422
484.200000000 34.4865 46.9639 0 0 0 0.894678 0.446712
485.400000000 34.0561 47.747 0 0 0 0.820333 0.571886
486.700000000 33.945 48.7006 0 0 0 0.71381 0.700339
488.000000000 34.0568 49.6603 0 0 0 0.648099 0.761556
489.400000000 34.1233 50.6993 0 0 0 0.692169 0.721735
490.700000000 34.152 51.6817 0 0 0 0.73041 0.683009
491.900000000 34.1571 52.5848 0 0 0 0.691996 0.721901
493.300000000 34.1622 53.6384 0 0 0 0.704561 0.709643
494.600000000 34.1701 54.6121 0 0 0 0.707846 0.706367
495.800000000 34.1679 55.5059 0 0 0 0.707846 0.706367
497.500000000 33.9093 56.5278 0 0 0 0.854584 0.519313
498.900000000 33.2374 57.26 0 0 0 0.931295 0.364266
500.200000000 32.4446 57.82 0 0 0 0.963774 0.266722
501.400000000 31.5752 58.0995 0 0 0 0.990996 0.133891
509.500000000 30.6111 58.1034 0 0 0 -0.986421 0.164237
511.000000000 29.885 57.4214 0 0 0 -0.917525 0.397677
514.100000000 29.1369 56.7892 0 0 0 -0.954981 0.296667
515.600000000 28.1379 56.4162 0 0 0 -0.993614 0.112829
517.400000000 27.0424 56.3968 0 0 0 0.999355 0.0359132
519.200000000 26.0387 56.5283 0 0 0 0.998498 0.0547856
523.100000000 25.0845 56.5977 0 0 0 0.999709 0.0241428
527.400000000 24.1462 56.6246 0 0 0 1 0.000410935
531.400000000 23.1959 56.5872 0 0 0 -0.999712 0.0240125
536.200000000 22.2081 56.5611 0 0 0 -0.999933 0.011544
541.100000000 21.2484 56.5514 0 0 0 -0.999996 0.00275954
545.900000000 20.3054 56.5513 0 0 0 -1 0.000154454
547.500000000 20.0661 56.453 0 0 0 -0.94635 0.323145
548.100000000 20.1498 56.386 0 0 0 -0.813105 0.582117
548.700000000 20.1843 56.3892 0 0 0 -0.63271 0.774389
549.800000000 20.5536 55.9048 0 0 0 -0.424567 0.905397
551.300000000 21.4036 55.3278 0 0 0 -0.285057 0.958511
552.900000000 22.2241 54.5157 0 0 0 -0.423443 0.905923
553.800000000 22.2877 54.121 0 0 0 -0.626426 0.779481
555.000000000 22.11 53.5652 0 0 0 -0.813405 0.581697
556.300000000 21.7163 52.6735 0 0 0 -0.850261 0.526361
557.900000000 21.6387 52.0358 0 0 0 -0.655572 0.755133
558.800000000 21.7995 51.928 0 0 0 -0.39413 0.919055
559.500000000 21.8572 52.0311 0 0 0 -0.0544789 0.998515
560.000000000 21.8701 52.1744 0 0 0 0.181605 0.983372
561.700000000 22.643 52.9461 0 0 0 0.407953 0.913003
563.100000000 23.3548 53.7205 0 0 0 0.39291 0.919577
564.400000000 24.0436 54.3993 0 0 0 0.374629 0.927175
565.700000000 24.7412 55.0793 0 0 0 0.38006 0.924962
567.000000000 25.4412 55.7684 0 0 0 0.3806 0.92474
568.400000000 26.1884 56.509 0 0 0 0.380609 0.924736
569.700000000 26.8863 57.1902 0 0 0 0.374237 0.927333
571.100000000 27.6784 57.8743 0 0 0 0.306895 0.951743
572.400000000 28.5282 58.1695 0 0 0 0.119122 0.99288
574.000000000 29.5951 58.1968 0 0 0 -0.0339048 0.999425
577.400000000 30.5149 58.1134 0 0 0 -0.0376095 0.999293
581.800000000 31.4643 58.0683 0 0 0 -0.0192779 0.999814
586.400000000 32.4386 58.0607 0 0 0 -0.00660279 0.999978
591.200000000 33.3888 58.0548 0 0 0 -0.00268837 0.999996
596.100000000 34.382 58.0494 0 0 0 -0.00268809 0.999996
600.900000000 35.3462 58.0438 0 0 0 -0.00268777 0.999996
605.900000000 36.3374 58.0382 0 0 0 -0.00268742 0.999996
610.900000000 37.3189 58.0427 0 0 0 -0.00268631 0.999996
615.600000000 38.3361 58.0372 0 0 0 -0.00268562 0.999996
617.100000000 39.3438 58.0316 0 0 0 -0.00268477 0.999996
618.400000000 40.3175 58.0261 0 0 0 -0.00268376 0.999996
619.700000000 41.2897 58.02 0 0 0 -0.00268954 0.999996
621.100000000 42.3436 58.0144 0 0 0 -0.00269795 0.999996
622.400000000 43.3174 58.0088 0 0 0 -0.00269894 0.999996
623.700000000 44.29 58.0037 0 0 0 -0.00267676 0.999996
625.400000000 45.0458 58.135 0 0 0 0.338941 0.940808
626.100000000 44.9744 58.2703 0 0 0 0.61391 0.789376
626.900000000 44.8456 58.4472 0 0 0 0.823129 0.567855
628.500000000 44.1352 59.2303 0 0 0 0.929439 0.368976
629.900000000 43.3655 59.9483 0 0 0 0.926079 0.377329
631.500000000 42.9409 60.5748 0 0 0 0.749777 0.66169
632.200000000 43.0758 60.5561 0 0 0 0.482178 0.876074
632.900000000 43.1804 60.4737 0 0 0 0.166852 0.985982
633.500000000 43.3252 60.4274 0 0 0 -0.0692593 0.997599
634.700000000 43.8041 59.9909 0 0 0 -0.351814 0.93607
636.100000000 44.4828 59.2147 0 0 0 -0.42158 0.906791
637.400000000 45.1487 58.4967 0 0 0 -0.355755 0.934579
638.700000000 45.9863 58.0593 0 0 0 -0.196934 0.980417
640.000000000 46.942 57.8696 0 0 0 -0.0427014 0.999088
641.400000000 47.9928 57.9328 0 0 0 0.0560922 0.998426
642.600000000 48.879 58.0813 0 0 0 0.0933874 0.99563
644.000000000 49.9186 58.1535 0 0 0 -0.000470236 1
645.400000000 50.9675 58.0732 0 0 0 -0.0459684 0.998943
646.800000000 52.0196 58.0441 0 0 0 -0.0043003 0.999991
648.100000000 52.9832 58.0271 0 0 0 0.011097 0.999938
649.600000000 53.8648 57.8376 0 0 0 -0.228758 0.973483
651.100000000 54.6348 57.1145 0 0 0 -0.395044 0.918662
652.300000000 55.2525 56.4648 0 0 0 -0.389439 0.921052
653.700000000 55.999 55.7235 0 0 0 -0.381004 0.924574
655.000000000 56.6679 54.9852 0 0 0 -0.41019 0.912
656.300000000 57.2572 54.2427 0 0 0 -0.461483 0.887149
657.600000000 57.7012 53.3622 0 0 0 -0.54581 0.837909
658.900000000 57.951 52.4328 0 0 0 -0.646884 0.762589
660.600000000 57.9622 51.4863 0 0 0 -0.741695 0.670737
661.300000000 57.9394 51.4746 0 0 0 -0.899405 0.437117
662.200000000 57.605 51.4177 0 0 0 -0.987045 0.160445
663.600000000 56.5087 51.2873 0 0 0 0.99993 0.0117949
664.900000000 55.5383 51.453 0 0 0 0.996844 0.0793838
666.100000000 54.6415 51.5515 0 0 0 0.998559 0.0536596
667.500000000 53.8894 51.397 0 0 0 -0.977076 0.212892
669.000000000 53.1545 50.6554 0 0 0 -0.911425 0.411466
670.600000000 52.4462 49.878 0 0 0 -0.917671 0.397341
673.300000000 51.8039 49.2148 0 0 0 -0.922774 0.385341
676.100000000 51.1501 48.5529 0 0 0 -0.922774 0.385341
680.400000000 50.4444 47.8486 0 0 0 -0.922774 0.385341
684.800000000 49.7536 47.1394 0 0 0 -0.922774 0.385341
689.300000000 49.0662 46.4438 0 0 0 -0.922774 0.385341
693.600000000 48.4026 45.7719 0 0 0 -0.922774 0.385341
698.100000000 47.7165 45.0775 0 0 0 -0.922663 0.385607
702.900000000 47.0713 44.3342 0 0 0 -0.899429 0.437067
704.600000000 46.585 43.4482 0 0 0 -0.830587 0.556888
706.800000000 46.4073 42.4589 0 0 0 -0.736971 0.675924
711.200000000 46.4064 41.4979 0 0 0 -0.695643 0.718387
715.400000000 46.4631 40.5393 0 0 0 -0.684775 0.728755
719.300000000 46.5202 39.6 0 0 0 -0.684663 0.72886
723.900000000 46.4976 38.6463 0 0 0 -0.728238 0.685325
727.100000000 46.3742 37.6877 0 0 0 -0.773834 0.633388
728.400000000 46.0745 36.7647 0 0 0 -0.806209 0.591631
730.100000000 45.9174 35.7788 0 0 0 -0.75496 0.655771
733.200000000 45.9337 34.7432 0 0 0 -0.64593 0.763397
734.300000000 46.2087 34.2572 0 0 0 -0.431478 0.902124
735.600000000 46.9578 33.7835 0 0 0 -0.245859 0.969306
736.900000000 47.8879 33.5293 0 0 0 -0.0881366 0.996108
738.200000000 48.8604 33.5384 0 0 0 0.051293 0.998684
739.500000000 49.821 33.6923 0 0 0 0.0578655 0.998324
740.800000000 50.7947 33.7252 0 0 0 -0.00345732 0.999994
742.200000000 51.845 33.6603 0 0 0 -0.0340593 0.99942
743.500000000 52.8191 33.6367 0 0 0 -0.00158692 0.999999
744.900000000 53.7768 33.5948 0 0 0 -0.0919465 0.995764
746.600000000 54.6753 32.889 0 0 0 -0.357687 0.933841
747.900000000 55.3527 32.2343 0 0 0 -0.39801 0.917381
749.200000000 56.0289 31.5487 0 0 0 -0.382729 0.92386
750.600000000 56.7734 30.7835 0 0 0 -0.394822 0.918758
751.800000000 57.3553 30.0853 0 0 0 -0.441425 0.897298
753.200000000 57.818 29.1584 0 0 0 -0.569562 0.821948
754.700000000 57.9742 28.1473 0 0 0 -0.681357 0.731951
757.200000000 57.9465 27.1483 0 0 0 -0.725176 0.688564
761.500000000 57.8904 26.1999 0 0 0 -0.730521 0.68289
766.100000000 57.8531 25.2104 0 0 0 -0.718326 0.695707
770.700000000 57.8394 24.2348 0 0 0 -0.710057 0.704145
775.200000000 57.762 23.2377 0 0 0 -0.739706 0.67293
776.500000000 57.4247 22.5179 0 0 0 -0.881521 0.472144
777.800000000 56.8158 21.7669 0 0 0 -0.895817 0.444422
779.400000000 56.3822 20.8212 0 0 0 -0.795608 0.605811
781.200000000 56.4364 19.9848 0 0 0 -0.555812 0.831308
781.800000000 56.5271 20.0379 0 0 0 -0.28532 0.958432
782.400000000 56.5583 20.1713 0 0 0 0.0100352 0.99995
783.100000000 56.5116 20.2831 0 0 0 0.35283 0.935687
783.700000000 56.4114 20.3452 0 0 0 0.6135 0.789695
784.400000000 56.2878 20.4953 0 0 0 0.803787 0.594917
785.300000000 55.9805 20.7837 0 0 0 0.923167 0.3844
786.700000000 55.1708 21.2334 0 0 0 0.981991 0.188926
788.900000000 54.1792 21.4368 0 0 0 0.998001 0.0632026
793.400000000 53.223 21.4813 0 0 0 -0.999999 0.0017077
798.200000000 52.2477 21.4396 0 0 0 -0.999668 0.0257508
802.300000000 51.2995 21.3748 0 0 0 -0.999538 0.0303904
805.600000000 50.2882 21.2406 0 0 0 -0.981017 0.193923
807.100000000 49.5402 20.5796 0 0 0 -0.915979 0.401226
809.900000000 48.9194 19.9109 0 0 0 -0.920355 0.391084
814.600000000 48.2344 19.2058 0 0 0 -0.922704 0.38551
819.100000000 47.5423 18.5049 0 0 0 -0.922704 0.38551
823.300000000 46.8855 17.7858 0 0 0 -0.892212 0.451617
824.600000000 46.7502 17.0625 0 0 0 -0.732499 0.680768
826.000000000 46.9086 16.0288 0 0 0 -0.625654 0.780101
827.300000000 47.0262 15.0545 0 0 0 -0.651732 0.75845
828.600000000 47.0704 14.0763 0 0 0 -0.695207 0.718809
829.900000000 47.391 13.4465 0 0 0 -0.453123 0.891448
831.300000000 48.1458 12.7134 0 0 0 -0.360677 0.932691
832.600000000 48.8528 12.0428 0 0 0 -0.379082 0.925363
833.900000000 49.5472 11.3593 0 0 0 -0.381904 0.924202
835.300000000 50.2923 10.6166 0 0 0 -0.381907 0.924201
836.600000000 50.983 9.92809 0 0 0 -0.381909 0.9242
838.000000000 51.794 9.24643 0 0 0 -0.314674 0.9492
839.300000000 52.6281 8.8763 0 0 0 -0.158524 0.987355
840.700000000 53.6006 8.8362 0 0 0 0.0522823 0.998632
842.100000000 54.293 8.62003 0 0 0 -0.253022 0.96746
843.400000000 54.9622 7.99631 0 0 0 -0.38431 0.923204
844.700000000 55.6403 7.28855 0 0 0 -0.38482 0.922991
846.100000000 56.3801 6.55346 0 0 0 -0.372968 0.927844
847.400000000 57.0967 5.86004 0 0 0 -0.394202 0.919024
848.600000000 57.6527 5.13604 0 0 0 -0.481099 0.876666
850.100000000 58.0324 4.10149 0 0 0 -0.645103 0.764096
851.400000000 58.0366 3.12884 0 0 0 -0.737435 0.675418
852.700000000 57.8238 2.17245 0 0 0 -0.799129 0.601159
854.200000000 57.2553 1.34282 0 0 0 -0.911715 0.410824
855.500000000 56.588 0.66208 0 0 0 -0.929406 0.36906
856.700000000 55.9043 0.0380701 0 0 0 -0.923585 0.383394
858.200000000 55.1159 -0.764321 0 0 0 -0.922407 0.386218
859.600000000 54.3564 -1.35862 0 0 0 -0.968264 0.249931
861.100000000 53.371 -1.56721 0 0 0 -0.999139 0.0414821
862.900000000 52.3276 -1.50326 0 0 0 0.998164 0.0605645
864.900000000 51.3146 -1.3105 0 0 0 0.99109 0.133194
866.500000000 50.5304 -0.703372 0 0 0 0.932929 0.360061
868.400000000 49.8768 -0.0307387 0 0 0 0.924492 0.381201
870.100000000 49.0557 0.601855 0 0 0 0.959424 0.281967
871.500000000 48.3208 0.839117 0 0 0 -0.999566 0.0294631
872.400000000 47.9964 0.56764 0 0 0 -0.961144 0.276048
873.700000000 47.3794 -0.0912538 0 0 0 -0.911009 0.412387
875.100000000 46.6608 -0.860101 0 0 0 -0.928508 0.371313
876.400000000 45.8532 -1.40736 0 0 0 -0.967764 0.251861
877.800000000 44.9198 -1.6647 0 0 0 -0.997855 0.065466
879.800000000 43.931 -1.64111 0 0 0 0.999336 0.0364491
883.800000000 42.9789 -1.54396 0 0 0 0.998656 0.0518309
888.500000000 42.0043 -1.47551 0 0 0 0.999765 0.0216625
892.400000000 40.9959 -1.45915 0 0 0 0.99999 0.00440832
895.000000000 39.9428 -1.51215 0 0 0 -0.996955 0.0779847
896.400000000 39.059 -1.92672 0 0 0 -0.970311 0.241859
897.700000000 38.1794 -2.33341 0 0 0 -0.983132 0.1829
899.000000000 37.2505 -2.51082 0 0 0 -0.998846 0.0480313
900.800000000 36.304 -2.4436 0 0 0 0.994322 0.106417
902.200000000 35.5837 -1.95531 0 0 0 0.937708 0.347425
903.500000000 34.9462 -1.19788 0 0 0 0.911833 0.410562
905.000000000 34.3342 -0.452502 0 0 0 0.876505 0.481393
906.600000000 34.0617 0.592404 0 0 0 0.777607 0.628751
909.300000000 33.9797 1.46888 0 0 0 0.70513 0.709078
914.200000000 34.0383 2.41873 0 0 0 0.678532 0.734571
919.000000000 34.112 3.36621 0 0 0 0.680588 0.732666
923.700000000 34.1457 4.3188 0 0 0 0.696765 0.7173
926.000000000 33.943 5.0438 0 0 0 0.858236 0.513255
927.600000000 33.2535 5.80944 0 0 0 0.923372 0.383907
930.400000000 32.558 6.48949 0 0 0 0.925622 0.37845
935.200000000 31.8677 7.16657 0 0 0 0.925622 0.37845
937.800000000 31.5454 7.64721 0 0 0 0.741903 0.670507
938.600000000 31.7328 7.88917 0 0 0 0.538036 0.842922
940.100000000 32.4683 8.52736 0 0 0 0.358068 0.933696
941.400000000 33.1738 9.22865 0 0 0 0.375677 0.926751
948.700000000 33.851 9.92846 0 0 0 0.395726 0.918369
950.100000000 34.5951 10.6717 0 0 0 0.37888 0.925446
951.400000000 35.2882 11.3577 0 0 0 0.383173 0.923676
952.800000000 36.0254 12.1081 0 0 0 0.386743 0.922187
954.000000000 36.6531 12.7482 0 0 0 0.386744 0.922187
955.400000000 37.433 13.4491 0 0 0 0.307402 0.95158
956.800000000 38.3982 13.8759 0 0 0 0.137692 0.990475
958.400000000 39.3298 13.9433 0 0 0 -0.0121276 0.999926
960.200000000 40.3882 13.7606 0 0 0 -0.101791 0.994806
961.500000000 41.2994 13.6353 0 0 0 -0.00683115 0.999977
962.900000000 42.3041 13.8101 0 0 0 0.131913 0.991261
964.200000000 43.2511 14.0422 0 0 0 0.101889 0.994796
965.600000000 44.2983 14.0906 0 0 0 0.0230656 0.999734
966.800000000 45.1973 14.1248 0 0 0 -0.0622734 0.998059
968.200000000 46.2402 14.1117 0 0 0 0.00622381 0.999981
969.600000000 47.2253 14.1227 0 0 0 0.0326275 0.999468
971.100000000 48.1988 14.1244 0 0 0 -0.0375872 0.999293
971.800000000 48.2078 14.0081 0 0 0 -0.342531 0.939506
972.400000000 48.1166 13.9469 0 0 0 -0.597052 0.802203
973.100000000 48.0335 13.9792 0 0 0 -0.833066 0.553173
973.700000000 47.9976 14.0367 0 0 0 -0.958512 0.285052
974.300000000 47.9981 14.0219 0 0 0 -0.999763 0.0217779
975.000000000 47.9968 14.0181 0 0 0 0.964256 0.264973
976.500000000 47.3233 14.7721 0 0 0 0.905312 0.424748
977.800000000 46.6747 15.4856 0 0 0 0.91939 0.393347
979.800000000 45.9815 16.1602 0 0 0 0.926849 0.375435
984.200000000 45.278 16.8448 0 0 0 0.924726 0.380634
989.000000000 44.6084 17.5081 0 0 0 0.924726 0.380634
994.000000000 43.905 18.205 0 0 0 0.924726 0.380634
998.800000000 43.2403 18.8634 0 0 0 0.924726 0.380634
1003.800000000 42.5458 19.5615 0 0 0 0.924726 0.380634
1008.700000000 41.8574 20.2335 0 0 0 0.924726 0.380634
1013.700000000 41.1104 20.8637 0 0 0 0.948443 0.316948
1016.800000000 40.0945 21.3478 0 0 0 0.983829 0.17911
1019.000000000 39.1365 21.612 0 0 0 0.999448 0.033219
1021.400000000 38.1547 21.4241 0 0 0 -0.997629 0.0688223
1022.700000000 37.1408 21.3476 0 0 0 -0.996892 0.078778
1025.000000000 36.1746 21.3017 0 0 0 -0.999816 0.0191987
1029.700000000 35.2215 21.2911 0 0 0 0.999921 0.0125816
1034.700000000 34.2272 21.3184 0 0 0 0.999804 0.0197857
1039.500000000 33.2728 21.343 0 0 0 0.999993 0.0038228
1044.400000000 32.3103 21.3458 0 0 0 0.999999 0.00150569
1049.400000000 31.3271 21.3489 0 0 0 0.999999 0.00150569
1054.300000000 30.3673 21.3519 0 0 0 0.999999 0.00150569
1059.200000000 29.4024 21.355 0 0 0 0.999999 0.00150569
1064.100000000 28.4339 21.3581 0 0 0 0.999999 0.00150569
1069.000000000 27.4836 21.3626 0 0 0 0.999989 0.00475487
1070.100000000 26.9026 21.62 0 0 0 0.960226 0.279226
1071.500000000 26.2053 22.3701 0 0 0 0.916031 0.401107
1072.900000000 25.5467 23.0529 0 0 0 0.920091 0.391706
1081.100000000 24.8519 23.7457 0 0 0 0.9252 0.379479
1083.500000000 24.1105 24.4768 0 0 0 0.9252 0.379479
1085.500000000 23.3792 25.1978 0 0 0 0.9252 0.379479
1087.500000000 22.7477 25.839 0 0 0 0.916265 0.400572
1090.500000000 22.2219 26.7135 0 0 0 0.842847 0.538154
1092.300000000 22.0102 27.7539 0 0 0 0.747084 0.66473
1095.900000000 22.0051 28.6526 0 0 0 0.698073 0.716026
1100.600000000 22.0503 29.6214 0 0 0 0.685265 0.728294
1105.300000000 22.0962 30.5842 0 0 0 0.684866 0.728669
1110.100000000 22.1518 31.5464 0 0 0 0.69549 0.718536
1114.900000000 22.1642 32.4878 0 0 0 0.705062 0.709146
1119.800000000 22.1876 33.5125 0 0 0 0.666598 0.745417
1120.700000000 22.4066 33.6862 0 0 0 0.392566 0.919724
1121.400000000 22.6183 33.7056 0 0 0 0.145441 0.989367
1122.300000000 22.8455 33.6063 0 0 0 -0.147674 0.989036
1123.800000000 23.8073 33.369 0 0 0 -0.0952804 0.99545
1125.500000000 24.5934 33.4875 0 0 0 0.191995 0.981396
1127.100000000 25.5123 33.9758 0 0 0 0.240213 0.97072
1128.800000000 26.1149 34.2013 0 0 0 -0.0552223 0.998474
1129.600000000 26.1172 34.2166 0 0 0 -0.333683 0.942685
1130.600000000 26.2055 33.8594 0 0 0 -0.551515 0.834165
1132.200000000 26.2761 32.9168 0 0 0 -0.776086 0.630627
1132.800000000 26.1333 32.9524 0 0 0 -0.919437 0.393236
1133.400000000 26.0798 33.0129 0 0 0 -0.992061 0.125757
1134.000000000 26.0736 33.1533 0 0 0 0.988475 0.151383
1134.500000000 26.0799 33.1637 0 0 0 0.922541 0.385899
1135.200000000 26.139 33.2265 0 0 0 0.737013 0.675879
1135.700000000 26.2854 33.2716 0 0 0 0.552732 0.833359
1136.900000000 26.8115 33.7386 0 0 0 0.315319 0.948986
1138.600000000 27.7776 34.0328 0 0 0 0.100936 0.994893
1140.300000000 28.4012 34.0108 0 0 0 -0.170032 0.985439
1141.000000000 28.4094 34.0212 0 0 0 -0.495649 0.868523
1141.600000000 28.4281 34.0242 0 0 0 -0.729392 0.684096
1142.100000000 28.3891 34.0209 0 0 0 -0.859743 0.510727
1143.600000000 27.6585 33.2836 0 0 0 -0.930132 0.367226
1145.100000000 26.8802 32.5607 0 0 0 -0.927965 0.372666
1147.300000000 26.2246 31.921 0 0 0 -0.924787 0.380486
1151.700000000 25.5236 31.207 0 0 0 -0.924787 0.380486
1156.200000000 24.8325 30.5225 0 0 0 -0.924787 0.380486
1160.600000000 24.1626 29.8595 0 0 0 -0.924787 0.380486
1165.200000000 23.4652 29.179 0 0 0 -0.924787 0.380486
1169.900000000 22.7679 28.4884 0 0 0 -0.924787 0.380486
1174.300000000 22.0992 27.8266 0 0 0 -0.924787 0.380486
1179.000000000 21.3994 27.1337 0 0 0 -0.924787 0.380486
1183.800000000 20.707 26.4382 0 0 0 -0.924787 0.380486
1188.000000000 20.011 25.7591 0 0 0 -0.924787 0.380486
1192.400000000 19.3075 25.0526 0 0 0 -0.924787 0.380486
1197.100000000 18.6114 24.3633 0 0 0 -0.924787 0.380486
1201.200000000 17.9266 23.6854 0 0 0 -0.924787 0.380486
1205.200000000 17.2304 22.9961 0 0 0 -0.924787 0.380486
1209.500000000 16.5306 22.3131 0 0 0 -0.924787 0.380486
1213.300000000 15.8545 21.6439 0 0 0 -0.924787 0.380486
1217.200000000 15.1571 20.9533 0 0 0 -0.924787 0.380486
1220.800000000 14.4835 20.2866 0 0 0 -0.924787 0.380486
1224.500000000 13.7761 19.586 0 0 0 -0.924787 0.380486
1228.300000000 13.1138 18.9304 0 0 0 -0.924787 0.380486
1232.100000000 12.4064 18.22 0 0 0 -0.924787 0.380486
1235.800000000 11.7253 17.5456 0 0 0 -0.924787 0.380486
1238.100000000 11.0232 16.814 0 0 0 -0.897768 0.440469
1239.300000000 10.6962 15.9572 0 0 0 -0.832522 0.553991
1240.700000000 10.3712 14.9738 0 0 0 -0.740034 0.67257
1242.100000000 10.4323 14.0116 0 0 0 -0.61001 0.792394
1243.500000000 11.1441 13.2692 0 0 0 -0.413932 0.910308
1244.900000000 11.9047 12.5423 0 0 0 -0.361668 0.932307
1246.100000000 12.5392 11.9193 0 0 0 -0.382964 0.923763
1247.400000000 13.2327 11.2249 0 0 0 -0.382964 0.923763
1248.800000000 13.9762 10.4806 0 0 0 -0.382964 0.923763
1250.000000000 14.6187 9.85554 0 0 0 -0.370214 0.928947
1251.900000000 15.3846 9.26948 0 0 0 -0.282461 0.959279
1253.200000000 16.2966 8.92897 0 0 0 -0.10944 0.993993
1254.800000000 17.2614 8.62389 0 0 0 -0.241784 0.97033
1256.200000000 18.0481 7.95572 0 0 0 -0.370926 0.928662
1257.500000000 18.765 7.27003 0 0 0 -0.391533 0.920164
1258.800000000 19.4394 6.57365 0 0 0 -0.381974 0.924173
1260.000000000 20.0651 5.93955 0 0 0 -0.376663 0.92635
1261.400000000 20.8079 5.19696 0 0 0 -0.38318 0.923674
1262.600000000 21.4414 4.56238 0 0 0 -0.383309 0.92362
1264.000000000 22.1856 3.81793 0 0 0 -0.383364 0.923597
1265.200000000 22.8185 3.18303 0 0 0 -0.383332 0.923611
1273.100000000 23.5619 2.43722 0 0 0 -0.373499 0.927631
1274.500000000 24.4059 1.81572 0 0 0 -0.264688 0.964334
1276.200000000 25.3533 1.54953 0 0 0 -0.0816734 0.996659
1278.200000000 26.4191 1.51413 0 0 0 0.0194037 0.999812
1279.500000000 27.3547 1.59712 0 0 0 0.040571 0.999177
1280.900000000 28.4047 1.69104 0 0 0 0.0432313 0.999065
1282.200000000 29.3561 1.83548 0 0 0 0.114957 0.99337
1284.200000000 30.2248 2.31087 0 0 0 0.3043 0.952576
1287.600000000 30.9632 2.96225 0 0 0 0.364594 0.931167
1291.800000000 31.6846 3.63947 0 0 0 0.358027 0.933711
1293.500000000 32.5748 4.25016 0 0 0 0.249379 0.968406
1294.900000000 33.5842 4.57255 0 0 0 0.0722634 0.997386
1296.300000000 34.5451 4.50141 0 0 0 -0.0852834 0.996357
1297.400000000 34.873 4.28611 0 0 0 -0.361762 0.932271
1298.200000000 34.7614 4.2131 0 0 0 -0.649243 0.760581
1299.000000000 34.707 4.16768 0 0 0 -0.855479 0.517838
1300.200000000 34.1903 3.83739 0 0 0 -0.956763 0.29087
1302.700000000 33.68 3.32877 0 0 0 -0.83181 0.555061
1303.900000000 33.6869 2.92878 0 0 0 -0.655055 0.755581
1305.700000000 34.1492 2.01294 0 0 0 -0.543142 0.839641
1307.400000000 34.355 1.18736 0 0 0 -0.750476 0.660897
1308.300000000 34.2316 1.22897 0 0 0 -0.92009 0.391707
1310.700000000 33.3386 0.865467 0 0 0 -0.966137 0.25803
1311.800000000 33.0816 0.651525 0 0 0 -0.844655 0.535312
1312.600000000 33.2779 0.633433 0 0 0 -0.620668 0.784073
1313.200000000 33.3477 0.630773 0 0 0 -0.423672 0.905816
1314.400000000 33.8454 0.439703 0 0 0 -0.138513 0.990361
1315.600000000 34.2827 0.436129 0 0 0 0.100518 0.994935
1317.200000000 34.5712 0.772299 0 0 0 0.4029 0.915244
1317.800000000 34.5856 0.769421 0 0 0 0.602475 0.798138
1318.600000000 34.4094 0.800947 0 0 0 0.812253 0.583305
1319.100000000 34.3631 0.78134 0 0 0 0.922809 0.385258
1319.800000000 34.2897 0.682908 0 0 0 0.999039 0.0438374
1320.400000000 34.2875 0.532169 0 0 0 -0.967893 0.251362
1321.000000000 34.3683 0.453819 0 0 0 -0.850125 0.52658
1322.500000000 34.3552 -0.46732 0 0 0 -0.664492 0.747295
1324.100000000 34.6419 -1.08302 0 0 0 -0.448467 0.8938
1325.900000000 35.1512 -1.34831 0 0 0 -0.200032 0.979789
1328.500000000 36.0795 -1.75902 0 0 0 -0.396811 0.917901
1329.800000000 36.2108 -2.21314 0 0 0 -0.626982 0.779034
1331.100000000 36.1073 -2.6226 0 0 0 -0.800852 0.598862
1332.100000000 36.0129 -2.57183 0 0 0 -0.939569 0.34236
1333.000000000 35.9809 -2.48276 0 0 0 -0.998639 0.0521537
1333.600000000 35.9949 -2.46798 0 0 0 0.982171 0.187989
1334.400000000 36.0229 -2.2926 0 0 0 0.877767 0.479088
1335.100000000 36.1384 -2.24 0 0 0 0.714872 0.699255
1335.800000000 36.1855 -2.26421 0 0 0 0.495348 0.868695
1336.600000000 36.3056 -2.38751 0 0 0 0.204526 0.978861
1337.900000000 36.9048 -2.34843 0 0 0 -0.020863 0.999782
1340.500000000 37.8864 -2.57136 0 0 0 -0.0283213 0.999599
1341.700000000 37.9766 -2.45402 0 0 0 0.255302 0.966861
1342.600000000 37.8913 -2.37873 0 0 0 0.503916 0.863753
1345.700000000 38.2391 -1.56881 0 0 0 0.227803 0.973707
1346.500000000 38.2567 -1.6994 0 0 0 -0.109423 0.993995
1347.600000000 38.4778 -1.98167 0 0 0 -0.392582 0.919717
1349.000000000 38.6212 -2.51538 0 0 0 -0.646941 0.76254
1349.700000000 38.5139 -2.5752 0 0 0 -0.857039 0.515252
1350.200000000 38.4556 -2.49918 0 0 0 -0.956281 0.292448
1350.900000000 38.4304 -2.40056 0 0 0 0.998715 0.0506737
1351.400000000 38.4595 -2.30057 0 0 0 0.956756 0.290892
1352.100000000 38.5257 -2.24677 0 0 0 0.802488 0.596668
1352.700000000 38.6423 -2.19632 0 0 0 0.594072 0.804412
1353.300000000 38.7944 -2.16021 0 0 0 0.394402 0.918938
1354.600000000 39.581 -1.60774 0 0 0 0.235672 0.971833
1355.900000000 40.4746 -1.24589 0 0 0 0.182135 0.983273
1357.700000000 41.1653 -1.12651 0 0 0 -0.139205 0.990264
1358.500000000 41.1088 -1.24015 0 0 0 -0.424968 0.905209
1359.200000000 41.0287 -1.3088 0 0 0 -0.64987 0.760045
1359.900000000 40.9195 -1.35869 0 0 0 -0.82292 0.568158
1360.800000000 40.756 -1.35689 0 0 0 -0.959437 0.281925
1361.800000000 40.753 -1.3174 0 0 0 -0.999903 0.0139556
1362.700000000 40.766 -1.23345 0 0 0 0.968436 0.249261
1364.500000000 39.992 -0.48531 0 0 0 0.962842 0.270064
1365.800000000 39.1691 -0.313979 0 0 0 0.999537 0.0304373
1367.100000000 38.2009 -0.452846 0 0 0 -0.993855 0.110691
1368.400000000 37.2609 -0.704769 0 0 0 -0.99018 0.139795
1369.900000000 36.2568 -0.941644 0 0 0 -0.998953 0.0457411
1371.800000000 35.3153 -0.908358 0 0 0 0.999253 0.0386539
1375.700000000 34.3739 -0.819798 0 0 0 0.998117 0.0613363
1380.300000000 33.3852 -0.678978 0 0 0 0.99879 0.0491709
1385.100000000 32.4244 -0.630298 0 0 0 0.999857 0.0169314
1389.800000000 31.4459 -0.618594 0 0 0 0.999991 0.00419599
1393.900000000 30.4997 -0.61608 0 0 0 0.999999 0.00131598
1398.300000000 29.4952 -0.613252 0 0 0 0.999999 0.00131598
1402.300000000 28.5407 -0.610608 0 0 0 0.999999 0.00131598
1405.900000000 27.5662 -0.597964 0 0 0 0.999999 0.00131598
1408.600000000 26.6034 -0.595325 0 0 0 0.999999 0.00131598
1411.400000000 25.6685 -0.603525 0 0 0 -0.999921 0.0125872
1412.800000000 24.6174 -0.677783 0 0 0 -0.999091 0.0426228
1414.100000000 23.677 -0.739677 0 0 0 -0.999497 0.0317271
1415.700000000 22.7259 -0.777548 0 0 0 -0.999985 0.00544639
1418.600000000 21.7311 -0.772582 0 0 0 0.999996 0.00280298
1421.600000000 20.761 -0.766844 0 0 0 0.999996 0.00280557
1424.900000000 19.7597 -0.761079 0 0 0 0.999996 0.00281058
1428.700000000 18.8388 -0.755404 0 0 0 0.999996 0.00281654
1431.700000000 17.8704 -0.749625 0 0 0 0.999996 0.00282166
1434.100000000 16.8396 -0.743901 0 0 0 0.999996 0.00282309
1435.400000000 15.8776 -0.751517 0 0 0 -0.999739 0.0228435
1436.600000000 14.9954 -0.882771 0 0 0 -0.989989 0.141146
1438.100000000 14.1232 -1.45188 0 0 0 -0.938119 0.346313
1439.500000000 13.3184 -2.12729 0 0 0 -0.955042 0.296471
1440.800000000 12.4317 -2.51349 0 0 0 -0.988063 0.15405
1442.400000000 11.6202 -3.12092 0 0 0 -0.932749 0.360527
1443.800000000 10.7598 -3.72481 0 0 0 -0.962972 0.2696
1445.000000000 9.94363 -4.09791 0 0 0 -0.981799 0.189925
1446.300000000 9.00493 -4.35231 0 0 0 -0.993942 0.109909
1447.600000000 8.03886 -4.47652 0 0 0 -0.998959 0.0456222
1448.900000000 7.70367 -4.61863 0 0 0 -0.925114 0.379688
1449.400000000 7.77583 -4.71075 0 0 0 -0.808197 0.588912
1450.000000000 7.86044 -4.72039 0 0 0 -0.606116 0.795376
1450.600000000 7.94994 -4.64676 0 0 0 -0.345628 0.938372
1451.300000000 7.99763 -4.51817 0 0 0 -0.00290735 0.999996
1451.900000000 7.9533 -4.43505 0 0 0 0.292743 0.956191
1452.600000000 7.87101 -4.38112 0 0 0 0.604752 0.796413
1453.200000000 7.77108 -4.21282 0 0 0 0.771315 0.636454
1454.000000000 7.60434 -4.12807 0 0 0 0.930339 0.3667
1455.400000000 6.77614 -3.50145 0 0 0 0.941028 0.338329
1456.700000000 6.09549 -2.81956 0 0 0 0.909062 0.41666
1457.900000000 5.59711 -2.08521 0 0 0 0.878752 0.477279
1465.700000000 5.0855 -1.14719 0 0 0 0.8551 0.518463
1467.000000000 4.60768 -0.302093 0 0 0 0.871383 0.490604
1468.300000000 4.00939 0.116158 0 0 0 0.971925 0.235292
1469.900000000 2.99318 0.170622 0 0 0 -0.998544 0.0539415
1471.400000000 2.02561 -0.21172 0 0 0 -0.980707 0.195483
1472.800000000 1.07679 -0.295426 0 0 0 0.999818 0.0190951
1474.200000000 0.0659777 -0.110013 0 0 0 0.986387 0.16444
1475.500000000 -0.212929 -1.81857 0 0 0 0.888138 0.459576
