0.200000000 0.2 0 0 0 0 0 1
5.400000000 0.984758 -0.133837 0 0 0 -0.34349 0.939156
5.900000000 0.905448 -0.187602 0 0 0 -0.564679 0.82531
6.500000000 0.787745 -0.195967 0 0 0 -0.783378 0.621546
7.100000000 0.685809 -0.136287 0 0 0 -0.932082 0.362246
7.800000000 0.633518 -0.00953933 0 0 0 -0.999787 0.0206276
8.500000000 0.674188 0.121596 0 0 0 0.946247 0.323444
9.100000000 0.76837 0.188965 0 0 0 0.808455 0.588558
9.800000000 0.888072 0.191155 0 0 0 0.557169 0.830399
10.300000000 0.980424 0.136579 0 0 0 0.335018 0.942212
10.900000000 1.02484 0.0270191 0 0 0 0.0415968 0.999134
11.600000000 0.998665 -0.116729 0 0 0 -0.303537 0.95282
14.900000000 1.21655 -0.107805 0 0 0 0.0293293 0.99957
15.600000000 1.17514 0.00321978 0 0 0 0.370887 0.928678
16.200000000 1.06379 0.109764 0 0 0 0.617924 0.786238
16.900000000 0.948095 0.14127 0 0 0 0.836739 0.547601
17.900000000 0.531423 0.474618 0 0 0 0.938247 0.345965
19.300000000 -0.265352 1.18594 0 0 0 0.932789 0.360424
20.600000000 -0.924965 1.90096 0 0 0 0.906013 0.423251
21.900000000 -1.47545 2.7011 0 0 0 0.873393 0.487015
23.300000000 -1.93777 3.64228 0 0 0 0.836094 0.548586
24.600000000 -2.31043 4.56095 0 0 0 0.81298 0.582292
25.900000000 -2.62236 5.48232 0 0 0 0.824547 0.565793
27.200000000 -2.85503 6.41568 0 0 0 0.771857 0.635796
28.000000000 -2.86095 6.47645 0 0 0 0.515199 0.857071
28.700000000 -2.77727 6.38363 0 0 0 0.195074 0.980789
29.300000000 -2.7566 6.28438 0 0 0 -0.0991021 0.995077
29.900000000 -2.80613 6.20155 0 0 0 -0.384882 0.922966
30.600000000 -2.90161 6.12849 0 0 0 -0.67389 0.738832
31.300000000 -2.91204 6.16207 0 0 0 -0.879934 0.475096
32.000000000 -3.02189 6.27553 0 0 0 -0.988902 0.148569
32.600000000 -3.03102 6.39242 0 0 0 0.989319 0.145765
33.200000000 -2.96273 6.47502 0 0 0 0.904783 0.425874
33.700000000 -2.89819 6.47428 0 0 0 0.772223 0.635351
34.800000000 -2.72994 6.95196 0 0 0 0.535738 0.844384
36.200000000 -2.12742 7.83085 0 0 0 0.524329 0.851516
37.600000000 -1.97767 8.76658 0 0 0 0.661289 0.750131
39.000000000 -1.99499 9.84794 0 0 0 0.770238 0.637757
40.300000000 -2.23721 10.7594 0 0 0 0.759401 0.650623
41.900000000 -2.30516 11.8087 0 0 0 0.717922 0.696124
44.900000000 -2.27927 12.7394 0 0 0 0.690493 0.723339
48.900000000 -2.24177 13.7235 0 0 0 0.696315 0.717736
52.800000000 -2.23083 14.7201 0 0 0 0.704989 0.709218
56.100000000 -2.20493 15.7675 0 0 0 0.711377 0.702811
57.400000000 -2.40463 16.726 0 0 0 0.785379 0.619015
58.700000000 -2.74969 17.6375 0 0 0 0.818981 0.57382
60.000000000 -2.91184 18.6159 0 0 0 0.752321 0.658796
61.800000000 -2.73312 19.4058 0 0 0 0.494969 0.868911
62.400000000 -2.71907 19.3356 0 0 0 0.215584 0.976485
63.100000000 -2.70362 19.2661 0 0 0 -0.128276 0.991739
63.600000000 -2.69733 19.2773 0 0 0 -0.37295 0.927852
64.300000000 -2.85885 19.2093 0 0 0 -0.647741 0.761861
64.800000000 -2.92508 19.157 0 0 0 -0.809097 0.587675
66.000000000 -3.43887 18.7387 0 0 0 -0.941745 0.336327
67.300000000 -4.23593 18.2399 0 0 0 -0.972509 0.232864
68.100000000 -4.32106 18.3549 0 0 0 0.992465 0.122529
68.500000000 -4.28972 18.4396 0 0 0 0.949658 0.313287
69.300000000 -4.20206 18.5171 0 0 0 0.756177 0.654367
69.900000000 -4.02438 18.3333 0 0 0 0.544816 0.838555
71.500000000 -3.29842 19.0496 0 0 0 0.363792 0.93148
72.700000000 -2.63982 19.6795 0 0 0 0.391745 0.920074
74.100000000 -2.00641 20.5465 0 0 0 0.518503 0.855076
75.500000000 -1.81809 21.4964 0 0 0 0.673462 0.739222
76.700000000 -1.8941 22.3686 0 0 0 0.753194 0.657799
78.100000000 -2.00524 23.4103 0 0 0 0.737138 0.675742
79.400000000 -2.06415 24.3527 0 0 0 0.723638 0.69018
82.100000000 -2.07343 25.2976 0 0 0 0.704648 0.709557
86.000000000 -2.05622 26.2874 0 0 0 0.700531 0.713622
89.800000000 -2.03883 27.2768 0 0 0 0.706381 0.707832
92.000000000 -2.06272 28.3072 0 0 0 0.726631 0.687028
93.200000000 -2.27072 29.2132 0 0 0 0.815997 0.578057
94.600000000 -2.69229 30.1663 0 0 0 0.831392 0.555686
95.900000000 -2.95399 31.105 0 0 0 0.763534 0.645768
97.400000000 -2.75462 31.9757 0 0 0 0.546192 0.83766
98.800000000 -2.18994 32.7997 0 0 0 0.471371 0.881935
100.300000000 -1.74223 33.8445 0 0 0 0.617769 0.78636
101.700000000 -1.75741 34.7408 0 0 0 0.721382 0.692538
103.100000000 -1.9055 35.7912 0 0 0 0.76694 0.641719
104.500000000 -2.01236 36.7565 0 0 0 0.727507 0.6861
106.800000000 -2.00436 37.689 0 0 0 0.694164 0.719817
110.200000000 -1.93212 38.6873 0 0 0 0.678147 0.734926
111.500000000 -1.88304 39.66 0 0 0 0.713297 0.700862
112.800000000 -1.98986 40.6351 0 0 0 0.740485 0.672073
114.300000000 -2.37882 41.5617 0 0 0 0.881997 0.471255
115.200000000 -2.67332 41.7138 0 0 0 0.979294 0.202444
115.900000000 -2.78579 41.6297 0 0 0 -0.996077 0.0884914
116.500000000 -2.80924 41.5141 0 0 0 -0.936086 0.351771
117.200000000 -2.68852 41.4421 0 0 0 -0.759427 0.650593
117.800000000 -2.5816 41.4594 0 0 0 -0.533229 0.845971
118.300000000 -2.50471 41.52 0 0 0 -0.306265 0.951946
118.900000000 -2.46718 41.6423 0 0 0 -0.0112497 0.999937
119.700000000 -2.27783 41.8019 0 0 0 0.273272 0.961937
121.100000000 -1.86618 42.5137 0 0 0 0.539196 0.84218
122.500000000 -1.71805 43.4891 0 0 0 0.684919 0.72862
123.700000000 -1.69319 44.3849 0 0 0 0.711151 0.70304
125.100000000 -1.71939 45.4296 0 0 0 0.713735 0.700416
126.500000000 -1.71771 46.4834 0 0 0 0.706227 0.707986
127.700000000 -1.7153 47.3771 0 0 0 0.70623 0.707982
129.100000000 -1.71321 48.4307 0 0 0 0.706234 0.707979
130.400000000 -1.71143 49.403 0 0 0 0.706234 0.707978
131.800000000 -1.712 50.4557 0 0 0 0.706224 0.707988
133.000000000 -1.69939 51.358 0 0 0 0.706214 0.707998
134.300000000 -1.70377 52.3303 0 0 0 0.714164 0.699979
135.800000000 -1.99848 53.3211 0 0 0 0.849603 0.527423
137.200000000 -2.53384 54.2023 0 0 0 0.871973 0.489555
138.500000000 -2.92159 55.1114 0 0 0 0.798796 0.601601
139.900000000 -2.98603 56.1408 0 0 0 0.688274 0.72545
141.500000000 -2.5556 57.0555 0 0 0 0.453798 0.891104
143.000000000 -1.75369 57.75 0 0 0 0.295011 0.955494
144.100000000 -0.97361 58.1027 0 0 0 0.180186 0.983632
145.700000000 0.124719 58.2761 0 0 0 0.0238569 0.999715
148.100000000 1.07691 58.2045 0 0 0 -0.0467531 0.998906
152.700000000 2.05648 58.1331 0 0 0 -0.0366884 0.999327
157.000000000 2.99053 58.1034 0 0 0 -0.00927357 0.999957
160.600000000 4.01129 58.0995 0 0 0 -0.000685422 1
163.700000000 4.97857 58.0981 0 0 0 -0.000686464 1
165.400000000 5.81748 58.4358 0 0 0 0.276237 0.96109
167.200000000 6.55776 58.9784 0 0 0 0.141451 0.989945
168.000000000 6.8424 58.8334 0 0 0 -0.129019 0.991642
169.500000000 7.72986 58.2756 0 0 0 -0.269011 0.963137
170.900000000 8.61196 58.0081 0 0 0 -0.122079 0.99252
172.400000000 9.63567 57.9382 0 0 0 0.0237622 0.999718
173.600000000 10.5472 58.0376 0 0 0 0.0795922 0.996828
175.000000000 11.5761 58.1731 0 0 0 0.0347895 0.999395
177.100000000 12.5919 58.1857 0 0 0 -0.0135822 0.999908
180.500000000 13.5119 58.1407 0 0 0 -0.0151956 0.999885
184.300000000 14.4963 58.1285 0 0 0 -0.00406582 0.999992
188.000000000 15.4561 58.1239 0 0 0 -0.00238958 0.999997
191.000000000 16.4348 58.1088 0 0 0 -0.00238897 0.999997
193.900000000 17.3908 58.1038 0 0 0 -0.00238965 0.999997
197.000000000 18.2712 58.2192 0 0 0 0.310562 0.950553
197.500000000 18.1771 58.2954 0 0 0 0.535042 0.844825
198.200000000 18.0501 58.302 0 0 0 0.79267 0.609651
198.800000000 17.9499 58.2392 0 0 0 0.937431 0.348172
199.500000000 17.9026 58.1108 0 0 0 0.999977 0.00675128
200.100000000 17.948 58.0014 0 0 0 -0.957489 0.288471
200.800000000 18.0385 57.9203 0 0 0 -0.799479 0.600694
201.700000000 18.1846 57.6883 0 0 0 -0.567867 0.82312
203.000000000 18.7411 57.0898 0 0 0 -0.350022 0.936742
204.600000000 19.4243 56.5071 0 0 0 -0.354882 0.934911
208.800000000 20.1417 55.8171 0 0 0 -0.374672 0.927157
213.000000000 20.808 55.1554 0 0 0 -0.385313 0.922786
216.600000000 21.4834 54.401 0 0 0 -0.480187 0.877166
218.000000000 21.8182 53.4655 0 0 0 -0.599 0.800749
220.800000000 21.9126 52.4517 0 0 0 -0.695897 0.718141
224.900000000 21.8814 51.4819 0 0 0 -0.721142 0.692787
229.100000000 21.9318 50.5503 0 0 0 -0.604832 0.796353
230.500000000 22.4838 49.8837 0 0 0 -0.387407 0.921909
232.000000000 23.1878 49.1794 0 0 0 -0.37005 0.929012
235.000000000 23.7608 48.4986 0 0 0 -0.649219 0.760601
235.800000000 23.5887 48.3208 0 0 0 -0.830193 0.557476
237.300000000 22.8951 47.6321 0 0 0 -0.931176 0.364569
238.700000000 22.1289 46.9201 0 0 0 -0.927352 0.37419
240.000000000 21.4395 46.2214 0 0 0 -0.921831 0.387591
241.300000000 20.7547 45.5282 0 0 0 -0.922129 0.386882
242.500000000 20.1215 44.894 0 0 0 -0.923619 0.383313
244.000000000 19.3646 44.0828 0 0 0 -0.917721 0.397226
245.300000000 18.6935 43.3505 0 0 0 -0.922386 0.386269
246.800000000 17.7723 42.7153 0 0 0 -0.977649 0.210245
248.100000000 16.8401 42.5723 0 0 0 -0.999014 0.0443876
249.400000000 15.8604 42.617 0 0 0 0.999891 0.0147668
250.800000000 14.8714 42.4273 0 0 0 -0.985376 0.170397
252.200000000 14.0894 41.8764 0 0 0 -0.92751 0.373797
253.600000000 13.4482 41.1419 0 0 0 -0.919357 0.393423
256.200000000 12.7974 40.4679 0 0 0 -0.922075 0.38701
259.700000000 12.1246 39.7879 0 0 0 -0.92285 0.385159
263.800000000 11.4505 39.104 0 0 0 -0.921788 0.387693
265.000000000 11.3499 38.874 0 0 0 -0.751823 0.659365
265.800000000 11.4973 38.5891 0 0 0 -0.550744 0.834674
267.300000000 12.1824 37.8579 0 0 0 -0.367543 0.930006
269.300000000 12.982 37.2756 0 0 0 -0.275724 0.961237
273.700000000 13.7979 36.7543 0 0 0 -0.313752 0.949505
278.600000000 14.5102 36.1243 0 0 0 -0.361644 0.932316
283.400000000 15.2115 35.4705 0 0 0 -0.376618 0.926369
288.300000000 15.9093 34.7708 0 0 0 -0.380254 0.924882
293.300000000 16.6474 34.1757 0 0 0 -0.322116 0.9467
295.000000000 16.9948 34.0782 0 0 0 -0.00154485 0.999999
295.800000000 17.2102 34.2423 0 0 0 0.260904 0.965365
297.000000000 17.5966 34.7977 0 0 0 0.492719 0.870188
298.400000000 17.8897 35.7671 0 0 0 0.629438 0.777051
299.800000000 17.8535 36.471 0 0 0 0.829125 0.559063
300.400000000 17.8221 36.3963 0 0 0 0.958312 0.285724
301.100000000 17.7996 36.2929 0 0 0 -0.998149 0.0608132
301.700000000 17.8481 36.1953 0 0 0 -0.935599 0.353065
302.200000000 17.8586 36.194 0 0 0 -0.817516 0.575906
302.900000000 17.8659 36.1995 0 0 0 -0.574354 0.818607
304.000000000 18.2895 35.756 0 0 0 -0.354971 0.934877
305.300000000 19.2097 35.0271 0 0 0 -0.33543 0.942065
306.900000000 19.9287 34.4244 0 0 0 -0.3669 0.93026
310.100000000 20.7883 33.8213 0 0 0 -0.245537 0.969387
311.500000000 21.7882 33.4815 0 0 0 -0.0928807 0.995677
314.500000000 22.704 33.5913 0 0 0 0.0301492 0.999545
319.500000000 23.6872 33.6621 0 0 0 0.0337088 0.999432
324.400000000 24.6616 33.6979 0 0 0 0.0114539 0.999934
329.300000000 25.6266 33.6979 0 0 0 0.00274815 0.999996
334.100000000 26.5682 33.7108 0 0 0 0.00151133 0.999999
336.500000000 27.4328 34.0257 0 0 0 0.284587 0.95865
338.000000000 28.1616 34.7393 0 0 0 0.39809 0.917346
341.600000000 28.8221 35.4248 0 0 0 0.386932 0.922108
346.100000000 29.4843 36.0934 0 0 0 0.384701 0.923041
350.600000000 30.1802 36.8057 0 0 0 0.384656 0.92306
355.000000000 30.8376 37.4693 0 0 0 0.38461 0.923079
358.800000000 31.5273 38.1558 0 0 0 0.384564 0.923098
363.400000000 32.2309 38.8756 0 0 0 0.384531 0.923112
367.500000000 32.9068 39.5577 0 0 0 0.384527 0.923114
370.700000000 33.562 40.2564 0 0 0 0.413243 0.910621
373.500000000 34.1856 40.9815 0 0 0 0.406664 0.913578
375.300000000 34.9166 41.7281 0 0 0 0.38738 0.92192
376.600000000 35.5971 42.4175 0 0 0 0.382494 0.923958
378.400000000 36.1697 43.1122 0 0 0 0.665533 0.746369
379.000000000 36.0554 43.2026 0 0 0 0.830535 0.556967
380.400000000 35.323 43.8857 0 0 0 0.922385 0.386272
381.800000000 34.6893 44.6583 0 0 0 0.912368 0.409371
383.200000000 34.1395 45.5506 0 0 0 0.813203 0.58198
384.400000000 34.1314 46.412 0 0 0 0.721388 0.692531
385.800000000 34.2244 47.4607 0 0 0 0.667718 0.744414
387.200000000 34.217 48.5232 0 0 0 0.702497 0.711687
388.400000000 34.2466 49.4066 0 0 0 0.711131 0.703059
389.700000000 34.2363 50.38 0 0 0 0.709527 0.704679
391.100000000 34.2338 51.4334 0 0 0 0.702968 0.711222
392.300000000 34.2438 52.3366 0 0 0 0.707364 0.706849
393.600000000 34.2429 53.3105 0 0 0 0.707361 0.706852
394.900000000 34.2421 54.2844 0 0 0 0.70736 0.706854
396.500000000 34.0565 55.2634 0 0 0 0.842605 0.538531
398.000000000 33.3543 56.0468 0 0 0 0.924872 0.380279
399.400000000 32.6078 56.7765 0 0 0 0.925435 0.378905
400.800000000 31.8692 57.4873 0 0 0 0.942575 0.333995
408.200000000 31.6406 57.7932 0 0 0 0.760052 0.649862
408.700000000 31.7775 57.7857 0 0 0 0.5828 0.812616
409.400000000 31.8779 57.7228 0 0 0 0.272708 0.962097
410.000000000 31.909 57.6206 0 0 0 -0.0189458 0.999821
410.600000000 31.8803 57.4965 0 0 0 -0.309091 0.951032
411.100000000 31.8345 57.4456 0 0 0 -0.530533 0.847664
411.700000000 31.7235 57.4085 0 0 0 -0.751358 0.659895
412.600000000 31.4337 57.1299 0 0 0 -0.899828 0.436245
414.100000000 30.6406 56.433 0 0 0 -0.935713 0.352763
415.300000000 29.9763 55.8562 0 0 0 -0.930371 0.366619
417.600000000 29.2332 55.1829 0 0 0 -0.944071 0.329742
421.700000000 28.3699 54.6609 0 0 0 -0.974926 0.222529
424.500000000 27.4969 54.2696 0 0 0 -0.97395 0.226764
429.300000000 26.6917 53.7266 0 0 0 -0.949128 0.31489
433.900000000 25.9572 53.0887 0 0 0 -0.932557 0.361022
438.000000000 25.229 52.3922 0 0 0 -0.926857 0.375415
442.000000000 24.5102 51.6554 0 0 0 -0.913371 0.407129
443.400000000 23.8691 50.8337 0 0 0 -0.864164 0.50321
445.000000000 23.5849 49.8923 0 0 0 -0.748656 0.662958
448.000000000 23.7786 48.9751 0 0 0 -0.678749 0.73437
450.000000000 23.8718 48.6151 0 0 0 -0.408236 0.912876
450.700000000 23.9102 48.6474 0 0 0 -0.176186 0.984357
451.600000000 23.9157 48.7383 0 0 0 0.181651 0.983363
452.100000000 23.8704 48.833 0 0 0 0.418686 0.908131
452.800000000 23.7414 48.8784 0 0 0 0.705177 0.709031
453.500000000 23.5221 49.0592 0 0 0 0.858313 0.513127
454.900000000 22.8112 49.7871 0 0 0 0.931063 0.364858
456.800000000 22.2484 50.08 0 0 0 0.995695 0.0926904
457.700000000 22.2497 50.077 0 0 0 -0.979614 0.200887
458.500000000 22.2888 50.0504 0 0 0 -0.887528 0.460754
459.300000000 22.3121 50.0243 0 0 0 -0.726783 0.686867
459.900000000 22.3114 50.0198 0 0 0 -0.486506 0.873677
460.600000000 22.3861 50.1174 0 0 0 -0.157404 0.987534
461.200000000 22.4014 50.1533 0 0 0 0.144532 0.9895
461.900000000 22.3146 50.2615 0 0 0 0.47508 0.879943
462.900000000 22.3038 50.6548 0 0 0 0.723249 0.690587
464.400000000 21.9559 51.3016 0 0 0 0.881328 0.472505
467.000000000 21.6549 51.8445 0 0 0 0.699713 0.714424
468.600000000 21.9487 52.2441 0 0 0 0.479415 0.877588
470.900000000 22.1007 52.837 0 0 0 0.724188 0.689603
472.600000000 21.5901 53.6917 0 0 0 0.843869 0.536549
474.300000000 21.4429 54.2885 0 0 0 0.669743 0.742593
475.200000000 21.5453 54.258 0 0 0 0.422868 0.906191
477.400000000 21.795 54.7248 0 0 0 0.677851 0.735199
478.300000000 21.6999 55.0312 0 0 0 0.867612 0.497242
479.300000000 21.3082 55.2838 0 0 0 0.969713 0.244247
481.000000000 20.4179 55.3796 0 0 0 0.999969 0.00787399
482.100000000 20.2858 55.2723 0 0 0 -0.964933 0.262497
483.100000000 20.3829 55.2683 0 0 0 -0.844237 0.535971
483.900000000 20.4104 55.2692 0 0 0 -0.625437 0.780275
484.600000000 20.5296 55.3413 0 0 0 -0.382309 0.924035
485.300000000 20.5445 55.3494 0 0 0 -0.111208 0.993797
485.900000000 20.6478 55.4416 0 0 0 0.178521 0.983936
486.600000000 20.5415 55.5396 0 0 0 0.505548 0.862798
487.300000000 20.4863 55.6488 0 0 0 0.747138 0.664669
488.500000000 20.081 56.2892 0 0 0 0.889871 0.456212
489.900000000 19.3852 56.8652 0 0 0 0.95201 0.306068
491.200000000 19.2883 56.8343 0 0 0 -0.99998 0.00634433
494.000000000 18.4396 56.926 0 0 0 0.937724 0.347382
494.800000000 18.5314 56.9865 0 0 0 0.798093 0.602534
496.900000000 18.6353 58.025 0 0 0 0.721287 0.692636
498.000000000 18.4859 58.2766 0 0 0 0.880208 0.474589
498.900000000 18.326 58.2697 0 0 0 0.978529 0.20611
500.300000000 17.8166 58.1946 0 0 0 -0.998602 0.0528624
501.800000000 17.5131 58.0272 0 0 0 -0.946596 0.322422
502.700000000 17.5891 57.9584 0 0 0 -0.810039 0.586377
503.600000000 17.5839 57.9638 0 0 0 -0.580891 0.813981
504.300000000 17.6618 58.0583 0 0 0 -0.338532 0.940955
505.100000000 17.8373 58.1216 0 0 0 -0.0264715 0.99965
506.500000000 18.3743 58.3174 0 0 0 0.215603 0.976481
507.800000000 18.5123 58.5215 0 0 0 0.477363 0.878706
508.800000000 18.3904 58.5602 0 0 0 0.69843 0.715679
509.400000000 18.3045 58.5232 0 0 0 0.84516 0.534513
510.100000000 18.2117 58.4478 0 0 0 0.977233 0.212169
510.700000000 18.2024 58.3324 0 0 0 -0.996385 0.0849473
511.200000000 18.234 58.2293 0 0 0 -0.944544 0.328384
511.900000000 18.3313 58.242 0 0 0 -0.77319 0.634174
512.500000000 18.4675 58.1564 0 0 0 -0.563238 0.826295
513.200000000 18.6373 58.2171 0 0 0 -0.305799 0.952096
514.800000000 19.6643 57.865 0 0 0 -0.112734 0.993625
516.700000000 20.5997 57.7016 0 0 0 -0.0426051 0.999092
520.100000000 21.5254 57.6797 0 0 0 0.00766862 0.999971
523.000000000 22.5816 57.7366 0 0 0 0.0305377 0.999534
524.600000000 23.5029 57.7958 0 0 0 0.0289644 0.99958
528.800000000 24.4628 57.826 0 0 0 0.00607917 0.999982
533.400000000 25.46 57.8333 0 0 0 0.000565397 1
537.600000000 26.4119 57.8346 0 0 0 0.0005282 1
541.400000000 27.4104 57.8357 0 0 0 0.000509639 1
545.000000000 28.3714 57.8367 0 0 0 0.00047833 1
548.800000000 29.3661 57.8378 0 0 0 0.000445499 1
552.500000000 30.33 57.8392 0 0 0 0.000411538 1
556.200000000 31.3136 57.8405 0 0 0 0.000437438 1
560.000000000 32.2891 57.8416 0 0 0 0.000461558 1
564.100000000 33.2909 57.8299 0 0 0 -0.00490067 0.999988
567.800000000 34.2486 57.8242 0 0 0 -0.00304732 0.999995
570.200000000 35.2751 57.9022 0 0 0 0.0668273 0.997765
571.600000000 36.3153 58.0554 0 0 0 0.0602112 0.998186
573.300000000 37.3463 58.1087 0 0 0 0.0113547 0.999936
576.100000000 38.309 58.1105 0 0 0 0.000881558 1
577.900000000 39.3728 58.1111 0 0 0 -0.00663256 0.999978
579.300000000 40.4254 58.134 0 0 0 0.00725675 0.999974
580.600000000 41.4066 58.1388 0 0 0 0.0119199 0.999929
581.900000000 41.8922 58.0211 0 0 0 -0.313728 0.949513
582.500000000 41.8107 57.9718 0 0 0 -0.576478 0.817112
583.100000000 41.6717 57.9237 0 0 0 -0.789325 0.613976
583.800000000 41.6452 57.9863 0 0 0 -0.950705 0.310098
584.300000000 41.6011 58.0553 0 0 0 -0.997633 0.0687639
585.000000000 41.6096 58.2023 0 0 0 0.962314 0.27194
585.800000000 41.4786 58.5005 0 0 0 0.869202 0.494457
586.600000000 41.5296 58.6736 0 0 0 0.666911 0.745138
587.200000000 41.5772 58.6266 0 0 0 0.421073 0.907027
587.700000000 41.6113 58.5551 0 0 0 0.187123 0.982336
588.400000000 41.9408 58.5142 0 0 0 -0.0619049 0.998082
590.100000000 42.8614 57.9129 0 0 0 -0.279375 0.960182
591.500000000 43.7937 57.5626 0 0 0 -0.110038 0.993927
593.100000000 44.8871 57.6848 0 0 0 0.131229 0.991352
594.300000000 45.7496 58.023 0 0 0 0.184725 0.98279
595.700000000 46.7428 58.234 0 0 0 0.0632452 0.997998
597.000000000 47.723 58.2495 0 0 0 -0.0172706 0.999851
598.300000000 48.7007 58.1774 0 0 0 -0.053901 0.998546
599.600000000 49.6723 58.1108 0 0 0 -0.0241402 0.999709
600.900000000 50.6447 58.0784 0 0 0 -0.00165108 0.999999
602.300000000 51.6974 58.1445 0 0 0 0.0310133 0.999519
603.600000000 52.6689 58.17 0 0 0 0.0176753 0.999844
605.200000000 53.5989 57.9627 0 0 0 -0.251923 0.967747
606.600000000 54.2948 57.2616 0 0 0 -0.40196 0.915657
608.000000000 55.0079 56.4886 0 0 0 -0.389778 0.920909
609.300000000 55.6903 55.7931 0 0 0 -0.382645 0.923895
610.600000000 56.3843 55.1094 0 0 0 -0.382645 0.923895
611.800000000 56.977 54.4284 0 0 0 -0.431937 0.901904
613.200000000 57.5387 53.5065 0 0 0 -0.50458 0.863365
614.500000000 57.8732 52.6276 0 0 0 -0.604888 0.79631
616.000000000 57.9517 51.723 0 0 0 -0.692358 0.721554
617.800000000 58.3125 50.781 0 0 0 -0.468929 0.883236
619.300000000 59.123 50.1572 0 0 0 -0.24869 0.968583
620.500000000 59.9797 49.8983 0 0 0 -0.100265 0.994961
621.700000000 60.6034 49.9228 0 0 0 0.162272 0.986746
622.400000000 60.5242 50.0386 0 0 0 0.486748 0.873543
622.900000000 60.4398 50.0682 0 0 0 0.687279 0.726394
623.600000000 60.3251 50.0196 0 0 0 0.894962 0.446143
624.200000000 60.266 49.9338 0 0 0 0.986817 0.161838
624.800000000 60.2731 49.8258 0 0 0 -0.990579 0.136939
625.700000000 59.9391 49.4965 0 0 0 -0.932786 0.36043
627.000000000 59.3244 48.7966 0 0 0 -0.906927 0.421288
628.400000000 58.6129 48.0228 0 0 0 -0.920232 0.391374
629.700000000 57.9194 47.3392 0 0 0 -0.9269 0.375309
631.000000000 57.1502 46.6194 0 0 0 -0.926612 0.37602
632.500000000 56.3894 46.0751 0 0 0 -0.971955 0.235167
634.200000000 55.3882 45.6357 0 0 0 -0.961228 0.275755
635.600000000 54.7015 44.9513 0 0 0 -0.919996 0.391927
637.000000000 54.0617 44.0806 0 0 0 -0.857215 0.514959
638.300000000 53.9118 43.2447 0 0 0 -0.752111 0.659037
640.500000000 53.9666 42.2314 0 0 0 -0.679348 0.733817
644.500000000 54.0123 41.2932 0 0 0 -0.694155 0.719826
648.000000000 54.027 40.306 0 0 0 -0.704225 0.709977
650.100000000 53.9658 39.2202 0 0 0 -0.766745 0.641952
651.700000000 53.5751 38.4164 0 0 0 -0.875333 0.483521
654.200000000 52.9401 37.6799 0 0 0 -0.917194 0.39844
656.900000000 52.2485 36.9966 0 0 0 -0.923252 0.384195
660.100000000 51.5432 36.2966 0 0 0 -0.923257 0.384182
663.100000000 50.8682 35.6165 0 0 0 -0.923263 0.384168
664.200000000 50.8281 35.3347 0 0 0 -0.743561 0.668668
665.000000000 50.9876 35.1968 0 0 0 -0.508418 0.86111
666.400000000 51.6753 34.4741 0 0 0 -0.340716 0.940166
667.800000000 52.5284 33.9116 0 0 0 -0.269066 0.963122
669.100000000 53.4391 33.5967 0 0 0 -0.131896 0.991264
670.400000000 54.2309 33.1211 0 0 0 -0.317525 0.94825
671.800000000 54.9671 32.3541 0 0 0 -0.402566 0.915391
673.000000000 55.5816 31.7018 0 0 0 -0.392044 0.919947
674.400000000 56.3152 30.9563 0 0 0 -0.385638 0.92265
675.800000000 56.9991 30.1377 0 0 0 -0.439946 0.898024
677.100000000 57.5225 29.3369 0 0 0 -0.510339 0.859973
678.500000000 57.8319 28.3829 0 0 0 -0.62849 0.777818
680.300000000 57.8239 27.4377 0 0 0 -0.711626 0.702559
682.400000000 57.9554 26.6798 0 0 0 -0.497803 0.86729
683.500000000 58.4742 26.4224 0 0 0 -0.246685 0.969096
685.000000000 59.3885 26.1731 0 0 0 0.00409571 0.999992
685.600000000 59.3712 26.2952 0 0 0 0.295965 0.955199
686.200000000 59.2788 26.3786 0 0 0 0.563597 0.82605
686.800000000 59.1911 26.3772 0 0 0 0.783618 0.621243
687.300000000 59.0987 26.3274 0 0 0 0.912692 0.408648
688.000000000 58.9972 26.1863 0 0 0 0.996445 0.0842407
688.800000000 58.7741 26.0989 0 0 0 -0.982071 0.18851
690.100000000 58.1914 25.5343 0 0 0 -0.906613 0.421962
691.500000000 57.6177 24.7014 0 0 0 -0.901193 0.433418
693.000000000 56.8603 23.931 0 0 0 -0.926582 0.376093
694.300000000 56.1675 23.2461 0 0 0 -0.925049 0.379847
695.700000000 55.4771 22.569 0 0 0 -0.923654 0.383227
698.200000000 54.8127 21.9422 0 0 0 -0.938946 0.344064
700.400000000 53.9686 21.4167 0 0 0 -0.979968 0.199155
702.000000000 53.0029 21.2528 0 0 0 -0.997163 0.0752745
705.900000000 52.0298 21.2317 0 0 0 0.999992 0.00387855
709.300000000 51.0598 21.0354 0 0 0 -0.978554 0.205991
710.800000000 50.3291 20.3396 0 0 0 -0.914236 0.405181
713.400000000 49.7034 19.6784 0 0 0 -0.917635 0.397423
715.200000000 49.324 19.5847 0 0 0 -0.998146 0.0608578
715.800000000 49.3221 19.5925 0 0 0 0.982282 0.187411
717.400000000 48.498 20.3877 0 0 0 0.917402 0.397962
718.700000000 47.8656 21.0571 0 0 0 0.937537 0.347884
720.600000000 46.9589 21.4954 0 0 0 0.986654 0.16283
724.600000000 45.9751 21.6785 0 0 0 0.999748 0.022438
729.400000000 44.98 21.5902 0 0 0 -0.99883 0.04836
733.900000000 44.0417 21.498 0 0 0 -0.998671 0.0515414
738.700000000 43.0625 21.4349 0 0 0 -0.999792 0.0204117
743.400000000 42.102 21.4214 0 0 0 -0.999995 0.00303868
748.100000000 41.1578 21.4232 0 0 0 0.999999 0.00153324
753.000000000 40.1969 21.4264 0 0 0 0.999999 0.0016089
757.900000000 39.236 21.4298 0 0 0 0.999999 0.0016814
762.900000000 38.2568 21.4348 0 0 0 0.999998 0.00174905
767.600000000 37.3035 21.4509 0 0 0 0.999899 0.0142449
772.600000000 36.3194 21.468 0 0 0 0.999952 0.00983755
777.400000000 35.3408 21.4931 0 0 0 0.999973 0.00736278
782.100000000 34.3926 21.5083 0 0 0 0.999972 0.00742674
787.000000000 33.4184 21.5235 0 0 0 0.999972 0.00748904
791.800000000 32.4562 21.5388 0 0 0 0.999972 0.00754971
796.800000000 31.4575 21.5545 0 0 0 0.999971 0.00760897
801.600000000 30.4998 21.5699 0 0 0 0.999971 0.00766675
806.400000000 29.5364 21.5854 0 0 0 0.99997 0.00772181
811.200000000 28.5611 21.6009 0 0 0 0.99997 0.00772969
815.800000000 27.5945 21.6163 0 0 0 0.99997 0.00777018
817.400000000 26.8796 21.9389 0 0 0 0.958506 0.285071
818.900000000 26.2248 22.6567 0 0 0 0.913342 0.407194
821.600000000 25.5827 23.3133 0 0 0 0.916495 0.400047
832.200000000 24.9226 24.018 0 0 0 0.919906 0.392139
836.900000000 24.2459 24.7141 0 0 0 0.921183 0.38913
841.400000000 23.5691 25.4002 0 0 0 0.921182 0.389133
846.000000000 22.9098 26.0785 0 0 0 0.921181 0.389135
850.800000000 22.2407 26.7769 0 0 0 0.92118 0.389136
855.400000000 21.5553 27.4818 0 0 0 0.92118 0.389137
860.100000000 20.8798 28.1666 0 0 0 0.92118 0.389138
864.800000000 20.2168 28.8488 0 0 0 0.921179 0.389139
869.500000000 19.5316 29.5536 0 0 0 0.921178 0.389141
874.200000000 18.8698 30.2446 0 0 0 0.921178 0.389142
877.700000000 18.1812 31.0236 0 0 0 0.901686 0.432391
879.100000000 17.6243 31.9267 0 0 0 0.826283 0.563255
880.500000000 17.4802 32.923 0 0 0 0.721411 0.692508
882.200000000 17.6508 33.8181 0 0 0 0.662888 0.748718
883.800000000 17.6987 34.8065 0 0 0 0.695284 0.718735
885.100000000 17.575 35.09 0 0 0 0.890342 0.455292
885.800000000 17.5084 35.0078 0 0 0 0.978864 0.204512
886.700000000 17.2898 34.9136 0 0 0 -0.997024 0.0770979
888.000000000 16.8389 34.5861 0 0 0 -0.938657 0.344851
889.500000000 16.4075 34.3812 0 0 0 -0.999033 0.0439757
890.300000000 16.3548 34.494 0 0 0 0.975702 0.219104
892.000000000 15.9378 35.0089 0 0 0 0.880491 0.474063
894.000000000 15.733 35.5833 0 0 0 0.69274 0.721188
896.200000000 15.672 35.8672 0 0 0 0.886232 0.463242
897.600000000 15.2314 36.1027 0 0 0 0.976298 0.216432
900.400000000 14.5772 36.466 0 0 0 0.863946 0.503585
902.100000000 14.5685 36.7816 0 0 0 0.672626 0.739983
902.800000000 14.6048 36.7443 0 0 0 0.394337 0.918966
903.400000000 14.5984 36.6835 0 0 0 0.111252 0.993792
904.000000000 14.5814 36.6313 0 0 0 -0.171063 0.98526
904.500000000 14.5669 36.6074 0 0 0 -0.389509 0.921023
905.200000000 14.5497 36.5982 0 0 0 -0.630652 0.776066
905.800000000 14.4858 36.595 0 0 0 -0.809418 0.587232
906.400000000 14.4215 36.6351 0 0 0 -0.936434 0.350843
907.000000000 14.3276 36.6904 0 0 0 -0.99564 0.093275
907.800000000 14.0412 36.6714 0 0 0 0.990587 0.136888
909.100000000 13.7137 36.9901 0 0 0 0.909721 0.415221
910.400000000 13.6413 37.335 0 0 0 0.779715 0.626135
912.700000000 13.2101 38.1326 0 0 0 0.931294 0.36427
913.400000000 13.1439 38.0946 0 0 0 0.98967 0.143362
914.300000000 13.0119 37.9837 0 0 0 -0.992836 0.119482
916.200000000 11.9646 37.8416 0 0 0 -0.997942 0.0641291
917.200000000 11.9057 37.8249 0 0 0 0.964963 0.262386
917.800000000 11.9146 37.8303 0 0 0 0.872862 0.487967
918.600000000 12.0624 37.9443 0 0 0 0.666639 0.745381
919.500000000 12.2437 38.0991 0 0 0 0.422901 0.906176
920.600000000 12.5147 38.1509 0 0 0 0.148415 0.988925
921.800000000 12.4962 38.1191 0 0 0 -0.203235 0.97913
922.500000000 12.4916 38.1155 0 0 0 -0.455951 0.890005
923.300000000 12.4868 38.1081 0 0 0 -0.717052 0.697019
924.000000000 12.4476 38.0974 0 0 0 -0.877774 0.479076
924.800000000 12.2051 38.1106 0 0 0 -0.981493 0.191498
925.700000000 11.9246 38.1683 0 0 0 0.997647 0.0685606
926.800000000 11.5825 38.2992 0 0 0 0.94509 0.326811
928.000000000 11.5406 38.564 0 0 0 0.800554 0.599261
929.800000000 11.4734 39.6378 0 0 0 0.768945 0.639315
932.000000000 11.4663 40.3012 0 0 0 0.533762 0.845635
932.700000000 11.5555 40.2292 0 0 0 0.298032 0.954556
933.500000000 11.5609 40.2365 0 0 0 -0.0324895 0.999472
934.200000000 11.5526 40.228 0 0 0 -0.310088 0.950708
935.200000000 11.7289 39.7837 0 0 0 -0.519348 0.854563
936.500000000 11.7637 39.2097 0 0 0 -0.738733 0.673998
937.300000000 11.6384 39.2325 0 0 0 -0.895364 0.445334
938.000000000 11.5759 39.2973 0 0 0 -0.980862 0.194706
938.700000000 11.5641 39.4221 0 0 0 0.997285 0.0736436
939.500000000 11.5898 39.5469 0 0 0 0.926644 0.375939
940.300000000 11.7171 39.6081 0 0 0 0.767052 0.641585
941.800000000 11.8406 40.1786 0 0 0 0.588887 0.808215
943.300000000 12.1909 40.5336 0 0 0 0.32964 0.944107
944.200000000 12.3496 40.4952 0 0 0 0.0987472 0.995113
946.900000000 13.2142 40.8256 0 0 0 0.378847 0.92546
947.800000000 13.1238 40.881 0 0 0 0.619317 0.785141
950.500000000 13.3257 41.8375 0 0 0 0.352641 0.935759
952.200000000 14.2982 42.1655 0 0 0 0.206851 0.978372
953.900000000 14.6379 42.4854 0 0 0 0.476692 0.87907
954.700000000 14.619 42.4969 0 0 0 0.724678 0.689087
955.200000000 14.398 42.4575 0 0 0 0.871478 0.490435
955.900000000 14.3197 42.379 0 0 0 0.987191 0.159544
956.600000000 14.1574 42.246 0 0 0 -0.993591 0.113037
957.900000000 13.6107 41.7304 0 0 0 -0.922599 0.385762
959.300000000 13.0901 40.8584 0 0 0 -0.833726 0.552178
961.000000000 12.8668 39.9193 0 0 0 -0.811461 0.584407
962.400000000 12.2889 39.1729 0 0 0 -0.922155 0.386821
963.800000000 11.5181 38.4555 0 0 0 -0.93395 0.357403
965.700000000 10.7917 37.8287 0 0 0 -0.927662 0.373422
967.500000000 10.3169 36.9611 0 0 0 -0.793735 0.608264
969.300000000 10.2612 35.8881 0 0 0 -0.732439 0.680833
972.700000000 10.177 34.9857 0 0 0 -0.733726 0.679445
976.000000000 10.3339 33.9456 0 0 0 -0.632466 0.774588
977.500000000 10.4782 33.0762 0 0 0 -0.630195 0.776437
981.900000000 10.5835 32.1096 0 0 0 -0.683268 0.730168
986.800000000 10.5802 31.1385 0 0 0 -0.717253 0.696813
991.600000000 10.5404 30.1548 0 0 0 -0.722647 0.691217
996.400000000 10.5175 29.1961 0 0 0 -0.710922 0.703271
1000.600000000 10.5651 28.2478 0 0 0 -0.681439 0.731874
1005.400000000 10.579 27.2712 0 0 0 -0.710381 0.703817
1010.000000000 10.5413 26.3083 0 0 0 -0.727483 0.686126
1014.700000000 10.4898 25.3496 0 0 0 -0.732037 0.681264
1019.500000000 10.441 24.3989 0 0 0 -0.71763 0.696425
1024.300000000 10.4234 23.4286 0 0 0 -0.71301 0.701154
1029.100000000 10.4071 22.4771 0 0 0 -0.713023 0.70114
1034.000000000 10.3903 21.501 0 0 0 -0.713037 0.701126
1039.000000000 10.3732 20.4865 0 0 0 -0.713051 0.701112
1043.800000000 10.357 19.5291 0 0 0 -0.713066 0.701097
1048.400000000 10.3412 18.6152 0 0 0 -0.713081 0.701082
1053.000000000 10.3232 17.5789 0 0 0 -0.713096 0.701066
1054.700000000 10.3047 16.4548 0 0 0 -0.713141 0.701021
1056.000000000 10.2865 15.4827 0 0 0 -0.713163 0.700999
1057.400000000 10.315 14.4307 0 0 0 -0.702598 0.711587
1058.600000000 10.2989 13.5391 0 0 0 -0.69843 0.715678
1060.000000000 10.2974 12.4867 0 0 0 -0.713977 0.700169
1061.400000000 10.2759 11.4333 0 0 0 -0.713944 0.700203
1062.700000000 10.2554 10.46 0 0 0 -0.7139 0.700248
1064.000000000 10.2351 9.48656 0 0 0 -0.713845 0.700303
1065.400000000 10.2135 8.43442 0 0 0 -0.713819 0.70033
1066.700000000 10.1935 7.46101 0 0 0 -0.713747 0.700404
1068.000000000 10.1737 6.48867 0 0 0 -0.713662 0.70049
1069.400000000 10.1528 5.4352 0 0 0 -0.713486 0.700669
1070.700000000 10.1799 4.46192 0 0 0 -0.692833 0.721098
1072.000000000 10.1351 3.49097 0 0 0 -0.703604 0.710592
1073.300000000 10.1682 2.50812 0 0 0 -0.714343 0.699796
1074.700000000 10.0971 1.54872 0 0 0 -0.775163 0.631761
1076.100000000 9.61027 0.860828 0 0 0 -0.913488 0.406865
1077.500000000 8.85223 0.138811 0 0 0 -0.930871 0.365348
1078.800000000 8.14104 -0.529503 0 0 0 -0.925747 0.378144
1080.100000000 7.42994 -1.20672 0 0 0 -0.93221 0.361917
1087.200000000 7.17898 -1.22338 0 0 0 -0.999009 0.0445015
1088.000000000 6.96593 -1.08312 0 0 0 0.972081 0.234644
1089.500000000 6.25665 -0.328287 0 0 0 0.902691 0.43029
1090.800000000 5.60667 0.386607 0 0 0 0.930212 0.367024
1092.400000000 4.66899 0.803857 0 0 0 0.995413 0.0956729
1093.800000000 3.6272 0.810705 0 0 0 -0.998086 0.0618379
1095.100000000 2.68049 0.603075 0 0 0 -0.996961 0.0779049
1096.400000000 1.70119 0.521978 0 0 0 -0.999974 0.00721298
1097.800000000 0.661261 0.628634 0 0 0 0.998644 0.0520683
1099.200000000 -0.280148 0.707946 0 0 0 0.999977 0.00682898
1100.700000000 -0.634263 0.545918 0 0 0 -0.949337 0.314261
1101.200000000 -0.579779 0.49572 0 0 0 -0.857188 0.515003
1102.000000000 -0.433729 0.470707 0 0 0 -0.61425 0.789111
1102.800000000 -0.29896 0.413077 0 0 0 -0.360858 0.932621
1104.000000000 0.218447 0.324656 0 0 0 -0.103587 0.99462
1106.000000000 0.994683 0.457764 0 0 0 0.175083 0.984554
1107.100000000 1.01661 0.586545 0 0 0 0.466215 0.884671
1107.800000000 0.945405 0.61223 0 0 0 0.66714 0.744932
1108.700000000 0.801129 0.596442 0 0 0 0.872645 0.488356
1109.800000000 0.542943 0.61527 0 0 0 0.979635 0.200787
1112.500000000 -0.0142034 0.952361 0 0 0 0.863016 0.505177
1113.200000000 0.0746596 0.961639 0 0 0 0.712821 0.701346
1114.200000000 0.225482 0.956203 0 0 0 0.435238 0.900315
1115.400000000 0.555184 1.10627 0 0 0 0.183932 0.982939
1116.600000000 0.810041 1.04784 0 0 0 -0.096165 0.995365
1117.400000000 0.810455 0.891436 0 0 0 -0.335881 0.941904
1118.500000000 0.863239 0.62068 0 0 0 -0.586647 0.809843
1119.900000000 0.80063 0.24002 0 0 0 -0.782505 0.622644
1121.100000000 0.677267 0.194375 0 0 0 -0.931341 0.364149
1122.000000000 0.623646 0.284788 0 0 0 -0.994288 0.106735
1122.900000000 0.631816 0.409091 0 0 0 0.981271 0.192632
1124.000000000 0.480534 0.640974 0 0 0 0.896417 0.443211
1125.700000000 0.359483 1.1034 0 0 0 0.73379 0.679377
1126.600000000 0.523344 1.05322 0 0 0 0.498445 0.866921
1127.300000000 0.546935 1.02315 0 0 0 0.199672 0.979863
1127.900000000 0.552322 0.891314 0 0 0 -0.0862059 0.996277
1128.500000000 0.513695 0.778944 0 0 0 -0.357532 0.933901
1129.100000000 0.450069 0.728648 0 0 0 -0.592242 0.80576
1129.800000000 0.324798 0.717514 0 0 0 -0.810525 0.585704
1130.400000000 0.230966 0.766379 0 0 0 -0.936302 0.351197
1131.000000000 0.166906 0.864192 0 0 0 -0.994793 0.101913
1131.800000000 -0.0161783 0.958614 0 0 0 0.984856 0.173376
1132.900000000 -0.351483 1.33523 0 0 0 0.913627 0.406553
1134.900000000 -0.784484 2.23227 0 0 0 0.834895 0.55041
1136.200000000 -0.912453 2.25246 0 0 0 0.957326 0.289009
1137.600000000 -1.23736 2.21961 0 0 0 0.998374 0.057003
1139.400000000 -1.78704 2.39986 0 0 0 0.935848 0.352405
1140.000000000 -1.71356 2.43332 0 0 0 0.815934 0.578145
1141.500000000 -1.51063 3.16788 0 0 0 0.636437 0.771329
1143.200000000 -1.26658 3.77271 0 0 0 0.371284 0.928519
1144.000000000 -1.20944 3.68862 0 0 0 0.0784488 0.996918
1144.800000000 -1.22031 3.52395 0 0 0 -0.232317 0.97264
1145.600000000 -1.34044 3.42279 0 0 0 -0.528302 0.849056
1146.300000000 -1.42361 3.40073 0 0 0 -0.74644 0.665453
1147.000000000 -1.50903 3.4335 0 0 0 -0.903716 0.428133
1147.800000000 -1.65696 3.45337 0 0 0 -0.987412 0.158166
1148.800000000 -1.91514 3.5832 0 0 0 0.991535 0.12984
1150.200000000 -2.23307 3.88105 0 0 0 0.919794 0.392402
1151.200000000 -2.35246 4.25358 0 0 0 0.792958 0.609277
1152.500000000 -2.24825 4.54885 0 0 0 0.540425 0.841392
1153.100000000 -2.15767 4.4815 0 0 0 0.272956 0.962026
1153.700000000 -2.10136 4.3585 0 0 0 -0.0187074 0.999825
1154.400000000 -1.93387 4.18361 0 0 0 -0.262086 0.965045
1155.900000000 -1.29152 3.42043 0 0 0 -0.442151 0.896941
1157.200000000 -0.63149 2.70207 0 0 0 -0.391252 0.920283
1158.500000000 0.0527113 2.01747 0 0 0 -0.368545 0.92961
1159.800000000 0.75635 1.33738 0 0 0 -0.384726 0.923031
1161.100000000 1.44257 0.645188 0 0 0 -0.385909 0.922537
1162.500000000 2.17961 -0.108305 0 0 0 -0.385902 0.92254
1163.800000000 2.86991 -0.787075 0 0 0 -0.367045 0.930203
1165.400000000 3.77931 -1.56639 0 0 0 -0.338547 0.94095
1166.600000000 4.53366 -2.06725 0 0 0 -0.254155 0.967163
1168.100000000 5.56042 -2.33797 0 0 0 -0.058427 0.998292
1169.900000000 6.54158 -2.29014 0 0 0 0.0470427 0.998893
1173.600000000 7.52786 -2.19156 0 0 0 0.0377008 0.999289
1177.400000000 8.48874 -2.16127 0 0 0 0.0117713 0.999931
1181.000000000 9.42802 -2.15142 0 0 0 0.00272023 0.999996
1184.900000000 10.4374 -2.15136 0 0 0 0.000268949 1
1188.700000000 11.4376 -2.15107 0 0 0 0.000293588 1
1192.500000000 12.4025 -2.15073 0 0 0 0.000330747 1
1196.900000000 13.3691 -2.15035 0 0 0 0.000372214 1
1201.300000000 14.3404 -2.14988 0 0 0 0.000417473 1
1205.300000000 15.3309 -2.14933 0 0 0 0.000434111 1
1207.100000000 16.2634 -2.16921 0 0 0 -0.0259385 0.999664
1208.400000000 17.2344 -2.24531 0 0 0 -0.0381342 0.999273
1210.000000000 18.2872 -2.30083 0 0 0 -0.0139811 0.999902
1212.600000000 19.2683 -2.24662 0 0 0 0.0752626 0.997164
1213.200000000 19.2527 -2.19382 0 0 0 0.357507 0.93391
1213.800000000 19.1609 -2.14361 0 0 0 0.617575 0.786512
1214.400000000 19.051 -2.13139 0 0 0 0.822456 0.568829
1215.000000000 18.9566 -2.19415 0 0 0 0.953827 0.300357
1215.500000000 18.9204 -2.28671 0 0 0 0.998452 0.0556181
1216.200000000 18.7999 -2.44435 0 0 0 -0.975343 0.220695
1217.800000000 18.0372 -3.2233 0 0 0 -0.898154 0.439682
1218.800000000 17.9693 -3.52163 0 0 0 -0.711534 0.702652
1219.300000000 18.0624 -3.50824 0 0 0 -0.514572 0.857447
1220.000000000 18.1678 -3.41562 0 0 0 -0.197179 0.980368
1220.800000000 18.293 -3.27037 0 0 0 0.131874 0.991266
1221.800000000 18.7407 -2.96888 0 0 0 0.356431 0.934322
1223.200000000 19.4254 -2.21044 0 0 0 0.40915 0.912467
1224.400000000 20.0446 -1.54008 0 0 0 0.379724 0.9251
1225.900000000 20.8432 -0.760486 0 0 0 0.379715 0.925104
1227.200000000 21.5378 -0.0654385 0 0 0 0.379704 0.925108
1228.600000000 22.2925 0.66947 0 0 0 0.379693 0.925113
1230.000000000 23.0373 1.40414 0 0 0 0.379681 0.925117
1231.500000000 23.7986 2.1776 0 0 0 0.38556 0.922683
1234.400000000 24.4074 2.82558 0 0 0 0.410195 0.911998
1238.600000000 25.0011 3.76835 0 0 0 0.534059 0.845447
1240.000000000 25.3367 4.766 0 0 0 0.589252 0.807949
1243.200000000 25.7983 5.64322 0 0 0 0.473348 0.880876
1247.600000000 26.4264 6.3908 0 0 0 0.408573 0.912726
1251.900000000 27.1009 7.08643 0 0 0 0.391113 0.920343
1256.600000000 27.7801 7.77737 0 0 0 0.385 0.922917
1260.100000000 28.5098 8.48992 0 0 0 0.342706 0.939443
1260.900000000 28.6385 8.43817 0 0 0 0.0330429 0.999454
1261.700000000 28.9036 8.27513 0 0 0 -0.225082 0.97434
1263.200000000 29.5883 7.52894 0 0 0 -0.419765 0.907633
1264.600000000 30.2799 6.73223 0 0 0 -0.424297 0.905523
1265.800000000 30.8958 6.0455 0 0 0 -0.407232 0.913325
1267.200000000 31.6379 5.30896 0 0 0 -0.380684 0.924705
1268.500000000 32.3256 4.61828 0 0 0 -0.380702 0.924698
1269.800000000 33.023 3.93758 0 0 0 -0.380721 0.92469
1271.100000000 33.6686 3.22584 0 0 0 -0.403851 0.914825
1272.400000000 34.2019 2.40225 0 0 0 -0.547633 0.836719
1273.800000000 34.3247 1.42038 0 0 0 -0.701219 0.712946
1275.100000000 34.1682 0.456865 0 0 0 -0.762531 0.646952
1276.600000000 34.1393 -0.568187 0 0 0 -0.680132 0.733089
1277.200000000 34.2085 -0.548515 0 0 0 -0.441363 0.897329
1277.800000000 34.2761 -0.452039 0 0 0 -0.156295 0.98771
1278.500000000 34.2678 -0.333892 0 0 0 0.192465 0.981304
1279.000000000 34.2252 -0.323022 0 0 0 0.431348 0.902186
1279.700000000 34.1238 -0.28962 0 0 0 0.715059 0.699065
1280.500000000 33.8955 -0.10606 0 0 0 0.881181 0.47278
1282.000000000 33.1175 0.501235 0 0 0 0.946054 0.32401
1283.100000000 32.7677 0.719516 0 0 0 0.999975 0.007069
1283.700000000 32.7908 0.606075 0 0 0 -0.957391 0.288794
1284.300000000 32.8919 0.531251 0 0 0 -0.829267 0.558853
1284.900000000 33.0091 0.52111 0 0 0 -0.62705 0.778979
1285.900000000 33.3624 0.140092 0 0 0 -0.412526 0.910946
1287.200000000 34.0647 -0.50561 0 0 0 -0.342389 0.939558
1288.600000000 34.8245 -1.23315 0 0 0 -0.376682 0.926343
1289.900000000 35.5741 -1.85385 0 0 0 -0.312132 0.950039
1291.300000000 36.527 -2.27741 0 0 0 -0.148247 0.98895
1292.900000000 37.534 -2.35308 0 0 0 0.00468909 0.999989
1295.300000000 38.4403 -2.29377 0 0 0 0.0440346 0.99903
1296.700000000 39.4912 -2.21742 0 0 0 0.0345944 0.999401
1298.000000000 40.4743 -2.20936 0 0 0 0.000940191 1
1299.300000000 41.4346 -2.25998 0 0 0 -0.0366635 0.999328
1301.100000000 42.2924 -2.4614 0 0 0 -0.354172 0.93518
1301.700000000 42.1979 -2.53085 0 0 0 -0.611047 0.791594
1302.400000000 42.076 -2.68844 0 0 0 -0.799091 0.60121
1304.100000000 41.5011 -3.48356 0 0 0 -0.856173 0.516689
1305.000000000 41.5371 -3.70832 0 0 0 -0.638439 0.769672
1305.600000000 41.645 -3.65833 0 0 0 -0.383033 0.923735
1306.300000000 41.7638 -3.57302 0 0 0 -0.0650863 0.99788
1306.900000000 41.8066 -3.43699 0 0 0 0.194538 0.980895
1308.400000000 42.5039 -2.65565 0 0 0 0.374463 0.927242
1309.900000000 43.4075 -2.13657 0 0 0 0.181806 0.983334
1311.400000000 44.5057 -2.11987 0 0 0 0.0101673 0.999948
1312.600000000 45.3932 -2.13914 0 0 0 -0.0510414 0.998697
1314.000000000 46.4312 -2.23538 0 0 0 -0.0355898 0.999366
1315.200000000 47.3341 -2.26031 0 0 0 0.0150617 0.999887
1316.600000000 48.3804 -2.17174 0 0 0 0.0445551 0.999007
1317.900000000 49.3618 -2.13012 0 0 0 0.010449 0.999945
1319.200000000 50.3354 -2.14159 0 0 0 -0.0136634 0.999907
1320.600000000 51.3766 -2.21483 0 0 0 -0.0407545 0.999169
1321.900000000 52.347 -2.27679 0 0 0 -0.0351466 0.999382
1323.100000000 52.8135 -2.4485 0 0 0 -0.32387 0.946102
1323.800000000 52.7627 -2.56357 0 0 0 -0.601493 0.798878
1324.400000000 52.6538 -2.62649 0 0 0 -0.795015 0.60659
1324.900000000 52.5498 -2.58224 0 0 0 -0.918995 0.39427
1325.600000000 52.4938 -2.46524 0 0 0 -0.998137 0.0610064
1326.200000000 52.5045 -2.33843 0 0 0 0.972673 0.232178
1326.800000000 52.5585 -2.27737 0 0 0 0.862088 0.506759
1327.400000000 52.6732 -2.17307 0 0 0 0.702344 0.711838
1328.100000000 52.8158 -2.0337 0 0 0 0.493943 0.869494
1329.600000000 53.577 -1.3296 0 0 0 0.346818 0.937932
1331.000000000 54.135 -0.644514 0 0 0 0.518195 0.855263
1332.600000000 54.2321 0.396026 0 0 0 0.730572 0.682836
1333.800000000 54.0558 1.2815 0 0 0 0.761766 0.647852
1335.300000000 53.9262 2.3315 0 0 0 0.738678 0.674058
1343.400000000 53.9085 3.2992 0 0 0 0.713632 0.70052
1345.600000000 53.8485 4.32252 0 0 0 0.736741 0.676175
1347.000000000 53.5924 5.20111 0 0 0 0.841319 0.540538
1349.800000000 52.9435 6.0149 0 0 0 0.91169 0.41088
1353.000000000 52.3046 6.69401 0 0 0 0.921467 0.388457
1356.500000000 51.6091 7.40659 0 0 0 0.923 0.384799
1359.700000000 50.9448 8.07753 0 0 0 0.923 0.384799
1363.800000000 50.2358 8.78338 0 0 0 0.923 0.384799
1367.700000000 49.5401 9.49562 0 0 0 0.923 0.384799
1371.200000000 48.856 10.1765 0 0 0 0.923 0.384799
1375.500000000 48.1591 10.88 0 0 0 0.923 0.384799
1379.700000000 47.4934 11.5522 0 0 0 0.923 0.384799
1384.300000000 46.8273 12.2462 0 0 0 0.915567 0.402165
1387.200000000 46.1882 13.1914 0 0 0 0.857986 0.513674
1388.600000000 45.9322 14.0316 0 0 0 0.785024 0.619465
1391.800000000 45.8825 14.9913 0 0 0 0.708185 0.706027
1396.100000000 45.9055 15.9454 0 0 0 0.68929 0.724486
1400.100000000 45.9667 16.9351 0 0 0 0.683788 0.729681
1404.100000000 46.025 17.8648 0 0 0 0.691857 0.722034
1408.900000000 46.0442 18.8157 0 0 0 0.702764 0.711423
1413.300000000 46.0502 19.7701 0 0 0 0.704995 0.709212
1418.100000000 46.0562 20.7316 0 0 0 0.704995 0.709212
1422.700000000 45.9787 21.7311 0 0 0 0.782635 0.622481
1423.400000000 45.8404 21.8136 0 0 0 0.92242 0.386188
1424.000000000 45.7906 21.8175 0 0 0 0.985757 0.168177
1425.400000000 45.0411 21.7168 0 0 0 -0.991616 0.129223
1426.900000000 44.1368 21.3079 0 0 0 -0.977662 0.210185
1429.000000000 43.1962 21.1337 0 0 0 -0.999871 0.0160481
1433.400000000 42.2488 21.2474 0 0 0 0.997697 0.0678252
