0.300000000 0.2 0 0 0 0 0 1
9.200000000 0.994822 -0.113009 0 0 0 -0.29552 0.955337
9.900000000 0.88223 -0.186782 0 0 0 -0.605675 0.795712
10.500000000 0.764144 -0.18326 0 0 0 -0.813772 0.581184
11.100000000 0.668676 -0.113709 0 0 0 -0.949178 0.31474
11.700000000 0.629233 -0.00241825 0 0 0 -0.999796 0.0201816
12.300000000 0.65959 0.1117 0 0 0 0.961106 0.276179
12.900000000 0.757865 0.185704 0 0 0 0.8369 0.547356
13.600000000 0.875202 0.189475 0 0 0 0.59798 0.801511
14.100000000 0.973485 0.144316 0 0 0 0.381661 0.924303
14.700000000 1.01842 0.039671 0 0 0 0.0914644 0.995808
15.300000000 1.00465 -0.0777454 0 0 0 -0.206902 0.978362
19.000000000 1.19007 -0.0685009 0 0 0 0.139769 0.990184
19.500000000 1.14527 0.0304349 0 0 0 0.379831 0.925056
20.200000000 1.00013 0.141563 0 0 0 0.656857 0.754015
20.700000000 0.962486 0.165505 0 0 0 0.811724 0.584041
22.400000000 0.169056 0.899184 0 0 0 0.935109 0.35436
23.700000000 -0.544574 1.56009 0 0 0 0.924124 0.382094
25.100000000 -1.20224 2.37621 0 0 0 0.891306 0.453401
26.500000000 -1.74322 3.27657 0 0 0 0.858521 0.512779
27.700000000 -2.09222 4.10653 0 0 0 0.809164 0.587583
29.000000000 -2.44755 5.01663 0 0 0 0.833355 0.552738
30.400000000 -2.78401 5.98506 0 0 0 0.787292 0.61658
31.600000000 -2.70861 6.51111 0 0 0 0.555883 0.831261
32.100000000 -2.66264 6.46664 0 0 0 0.336255 0.941771
32.800000000 -2.61921 6.38272 0 0 0 -0.00303334 0.999995
33.600000000 -2.33795 6.18186 0 0 0 -0.246251 0.969206
35.100000000 -1.63004 5.44445 0 0 0 -0.378928 0.925426
36.500000000 -0.782905 4.96463 0 0 0 -0.174738 0.984615
37.500000000 -0.435925 4.97232 0 0 0 0.148772 0.988872
38.100000000 -0.502684 5.0718 0 0 0 0.432783 0.901498
38.700000000 -0.604407 5.11375 0 0 0 0.679863 0.733339
39.500000000 -0.747197 5.40944 0 0 0 0.836759 0.547571
40.900000000 -1.42528 6.11012 0 0 0 0.930133 0.367223
42.200000000 -2.02824 6.85876 0 0 0 0.880823 0.473445
43.600000000 -2.35437 7.83558 0 0 0 0.774365 0.632739
45.300000000 -2.37096 8.808 0 0 0 0.690715 0.723127
48.700000000 -2.26201 9.79331 0 0 0 0.669059 0.743209
52.700000000 -2.18158 10.7298 0 0 0 0.683749 0.729718
56.800000000 -2.1507 11.7153 0 0 0 0.700305 0.713844
60.600000000 -2.14222 12.7085 0 0 0 0.705691 0.70852
64.400000000 -2.1406 13.6448 0 0 0 0.706422 0.707791
68.800000000 -2.13859 14.636 0 0 0 0.706411 0.707801
72.200000000 -2.13661 15.5923 0 0 0 0.706408 0.707805
74.100000000 -2.15981 16.6507 0 0 0 0.767122 0.641501
75.500000000 -2.58219 17.5517 0 0 0 0.879309 0.476252
76.900000000 -3.29043 18.311 0 0 0 0.928752 0.370701
78.200000000 -3.9996 18.9504 0 0 0 0.943409 0.331631
78.800000000 -4.10096 18.9031 0 0 0 0.997413 0.0718868
79.500000000 -4.07262 18.7664 0 0 0 -0.961899 0.273405
80.100000000 -3.98361 18.6887 0 0 0 -0.839085 0.544
80.700000000 -3.86688 18.6691 0 0 0 -0.641312 0.76728
81.400000000 -3.77854 18.7382 0 0 0 -0.337688 0.941258
82.100000000 -3.64884 18.8508 0 0 0 -0.0285555 0.999592
82.700000000 -3.54608 18.9562 0 0 0 0.199362 0.979926
84.300000000 -2.77632 19.7072 0 0 0 0.426426 0.904522
85.700000000 -2.2516 20.6089 0 0 0 0.53917 0.842197
87.300000000 -1.98234 21.6617 0 0 0 0.676513 0.736431
88.600000000 -2.08219 22.6411 0 0 0 0.750383 0.661004
90.000000000 -2.19178 23.6695 0 0 0 0.737118 0.675764
92.000000000 -2.22918 24.5885 0 0 0 0.712021 0.702158
95.300000000 -2.23345 25.5497 0 0 0 0.709552 0.704653
99.300000000 -2.23319 26.535 0 0 0 0.702423 0.71176
103.400000000 -2.21359 27.5228 0 0 0 0.705647 0.708564
105.100000000 -2.2727 28.5437 0 0 0 0.750223 0.661185
106.400000000 -2.55557 29.4689 0 0 0 0.817999 0.57522
107.800000000 -2.8489 30.476 0 0 0 0.773923 0.633279
109.300000000 -2.87931 31.4351 0 0 0 0.670715 0.741715
110.000000000 -2.76463 31.4205 0 0 0 0.39654 0.918017
110.600000000 -2.69392 31.3036 0 0 0 0.1118 0.993731
111.300000000 -2.69923 31.1768 0 0 0 -0.230454 0.973083
112.000000000 -2.7899 31.0851 0 0 0 -0.545616 0.838035
112.700000000 -2.92496 31.0613 0 0 0 -0.797472 0.603356
113.500000000 -3.19066 30.795 0 0 0 -0.909661 0.415351
114.400000000 -3.51319 30.6364 0 0 0 -0.986682 0.162658
115.000000000 -3.52654 30.7529 0 0 0 0.991305 0.131587
115.700000000 -3.45276 30.8767 0 0 0 0.888745 0.458402
116.300000000 -3.40335 30.9761 0 0 0 0.73423 0.678901
116.900000000 -3.22631 31.0835 0 0 0 0.560731 0.827998
118.500000000 -2.5689 31.936 0 0 0 0.43923 0.898374
120.000000000 -2.12026 32.9196 0 0 0 0.598708 0.800968
121.400000000 -2.09115 33.9283 0 0 0 0.714247 0.699894
122.700000000 -2.13729 34.9292 0 0 0 0.740132 0.672461
124.700000000 -2.18797 35.8592 0 0 0 0.716686 0.697396
128.100000000 -2.20167 36.8066 0 0 0 0.708773 0.705436
131.800000000 -2.20687 37.7308 0 0 0 0.708819 0.70539
135.200000000 -2.21243 38.7112 0 0 0 0.708858 0.705351
136.700000000 -2.25527 39.7788 0 0 0 0.733802 0.679364
138.000000000 -2.47439 40.7503 0 0 0 0.784072 0.620669
139.200000000 -2.83299 41.5487 0 0 0 0.862313 0.506376
140.600000000 -3.50785 42.3229 0 0 0 0.922361 0.38633
141.900000000 -3.9621 42.5735 0 0 0 0.999034 0.0439403
142.500000000 -3.93684 42.4604 0 0 0 -0.967588 0.252533
143.200000000 -3.83149 42.3687 0 0 0 -0.820082 0.572246
143.700000000 -3.71384 42.3623 0 0 0 -0.653522 0.756908
144.400000000 -3.61757 42.4231 0 0 0 -0.353817 0.935315
145.000000000 -3.49213 42.5025 0 0 0 -0.0834739 0.99651
145.700000000 -3.33993 42.623 0 0 0 0.190059 0.981773
147.000000000 -2.77362 43.1705 0 0 0 0.429564 0.903036
148.300000000 -2.36281 44.021 0 0 0 0.565367 0.824839
149.700000000 -2.16381 45.0515 0 0 0 0.666673 0.74535
151.000000000 -2.19722 46.0231 0 0 0 0.736448 0.676495
152.300000000 -2.28378 46.9904 0 0 0 0.728115 0.685456
153.700000000 -2.26743 48.0418 0 0 0 0.697032 0.71704
154.900000000 -2.26665 48.9458 0 0 0 0.706802 0.707411
156.300000000 -2.26598 49.9986 0 0 0 0.706805 0.707408
157.700000000 -2.266 51.0524 0 0 0 0.706778 0.707435
159.000000000 -2.32874 52.0279 0 0 0 0.738129 0.67466
160.300000000 -2.51317 52.9947 0 0 0 0.78268 0.622425
161.600000000 -2.76344 53.9162 0 0 0 0.79251 0.609858
162.900000000 -2.91208 54.8808 0 0 0 0.737591 0.675248
164.300000000 -2.88983 55.9256 0 0 0 0.674642 0.738145
165.000000000 -2.76821 55.9939 0 0 0 0.43065 0.902519
165.700000000 -2.7009 55.9016 0 0 0 0.0992306 0.995064
166.300000000 -2.69131 55.7631 0 0 0 -0.193032 0.981193
166.900000000 -2.74798 55.6957 0 0 0 -0.467275 0.884112
167.500000000 -2.84034 55.6126 0 0 0 -0.686087 0.727519
168.200000000 -2.98774 55.4084 0 0 0 -0.839092 0.543989
169.400000000 -3.4101 55.0043 0 0 0 -0.963723 0.266903
169.900000000 -3.44715 55.0944 0 0 0 -0.999685 0.025088
170.600000000 -3.43167 55.2102 0 0 0 0.948945 0.315441
171.200000000 -3.34353 55.2859 0 0 0 0.816112 0.577894
171.700000000 -3.22685 55.2986 0 0 0 0.651913 0.758294
172.800000000 -2.88291 55.6814 0 0 0 0.400638 0.916237
174.100000000 -2.16978 56.3391 0 0 0 0.360724 0.932673
175.400000000 -1.47288 57.0262 0 0 0 0.384907 0.922955
176.600000000 -0.807255 57.6265 0 0 0 0.341357 0.939934
178.000000000 0.0988477 58.139 0 0 0 0.191221 0.981547
179.600000000 1.11088 58.2641 0 0 0 0.0103815 0.999946
182.000000000 2.04446 58.2074 0 0 0 -0.0422272 0.999108
186.500000000 3.01543 58.12 0 0 0 -0.0372358 0.999307
190.200000000 3.98683 58.0857 0 0 0 -0.0142748 0.999898
193.500000000 4.89215 58.1835 0 0 0 0.0791201 0.996865
194.200000000 5.09074 58.3318 0 0 0 0.309996 0.950738
195.000000000 5.09642 58.4374 0 0 0 0.606522 0.795067
195.600000000 4.97339 58.5233 0 0 0 0.804384 0.59411
196.200000000 4.91718 58.3995 0 0 0 0.944607 0.328203
196.800000000 4.86798 58.2917 0 0 0 0.999447 0.0332473
197.500000000 4.89934 58.1595 0 0 0 -0.950585 0.310463
198.100000000 4.99793 58.0901 0 0 0 -0.816256 0.577691
198.700000000 5.1076 58.1053 0 0 0 -0.609097 0.793095
199.300000000 5.09477 58.0859 0 0 0 -0.377425 0.92604
200.000000000 5.38956 58.0834 0 0 0 -0.135371 0.990795
201.500000000 6.37077 58.1807 0 0 0 0.0865947 0.996244
203.400000000 7.4472 58.2375 0 0 0 0.00213883 0.999998
206.100000000 8.38549 58.204 0 0 0 -0.0267932 0.999641
210.400000000 9.37459 58.1368 0 0 0 -0.0334027 0.999442
214.300000000 10.3593 58.1095 0 0 0 -0.0116752 0.999932
218.000000000 11.3189 58.0897 0 0 0 -0.00293423 0.999996
221.700000000 12.2838 58.0892 0 0 0 -0.000531018 1
225.400000000 13.2412 58.0886 0 0 0 -0.000769528 1
229.500000000 14.2393 58.0877 0 0 0 -0.000932836 1
233.400000000 15.2093 58.0762 0 0 0 -0.00106252 0.999999
237.100000000 16.1542 58.0751 0 0 0 -0.00112409 0.999999
240.900000000 17.1402 58.0725 0 0 0 -0.00104688 0.999999
244.100000000 17.8996 58.2015 0 0 0 0.340845 0.940119
244.600000000 17.8195 58.2634 0 0 0 0.562192 0.827006
245.400000000 17.7058 58.4594 0 0 0 0.784318 0.620359
247.000000000 17.2953 59.3616 0 0 0 0.809599 0.586983
247.900000000 17.3602 59.5724 0 0 0 0.569373 0.822079
248.600000000 17.4576 59.5103 0 0 0 0.256175 0.96663
249.300000000 17.6153 59.4136 0 0 0 -0.0260465 0.999661
249.900000000 17.7255 59.3155 0 0 0 -0.250434 0.968134
251.400000000 18.469 58.5914 0 0 0 -0.394072 0.91908
252.600000000 19.0825 57.9342 0 0 0 -0.386752 0.922184
254.600000000 19.8095 57.1919 0 0 0 -0.383807 0.923413
256.800000000 20.4858 56.5069 0 0 0 -0.383754 0.923435
260.500000000 21.1234 55.8153 0 0 0 -0.413298 0.910596
263.500000000 21.7363 54.9982 0 0 0 -0.537595 0.843203
265.100000000 21.9813 54.023 0 0 0 -0.64034 0.768092
268.600000000 22.0112 53.1446 0 0 0 -0.716774 0.697306
273.100000000 21.9455 52.1825 0 0 0 -0.735707 0.6773
277.400000000 21.8605 51.1939 0 0 0 -0.740637 0.671905
278.800000000 21.536 50.2223 0 0 0 -0.838643 0.544681
280.100000000 21.2227 49.3259 0 0 0 -0.798026 0.602622
282.300000000 21.1525 48.3031 0 0 0 -0.716203 0.697892
284.800000000 21.4456 47.3636 0 0 0 -0.493388 0.869809
286.100000000 22.0542 46.7164 0 0 0 -0.377392 0.926054
287.300000000 22.7053 46.1005 0 0 0 -0.36936 0.929286
288.700000000 23.4491 45.3651 0 0 0 -0.382861 0.923806
290.100000000 23.8348 44.7974 0 0 0 -0.623956 0.781459
290.800000000 23.7947 44.7943 0 0 0 -0.836179 0.548457
292.300000000 23.0264 44.0128 0 0 0 -0.930326 0.366735
293.900000000 22.2464 43.3079 0 0 0 -0.928874 0.370396
296.200000000 21.5212 42.5931 0 0 0 -0.924473 0.381247
298.400000000 20.8685 41.9454 0 0 0 -0.924472 0.38125
302.000000000 20.1685 41.2501 0 0 0 -0.924469 0.381256
305.500000000 19.4958 40.5549 0 0 0 -0.917756 0.397145
310.200000000 18.8768 39.8339 0 0 0 -0.905656 0.424014
315.000000000 18.2384 39.073 0 0 0 -0.903995 0.427542
319.400000000 17.6124 38.3634 0 0 0 -0.913747 0.406284
323.800000000 16.9483 37.6533 0 0 0 -0.919777 0.392441
328.400000000 16.2537 36.9429 0 0 0 -0.922392 0.386256
332.900000000 15.563 36.241 0 0 0 -0.922392 0.386256
337.400000000 14.8747 35.5416 0 0 0 -0.922392 0.386256
342.100000000 14.18 34.8359 0 0 0 -0.922392 0.386256
346.700000000 13.5076 34.1627 0 0 0 -0.922392 0.386256
348.500000000 12.7918 33.4257 0 0 0 -0.922392 0.386256
349.800000000 12.1081 32.7304 0 0 0 -0.922392 0.386256
351.100000000 11.4197 32.041 0 0 0 -0.922391 0.386257
352.500000000 10.6861 31.2855 0 0 0 -0.922391 0.386257
353.800000000 9.99771 30.596 0 0 0 -0.922391 0.386257
355.100000000 9.72632 30.1535 0 0 0 -0.772562 0.634939
355.800000000 9.86186 30.1647 0 0 0 -0.508004 0.861355
356.400000000 9.94382 30.2299 0 0 0 -0.230767 0.973009
357.100000000 10.0474 30.3176 0 0 0 0.070245 0.99753
358.000000000 10.3494 30.5912 0 0 0 0.325211 0.945642
359.400000000 11.065 31.3766 0 0 0 0.413457 0.910524
360.700000000 11.6885 32.0756 0 0 0 0.395901 0.918293
362.700000000 12.3428 32.7399 0 0 0 0.385471 0.92272
366.500000000 13.1865 33.3723 0 0 0 0.272379 0.96219
368.000000000 13.9457 33.523 0 0 0 0.0280738 0.999606
369.900000000 15.0002 33.371 0 0 0 -0.0961398 0.995368
371.800000000 15.9586 33.2226 0 0 0 -0.0646168 0.99791
376.300000000 16.9538 33.2756 0 0 0 0.0482654 0.998835
380.200000000 17.8832 33.3766 0 0 0 0.0664689 0.997788
384.900000000 18.8789 33.4598 0 0 0 0.0454642 0.998966
389.700000000 19.8282 33.5116 0 0 0 0.0146487 0.999893
394.300000000 20.7722 33.5892 0 0 0 0.0497552 0.998761
399.200000000 21.7585 33.6821 0 0 0 0.0423947 0.999101
404.000000000 22.7044 33.7316 0 0 0 0.0170054 0.999855
408.900000000 23.6866 33.7495 0 0 0 0.00657056 0.999978
413.700000000 24.6379 33.7594 0 0 0 0.00520847 0.999986
418.600000000 25.611 33.7699 0 0 0 0.0052593 0.999986
423.400000000 26.5562 33.7804 0 0 0 0.00528939 0.999986
428.300000000 27.5444 33.7912 0 0 0 0.00531066 0.999986
432.600000000 28.5646 33.7598 0 0 0 -0.0692454 0.9976
434.000000000 29.2508 33.2428 0 0 0 -0.327504 0.94485
435.400000000 30.098 32.6908 0 0 0 -0.279131 0.960253
436.800000000 31.0614 32.3475 0 0 0 -0.114514 0.993422
438.700000000 32.0192 32.2385 0 0 0 0.095026 0.995475
439.900000000 32.6434 32.6981 0 0 0 0.336548 0.941666
441.200000000 33.2869 33.4081 0 0 0 0.412502 0.910957
442.500000000 33.9101 34.1868 0 0 0 0.452597 0.891715
443.800000000 34.3668 35.007 0 0 0 0.583883 0.811837
445.900000000 34.4314 36.0068 0 0 0 0.709113 0.705095
450.300000000 34.3635 36.9548 0 0 0 0.742666 0.669662
455.100000000 34.2693 37.9015 0 0 0 0.736921 0.675979
458.000000000 34.2125 38.8659 0 0 0 0.719377 0.69462
459.300000000 34.2083 39.8397 0 0 0 0.708367 0.705844
460.700000000 34.2046 40.8935 0 0 0 0.708395 0.705816
462.000000000 34.2017 41.8661 0 0 0 0.708423 0.705788
463.400000000 34.198 42.9199 0 0 0 0.708534 0.705677
464.600000000 34.195 43.8137 0 0 0 0.708637 0.705574
466.000000000 34.1905 44.8675 0 0 0 0.708667 0.705544
467.200000000 34.187 45.7713 0 0 0 0.708759 0.70545
468.600000000 34.1824 46.8138 0 0 0 0.708846 0.705363
470.000000000 34.1773 47.8676 0 0 0 0.708927 0.705281
471.300000000 34.1725 48.8414 0 0 0 0.709008 0.705201
472.500000000 34.1682 49.7452 0 0 0 0.70909 0.705118
473.800000000 34.163 50.7189 0 0 0 0.709173 0.705034
475.200000000 34.1568 51.7727 0 0 0 0.709257 0.70495
476.500000000 34.1511 52.7464 0 0 0 0.709343 0.704864
477.700000000 34.146 53.6402 0 0 0 0.709435 0.704771
479.100000000 34.1391 54.694 0 0 0 0.709529 0.704677
480.400000000 34.1726 55.6682 0 0 0 0.720622 0.693329
481.700000000 33.7779 56.322 0 0 0 0.882784 0.469778
483.000000000 33.1309 57.0299 0 0 0 0.929644 0.368459
484.300000000 32.3885 57.6692 0 0 0 0.94306 0.332622
485.500000000 31.6459 58.1299 0 0 0 0.976768 0.214301
493.000000000 30.6318 58.3557 0 0 0 0.997566 0.0697331
494.800000000 29.7072 58.3845 0 0 0 -0.999923 0.0123758
498.300000000 28.7864 58.3228 0 0 0 -0.999325 0.0367309
501.700000000 27.8252 58.259 0 0 0 -0.999898 0.0142489
503.300000000 26.7778 58.3968 0 0 0 0.99063 0.136572
504.900000000 25.8803 59.0141 0 0 0 0.948049 0.318125
506.200000000 25.0031 59.4225 0 0 0 0.985842 0.167678
507.600000000 24.0376 59.5378 0 0 0 0.999997 0.00225416
509.100000000 23.0986 59.4229 0 0 0 -0.99918 0.0404992
511.200000000 22.0426 59.3761 0 0 0 -0.99944 0.0334712
512.500000000 21.0594 59.3443 0 0 0 -0.999991 0.00423835
513.800000000 20.0859 59.3353 0 0 0 -0.999952 0.00979331
515.100000000 19.1124 59.3244 0 0 0 -0.999945 0.0105127
516.800000000 18.1544 59.2545 0 0 0 -0.998734 0.0502999
519.900000000 17.1999 59.1555 0 0 0 -0.99997 0.0077815
520.800000000 17.1188 59.258 0 0 0 0.970693 0.240325
521.900000000 17.1381 59.375 0 0 0 0.855162 0.518361
523.000000000 17.2206 59.501 0 0 0 0.687914 0.725792
523.900000000 17.3369 59.5553 0 0 0 0.45737 0.889277
524.800000000 17.5775 59.6083 0 0 0 0.203015 0.979176
525.900000000 17.8604 59.5301 0 0 0 -0.0936969 0.995601
527.100000000 18.0042 59.3405 0 0 0 -0.373149 0.927771
528.800000000 18.3216 58.5963 0 0 0 -0.588051 0.808824
530.800000000 18.5523 58.2076 0 0 0 -0.311809 0.950145
531.900000000 18.7205 58.2405 0 0 0 -0.03314 0.999451
533.700000000 19.6665 58.2823 0 0 0 0.0849628 0.996384
534.300000000 19.651 58.372 0 0 0 0.316914 0.948454
535.100000000 19.5397 58.4582 0 0 0 0.608529 0.793532
535.800000000 19.4202 58.4513 0 0 0 0.814644 0.579961
536.400000000 19.352 58.3897 0 0 0 0.936788 0.349897
537.100000000 19.3101 58.2699 0 0 0 0.99861 0.0526998
537.800000000 19.3605 58.1665 0 0 0 -0.968398 0.249412
538.600000000 19.1972 57.9265 0 0 0 -0.890619 0.454751
539.700000000 19.1165 57.5392 0 0 0 -0.718062 0.695979
540.800000000 19.3704 57.141 0 0 0 -0.49956 0.866279
542.000000000 19.744 56.8981 0 0 0 -0.228716 0.973493
543.200000000 19.9959 56.9833 0 0 0 0.0653167 0.997865
546.000000000 20.8856 56.986 0 0 0 -0.291419 0.956596
546.700000000 20.8193 56.9191 0 0 0 -0.538331 0.842733
547.400000000 20.7553 56.8925 0 0 0 -0.746619 0.665252
549.300000000 20.3659 55.9209 0 0 0 -0.829926 0.557874
550.300000000 20.1915 55.8745 0 0 0 -0.955216 0.295909
551.200000000 20.1663 55.9183 0 0 0 0.999701 0.0244362
551.900000000 20.187 56.0308 0 0 0 0.958478 0.285166
552.600000000 20.2495 56.0993 0 0 0 0.842534 0.538643
553.300000000 20.3205 56.1422 0 0 0 0.658292 0.752763
554.500000000 20.6233 56.3885 0 0 0 0.407315 0.913288
555.600000000 20.9341 56.4999 0 0 0 0.139951 0.990158
556.300000000 21.0128 56.3998 0 0 0 -0.120015 0.992772
557.200000000 21.0419 56.2137 0 0 0 -0.431492 0.902117
559.100000000 21.2275 55.2351 0 0 0 -0.652302 0.757959
560.700000000 21.3863 54.9135 0 0 0 -0.375495 0.926824
561.500000000 21.46 55.0053 0 0 0 -0.108137 0.994136
563.000000000 22.4244 54.9627 0 0 0 -0.0433365 0.999061
564.200000000 22.788 54.8553 0 0 0 -0.344886 0.938644
564.700000000 22.7721 54.8472 0 0 0 -0.554353 0.832282
565.300000000 22.6747 54.8254 0 0 0 -0.759931 0.650003
566.200000000 22.352 54.5638 0 0 0 -0.910009 0.414588
567.500000000 21.6448 54.2064 0 0 0 -0.9871 0.160106
568.800000000 21.4489 53.9924 0 0 0 -0.894602 0.446863
569.700000000 21.5064 53.983 0 0 0 -0.7157 0.698408
571.000000000 21.7545 53.297 0 0 0 -0.520782 0.853689
572.600000000 22.2372 52.8652 0 0 0 -0.290718 0.956809
573.900000000 22.4548 52.8954 0 0 0 0.0117457 0.999931
574.700000000 22.4245 53.0035 0 0 0 0.284379 0.958712
575.600000000 22.3417 53.0763 0 0 0 0.564533 0.825411
576.200000000 22.2315 53.0878 0 0 0 0.766384 0.642382
576.800000000 22.144 53.0348 0 0 0 0.911566 0.411154
577.500000000 22.1174 52.9268 0 0 0 0.994373 0.105933
578.100000000 22.0133 52.8312 0 0 0 -0.991414 0.130763
579.000000000 21.8822 52.6091 0 0 0 -0.910903 0.41262
580.600000000 21.754 51.9282 0 0 0 -0.763474 0.645838
582.400000000 21.8399 51.3814 0 0 0 -0.571074 0.820898
583.500000000 21.9373 51.4234 0 0 0 -0.309789 0.950805
585.700000000 22.4166 50.8013 0 0 0 -0.595384 0.803441
586.400000000 22.3681 50.797 0 0 0 -0.808936 0.587897
587.100000000 22.3561 50.7952 0 0 0 -0.94985 0.312707
588.700000000 21.3303 50.7612 0 0 0 -0.994334 0.106302
590.400000000 20.6575 50.443 0 0 0 -0.919715 0.392587
591.100000000 20.6418 50.4526 0 0 0 -0.748417 0.663228
591.700000000 20.6434 50.4583 0 0 0 -0.552825 0.833297
592.800000000 21.0588 50.1475 0 0 0 -0.298074 0.954543
594.400000000 21.6917 50.0307 0 0 0 -0.014348 0.999897
595.700000000 21.8531 50.161 0 0 0 0.278025 0.960574
596.600000000 21.7559 50.242 0 0 0 0.565593 0.824685
597.500000000 21.6374 50.2424 0 0 0 0.814003 0.580861
598.100000000 21.5308 50.1775 0 0 0 0.949108 0.31495
598.700000000 21.5014 50.0665 0 0 0 0.999792 0.0204039
599.400000000 21.5617 49.9927 0 0 0 -0.945409 0.325886
600.900000000 21.0152 49.073 0 0 0 -0.855743 0.517401
602.000000000 20.9432 48.6522 0 0 0 -0.657491 0.753463
602.600000000 21.0404 48.6825 0 0 0 -0.405461 0.914112
603.200000000 21.1012 48.7886 0 0 0 -0.117215 0.993107
603.800000000 21.1032 48.9075 0 0 0 0.181503 0.98339
605.500000000 21.8133 49.7014 0 0 0 0.42665 0.904417
606.800000000 22.4575 50.4323 0 0 0 0.39142 0.920212
608.200000000 23.2221 51.155 0 0 0 0.374687 0.927152
609.500000000 23.8944 51.8503 0 0 0 0.392688 0.919672
610.700000000 24.5086 52.5127 0 0 0 0.404576 0.914504
612.100000000 25.2099 53.2969 0 0 0 0.407663 0.913132
613.400000000 25.8859 54.0083 0 0 0 0.38954 0.921009
614.700000000 26.5562 54.707 0 0 0 0.388155 0.921594
616.000000000 27.2515 55.3895 0 0 0 0.380302 0.924862
617.400000000 27.9991 56.1297 0 0 0 0.380302 0.924862
618.700000000 28.6867 56.8198 0 0 0 0.380302 0.924862
620.000000000 29.4375 57.4868 0 0 0 0.366395 0.93046
621.200000000 30.4486 58.0138 0 0 0 0.245773 0.969327
622.700000000 31.464 58.2641 0 0 0 0.0500076 0.998749
624.600000000 32.3923 58.2246 0 0 0 -0.0359949 0.999352
628.700000000 33.3659 58.1404 0 0 0 -0.0445896 0.999005
633.300000000 34.3388 58.1014 0 0 0 -0.0119854 0.999928
637.900000000 35.3289 58.0898 0 0 0 -0.00351466 0.999994
642.400000000 36.3035 58.086 0 0 0 -0.00196812 0.999998
647.200000000 37.2843 58.0821 0 0 0 -0.00196597 0.999998
651.900000000 38.2362 58.0781 0 0 0 -0.00196352 0.999998
653.600000000 39.306 58.0739 0 0 0 -0.00196224 0.999998
654.800000000 40.2096 58.0699 0 0 0 -0.00196085 0.999998
656.100000000 41.1823 58.0657 0 0 0 -0.00196223 0.999998
657.500000000 42.2361 58.0613 0 0 0 -0.0019991 0.999998
658.800000000 43.2105 58.0581 0 0 0 -0.00198068 0.999998
660.100000000 44.1849 58.0545 0 0 0 -0.00196827 0.999998
661.200000000 44.5776 58.1721 0 0 0 0.292183 0.956362
661.800000000 44.4875 58.2461 0 0 0 0.561753 0.827305
662.600000000 44.3387 58.3891 0 0 0 0.798874 0.601499
663.700000000 43.9349 58.8221 0 0 0 0.923408 0.383821
665.000000000 43.2105 59.4609 0 0 0 0.934139 0.356909
666.300000000 42.5392 60.1759 0 0 0 0.90787 0.419252
667.000000000 42.5249 60.3706 0 0 0 0.766385 0.642382
667.700000000 42.6624 60.3461 0 0 0 0.506148 0.862447
668.200000000 42.7317 60.2785 0 0 0 0.280415 0.959879
668.900000000 42.7939 60.1483 0 0 0 -0.0477507 0.998859
669.800000000 43.102 59.9914 0 0 0 -0.308409 0.951254
671.100000000 43.7552 59.2236 0 0 0 -0.416839 0.90898
672.500000000 44.4818 58.4803 0 0 0 -0.378977 0.925406
673.900000000 45.3239 58.0028 0 0 0 -0.179508 0.983756
675.400000000 46.4047 57.8834 0 0 0 0.0161882 0.999869
676.600000000 47.28 58.0421 0 0 0 0.0749989 0.997184
678.000000000 48.3259 58.1563 0 0 0 0.0379 0.999282
679.400000000 49.3679 58.1625 0 0 0 -0.020451 0.999791
680.800000000 50.4171 58.0585 0 0 0 -0.0472861 0.998881
682.000000000 51.3193 58.042 0 0 0 0.00305516 0.999995
683.400000000 52.3603 58.0816 0 0 0 0.0217475 0.999763
684.800000000 53.314 58.0358 0 0 0 -0.115291 0.993332
686.500000000 54.1668 57.2832 0 0 0 -0.374381 0.927275
687.800000000 54.8292 56.649 0 0 0 -0.398704 0.91708
689.100000000 55.5038 55.9461 0 0 0 -0.38303 0.923736
690.400000000 56.1978 55.2624 0 0 0 -0.373722 0.927541
691.700000000 56.8498 54.5389 0 0 0 -0.430697 0.902497
693.100000000 57.4343 53.6676 0 0 0 -0.492938 0.870065
694.500000000 57.898 52.7308 0 0 0 -0.590254 0.807218
695.900000000 57.9115 51.7481 0 0 0 -0.713788 0.700362
697.200000000 57.7297 51.102 0 0 0 -0.889253 0.457417
697.800000000 57.6486 51.2092 0 0 0 -0.983892 0.178764
698.400000000 57.6309 51.3052 0 0 0 0.993323 0.115371
699.100000000 57.6808 51.411 0 0 0 0.895338 0.445386
699.700000000 57.807 51.4803 0 0 0 0.728117 0.685453
700.300000000 57.9127 51.4623 0 0 0 0.497054 0.867719
700.800000000 57.9891 51.4029 0 0 0 0.270288 0.962779
701.800000000 58.4494 51.4128 0 0 0 0.00119701 0.999999
702.700000000 58.7506 51.2635 0 0 0 -0.277448 0.960741
703.400000000 58.6467 51.1798 0 0 0 -0.585392 0.81075
704.000000000 58.5414 51.084 0 0 0 -0.776082 0.630633
705.400000000 58.0331 50.414 0 0 0 -0.916322 0.400441
706.700000000 57.3426 49.6867 0 0 0 -0.927394 0.374085
708.500000000 56.6147 49.0616 0 0 0 -0.924781 0.380499
712.000000000 55.943 48.4027 0 0 0 -0.92433 0.381595
716.300000000 55.2587 47.7217 0 0 0 -0.924332 0.38159
720.700000000 54.5757 47.042 0 0 0 -0.924337 0.381576
724.900000000 53.8952 46.3649 0 0 0 -0.924343 0.381563
729.300000000 53.1997 45.6729 0 0 0 -0.924349 0.381549
733.600000000 52.5205 44.9972 0 0 0 -0.924355 0.381535
738.300000000 51.8261 44.3062 0 0 0 -0.924361 0.38152
742.900000000 51.1121 43.6815 0 0 0 -0.942212 0.335016
747.900000000 50.3188 43.0943 0 0 0 -0.948283 0.317425
752.800000000 49.5719 42.5106 0 0 0 -0.942611 0.333892
757.800000000 48.8333 41.8467 0 0 0 -0.931623 0.363426
762.600000000 48.144 41.1837 0 0 0 -0.926417 0.3765
767.300000000 47.4505 40.4799 0 0 0 -0.92148 0.388426
769.300000000 47.1944 40.0234 0 0 0 -0.787433 0.616401
770.400000000 47.3752 39.52 0 0 0 -0.577107 0.816668
771.900000000 48.0067 38.6867 0 0 0 -0.393771 0.919209
773.200000000 48.7006 37.973 0 0 0 -0.37766 0.925944
774.500000000 49.3988 37.312 0 0 0 -0.377703 0.925927
775.800000000 50.0915 36.6269 0 0 0 -0.385608 0.922663
777.200000000 50.8309 35.8785 0 0 0 -0.385649 0.922646
778.500000000 51.5102 35.18 0 0 0 -0.385689 0.922629
779.800000000 52.1959 34.4884 0 0 0 -0.385358 0.922767
781.200000000 52.9423 33.8002 0 0 0 -0.324824 0.945775
782.700000000 53.8816 33.4719 0 0 0 -0.0792306 0.996856
783.900000000 54.77 33.5529 0 0 0 0.0690982 0.99761
785.300000000 55.7937 33.7493 0 0 0 0.111046 0.993815
786.500000000 56.2049 33.9514 0 0 0 0.416153 0.909295
787.100000000 56.1257 34.0566 0 0 0 0.644295 0.764777
787.800000000 56.0009 34.147 0 0 0 0.840443 0.5419
789.300000000 55.3098 34.811 0 0 0 0.936066 0.351825
790.700000000 54.5656 35.5323 0 0 0 0.924534 0.3811
792.400000000 54.0545 36.221 0 0 0 0.74428 0.667867
793.000000000 54.189 36.2094 0 0 0 0.518843 0.854869
793.700000000 54.2987 36.1534 0 0 0 0.19825 0.980152
794.300000000 54.4199 36.0333 0 0 0 -0.0423414 0.999103
795.100000000 54.6293 35.8376 0 0 0 -0.300429 0.953804
796.600000000 55.349 35.0494 0 0 0 -0.407733 0.913101
797.900000000 56.0175 34.3415 0 0 0 -0.387814 0.921738
799.100000000 56.6565 33.7088 0 0 0 -0.38069 0.924703
800.500000000 57.3614 32.9302 0 0 0 -0.434435 0.900703
801.800000000 57.8316 32.0789 0 0 0 -0.555435 0.83156
803.500000000 57.963 31.0582 0 0 0 -0.701899 0.712277
806.400000000 57.9015 30.1568 0 0 0 -0.734112 0.679029
811.100000000 57.8242 29.1853 0 0 0 -0.731675 0.681654
815.300000000 57.7928 28.2285 0 0 0 -0.715559 0.698552
819.300000000 57.7813 27.2688 0 0 0 -0.709672 0.704532
822.500000000 57.526 26.1975 0 0 0 -0.84363 0.536925
824.000000000 56.8809 25.4818 0 0 0 -0.929616 0.368529
825.600000000 56.1811 24.8097 0 0 0 -0.927331 0.374243
828.100000000 55.5916 24.1042 0 0 0 -0.848071 0.529883
829.100000000 55.6506 23.7558 0 0 0 -0.670301 0.74209
830.500000000 56.0764 22.8266 0 0 0 -0.503954 0.86373
831.900000000 56.4607 21.8906 0 0 0 -0.608183 0.793797
834.000000000 56.4266 21.0537 0 0 0 -0.846613 0.532209
834.700000000 56.3235 21.1326 0 0 0 -0.976629 0.21493
836.000000000 55.5348 21.2045 0 0 0 0.998966 0.045465
837.300000000 54.6998 21.3039 0 0 0 0.996867 0.0790905
840.500000000 53.7182 21.3603 0 0 0 0.999937 0.011192
844.800000000 52.7511 21.336 0 0 0 -0.999748 0.0224396
849.600000000 51.7867 21.3016 0 0 0 -0.999939 0.0110864
852.700000000 50.8568 21.0387 0 0 0 -0.960347 0.278807
854.200000000 50.1119 20.3463 0 0 0 -0.913357 0.407161
857.600000000 49.4524 19.6512 0 0 0 -0.92113 0.389255
858.300000000 49.4377 19.6311 0 0 0 -0.993829 0.110927
859.000000000 49.4513 19.6724 0 0 0 0.978625 0.205653
860.500000000 48.6971 20.4755 0 0 0 0.915506 0.402304
861.900000000 47.8763 21.2417 0 0 0 0.922127 0.386886
863.200000000 47.1771 21.9201 0 0 0 0.925594 0.378518
864.300000000 46.7229 22.1524 0 0 0 0.992467 0.122508
865.400000000 46.2342 21.9651 0 0 0 -0.985983 0.166846
866.900000000 45.3144 21.504 0 0 0 -0.972661 0.232232
868.400000000 44.2673 21.2357 0 0 0 -0.993767 0.111478
870.800000000 43.3599 21.1358 0 0 0 -0.999999 0.00160062
875.400000000 42.4256 21.1876 0 0 0 0.999363 0.0356942
880.300000000 41.4532 21.2611 0 0 0 0.999346 0.0361651
885.100000000 40.4999 21.2982 0 0 0 0.999884 0.0152633
890.000000000 39.525 21.3104 0 0 0 0.999994 0.00346677
894.700000000 38.5818 21.3143 0 0 0 0.999998 0.00207913
899.700000000 37.5915 21.3285 0 0 0 0.999998 0.00207913
904.600000000 36.6248 21.3227 0 0 0 0.999998 0.00207913
909.500000000 35.6615 21.327 0 0 0 0.999998 0.00207913
914.300000000 34.7066 21.3312 0 0 0 0.999998 0.00207913
919.300000000 33.7263 21.3354 0 0 0 0.999998 0.00207913
924.200000000 32.7496 21.3397 0 0 0 0.999998 0.00207913
929.000000000 31.8028 21.3439 0 0 0 0.999998 0.00207913
934.000000000 30.8197 21.3322 0 0 0 -0.999959 0.00901636
936.600000000 30.0086 21.564 0 0 0 0.965873 0.259014
938.200000000 29.2642 22.2852 0 0 0 0.917742 0.397178
941.600000000 28.6245 22.9486 0 0 0 0.921759 0.387763
952.000000000 27.9569 23.6219 0 0 0 0.923204 0.38431
956.600000000 27.2568 24.3273 0 0 0 0.923203 0.384313
961.300000000 26.5778 25.0116 0 0 0 0.923203 0.384314
965.900000000 25.9038 25.6908 0 0 0 0.923203 0.384314
970.400000000 25.2211 26.3788 0 0 0 0.923203 0.384313
975.200000000 24.5285 27.0767 0 0 0 0.923203 0.384312
979.500000000 23.8595 27.751 0 0 0 0.923204 0.38431
983.800000000 23.1805 28.4351 0 0 0 0.923205 0.384309
988.300000000 22.5002 29.1105 0 0 0 0.923208 0.384301
992.700000000 21.8252 29.7908 0 0 0 0.923212 0.384292
997.200000000 21.1374 30.4836 0 0 0 0.923213 0.384289
1001.800000000 20.456 31.169 0 0 0 0.923213 0.384289
1006.500000000 19.7768 31.8519 0 0 0 0.923211 0.384294
1010.900000000 19.0899 32.5425 0 0 0 0.923202 0.384315
1014.500000000 18.4144 33.2291 0 0 0 0.919797 0.392394
1015.900000000 17.7593 34.0793 0 0 0 0.871349 0.490664
1017.200000000 17.4991 34.9826 0 0 0 0.77581 0.630967
1018.600000000 17.5407 35.9886 0 0 0 0.691395 0.722477
1020.100000000 17.6102 36.9552 0 0 0 0.670552 0.741863
1021.700000000 17.7182 37.9095 0 0 0 0.656182 0.754603
1024.600000000 17.9769 38.6162 0 0 0 0.401277 0.915957
1025.300000000 18.0028 38.5737 0 0 0 0.123849 0.992301
1026.000000000 17.9973 38.5582 0 0 0 -0.166144 0.986102
1026.700000000 17.9663 38.528 0 0 0 -0.446453 0.894807
1027.300000000 17.9999 38.5582 0 0 0 -0.659603 0.751614
1028.000000000 18.0016 38.5503 0 0 0 -0.838471 0.544946
1029.500000000 17.3261 37.8565 0 0 0 -0.950499 0.310727
1031.100000000 16.3446 37.4012 0 0 0 -0.983928 0.178566
1032.500000000 15.8978 37.3739 0 0 0 0.989188 0.146651
1033.200000000 15.9493 37.4711 0 0 0 0.912151 0.409853
1033.900000000 16.0063 37.5176 0 0 0 0.769875 0.638195
1034.600000000 15.993 37.5283 0 0 0 0.603337 0.797486
1035.500000000 15.9938 37.4718 0 0 0 0.346468 0.938062
1036.200000000 15.9759 37.4123 0 0 0 0.077308 0.997007
1036.800000000 15.9684 37.4032 0 0 0 -0.203756 0.979022
1037.600000000 15.9685 37.3968 0 0 0 -0.506737 0.8621
1038.500000000 15.9245 36.9783 0 0 0 -0.693006 0.720931
1039.900000000 15.6853 36.0862 0 0 0 -0.832265 0.554379
1041.100000000 15.4817 35.9944 0 0 0 -0.955129 0.296189
1043.300000000 14.5225 35.705 0 0 0 -0.990646 0.136457
1044.800000000 14.1799 35.4698 0 0 0 -0.903831 0.42789
1045.600000000 14.2684 35.4267 0 0 0 -0.755479 0.655173
1046.400000000 14.3032 35.4601 0 0 0 -0.52735 0.849648
1047.000000000 14.292 35.4298 0 0 0 -0.320356 0.947297
1047.800000000 14.3117 35.4759 0 0 0 -0.0252003 0.999682
1049.500000000 15.3848 35.7417 0 0 0 0.121832 0.992551
1050.400000000 15.5853 35.9012 0 0 0 0.444877 0.895592
1051.100000000 15.5898 35.9112 0 0 0 0.713701 0.70045
1051.700000000 15.5599 35.894 0 0 0 0.886752 0.462245
1052.400000000 15.4602 35.8123 0 0 0 0.988643 0.150284
1053.100000000 15.4699 35.7899 0 0 0 -0.984724 0.174124
1053.700000000 15.3985 35.6405 0 0 0 -0.909558 0.415578
1055.100000000 14.6592 34.9136 0 0 0 -0.946981 0.321291
1056.800000000 13.8425 34.6418 0 0 0 -0.998334 0.0577035
1058.200000000 13.4867 34.6694 0 0 0 0.974233 0.225545
1059.100000000 13.5617 34.7565 0 0 0 0.876336 0.481701
1060.000000000 13.6827 34.7962 0 0 0 0.695696 0.718337
1060.700000000 13.6957 34.7687 0 0 0 0.485701 0.874125
1061.600000000 13.6848 34.7755 0 0 0 0.167427 0.985884
1062.300000000 13.686 34.7703 0 0 0 -0.15384 0.988096
1063.000000000 13.6864 34.7773 0 0 0 -0.48291 0.87567
1063.500000000 13.6947 34.7862 0 0 0 -0.690906 0.722944
1064.800000000 13.1911 33.8974 0 0 0 -0.846291 0.532721
1066.400000000 12.5352 33.1334 0 0 0 -0.921125 0.389268
1068.500000000 11.9618 32.7016 0 0 0 -0.992271 0.124088
1069.400000000 11.9557 32.7975 0 0 0 0.983346 0.181743
1070.300000000 11.9713 32.8282 0 0 0 0.90296 0.429726
1071.400000000 12.056 32.8493 0 0 0 0.755286 0.655396
1072.300000000 12.0702 32.8395 0 0 0 0.523378 0.852101
1073.000000000 12.076 32.8201 0 0 0 0.297074 0.954854
1073.800000000 12.0764 32.783 0 0 0 -0.00134769 0.999999
1074.400000000 12.0557 32.6886 0 0 0 -0.265033 0.964239
1075.000000000 12.0433 32.6783 0 0 0 -0.517511 0.855677
1075.600000000 12.0605 32.6829 0 0 0 -0.71071 0.703485
1076.800000000 11.8494 32.1379 0 0 0 -0.876824 0.480811
1078.500000000 10.9341 31.5283 0 0 0 -0.972674 0.232175
1079.800000000 10.0388 31.146 0 0 0 -0.987579 0.157122
1080.800000000 9.9103 31.1395 0 0 0 0.990822 0.135172
1081.700000000 9.97208 31.1933 0 0 0 0.902189 0.431341
1082.400000000 10.0776 31.2367 0 0 0 0.74757 0.664183
1083.200000000 10.103 31.2153 0 0 0 0.483491 0.87535
1083.900000000 10.0967 31.2309 0 0 0 0.200691 0.979655
1085.500000000 11.0971 31.4125 0 0 0 0.0500929 0.998745
1086.600000000 11.6073 31.2992 0 0 0 -0.25799 0.966148
1087.100000000 11.5954 31.2965 0 0 0 -0.479327 0.877636
1087.800000000 11.5597 31.2958 0 0 0 -0.723099 0.690744
1088.600000000 11.3395 31.0387 0 0 0 -0.888205 0.459448
1089.400000000 11.0869 30.9771 0 0 0 -0.981138 0.19331
1090.800000000 10.144 30.9258 0 0 0 -0.999999 0.00127792
1092.800000000 9.38163 30.8284 0 0 0 -0.958395 0.285445
1093.600000000 9.4827 30.8083 0 0 0 -0.828375 0.560175
1094.500000000 9.59711 30.6558 0 0 0 -0.656563 0.754271
1095.600000000 9.85143 30.4019 0 0 0 -0.429061 0.903276
1097.400000000 10.0308 29.7744 0 0 0 -0.666378 0.745614
1098.400000000 9.92768 29.7115 0 0 0 -0.855769 0.517358
1099.200000000 9.84182 29.7207 0 0 0 -0.963378 0.268146
1100.000000000 9.79219 29.8306 0 0 0 0.999953 0.00968449
1100.700000000 9.78253 29.839 0 0 0 0.961399 0.275158
1101.500000000 9.89167 29.9482 0 0 0 0.836573 0.547855
1102.700000000 9.8846 30.3834 0 0 0 0.689128 0.724639
1104.400000000 10.1025 30.9283 0 0 0 0.424566 0.905397
1105.200000000 10.1079 30.9169 0 0 0 0.155201 0.987883
1106.200000000 10.2897 30.75 0 0 0 -0.121323 0.992613
1107.700000000 10.7892 30.4045 0 0 0 -0.393839 0.919179
1108.700000000 11.0358 30.0237 0 0 0 -0.629422 0.777064
1110.200000000 10.9167 28.9662 0 0 0 -0.792217 0.61024
1111.600000000 10.5546 28.0983 0 0 0 -0.796351 0.604835
1115.000000000 10.4014 27.2448 0 0 0 -0.741017 0.671487
1119.600000000 10.4059 26.2316 0 0 0 -0.69972 0.714417
1123.800000000 10.4569 25.2573 0 0 0 -0.688367 0.725363
1127.900000000 10.5053 24.274 0 0 0 -0.689018 0.724744
1132.300000000 10.5383 23.2988 0 0 0 -0.701827 0.712347
1136.800000000 10.5451 22.3673 0 0 0 -0.704972 0.709235
1141.400000000 10.5512 21.4106 0 0 0 -0.704972 0.709235
1146.000000000 10.5573 20.4273 0 0 0 -0.704972 0.709235
1150.600000000 10.5636 19.4549 0 0 0 -0.704972 0.709235
1155.100000000 10.5697 18.4464 0 0 0 -0.704972 0.709235
1156.600000000 10.5761 17.3906 0 0 0 -0.704972 0.709235
1157.900000000 10.582 16.4173 0 0 0 -0.705072 0.709135
1159.200000000 10.5742 15.4458 0 0 0 -0.717286 0.696779
1160.500000000 10.5306 14.4728 0 0 0 -0.713786 0.700364
1161.900000000 10.5325 13.4612 0 0 0 -0.72898 0.684535
1163.200000000 10.1499 12.8058 0 0 0 -0.88679 0.462173
1164.600000000 9.41823 12.0573 0 0 0 -0.929746 0.368201
1166.000000000 8.66444 11.3342 0 0 0 -0.92679 0.375581
1167.300000000 7.97021 10.6409 0 0 0 -0.922971 0.384869
1168.500000000 7.33243 10.0012 0 0 0 -0.922379 0.386286
1169.900000000 6.59559 9.25087 0 0 0 -0.919873 0.392217
1171.200000000 5.97896 8.50814 0 0 0 -0.891813 0.452405
1172.700000000 5.56949 7.5137 0 0 0 -0.78277 0.622311
1174.100000000 5.61932 6.53812 0 0 0 -0.655539 0.755161
1175.500000000 5.71087 5.4782 0 0 0 -0.691714 0.722172
1176.700000000 5.70158 4.59758 0 0 0 -0.734691 0.678402
1178.100000000 5.48127 3.59793 0 0 0 -0.816633 0.577157
1179.600000000 4.903 2.66387 0 0 0 -0.880092 0.474803
1180.900000000 4.43243 1.80725 0 0 0 -0.846133 0.532972
1182.200000000 3.91935 0.975618 0 0 0 -0.885852 0.463967
1183.500000000 3.27509 0.262715 0 0 0 -0.929308 0.369305
1191.200000000 2.35242 -0.173145 0 0 0 -0.991757 0.128132
1192.600000000 1.34399 -0.159472 0 0 0 0.998701 0.050946
1194.100000000 0.326323 0.177257 0 0 0 0.994692 0.102896
1195.800000000 -0.65924 0.188694 0 0 0 -0.999181 0.0404586
1196.600000000 -0.742879 -0.0298314 0 0 0 -0.933116 0.359577
1197.200000000 -0.640906 -0.0880348 0 0 0 -0.784899 0.619624
1197.700000000 -0.542988 -0.0820921 0 0 0 -0.606427 0.795139
1198.500000000 -0.32852 -0.192472 0 0 0 -0.349625 0.93689
1199.400000000 -0.0329729 -0.191312 0 0 0 -0.0472351 0.998884
1200.800000000 0.949043 -0.0511603 0 0 0 0.0892466 0.99601
1202.700000000 1.65762 -0.00760087 0 0 0 -0.185274 0.982687
1203.600000000 1.58687 -0.115256 0 0 0 -0.492625 0.870242
1204.300000000 1.49597 -0.165559 0 0 0 -0.708023 0.70619
1205.100000000 1.36584 -0.148979 0 0 0 -0.896053 0.443948
1205.700000000 1.25262 -0.144912 0 0 0 -0.974797 0.223095
1207.300000000 0.205559 -0.39516 0 0 0 -0.996022 0.0891089
1208.600000000 -0.252756 -0.237372 0 0 0 0.975519 0.219916
1209.200000000 -0.191508 -0.155664 0 0 0 0.884691 0.466179
1209.700000000 -0.133916 -0.19375 0 0 0 0.753563 0.657376
1210.400000000 -0.0428855 -0.188983 0 0 0 0.494988 0.8689
1211.000000000 0.0685302 -0.300043 0 0 0 0.230011 0.973188
1211.700000000 0.116591 -0.419524 0 0 0 -0.0683233 0.997663
1213.200000000 1.19283 -0.42802 0 0 0 0.0615217 0.998106
1214.300000000 1.40183 -0.280433 0 0 0 0.376368 0.92647
1214.900000000 1.38147 -0.130842 0 0 0 0.606403 0.795158
1215.900000000 1.16399 -0.152848 0 0 0 0.882035 0.471184
1217.000000000 0.809471 0.0136416 0 0 0 0.975706 0.219082
1219.200000000 -0.162405 -0.00663988 0 0 0 -0.999821 0.0189064
1220.500000000 -0.606425 -0.201426 0 0 0 -0.959401 0.282047
1221.100000000 -0.517604 -0.284128 0 0 0 -0.838525 0.544864
1221.800000000 -0.372498 -0.294948 0 0 0 -0.605424 0.795903
1222.400000000 -0.308716 -0.215953 0 0 0 -0.344719 0.938706
1223.100000000 -0.276883 -0.103603 0 0 0 0.000716345 1
1223.700000000 -0.30333 -0.0067849 0 0 0 0.296021 0.955181
1225.400000000 0.435504 0.755451 0 0 0 0.278581 0.960413
1226.400000000 0.830345 0.798571 0 0 0 0.0143867 0.999897
1227.200000000 0.814508 0.674999 0 0 0 -0.311562 0.950226
1228.100000000 0.827452 0.413051 0 0 0 -0.552525 0.833496
1229.700000000 0.823653 -0.371367 0 0 0 -0.76509 0.643924
1230.700000000 0.68711 -0.468285 0 0 0 -0.919901 0.392151
1231.600000000 0.614164 -0.359406 0 0 0 -0.996748 0.080587
1232.300000000 0.621093 -0.256896 0 0 0 0.982949 0.183879
1233.000000000 0.666926 -0.16738 0 0 0 0.900267 0.435338
1233.800000000 0.74015 -0.0328792 0 0 0 0.75781 0.652475
1235.700000000 0.899421 0.953463 0 0 0 0.560526 0.828137
1236.400000000 1.02932 0.85185 0 0 0 0.256285 0.966601
1237.000000000 1.10353 0.748066 0 0 0 -0.00790461 0.999969
1237.900000000 1.36722 0.561943 0 0 0 -0.298144 0.954521
1239.400000000 1.96378 -0.224563 0 0 0 -0.443345 0.896351
1240.600000000 2.61155 -0.823014 0 0 0 -0.332256 0.943189
1241.900000000 3.47185 -1.2885 0 0 0 -0.210141 0.977671
1243.300000000 4.45872 -1.59741 0 0 0 -0.0912636 0.995827
1245.000000000 5.43402 -1.66292 0 0 0 0.00627353 0.99998
1248.300000000 6.36889 -1.60768 0 0 0 0.0437077 0.999044
1252.500000000 7.33084 -1.52913 0 0 0 0.0374553 0.999298
1256.600000000 8.32298 -1.48434 0 0 0 0.0138114 0.999905
1260.400000000 9.28716 -1.47255 0 0 0 0.00353411 0.999994
1264.500000000 10.2734 -1.46695 0 0 0 0.00289266 0.999996
1268.900000000 11.2401 -1.46106 0 0 0 0.00289266 0.999996
1273.000000000 12.1886 -1.45517 0 0 0 0.00289266 0.999996
1277.500000000 13.1553 -1.46052 0 0 0 -0.00089355 1
1281.900000000 14.1468 -1.46154 0 0 0 -0.0023116 0.999997
1283.900000000 15.1533 -1.52478 0 0 0 -0.0391694 0.999233
1285.400000000 16.1388 -1.87299 0 0 0 -0.21649 0.976285
1286.600000000 16.9496 -2.23569 0 0 0 -0.170999 0.985271
1288.100000000 18.0161 -2.37908 0 0 0 -0.0409524 0.999161
1290.000000000 19.014 -2.36635 0 0 0 0.102408 0.994743
1291.600000000 19.8067 -1.8068 0 0 0 0.373793 0.927512
1292.900000000 20.4934 -1.01928 0 0 0 0.403531 0.914966
1294.200000000 21.1396 -0.258169 0 0 0 0.40737 0.913263
1295.600000000 21.7096 0.552058 0 0 0 0.436446 0.899731
1296.900000000 22.3811 1.1789 0 0 0 0.378242 0.925707
1298.300000000 23.1779 1.92754 0 0 0 0.39224 0.919863
1299.600000000 23.6906 2.69797 0 0 0 0.510754 0.859727
1301.100000000 24.0054 3.6933 0 0 0 0.644563 0.764551
1302.600000000 24.0821 4.64793 0 0 0 0.674587 0.738195
1304.200000000 24.3618 5.6424 0 0 0 0.535627 0.844455
1307.000000000 24.981 6.41895 0 0 0 0.412554 0.910933
1311.300000000 25.636 7.11669 0 0 0 0.391591 0.92014
1315.800000000 26.3111 7.80211 0 0 0 0.385112 0.92287
1319.400000000 27.0612 8.48382 0 0 0 0.343261 0.93924
1320.700000000 27.8896 8.99517 0 0 0 0.224758 0.974415
1322.500000000 28.856 9.10303 0 0 0 0.0341097 0.999418
1325.700000000 29.8368 9.15362 0 0 0 -0.021117 0.999777
1327.400000000 30.659 8.77616 0 0 0 -0.293193 0.956053
1328.900000000 31.4316 7.99408 0 0 0 -0.403492 0.914983
1330.200000000 32.1316 7.26679 0 0 0 -0.362002 0.932177
1331.500000000 32.9228 6.74931 0 0 0 -0.263151 0.964755
1332.800000000 33.7055 6.17313 0 0 0 -0.354666 0.934993
1334.200000000 34.2152 5.35619 0 0 0 -0.543739 0.839254
1335.600000000 34.3686 4.33425 0 0 0 -0.684122 0.729368
1337.200000000 34.2306 3.14733 0 0 0 -0.77982 0.626003
1338.700000000 33.9725 2.21972 0 0 0 -0.735862 0.677131
1339.700000000 34.1151 1.8334 0 0 0 -0.51087 0.859658
1341.100000000 34.8609 1.20408 0 0 0 -0.305942 0.95205
1342.600000000 35.7982 0.801926 0 0 0 -0.14948 0.988765
1344.500000000 36.7581 0.515404 0 0 0 -0.206299 0.978489
1346.000000000 37.5939 -0.153725 0 0 0 -0.375132 0.926971
1347.200000000 38.2219 -0.793697 0 0 0 -0.386183 0.922422
1348.600000000 38.9651 -1.52854 0 0 0 -0.380461 0.924797
1349.800000000 39.6292 -2.15047 0 0 0 -0.342493 0.93952
1351.400000000 40.6435 -2.53661 0 0 0 -0.0941992 0.995553
1352.600000000 41.5239 -2.51815 0 0 0 0.0475769 0.998868
1354.000000000 42.5657 -2.37801 0 0 0 0.0766577 0.997057
1355.300000000 43.5347 -2.27818 0 0 0 0.0289997 0.999579
1356.200000000 43.7656 -2.38622 0 0 0 -0.276582 0.96099
1356.800000000 43.6836 -2.47037 0 0 0 -0.544314 0.838882
1357.400000000 43.5784 -2.49416 0 0 0 -0.766062 0.642767
1358.000000000 43.4692 -2.4496 0 0 0 -0.919898 0.392158
1358.600000000 43.4029 -2.36215 0 0 0 -0.99421 0.107452
1359.400000000 43.1448 -2.23878 0 0 0 0.986871 0.16151
1360.800000000 42.5112 -1.61062 0 0 0 0.916866 0.399195
1362.300000000 42.0384 -0.771106 0 0 0 0.790668 0.612246
1363.200000000 42.2026 -0.453546 0 0 0 0.576989 0.816752
1364.700000000 42.8503 0.279665 0 0 0 0.358576 0.933501
1366.100000000 43.7484 0.75101 0 0 0 0.175229 0.984528
1367.400000000 44.6958 0.870059 0 0 0 0.00400547 0.999992
1368.700000000 45.6741 0.773726 0 0 0 -0.0530168 0.998594
1370.100000000 46.7146 0.690875 0 0 0 -0.0302145 0.999543
1371.400000000 47.6875 0.652194 0 0 0 -0.00554664 0.999985
1372.800000000 48.7396 0.669466 0 0 0 0.0179788 0.999838
1374.200000000 49.7817 0.733647 0 0 0 0.0380223 0.999277
1375.500000000 50.7619 0.824957 0 0 0 0.0503059 0.998734
1376.500000000 51.0799 0.995316 0 0 0 0.347341 0.937739
1377.200000000 51.0298 1.13002 0 0 0 0.616231 0.787565
1377.700000000 50.9181 1.15664 0 0 0 0.782751 0.622334
1378.400000000 50.8132 1.08141 0 0 0 0.948685 0.316222
1379.100000000 50.7735 0.95978 0 0 0 -0.999601 0.0282359
1379.800000000 50.8053 0.820016 0 0 0 -0.933776 0.357859
1380.600000000 50.7339 0.537765 0 0 0 -0.80924 0.587478
1382.200000000 50.8552 -0.469081 0 0 0 -0.627662 0.778486
1383.600000000 51.141 -1.48202 0 0 0 -0.592805 0.805346
1384.900000000 51.3031 -2.43383 0 0 0 -0.671515 0.740991
1386.200000000 51.3179 -3.40756 0 0 0 -0.717956 0.696088
1387.500000000 51.2447 -4.38801 0 0 0 -0.73703 0.67586
1388.700000000 51.0739 -4.82609 0 0 0 -0.901597 0.432577
1389.400000000 51.0002 -4.71561 0 0 0 -0.99485 0.101362
1389.900000000 50.9923 -4.62172 0 0 0 0.989823 0.142305
1390.600000000 51.0691 -4.50873 0 0 0 0.882951 0.469466
1391.200000000 51.1163 -4.49565 0 0 0 0.736717 0.676201
1391.900000000 51.2782 -4.34517 0 0 0 0.536055 0.844183
1393.300000000 51.9144 -3.62776 0 0 0 0.316244 0.948678
1394.700000000 52.7719 -3.09791 0 0 0 0.305218 0.952282
1396.100000000 53.5397 -2.36822 0 0 0 0.379116 0.925349
1397.400000000 54.2244 -1.67498 0 0 0 0.387347 0.921934
1398.700000000 54.9059 -0.988 0 0 0 0.381623 0.924318
1400.000000000 55.6104 -0.30125 0 0 0 0.377476 0.926019
1401.300000000 56.3084 0.360918 0 0 0 0.361087 0.932532
1402.700000000 56.9661 1.07374 0 0 0 0.467633 0.883923
1404.200000000 57.2089 2.01676 0 0 0 0.673849 0.738869
1405.800000000 56.9282 3.0325 0 0 0 0.820357 0.571852
1408.000000000 56.9243 4.07866 0 0 0 0.629517 0.776987
1409.400000000 57.3744 4.94517 0 0 0 0.502419 0.864624
1410.700000000 57.7698 5.83447 0 0 0 0.573359 0.819304
1412.400000000 57.8571 6.75909 0 0 0 0.813094 0.582133
1413.000000000 57.7726 6.69926 0 0 0 0.94883 0.315787
1413.600000000 57.7435 6.58761 0 0 0 0.999775 0.0212147
1414.100000000 57.7453 6.49259 0 0 0 -0.97368 0.227919
1414.800000000 57.8298 6.36667 0 0 0 -0.843144 0.537688
1415.600000000 57.9027 6.15321 0 0 0 -0.650693 0.759341
1416.900000000 58.351 5.5375 0 0 0 -0.421109 0.90701
1418.100000000 58.8267 5.26572 0 0 0 -0.117357 0.99309
1418.700000000 58.8197 5.38316 0 0 0 0.181538 0.983384
1419.400000000 58.7313 5.49365 0 0 0 0.507871 0.861433
1420.200000000 58.6252 5.67005 0 0 0 0.752723 0.658337
1421.200000000 58.322 6.09218 0 0 0 0.891764 0.4525
1422.600000000 57.5586 6.77362 0 0 0 0.933129 0.359542
1430.000000000 56.8349 7.42533 0 0 0 0.931555 0.363601
1431.400000000 56.0902 8.16858 0 0 0 0.923822 0.382823
1432.600000000 55.4566 8.80287 0 0 0 0.923821 0.382826
1434.000000000 54.6569 9.50091 0 0 0 0.913804 0.406155
1435.200000000 54.2405 10.3135 0 0 0 0.856597 0.515985
1436.600000000 54.0085 11.2488 0 0 0 0.749945 0.6615
1439.000000000 54.0531 12.2327 0 0 0 0.677997 0.735065
1443.400000000 54.1163 13.1591 0 0 0 0.684713 0.728813
1448.400000000 54.1449 14.1571 0 0 0 0.700393 0.713757
1450.500000000 54.1357 15.1052 0 0 0 0.722382 0.691494
1452.800000000 54.0872 16.1158 0 0 0 0.71734 0.696723
1454.700000000 53.9818 17.1162 0 0 0 0.754209 0.656634
1456.200000000 53.5983 17.9848 0 0 0 0.871944 0.489605
1458.600000000 52.9306 18.7494 0 0 0 0.917112 0.398629
1462.800000000 52.245 19.4599 0 0 0 0.926935 0.375221
1464.200000000 51.4061 20.0936 0 0 0 0.958551 0.284922
1466.000000000 50.5463 20.4951 0 0 0 0.989722 0.143005
1467.600000000 49.8483 20.4319 0 0 0 -0.989783 0.142579
1468.600000000 49.4396 20.1327 0 0 0 -0.924581 0.380986
1470.100000000 49.2369 19.5442 0 0 0 -0.783799 0.621015
1471.400000000 49.3842 19.2998 0 0 0 -0.57711 0.816666
1472.400000000 49.4515 19.3634 0 0 0 -0.323278 0.946304
1473.500000000 49.5782 19.451 0 0 0 -0.0263113 0.999654
1474.600000000 49.6798 19.5789 0 0 0 0.255259 0.966873
1475.400000000 49.6516 19.6861 0 0 0 0.522336 0.852739
1475.900000000 49.5479 19.717 0 0 0 0.690304 0.72352
1476.700000000 49.528 19.696 0 0 0 0.894303 0.447462
1478.900000000 48.5455 20.2047 0 0 0 0.95188 0.306471
1480.400000000 48.1788 20.7854 0 0 0 0.844466 0.535609
1482.200000000 48.14 21.4017 0 0 0 0.664658 0.747148
1483.400000000 48.3161 21.5623 0 0 0 0.426404 0.904533
1484.100000000 48.3752 21.4813 0 0 0 0.200011 0.979794
1485.000000000 48.388 21.3792 0 0 0 -0.124053 0.992276
1485.600000000 48.342 21.2795 0 0 0 -0.378026 0.925795
1486.200000000 48.2575 21.2206 0 0 0 -0.605955 0.795499
1486.800000000 48.2455 21.2137 0 0 0 -0.794369 0.607435
1487.500000000 48.0951 21.2782 0 0 0 -0.940176 0.340688
1488.000000000 48.0897 21.2775 0 0 0 -0.991853 0.127385
1488.800000000 48.1119 21.3832 0 0 0 0.974887 0.222699
1489.600000000 48.0484 21.7651 0 0 0 0.903795 0.427965
1490.900000000 47.236 22.3028 0 0 0 0.9502 0.31164
1491.800000000 47.0364 22.2863 0 0 0 0.998041 0.0625566
1492.700000000 47.0363 22.2811 0 0 0 -0.964531 0.263971
1494.400000000 46.189 21.7341 0 0 0 -0.978584 0.205848
1495.700000000 45.9207 21.7144 0 0 0 0.9955 0.094759
1496.700000000 45.9247 21.7198 0 0 0 0.916102 0.400946
1499.100000000 45.2495 22.2598 0 0 0 0.996502 0.083564
1499.800000000 45.2443 22.2342 0 0 0 -0.977119 0.212694
1500.600000000 45.2514 22.2172 0 0 0 -0.850311 0.526281
1502.100000000 45.2912 21.2038 0 0 0 -0.712918 0.701248
1503.300000000 45.3706 20.7778 0 0 0 -0.478005 0.878357
1504.000000000 45.4395 20.8353 0 0 0 -0.212488 0.977164
1504.800000000 45.4667 21.0058 0 0 0 0.110025 0.993929
1505.400000000 45.4394 21.0169 0 0 0 0.358306 0.933604
1506.200000000 45.28 21.0773 0 0 0 0.648291 0.761393
1506.800000000 45.2836 21.091 0 0 0 0.822436 0.568858
1508.400000000 44.6756 21.6642 0 0 0 0.945443 0.325788
1509.500000000 44.2946 21.7411 0 0 0 0.997914 0.0645543
1510.500000000 44.2717 21.6537 0 0 0 -0.967729 0.251992
1512.200000000 43.5751 20.8424 0 0 0 -0.915865 0.401487
1513.700000000 43.1078 20.5576 0 0 0 -0.993505 0.113789
1514.500000000 43.1289 20.6439 0 0 0 0.985524 0.169537
1515.400000000 43.1336 20.6519 0 0 0 0.896898 0.442238
1516.400000000 43.2328 20.9034 0 0 0 0.733203 0.68001
1518.500000000 43.4524 21.9771 0 0 0 0.567347 0.823479
1519.400000000 43.6 22.1223 0 0 0 0.341463 0.939895
1520.100000000 43.6366 21.9739 0 0 0 -0.00561139 0.999984
1520.800000000 43.5836 21.8907 0 0 0 -0.322346 0.946622
1521.500000000 43.5102 21.8553 0 0 0 -0.624264 0.781213
1521.900000000 43.3715 21.8246 0 0 0 -0.763246 0.646109
1522.600000000 43.3826 21.818 0 0 0 -0.937732 0.34736
1524.100000000 42.4529 21.2599 0 0 0 -0.940389 0.340101
1526.100000000 41.9889 20.9961 0 0 0 -0.998879 0.0473406
1527.900000000 41.7383 21.2936 0 0 0 0.977255 0.212067
1532.800000000 40.7191 21.5407 0 0 0 0.999527 0.0307398
1535.100000000 39.8023 21.2448 0 0 0 -0.978513 0.206183
1537.200000000 39.3116 20.8024 0 0 0 -0.881419 0.472335
1538.100000000 39.3049 20.7993 0 0 0 -0.707019 0.707194
1539.000000000 39.4043 20.8258 0 0 0 -0.472489 0.881336
1539.800000000 39.5007 20.9115 0 0 0 -0.214207 0.976788
1540.700000000 39.5275 20.9395 0 0 0 0.107603 0.994194
1541.300000000 39.4767 21.0249 0 0 0 0.372268 0.928125
1541.800000000 39.4437 21.0599 0 0 0 0.572632 0.819813
1542.500000000 39.4259 21.0583 0 0 0 0.802946 0.596052
1543.300000000 39.0853 21.2385 0 0 0 0.924531 0.381107
