0.300000000 0.2 0 0 0 0 0 1
9.100000000 0.989996 -0.129184 0 0 0 -0.342904 0.93937
9.800000000 0.871032 -0.203092 0 0 0 -0.644698 0.764437
10.300000000 0.754126 -0.187796 0 0 0 -0.813427 0.581667
11.000000000 0.658785 -0.0983778 0 0 0 -0.963732 0.266872
11.500000000 0.630866 -0.0036849 0 0 0 -0.999785 0.0207515
12.200000000 0.672307 0.127188 0 0 0 0.946284 0.323338
12.900000000 0.786206 0.202311 0 0 0 0.778051 0.628201
13.500000000 0.90409 0.191361 0 0 0 0.557676 0.830059
14.200000000 0.996016 0.0955531 0 0 0 0.238654 0.971105
14.800000000 1.01742 -0.0107631 0 0 0 -0.0589825 0.998259
19.000000000 1.17116 0.0390159 0 0 0 0.33143 0.94348
19.600000000 1.03094 0.126032 0 0 0 0.585575 0.810618
20.200000000 1.0036 0.262735 0 0 0 0.75713 0.653265
21.400000000 0.584353 0.753917 0 0 0 0.912147 0.409863
22.700000000 -0.124912 1.39771 0 0 0 0.934961 0.354749
24.100000000 -0.858077 2.15457 0 0 0 0.909974 0.414665
25.400000000 -1.43283 2.93218 0 0 0 0.884182 0.467142
26.700000000 -1.91759 3.7776 0 0 0 0.860128 0.510079
28.100000000 -2.36245 4.72769 0 0 0 0.847815 0.530292
29.500000000 -2.78666 5.69935 0 0 0 0.825656 0.564174
30.800000000 -2.95697 6.57933 0 0 0 0.724536 0.689237
31.500000000 -2.84667 6.61485 0 0 0 0.478372 0.878157
32.000000000 -2.8049 6.55447 0 0 0 0.249565 0.968358
32.700000000 -2.7723 6.43293 0 0 0 -0.092282 0.995733
33.400000000 -2.79117 6.30075 0 0 0 -0.423256 0.90601
34.100000000 -2.90448 6.24655 0 0 0 -0.704195 0.710007
34.700000000 -3.03905 6.14398 0 0 0 -0.850049 0.526703
36.000000000 -3.54202 5.70512 0 0 0 -0.971693 0.236249
36.600000000 -3.57229 5.83759 0 0 0 0.998501 0.0547368
37.300000000 -3.52498 5.95932 0 0 0 0.920765 0.390119
37.900000000 -3.45509 6.04468 0 0 0 0.775855 0.630911
38.500000000 -3.31964 6.0629 0 0 0 0.578439 0.815726
40.100000000 -2.65531 6.83674 0 0 0 0.395476 0.918476
41.500000000 -2.13211 7.65711 0 0 0 0.561937 0.82718
42.900000000 -2.01501 8.66189 0 0 0 0.698336 0.71577
44.200000000 -2.10458 9.63123 0 0 0 0.753185 0.657809
45.600000000 -2.22839 10.6714 0 0 0 0.738186 0.674598
47.300000000 -2.25789 11.5575 0 0 0 0.703979 0.710221
50.700000000 -2.21887 12.5079 0 0 0 0.695972 0.718069
54.500000000 -2.20535 13.5111 0 0 0 0.704013 0.710187
58.800000000 -2.20129 14.4583 0 0 0 0.70561 0.7086
63.000000000 -2.187 15.4327 0 0 0 0.705587 0.708623
65.400000000 -2.29521 16.473 0 0 0 0.741911 0.670498
66.900000000 -2.63055 17.2076 0 0 0 0.914651 0.404244
67.500000000 -2.68912 17.1867 0 0 0 0.990362 0.138506
69.300000000 -3.79734 17.1805 0 0 0 0.996745 0.0806208
70.500000000 -4.14119 17.4049 0 0 0 0.912173 0.409805
71.100000000 -4.04836 17.4798 0 0 0 0.75221 0.658924
71.700000000 -3.94546 17.5047 0 0 0 0.553917 0.832572
73.200000000 -3.23716 18.2016 0 0 0 0.365333 0.930877
74.600000000 -2.53137 18.9968 0 0 0 0.459047 0.888412
75.800000000 -2.22462 19.8323 0 0 0 0.584653 0.811283
77.400000000 -2.06481 20.8948 0 0 0 0.711979 0.7022
78.600000000 -2.17616 21.7688 0 0 0 0.742299 0.670069
80.000000000 -2.23774 22.7417 0 0 0 0.723926 0.689877
82.000000000 -2.2592 23.7279 0 0 0 0.709867 0.704336
85.500000000 -2.26269 24.6967 0 0 0 0.708846 0.705363
89.200000000 -2.25622 25.6549 0 0 0 0.6991 0.715024
93.900000000 -2.21634 26.6505 0 0 0 0.686913 0.72674
96.600000000 -2.2068 27.6359 0 0 0 0.723155 0.690685
97.900000000 -2.33991 28.6081 0 0 0 0.770897 0.636959
99.300000000 -2.6628 29.6023 0 0 0 0.809406 0.587249
100.700000000 -2.69466 30.1535 0 0 0 0.557477 0.830193
101.400000000 -2.63817 30.0878 0 0 0 0.242923 0.970046
102.000000000 -2.60781 30.0178 0 0 0 -0.0499568 0.998751
102.600000000 -2.60491 29.8803 0 0 0 -0.336861 0.941554
103.100000000 -2.7279 29.8076 0 0 0 -0.554964 0.831874
103.700000000 -2.79354 29.7868 0 0 0 -0.77307 0.634321
104.500000000 -2.98294 29.6652 0 0 0 -0.924605 0.380928
105.600000000 -3.57659 29.3865 0 0 0 -0.986608 0.163108
106.300000000 -3.71737 29.4548 0 0 0 0.993335 0.115264
107.000000000 -3.65273 29.5651 0 0 0 0.896005 0.444045
107.700000000 -3.56545 29.6984 0 0 0 0.72234 0.691538
108.400000000 -3.43175 29.8914 0 0 0 0.536686 0.843782
110.000000000 -2.74205 30.6216 0 0 0 0.380179 0.924913
111.400000000 -2.17839 31.4467 0 0 0 0.531029 0.847354
112.800000000 -1.90418 32.4608 0 0 0 0.674284 0.738472
114.100000000 -1.97334 33.4361 0 0 0 0.753556 0.657383
115.400000000 -2.13914 34.4037 0 0 0 0.759846 0.650103
117.000000000 -2.2111 35.3906 0 0 0 0.717559 0.696498
119.600000000 -2.19603 36.3348 0 0 0 0.692934 0.721001
124.100000000 -2.15747 37.2868 0 0 0 0.697811 0.716282
128.700000000 -2.14675 38.3118 0 0 0 0.704653 0.709552
130.200000000 -2.13965 39.2355 0 0 0 0.704653 0.709552
131.600000000 -2.21387 40.276 0 0 0 0.747454 0.664314
132.800000000 -2.39557 41.1324 0 0 0 0.807758 0.589514
134.100000000 -2.75807 42.0369 0 0 0 0.815193 0.579189
135.500000000 -2.93201 43.0746 0 0 0 0.732119 0.681177
137.100000000 -2.68897 44.1241 0 0 0 0.5425 0.840056
138.400000000 -2.22591 44.9769 0 0 0 0.531092 0.847314
139.600000000 -1.94275 45.8284 0 0 0 0.62761 0.778528
140.900000000 -1.9067 46.8016 0 0 0 0.71934 0.694659
142.300000000 -2.02926 47.8459 0 0 0 0.748959 0.662616
143.600000000 -2.08115 48.818 0 0 0 0.710766 0.703429
144.900000000 -2.06995 49.8012 0 0 0 0.702736 0.71145
146.300000000 -2.06834 50.8444 0 0 0 0.706037 0.708175
147.500000000 -2.10609 51.7463 0 0 0 0.732743 0.680505
148.900000000 -2.19308 52.7677 0 0 0 0.770641 0.63727
150.100000000 -2.50928 53.6154 0 0 0 0.832271 0.554369
151.500000000 -2.8681 54.5827 0 0 0 0.803859 0.59482
152.700000000 -3.00033 55.5004 0 0 0 0.717149 0.69692
154.200000000 -2.76703 56.4341 0 0 0 0.567412 0.823434
154.700000000 -2.76275 56.4093 0 0 0 0.344901 0.938639
155.400000000 -2.70618 56.2921 0 0 0 0.00750843 0.999972
156.000000000 -2.72945 56.1691 0 0 0 -0.283918 0.958849
156.600000000 -2.72348 56.1817 0 0 0 -0.552081 0.833791
157.300000000 -2.84616 56.0472 0 0 0 -0.764061 0.645144
158.200000000 -3.12461 55.6599 0 0 0 -0.894861 0.446345
159.500000000 -3.79654 55.0149 0 0 0 -0.93024 0.36695
160.600000000 -4.15237 54.806 0 0 0 -0.998678 0.0514074
161.200000000 -4.14255 54.9204 0 0 0 0.970313 0.241853
161.900000000 -4.04761 55.0299 0 0 0 0.83177 0.55512
162.500000000 -3.96281 55.041 0 0 0 0.63415 0.77321
163.300000000 -3.7242 55.3187 0 0 0 0.4547 0.890645
164.700000000 -2.99572 55.9926 0 0 0 0.354174 0.93518
166.100000000 -2.23371 56.7179 0 0 0 0.381266 0.924466
167.500000000 -1.48288 57.4612 0 0 0 0.364801 0.931086
168.800000000 -0.673283 57.9773 0 0 0 0.229757 0.973248
170.200000000 0.301264 58.2051 0 0 0 0.056115 0.998424
172.300000000 1.27426 58.1519 0 0 0 -0.0533524 0.998576
176.600000000 2.24964 58.066 0 0 0 -0.0428291 0.999082
180.900000000 3.23949 58.0292 0 0 0 -0.0108174 0.999941
184.000000000 4.30987 58.0086 0 0 0 0.0265949 0.999646
185.400000000 5.18369 58.337 0 0 0 0.260628 0.965439
186.900000000 5.8442 59.0996 0 0 0 0.485249 0.874376
188.400000000 6.1735 60.1523 0 0 0 0.645402 0.763843
189.300000000 6.08384 60.4245 0 0 0 0.841278 0.540603
189.900000000 5.99564 60.3458 0 0 0 0.962994 0.269525
190.600000000 5.96687 60.2212 0 0 0 -0.996982 0.0776371
191.200000000 6.01887 60.125 0 0 0 -0.92951 0.368798
191.700000000 6.10228 60.1099 0 0 0 -0.81491 0.579587
192.300000000 6.21335 60.0773 0 0 0 -0.621246 0.783616
193.500000000 6.67635 59.5822 0 0 0 -0.37866 0.925536
194.800000000 7.38826 58.9175 0 0 0 -0.359577 0.933115
196.200000000 8.24753 58.1824 0 0 0 -0.27803 0.960572
197.600000000 9.1387 57.9323 0 0 0 -0.0919606 0.995763
198.900000000 10.1559 57.9139 0 0 0 0.0435453 0.999051
200.200000000 11.0916 58.0624 0 0 0 0.0453567 0.998971
201.900000000 11.9975 58.1113 0 0 0 0.0125389 0.999921
206.100000000 12.9551 58.0811 0 0 0 -0.0207152 0.999785
210.300000000 13.9317 58.0469 0 0 0 -0.0103936 0.999946
214.800000000 14.8932 58.0368 0 0 0 -0.00329835 0.999995
218.700000000 15.8984 58.0299 0 0 0 -0.00329835 0.999995
222.500000000 16.8951 58.0232 0 0 0 -0.00329835 0.999995
225.700000000 17.7241 58.1758 0 0 0 0.305297 0.952257
226.500000000 17.7053 58.3598 0 0 0 0.598499 0.801124
227.900000000 17.7541 59.3443 0 0 0 0.699735 0.714402
228.800000000 17.6248 59.4762 0 0 0 0.905808 0.423687
229.400000000 17.5505 59.367 0 0 0 0.99056 0.137079
230.000000000 17.5535 59.2488 0 0 0 -0.986828 0.161774
230.600000000 17.6226 59.163 0 0 0 -0.894945 0.446176
231.200000000 17.7538 59.143 0 0 0 -0.723544 0.690278
232.000000000 17.9493 58.9425 0 0 0 -0.495152 0.868806
233.500000000 18.7061 58.2745 0 0 0 -0.350927 0.936403
234.900000000 19.4801 57.5729 0 0 0 -0.360278 0.932845
236.500000000 20.1285 56.9658 0 0 0 -0.380936 0.924601
239.100000000 20.8289 56.2384 0 0 0 -0.386993 0.922083
243.100000000 21.5299 55.5465 0 0 0 -0.453865 0.891071
244.400000000 21.8577 54.6345 0 0 0 -0.581227 0.813742
246.800000000 21.9596 53.6781 0 0 0 -0.698667 0.715447
251.400000000 21.9274 52.7048 0 0 0 -0.722061 0.69183
255.900000000 21.885 51.7334 0 0 0 -0.722282 0.691598
259.400000000 22.1175 50.7999 0 0 0 -0.485886 0.874022
260.800000000 22.9445 50.1528 0 0 0 -0.350724 0.936479
262.800000000 23.673 49.4269 0 0 0 -0.42066 0.907218
264.100000000 24.1492 48.5955 0 0 0 -0.544499 0.838761
265.000000000 24.0737 48.2785 0 0 0 -0.766858 0.641817
266.200000000 23.6595 47.7586 0 0 0 -0.910179 0.414216
267.600000000 22.9061 47.0327 0 0 0 -0.933576 0.358379
268.900000000 22.2019 46.3791 0 0 0 -0.922341 0.386378
270.200000000 21.5332 45.6803 0 0 0 -0.920313 0.391182
271.400000000 20.902 45.0237 0 0 0 -0.924199 0.38191
272.800000000 20.1626 44.2839 0 0 0 -0.92218 0.38676
274.200000000 19.4767 43.4918 0 0 0 -0.881335 0.472492
275.400000000 19.1745 42.6256 0 0 0 -0.798482 0.602018
277.100000000 19.0995 41.6061 0 0 0 -0.709239 0.704968
279.700000000 19.1605 40.6988 0 0 0 -0.681729 0.731605
282.800000000 19.181 39.6021 0 0 0 -0.730885 0.6825
284.300000000 18.8874 38.6846 0 0 0 -0.851542 0.524286
286.600000000 18.3127 37.9661 0 0 0 -0.911686 0.410888
291.000000000 17.6324 37.2515 0 0 0 -0.920762 0.390124
295.500000000 16.9431 36.5529 0 0 0 -0.923029 0.38473
300.000000000 16.266 35.8795 0 0 0 -0.923029 0.38473
304.500000000 15.5815 35.1886 0 0 0 -0.923029 0.38473
309.100000000 14.9231 34.5239 0 0 0 -0.923029 0.38473
313.500000000 14.2436 33.8281 0 0 0 -0.923029 0.38473
315.200000000 13.5308 33.1186 0 0 0 -0.923029 0.38473
316.600000000 12.7946 32.3756 0 0 0 -0.923029 0.38473
317.900000000 12.104 31.6785 0 0 0 -0.923029 0.38473
318.800000000 12.1031 31.4998 0 0 0 -0.739652 0.672989
319.400000000 12.2088 31.5139 0 0 0 -0.507735 0.861513
320.000000000 12.2207 31.5192 0 0 0 -0.220261 0.975441
320.600000000 12.2177 31.5361 0 0 0 0.0760992 0.9971
321.400000000 12.5139 31.7248 0 0 0 0.301751 0.953387
322.800000000 13.1874 32.4693 0 0 0 0.412201 0.911093
324.200000000 13.8995 33.2011 0 0 0 0.36103 0.932554
325.600000000 14.7545 33.675 0 0 0 0.18967 0.981848
328.100000000 15.7403 33.8062 0 0 0 0.0274402 0.999623
330.400000000 16.6995 33.7348 0 0 0 -0.0649468 0.997889
332.700000000 17.7015 33.6316 0 0 0 -0.0432704 0.999063
336.800000000 18.6371 33.5753 0 0 0 -0.013397 0.99991
341.500000000 19.6088 33.623 0 0 0 0.0175629 0.999846
346.200000000 20.5935 33.6367 0 0 0 0.00746869 0.999972
350.900000000 21.5615 33.6428 0 0 0 0.00234953 0.999997
355.600000000 22.5314 33.6478 0 0 0 0.00234885 0.999997
360.400000000 23.5034 33.6526 0 0 0 0.00234812 0.999997
365.200000000 24.4854 33.6574 0 0 0 0.00234731 0.999997
370.000000000 25.4574 33.6623 0 0 0 0.00234645 0.999997
374.800000000 26.4451 33.6671 0 0 0 0.00234553 0.999997
379.200000000 27.4118 33.6719 0 0 0 0.0023421 0.999997
383.500000000 28.3698 33.6767 0 0 0 0.00234138 0.999997
385.400000000 29.1434 33.9913 0 0 0 0.286561 0.958062
386.800000000 29.8994 34.7113 0 0 0 0.404469 0.914552
388.600000000 30.5248 35.3904 0 0 0 0.39491 0.91872
392.000000000 31.1708 36.0597 0 0 0 0.384854 0.922978
393.600000000 31.9346 36.8258 0 0 0 0.383559 0.923516
394.900000000 32.6271 37.5211 0 0 0 0.383558 0.923517
396.200000000 33.3096 38.2064 0 0 0 0.383557 0.923517
398.700000000 33.9489 38.973 0 0 0 0.478968 0.877832
400.000000000 34.2666 39.9036 0 0 0 0.62119 0.78366
401.300000000 34.3005 40.8766 0 0 0 0.721833 0.692068
402.800000000 34.0657 41.6569 0 0 0 0.903273 0.429067
403.500000000 33.8897 41.5741 0 0 0 0.985941 0.167093
405.000000000 32.9208 41.5109 0 0 0 -0.997697 0.0678348
406.300000000 31.9584 41.428 0 0 0 -0.999372 0.0354391
407.700000000 30.9078 41.5415 0 0 0 0.995154 0.0983247
408.900000000 30.5308 41.776 0 0 0 0.917178 0.398479
409.500000000 30.6116 41.826 0 0 0 0.761462 0.64821
410.300000000 30.7608 42.0529 0 0 0 0.554035 0.832493
411.900000000 31.5012 42.8374 0 0 0 0.371901 0.928272
413.300000000 32.2585 43.5688 0 0 0 0.378118 0.925757
414.600000000 32.9428 44.2622 0 0 0 0.389356 0.921087
416.000000000 33.5859 45.0674 0 0 0 0.417496 0.908679
417.300000000 34.101 45.8763 0 0 0 0.522666 0.852537
418.600000000 34.4656 46.7925 0 0 0 0.657352 0.753584
420.000000000 34.3686 47.8374 0 0 0 0.768857 0.639421
421.400000000 34.1891 48.8532 0 0 0 0.761956 0.647629
422.700000000 34.0785 49.8487 0 0 0 0.711682 0.702502
424.100000000 34.1082 50.8905 0 0 0 0.68564 0.727941
425.500000000 34.1917 51.9389 0 0 0 0.676964 0.736016
426.800000000 34.2562 52.9104 0 0 0 0.692898 0.721036
428.100000000 34.2356 53.8836 0 0 0 0.726299 0.687379
429.500000000 34.1869 54.9235 0 0 0 0.735068 0.677994
430.800000000 34.1553 55.907 0 0 0 0.700854 0.713304
432.500000000 33.8928 56.8398 0 0 0 0.878813 0.477166
433.800000000 33.2023 57.4905 0 0 0 0.942264 0.334871
435.200000000 32.2969 57.9892 0 0 0 0.982163 0.188029
436.500000000 31.3702 58.1516 0 0 0 0.998806 0.0488486
444.400000000 30.4916 57.898 0 0 0 -0.968391 0.249438
445.800000000 29.7771 57.2965 0 0 0 -0.938496 0.345289
447.400000000 28.8518 56.8147 0 0 0 -0.986242 0.165306
449.300000000 27.8882 56.7374 0 0 0 0.999917 0.0129126
450.800000000 26.7973 56.8759 0 0 0 0.997347 0.0727965
452.300000000 25.8082 56.9634 0 0 0 0.999621 0.0275361
454.900000000 24.8255 56.9774 0 0 0 0.999991 0.0042767
459.000000000 23.866 56.9807 0 0 0 0.999999 0.00167165
463.500000000 22.8816 56.9717 0 0 0 -0.999976 0.00692367
467.900000000 21.8996 56.9674 0 0 0 -0.999999 0.00103275
472.100000000 20.9399 56.9653 0 0 0 -0.999999 0.00103273
475.700000000 20.1972 56.8629 0 0 0 -0.965539 0.26026
476.400000000 20.247 56.8464 0 0 0 -0.827866 0.560926
477.000000000 20.3669 56.8354 0 0 0 -0.640723 0.767772
477.700000000 20.5992 56.5807 0 0 0 -0.468297 0.883571
479.100000000 21.2003 55.7249 0 0 0 -0.45627 0.889841
480.900000000 21.8845 54.9661 0 0 0 -0.313836 0.949477
483.000000000 22.3102 54.4391 0 0 0 -0.582396 0.812905
484.500000000 22.2217 53.5602 0 0 0 -0.788724 0.614747
486.000000000 21.7774 52.6958 0 0 0 -0.846216 0.53284
487.600000000 21.629 51.9828 0 0 0 -0.680331 0.732905
488.200000000 21.729 52.016 0 0 0 -0.433357 0.901222
488.900000000 21.8276 52.049 0 0 0 -0.109664 0.993969
489.500000000 21.8652 52.1624 0 0 0 0.163469 0.986548
490.600000000 22.3648 52.6539 0 0 0 0.37554 0.926806
492.000000000 23.0645 53.3707 0 0 0 0.399211 0.916859
493.200000000 23.7309 54.0519 0 0 0 0.368435 0.929654
494.600000000 24.4834 54.7871 0 0 0 0.384164 0.923265
495.900000000 25.1741 55.4745 0 0 0 0.383246 0.923646
497.200000000 25.8637 56.165 0 0 0 0.3832 0.923666
498.500000000 26.5516 56.8615 0 0 0 0.382996 0.92375
499.900000000 27.3069 57.5866 0 0 0 0.348246 0.937403
501.200000000 28.141 58.0274 0 0 0 0.208867 0.977944
502.600000000 29.1234 58.2953 0 0 0 0.0363301 0.99934
504.100000000 30.1296 58.2616 0 0 0 -0.0551492 0.998478
505.500000000 31.1526 58.0551 0 0 0 -0.0956318 0.995417
507.500000000 32.14 57.9496 0 0 0 -0.0327488 0.999464
512.000000000 33.1384 57.9613 0 0 0 0.0170681 0.999854
516.800000000 34.101 57.991 0 0 0 0.0209283 0.999781
521.500000000 35.0588 58.0094 0 0 0 0.00597476 0.999982
526.100000000 36.0203 58.0145 0 0 0 0.00238785 0.999997
530.700000000 36.9723 58.0194 0 0 0 0.00238785 0.999997
533.300000000 38.054 58.0244 0 0 0 0.00238785 0.999997
534.500000000 38.9577 58.0293 0 0 0 0.00238784 0.999997
535.800000000 39.9315 58.0342 0 0 0 0.00238784 0.999997
537.200000000 40.984 58.0394 0 0 0 0.00238784 0.999997
538.500000000 41.9577 58.0443 0 0 0 0.00238784 0.999997
539.800000000 42.9314 58.0492 0 0 0 0.00238784 0.999997
541.200000000 43.9839 58.0545 0 0 0 0.00238784 0.999997
542.500000000 44.9577 58.0594 0 0 0 0.00238784 0.999997
543.900000000 46.0114 58.0642 0 0 0 0.00238784 0.999997
545.200000000 46.9851 58.0691 0 0 0 0.00238784 0.999997
546.500000000 47.9576 58.0744 0 0 0 0.00238783 0.999997
547.800000000 48.9314 58.0793 0 0 0 0.00238783 0.999997
549.100000000 49.9051 58.0842 0 0 0 0.00238783 0.999997
550.500000000 50.9567 58.0579 0 0 0 -0.0275004 0.999622
551.900000000 52.0103 58.0424 0 0 0 -0.00266637 0.999996
553.200000000 52.9641 58.0051 0 0 0 -0.024346 0.999704
553.900000000 53.1321 57.8896 0 0 0 -0.270549 0.962706
554.700000000 53.2148 57.6335 0 0 0 -0.524044 0.851691
556.300000000 53.2812 56.5968 0 0 0 -0.700782 0.713376
557.600000000 53.277 55.6152 0 0 0 -0.724879 0.688877
559.000000000 53.1865 54.5755 0 0 0 -0.742976 0.669318
560.400000000 53.3448 53.9256 0 0 0 -0.524299 0.851534
561.900000000 54.0774 53.2171 0 0 0 -0.3111 0.950377
563.300000000 55.0172 52.8512 0 0 0 -0.125839 0.992051
564.500000000 55.9152 52.7715 0 0 0 -0.0367126 0.999326
566.000000000 56.858 52.5764 0 0 0 -0.201268 0.979536
567.600000000 57.5888 51.8257 0 0 0 -0.458562 0.888663
568.900000000 57.8925 50.9773 0 0 0 -0.622254 0.782815
570.800000000 57.8811 49.9638 0 0 0 -0.724915 0.688838
572.400000000 57.5453 49.1997 0 0 0 -0.891042 0.45392
573.800000000 56.8361 48.5023 0 0 0 -0.934266 0.356576
575.100000000 56.0997 47.82 0 0 0 -0.925458 0.37885
576.400000000 55.4139 47.1181 0 0 0 -0.922008 0.38717
577.800000000 54.6873 46.379 0 0 0 -0.944994 0.327086
579.100000000 53.7854 45.9963 0 0 0 -0.984847 0.173427
581.000000000 52.8226 45.8553 0 0 0 -0.999544 0.030185
584.000000000 51.7848 45.7783 0 0 0 -0.993202 0.116407
585.700000000 51.0134 45.228 0 0 0 -0.943431 0.331569
588.100000000 50.2211 44.6382 0 0 0 -0.950192 0.311666
592.800000000 49.4674 44.0426 0 0 0 -0.943504 0.331361
597.700000000 48.7606 43.4084 0 0 0 -0.930329 0.366726
602.600000000 48.0618 42.7316 0 0 0 -0.926105 0.377265
607.400000000 47.3904 42.0475 0 0 0 -0.921463 0.388465
610.300000000 46.7438 41.2426 0 0 0 -0.877409 0.479742
611.600000000 46.4029 40.2708 0 0 0 -0.790173 0.612884
613.300000000 46.4737 39.2697 0 0 0 -0.676173 0.736743
617.000000000 46.4485 38.3246 0 0 0 -0.684151 0.729341
620.400000000 46.2402 37.339 0 0 0 -0.8345 0.551008
621.800000000 45.6737 36.5037 0 0 0 -0.882304 0.470679
623.100000000 45.3443 35.598 0 0 0 -0.805261 0.59292
624.700000000 45.2569 34.6763 0 0 0 -0.720631 0.693319
626.300000000 45.4804 33.9389 0 0 0 -0.493964 0.869482
627.800000000 46.2533 33.1865 0 0 0 -0.357657 0.933853
629.000000000 46.8926 32.5694 0 0 0 -0.386984 0.922086
630.300000000 47.5263 31.8358 0 0 0 -0.427515 0.904008
632.000000000 48.1195 31.0499 0 0 0 -0.459962 0.887939
635.000000000 48.6018 30.0877 0 0 0 -0.57222 0.8201
636.500000000 48.7735 29.0734 0 0 0 -0.66809 0.74408
638.200000000 48.9501 28.408 0 0 0 -0.409864 0.912147
638.800000000 49.0402 28.4839 0 0 0 -0.13894 0.990301
639.400000000 49.0643 28.6151 0 0 0 0.148119 0.98897
640.000000000 48.9979 28.7129 0 0 0 0.433717 0.901049
640.700000000 48.8778 28.746 0 0 0 0.716805 0.697274
641.300000000 48.7604 28.7054 0 0 0 0.890571 0.454844
642.000000000 48.7471 28.6973 0 0 0 0.989857 0.142065
642.500000000 48.6837 28.5084 0 0 0 -0.997167 0.0752134
644.200000000 47.6661 27.9798 0 0 0 -0.961662 0.274238
645.900000000 46.8864 27.6175 0 0 0 -0.999853 0.0171494
646.600000000 46.9071 27.7908 0 0 0 0.946867 0.321624
647.300000000 47.0166 27.8869 0 0 0 0.782772 0.622309
648.000000000 47.1275 28.0652 0 0 0 0.611553 0.791203
649.100000000 47.5046 28.5139 0 0 0 0.374631 0.927174
650.700000000 48.3095 29.1763 0 0 0 0.417596 0.908633
652.100000000 48.6862 30.0855 0 0 0 0.596243 0.802804
653.700000000 48.9461 31.0403 0 0 0 0.573445 0.819244
655.200000000 49.5798 31.9326 0 0 0 0.408985 0.912541
656.500000000 50.3085 32.6048 0 0 0 0.373787 0.927515
657.900000000 51.0854 33.3729 0 0 0 0.310193 0.950674
659.300000000 52.0202 33.6693 0 0 0 0.131635 0.991298
660.600000000 52.9661 33.7207 0 0 0 -0.0323103 0.999478
661.900000000 53.9338 33.623 0 0 0 -0.0434289 0.999057
663.300000000 54.976 33.6402 0 0 0 0.0351866 0.999381
664.200000000 55.1835 33.5477 0 0 0 -0.286725 0.958013
664.800000000 55.1968 33.5316 0 0 0 -0.521891 0.853012
665.400000000 55.1546 33.3583 0 0 0 -0.709823 0.70438
666.900000000 54.7826 32.4817 0 0 0 -0.849531 0.527538
668.400000000 54.4115 31.477 0 0 0 -0.795784 0.60558
669.900000000 54.2973 30.4571 0 0 0 -0.7247 0.689064
671.400000000 54.2636 29.4546 0 0 0 -0.727483 0.686126
673.200000000 54.3222 28.7172 0 0 0 -0.444141 0.895957
673.800000000 54.5104 28.6174 0 0 0 -0.211065 0.977472
675.100000000 55.2811 28.679 0 0 0 0.0316669 0.999498
676.400000000 56.2496 28.839 0 0 0 0.0680224 0.997684
677.700000000 57.2209 28.8836 0 0 0 -0.00708004 0.999975
679.000000000 58.1928 28.8189 0 0 0 -0.0209881 0.99978
680.400000000 59.2453 28.8181 0 0 0 0.00537498 0.999986
681.800000000 60.2971 28.8492 0 0 0 0.0229502 0.999737
683.300000000 61.3411 28.7765 0 0 0 -0.120862 0.992669
683.900000000 61.3449 28.6717 0 0 0 -0.382335 0.924024
684.600000000 61.2454 28.5807 0 0 0 -0.664399 0.747378
685.400000000 61.1088 28.3718 0 0 0 -0.846606 0.53222
687.000000000 60.3312 27.6451 0 0 0 -0.935713 0.352762
688.400000000 59.5651 26.9038 0 0 0 -0.925696 0.378269
689.800000000 58.9829 26.1502 0 0 0 -0.867197 0.497965
691.000000000 58.8053 25.3984 0 0 0 -0.720202 0.693765
692.500000000 59.05 24.3822 0 0 0 -0.612442 0.790515
693.800000000 59.2088 23.4432 0 0 0 -0.662385 0.749163
695.700000000 59.1998 22.4789 0 0 0 -0.703912 0.710287
699.000000000 59.206 21.5329 0 0 0 -0.705296 0.708913
703.100000000 59.2112 20.5557 0 0 0 -0.705296 0.708913
706.800000000 59.2115 19.5224 0 0 0 -0.711218 0.702972
708.100000000 59.1639 18.5464 0 0 0 -0.716222 0.697873
709.300000000 59.2155 17.6446 0 0 0 -0.673622 0.739076
710.900000000 59.6307 16.6815 0 0 0 -0.465372 0.885115
712.300000000 60.3787 15.9539 0 0 0 -0.366057 0.930592
714.100000000 61.1441 15.456 0 0 0 -0.0381313 0.999273
714.700000000 61.1178 15.5713 0 0 0 0.258877 0.96591
715.200000000 61.0511 15.6516 0 0 0 0.486216 0.873839
715.800000000 60.9596 15.7593 0 0 0 0.696484 0.717572
716.600000000 60.7876 15.9722 0 0 0 0.864002 0.503488
718.100000000 60.0214 16.7304 0 0 0 0.939608 0.342252
719.300000000 59.3103 17.2362 0 0 0 0.95327 0.302119
721.400000000 58.5684 17.8731 0 0 0 0.93147 0.363819
725.500000000 57.8879 18.533 0 0 0 0.926497 0.376302
730.100000000 57.2051 19.2083 0 0 0 0.924689 0.380724
734.900000000 56.5207 19.8866 0 0 0 0.924689 0.380724
739.500000000 55.8089 20.567 0 0 0 0.932146 0.362084
741.200000000 54.9193 21.1401 0 0 0 0.969672 0.244412
743.000000000 54.0329 21.4836 0 0 0 0.992445 0.122691
747.000000000 53.077 21.5411 0 0 0 -0.999999 0.00148845
750.400000000 52.0877 21.4628 0 0 0 -0.998293 0.058398
751.900000000 51.0936 21.3527 0 0 0 -0.998882 0.0472651
755.700000000 50.0473 21.2689 0 0 0 -0.998816 0.048655
756.800000000 49.6089 20.9937 0 0 0 -0.941561 0.336844
758.100000000 49.4429 20.3232 0 0 0 -0.816077 0.577943
759.700000000 49.2397 19.3656 0 0 0 -0.762764 0.646677
761.100000000 49.1765 18.3544 0 0 0 -0.705487 0.708723
762.400000000 49.2608 17.3892 0 0 0 -0.656608 0.754232
764.100000000 49.5033 16.5973 0 0 0 -0.383766 0.92343
764.700000000 49.5587 16.7018 0 0 0 -0.0937338 0.995597
765.300000000 49.5455 16.8192 0 0 0 0.204672 0.978831
765.900000000 49.4682 16.9187 0 0 0 0.484795 0.874628
766.400000000 49.374 16.9289 0 0 0 0.6882 0.725521
767.300000000 49.1849 17.1811 0 0 0 0.867042 0.498234
768.800000000 48.3883 17.9081 0 0 0 0.949346 0.314233
770.100000000 47.5741 18.3972 0 0 0 0.953743 0.300622
771.900000000 46.8659 19.0337 0 0 0 0.928702 0.370827
776.000000000 46.1608 19.7265 0 0 0 0.924931 0.380136
780.700000000 45.4056 20.4065 0 0 0 0.927813 0.373045
785.500000000 44.6547 20.985 0 0 0 0.956959 0.290223
790.600000000 43.7556 21.3682 0 0 0 0.988826 0.149077
795.500000000 42.7775 21.4866 0 0 0 0.999481 0.0322106
799.700000000 41.8277 21.4462 0 0 0 -0.999267 0.0382926
803.900000000 40.8361 21.3693 0 0 0 -0.999267 0.0382926
808.000000000 39.8917 21.3201 0 0 0 -0.999785 0.0207184
812.000000000 38.9149 21.1966 0 0 0 -0.988031 0.154252
813.600000000 38.1914 20.5755 0 0 0 -0.925296 0.379245
816.500000000 37.5121 19.887 0 0 0 -0.922227 0.386648
818.200000000 37.3239 19.4319 0 0 0 -0.768154 0.640265
819.100000000 37.4745 19.0622 0 0 0 -0.581995 0.813193
820.600000000 37.9199 18.1727 0 0 0 -0.561057 0.827777
821.800000000 38.1226 17.294 0 0 0 -0.639517 0.768777
823.100000000 38.291 16.3506 0 0 0 -0.608977 0.793188
824.500000000 38.7845 15.4585 0 0 0 -0.451763 0.892138
825.300000000 38.9403 15.4698 0 0 0 -0.129656 0.991559
825.900000000 38.9355 15.588 0 0 0 0.169161 0.985588
826.400000000 38.8749 15.6828 0 0 0 0.407179 0.913348
827.100000000 38.7477 15.7239 0 0 0 0.695678 0.718353
827.700000000 38.7329 15.7214 0 0 0 0.870028 0.493001
829.300000000 37.8507 16.5109 0 0 0 0.930073 0.367375
830.700000000 37.0993 17.2308 0 0 0 0.927442 0.373967
832.800000000 36.3827 17.9365 0 0 0 0.923354 0.383951
837.300000000 35.7082 18.625 0 0 0 0.923354 0.383951
842.300000000 35.0137 19.3134 0 0 0 0.923354 0.383951
847.200000000 34.3304 20.0006 0 0 0 0.923353 0.383951
852.100000000 33.6342 20.6664 0 0 0 0.936397 0.350942
855.000000000 32.8308 21.1964 0 0 0 0.969856 0.243677
856.800000000 31.8594 21.4601 0 0 0 0.996869 0.0790709
860.700000000 30.8803 21.4762 0 0 0 -0.999958 0.00912591
865.600000000 29.9132 21.421 0 0 0 -0.999592 0.0285751
867.500000000 29.2819 21.643 0 0 0 0.964186 0.265229
869.000000000 28.526 22.3503 0 0 0 0.921873 0.387492
871.300000000 27.8778 23.0176 0 0 0 0.923021 0.38475
881.500000000 27.197 23.6948 0 0 0 0.923022 0.384748
886.100000000 26.5212 24.377 0 0 0 0.923023 0.384746
890.700000000 25.8404 25.0642 0 0 0 0.923023 0.384744
895.100000000 25.1857 25.7251 0 0 0 0.923023 0.384744
899.600000000 24.5073 26.4098 0 0 0 0.923023 0.384744
904.100000000 23.8291 27.0945 0 0 0 0.923023 0.384744
908.800000000 23.131 27.799 0 0 0 0.923023 0.384744
913.600000000 22.4565 28.48 0 0 0 0.923023 0.384744
918.300000000 21.7818 29.1609 0 0 0 0.923023 0.384745
923.200000000 21.0925 29.8567 0 0 0 0.923023 0.384745
928.000000000 20.406 30.5481 0 0 0 0.923837 0.382786
931.400000000 19.5958 31.2318 0 0 0 0.952605 0.304209
932.800000000 18.7353 31.653 0 0 0 0.983876 0.178852
935.600000000 17.7401 31.7953 0 0 0 0.999506 0.0314423
936.900000000 16.7618 31.7552 0 0 0 -0.998507 0.0546277
938.300000000 15.7357 31.6441 0 0 0 -0.99507 0.0991717
939.500000000 14.8356 31.4891 0 0 0 -0.99989 0.0148209
940.900000000 13.7922 31.5429 0 0 0 0.999869 0.0161966
942.200000000 12.811 31.5717 0 0 0 0.999393 0.0348474
943.500000000 11.8409 31.6582 0 0 0 0.998992 0.0448925
944.800000000 11.7673 31.7639 0 0 0 0.9411 0.338128
945.800000000 11.8669 31.8355 0 0 0 0.80596 0.59197
946.800000000 11.9449 31.8459 0 0 0 0.568956 0.822368
947.600000000 11.9554 31.7918 0 0 0 0.334524 0.942387
948.800000000 12.2888 31.862 0 0 0 0.0715938 0.997434
950.000000000 12.423 31.6766 0 0 0 -0.220559 0.975374
950.900000000 12.431 31.6838 0 0 0 -0.507047 0.861919
954.300000000 12.6299 31.005 0 0 0 -0.243927 0.969794
954.900000000 12.6224 31.0206 0 0 0 0.0657583 0.997836
955.500000000 12.6047 31.1443 0 0 0 0.342165 0.93964
957.000000000 13.0582 31.9799 0 0 0 0.597743 0.801687
958.400000000 13.1787 32.8668 0 0 0 0.654834 0.755773
960.000000000 13.4252 33.5859 0 0 0 0.41456 0.910022
960.600000000 13.4154 33.522 0 0 0 0.131714 0.991288
961.200000000 13.4214 33.445 0 0 0 -0.165982 0.986129
961.800000000 13.4306 33.4554 0 0 0 -0.453631 0.89119
962.500000000 13.3345 33.2502 0 0 0 -0.718123 0.695916
963.400000000 13.1301 32.9355 0 0 0 -0.875921 0.482454
964.800000000 12.3903 32.2366 0 0 0 -0.944202 0.329367
966.100000000 11.5648 31.6978 0 0 0 -0.952828 0.303511
967.400000000 10.8952 30.9116 0 0 0 -0.904362 0.426766
968.800000000 10.4186 30.0575 0 0 0 -0.822801 0.56833
970.700000000 10.2949 29.1766 0 0 0 -0.724602 0.689168
975.000000000 10.3685 28.1969 0 0 0 -0.674128 0.738615
979.600000000 10.4491 27.2291 0 0 0 -0.679525 0.733653
984.500000000 10.4859 26.2653 0 0 0 -0.696344 0.717708
989.200000000 10.499 25.3009 0 0 0 -0.704037 0.710163
994.000000000 10.5028 24.3377 0 0 0 -0.705671 0.708539
998.500000000 10.5069 23.4067 0 0 0 -0.705671 0.708539
1003.400000000 10.511 22.4199 0 0 0 -0.705671 0.708539
1008.100000000 10.5152 21.4715 0 0 0 -0.705671 0.708539
1013.000000000 10.5192 20.4887 0 0 0 -0.705671 0.708539
1017.800000000 10.5233 19.5325 0 0 0 -0.705671 0.708539
1022.500000000 10.5274 18.5927 0 0 0 -0.705671 0.708539
1026.400000000 10.532 17.5017 0 0 0 -0.705671 0.708539
1027.800000000 10.5034 16.4492 0 0 0 -0.725806 0.6879
1029.000000000 10.4537 15.5511 0 0 0 -0.707805 0.706408
1030.300000000 10.4686 14.5756 0 0 0 -0.705001 0.709206
1031.700000000 10.4745 13.5215 0 0 0 -0.704945 0.709262
1033.000000000 10.4806 12.5474 0 0 0 -0.704891 0.709316
1034.300000000 10.4867 11.5734 0 0 0 -0.704837 0.709369
1035.600000000 10.4936 10.6011 0 0 0 -0.70464 0.709565
1037.000000000 10.5008 9.5475 0 0 0 -0.704448 0.709755
1038.200000000 10.5082 8.64393 0 0 0 -0.704262 0.70994
1039.600000000 10.5163 7.60036 0 0 0 -0.704075 0.710125
1040.800000000 10.5214 6.69942 0 0 0 -0.704361 0.709842
1042.200000000 10.5287 5.64753 0 0 0 -0.704641 0.709564
1043.500000000 10.5349 4.67643 0 0 0 -0.704899 0.709308
1044.800000000 10.4965 3.70483 0 0 0 -0.712032 0.702147
1046.100000000 10.4964 2.73513 0 0 0 -0.718086 0.695954
1047.500000000 10.4898 1.68163 0 0 0 -0.704353 0.70985
1048.800000000 10.4981 0.707376 0 0 0 -0.704365 0.709838
1050.300000000 10.2611 -0.146054 0 0 0 -0.862618 0.505856
1051.700000000 9.56876 -0.913468 0 0 0 -0.92429 0.38169
1053.000000000 8.87539 -1.60477 0 0 0 -0.924286 0.381701
1054.400000000 8.20962 -2.4154 0 0 0 -0.890913 0.454173
1055.600000000 7.76593 -3.20038 0 0 0 -0.84737 0.531003
1056.400000000 7.86738 -3.29285 0 0 0 -0.61353 0.789672
1057.100000000 7.98177 -3.21729 0 0 0 -0.305561 0.952173
1057.800000000 8.00013 -3.1066 0 0 0 0.0400158 0.999199
1058.300000000 7.96851 -2.99239 0 0 0 0.284929 0.958549
1058.900000000 7.8886 -2.92875 0 0 0 0.555693 0.831388
1059.600000000 7.7114 -2.9007 0 0 0 0.79913 0.601159
1060.400000000 7.54108 -2.74527 0 0 0 0.934574 0.355769
1061.200000000 7.28435 -2.73346 0 0 0 0.996435 0.0843605
1063.600000000 6.70284 -2.58872 0 0 0 0.927556 0.373684
1065.200000000 5.91209 -1.86601 0 0 0 0.958518 0.285032
1065.900000000 5.73081 -1.82825 0 0 0 0.999184 0.040398
1066.700000000 5.62582 -2.00972 0 0 0 -0.957081 0.289821
1067.300000000 5.64861 -2.12781 0 0 0 -0.855779 0.517342
1067.900000000 5.73907 -2.19507 0 0 0 -0.678255 0.734827
1068.600000000 5.89564 -2.2424 0 0 0 -0.430754 0.902469
1069.200000000 5.96145 -2.14867 0 0 0 -0.144916 0.989444
1069.900000000 5.9524 -2.02574 0 0 0 0.203802 0.979012
1070.400000000 5.87265 -1.94465 0 0 0 0.439081 0.898448
1071.100000000 5.77284 -1.89054 0 0 0 0.720778 0.693166
1071.700000000 5.65718 -1.92025 0 0 0 0.893448 0.449167
1072.300000000 5.58678 -2.01717 0 0 0 0.986281 0.165076
1072.900000000 5.571 -2.13783 0 0 0 -0.991027 0.133665
1073.500000000 5.62899 -2.23311 0 0 0 -0.91016 0.414256
1074.100000000 5.72389 -2.29303 0 0 0 -0.747058 0.664759
1074.600000000 5.83627 -2.28444 0 0 0 -0.560264 0.828314
1075.300000000 5.94925 -2.18894 0 0 0 -0.241947 0.97029
1075.900000000 5.95672 -2.0704 0 0 0 0.0554724 0.99846
1076.500000000 5.89217 -1.9605 0 0 0 0.347865 0.937545
1077.200000000 5.79479 -1.90172 0 0 0 0.64885 0.760916
1077.800000000 5.68025 -1.92194 0 0 0 0.844685 0.535264
1078.400000000 5.59068 -1.99044 0 0 0 0.965153 0.261685
1079.000000000 5.56692 -2.10534 0 0 0 -0.999374 0.03537
1079.600000000 5.52686 -2.22354 0 0 0 -0.960842 0.277098
1081.000000000 4.72523 -2.82643 0 0 0 -0.939049 0.343783
1082.300000000 4.12052 -3.58698 0 0 0 -0.878024 0.478617
1083.300000000 3.85411 -3.72872 0 0 0 -0.988861 0.148839
1084.200000000 3.59673 -3.59394 0 0 0 0.986404 0.16434
1085.600000000 2.94745 -2.96516 0 0 0 0.918549 0.395307
1086.900000000 2.21442 -2.37131 0 0 0 0.957246 0.289274
1094.200000000 1.37078 -2.0961 0 0 0 0.993566 0.113256
1095.700000000 0.632045 -1.57268 0 0 0 0.919343 0.393457
1097.200000000 0.228384 -0.644322 0 0 0 0.803302 0.595572
1099.100000000 0.119125 0.373847 0 0 0 0.726771 0.68688
1101.100000000 0.228489 0.959214 0 0 0 0.466561 0.884489
1101.800000000 0.328704 0.880589 0 0 0 0.139004 0.990292
1102.400000000 0.325358 0.747179 0 0 0 -0.153644 0.988126
1103.200000000 0.529791 0.467763 0 0 0 -0.378198 0.925725
1104.700000000 1.00577 -0.372915 0 0 0 -0.539938 0.841705
1106.200000000 1.24973 -0.49779 0 0 0 -0.283992 0.958827
1107.100000000 1.28913 -0.428399 0 0 0 -0.0186501 0.999826
1108.000000000 1.27168 -0.300094 0 0 0 0.266725 0.963773
1108.900000000 1.19976 -0.236795 0 0 0 0.538689 0.842504
1109.700000000 1.08199 -0.232673 0 0 0 0.748232 0.663438
1110.500000000 0.976957 -0.253423 0 0 0 0.900948 0.433926
1112.400000000 0.0987301 0.23763 0 0 0 0.973912 0.226926
1113.500000000 -0.18803 0.261215 0 0 0 -0.999234 0.0391417
1114.400000000 -0.129439 0.135594 0 0 0 -0.929348 0.369205
1115.100000000 -0.025458 0.0785064 0 0 0 -0.777649 0.628699
1115.800000000 0.0997524 0.091468 0 0 0 -0.555703 0.831381
1116.500000000 0.220822 0.112315 0 0 0 -0.310326 0.95063
1118.000000000 1.12277 -0.264991 0 0 0 -0.16045 0.987044
1119.200000000 1.47895 -0.269594 0 0 0 0.156103 0.987741
1119.800000000 1.45836 -0.187041 0 0 0 0.39552 0.918458
1120.600000000 1.29952 -0.139055 0 0 0 0.673211 0.739451
1121.400000000 1.18069 0.0681979 0 0 0 0.83313 0.553078
1122.500000000 0.868951 0.264317 0 0 0 0.963198 0.268792
1123.200000000 0.77448 0.173121 0 0 0 -0.999679 0.0253436
1123.900000000 0.828008 0.0560451 0 0 0 -0.930071 0.367379
1124.400000000 0.914329 0.00612561 0 0 0 -0.810625 0.585565
1125.300000000 1.04106 -0.253867 0 0 0 -0.585216 0.810878
1126.600000000 1.57312 -0.896638 0 0 0 -0.383707 0.923455
1128.000000000 2.43686 -1.48578 0 0 0 -0.24795 0.968773
1129.300000000 3.3385 -1.7792 0 0 0 -0.0954177 0.995437
1130.900000000 4.23258 -1.78704 0 0 0 0.0221235 0.999755
1134.300000000 5.20705 -1.68399 0 0 0 0.0599381 0.998202
1138.300000000 6.19524 -1.58405 0 0 0 0.0369906 0.999316
1142.000000000 7.16666 -1.55904 0 0 0 0.0098787 0.999951
1145.400000000 8.17831 -1.5578 0 0 0 0.00102949 0.999999
1147.300000000 9.15824 -1.5567 0 0 0 -0.00446364 0.99999
1149.200000000 10.0836 -1.56014 0 0 0 -0.00234605 0.999997
1152.000000000 11.0174 -1.56272 0 0 0 -0.0014035 0.999999
1155.100000000 12.0359 -1.56557 0 0 0 -0.0014035 0.999999
1158.100000000 12.9974 -1.56841 0 0 0 -0.0014035 0.999999
1161.100000000 13.9671 -1.57125 0 0 0 -0.0014035 0.999999
1163.800000000 14.9084 -1.57417 0 0 0 -0.0014035 0.999999
1167.100000000 15.8951 -1.57702 0 0 0 -0.0014035 0.999999
1170.100000000 16.9061 -1.57983 0 0 0 -0.0014035 0.999999
1171.400000000 17.8799 -1.58271 0 0 0 -0.0014035 0.999999
1172.600000000 18.746 -1.74478 0 0 0 -0.145506 0.989357
1174.200000000 19.4946 -2.26428 0 0 0 -0.462768 0.88648
1174.900000000 19.4464 -2.43732 0 0 0 -0.68438 0.729126
1175.700000000 19.3014 -2.55438 0 0 0 -0.880997 0.473122
1176.300000000 19.2187 -2.47186 0 0 0 -0.980418 0.196926
1176.800000000 19.1974 -2.37651 0 0 0 0.998835 0.0482509
1177.400000000 19.2332 -2.27481 0 0 0 0.941538 0.336907
1178.100000000 19.2951 -2.27196 0 0 0 0.770386 0.637578
1178.700000000 19.3972 -2.15972 0 0 0 0.577174 0.816621
1180.300000000 20.1353 -1.4382 0 0 0 0.385958 0.922516
1181.600000000 20.8473 -0.725928 0 0 0 0.348086 0.937463
1183.000000000 21.5613 -0.0746471 0 0 0 0.375906 0.926658
1184.300000000 22.2128 0.581368 0 0 0 0.384819 0.922992
1185.700000000 22.952 1.32994 0 0 0 0.385533 0.922694
1187.000000000 23.6414 2.01829 0 0 0 0.385533 0.922694
1188.300000000 24.3309 2.71665 0 0 0 0.385533 0.922694
1189.600000000 25.0113 3.41527 0 0 0 0.390963 0.920407
1191.300000000 25.7113 4.15751 0 0 0 0.398072 0.917354
1195.200000000 26.2817 4.8631 0 0 0 0.45507 0.890456
1198.800000000 26.7396 5.70524 0 0 0 0.553379 0.83293
1203.200000000 27.2067 6.55785 0 0 0 0.47016 0.882581
1207.700000000 27.8365 7.29667 0 0 0 0.407898 0.913028
1211.900000000 28.5667 8.02373 0 0 0 0.317876 0.948132
1213.300000000 29.3753 8.21528 0 0 0 0.0547709 0.998499
1214.700000000 30.3583 8.06825 0 0 0 -0.143541 0.989644
1216.000000000 31.183 7.58157 0 0 0 -0.308631 0.951182
1217.400000000 31.8169 6.79641 0 0 0 -0.460309 0.887759
1218.600000000 32.2685 6.01095 0 0 0 -0.535206 0.844722
1220.000000000 32.5251 5.00357 0 0 0 -0.67161 0.740905
1221.400000000 32.2954 3.99329 0 0 0 -0.791316 0.611407
1222.400000000 32.4552 3.56424 0 0 0 -0.595087 0.803661
1223.900000000 33.0523 2.81289 0 0 0 -0.384983 0.922924
1225.200000000 33.7624 2.14977 0 0 0 -0.372165 0.928167
1226.500000000 34.453 1.45487 0 0 0 -0.385578 0.922675
1227.900000000 35.1819 0.709494 0 0 0 -0.389138 0.921179
1229.200000000 35.8756 0.0353094 0 0 0 -0.348553 0.937289
1230.400000000 36.6441 -0.445612 0 0 0 -0.23576 0.971811
1231.900000000 37.6932 -0.607498 0 0 0 -0.0417871 0.999127
1233.700000000 38.5559 -0.578528 0 0 0 0.0499944 0.998749
1237.500000000 39.5303 -0.532115 0 0 0 0.0146112 0.999893
1240.200000000 40.5841 -0.557382 0 0 0 -0.0220361 0.999757
1241.400000000 41.4875 -0.569793 0 0 0 -0.00449124 0.99999
1242.700000000 42.4365 -0.667532 0 0 0 -0.090607 0.995887
1244.300000000 43.3726 -1.20358 0 0 0 -0.340162 0.940367
1245.600000000 43.7746 -1.82348 0 0 0 -0.586946 0.809626
1246.300000000 43.648 -1.81555 0 0 0 -0.82668 0.562672
1246.800000000 43.5506 -1.77035 0 0 0 -0.938367 0.345639
1247.400000000 43.5052 -1.67698 0 0 0 -0.998343 0.05755
1248.000000000 43.5168 -1.58035 0 0 0 0.971866 0.235533
1248.700000000 43.5722 -1.51004 0 0 0 0.834418 0.551132
1249.300000000 43.7077 -1.48835 0 0 0 0.637868 0.770146
1250.000000000 43.9263 -1.27069 0 0 0 0.450558 0.892747
1251.600000000 44.7993 -0.749366 0 0 0 0.208549 0.978012
1253.000000000 45.7521 -0.301571 0 0 0 0.17849 0.983942
1254.300000000 46.7035 -0.121448 0 0 0 0.0624436 0.998048
1255.600000000 47.6886 -0.131879 0 0 0 -0.0406501 0.999173
1256.900000000 48.6498 -0.237835 0 0 0 -0.0608964 0.998144
1258.200000000 49.6267 -0.293801 0 0 0 0.00758002 0.999971
1259.400000000 50.527 -0.228709 0 0 0 0.0447305 0.998999
1260.800000000 51.5797 -0.181632 0 0 0 0.01444 0.999896
1262.100000000 52.5423 -0.174343 0 0 0 -0.0113669 0.999935
1263.400000000 53.523 -0.238358 0 0 0 -0.0499292 0.998753
1264.900000000 54.4587 -0.657597 0 0 0 -0.282869 0.959159
1266.200000000 55.1578 -1.32405 0 0 0 -0.390923 0.920424
1267.600000000 55.8867 -2.08256 0 0 0 -0.38372 0.92345
1268.900000000 56.6033 -2.70839 0 0 0 -0.321752 0.946824
1269.800000000 56.9479 -2.81205 0 0 0 -0.0468264 0.998903
1270.500000000 56.9037 -2.67674 0 0 0 0.297462 0.954734
1271.000000000 56.8108 -2.60558 0 0 0 0.523913 0.851772
1271.700000000 56.7079 -2.46911 0 0 0 0.748052 0.66364
1273.100000000 56.2437 -1.81229 0 0 0 0.904556 0.426354
1274.300000000 55.6066 -1.1479 0 0 0 0.926031 0.377449
1281.600000000 54.9024 -0.484712 0 0 0 0.929113 0.369797
1285.400000000 54.19 0.200621 0 0 0 0.925323 0.379181
1289.500000000 53.5021 0.897799 0 0 0 0.923922 0.382582
1293.700000000 52.8167 1.57288 0 0 0 0.923922 0.382582
1297.800000000 52.1363 2.25301 0 0 0 0.923922 0.382582
1302.400000000 51.4485 2.94047 0 0 0 0.923922 0.382582
1306.600000000 50.7382 3.6505 0 0 0 0.923922 0.382582
1310.700000000 50.0553 4.3331 0 0 0 0.923922 0.382582
1314.600000000 49.4036 4.98447 0 0 0 0.923922 0.382582
1318.500000000 48.7032 5.6945 0 0 0 0.923922 0.382582
1322.800000000 48.0391 6.35835 0 0 0 0.923922 0.382582
1327.200000000 47.3411 7.04601 0 0 0 0.923922 0.382582
1331.500000000 46.6632 7.72356 0 0 0 0.923922 0.382582
1335.000000000 45.9393 8.54978 0 0 0 0.90581 0.423684
1336.300000000 45.3677 9.35602 0 0 0 0.842383 0.538879
1337.900000000 45.2295 10.3576 0 0 0 0.734008 0.679141
1341.000000000 45.2694 11.3408 0 0 0 0.692276 0.721632
1345.800000000 45.32 12.2988 0 0 0 0.684154 0.729338
1350.600000000 45.3786 13.2438 0 0 0 0.691955 0.72194
1355.600000000 45.398 14.2338 0 0 0 0.702599 0.711586
1360.400000000 45.4012 15.1818 0 0 0 0.706761 0.707453
1365.300000000 45.4021 16.1468 0 0 0 0.706761 0.707453
1370.300000000 45.4032 17.1276 0 0 0 0.706761 0.707453
1375.100000000 45.4041 18.1003 0 0 0 0.706761 0.707453
1379.800000000 45.4051 19.0671 0 0 0 0.706761 0.707453
1384.500000000 45.4061 20.0338 0 0 0 0.706761 0.707453
1387.800000000 45.1694 21.0096 0 0 0 0.86382 0.5038
1389.100000000 44.7643 21.2977 0 0 0 0.971267 0.237992
1390.400000000 44.3797 21.249 0 0 0 -0.998496 0.0548285
1394.300000000 43.4065 21.225 0 0 0 0.999444 0.0333539
1399.300000000 42.451 21.4565 0 0 0 0.993097 0.117298
1404.200000000 41.4895 21.5039 0 0 0 -1 0.000106369
