0.200000000 0.2 0 0 0 0 0 1
6.500000000 0.994799 -0.11287 0 0 0 -0.295521 0.955336
7.200000000 0.882167 -0.186002 0 0 0 -0.605678 0.79571
7.700000000 0.763986 -0.192253 0 0 0 -0.783329 0.621607
8.400000000 0.66192 -0.122425 0 0 0 -0.94918 0.314734
8.900000000 0.622434 -0.0208532 0 0 0 -0.997495 0.0707308
9.600000000 0.65105 0.0961207 0 0 0 0.961103 0.276189
10.200000000 0.749307 0.180608 0 0 0 0.836893 0.547366
10.900000000 0.866985 0.182856 0 0 0 0.597975 0.801515
11.500000000 0.987102 0.120744 0 0 0 0.334992 0.942221
12.200000000 1.02125 0.0110392 0 0 0 -0.00902078 0.999959
12.800000000 0.991884 -0.116923 0 0 0 -0.303541 0.952818
15.500000000 1.15614 -0.101738 0 0 0 -0.0417478 0.999128
16.100000000 1.14073 0.00355067 0 0 0 0.255379 0.966841
16.800000000 1.01444 0.10378 0 0 0 0.570492 0.821303
17.400000000 0.906567 0.0985127 0 0 0 0.787721 0.616032
18.400000000 0.571381 0.434531 0 0 0 0.915335 0.402694
19.700000000 -0.161006 1.07861 0 0 0 0.939772 0.341802
21.000000000 -0.842289 1.78429 0 0 0 0.912141 0.409877
22.400000000 -1.44431 2.61958 0 0 0 0.876755 0.480938
23.700000000 -1.89309 3.48987 0 0 0 0.846138 0.532964
25.000000000 -2.26163 4.41356 0 0 0 0.815306 0.57903
26.300000000 -2.59015 5.33345 0 0 0 0.815476 0.578791
27.500000000 -2.81566 6.20315 0 0 0 0.779981 0.625803
28.500000000 -2.75914 6.54956 0 0 0 0.562985 0.826467
29.200000000 -2.70393 6.48393 0 0 0 0.25099 0.96799
29.800000000 -2.67065 6.3614 0 0 0 -0.0416686 0.999131
30.400000000 -2.64522 6.26913 0 0 0 -0.330705 0.943734
31.000000000 -2.74502 6.18845 0 0 0 -0.58998 0.807418
31.600000000 -2.86182 6.17727 0 0 0 -0.799462 0.600717
32.200000000 -2.96502 6.23302 0 0 0 -0.939705 0.341987
32.900000000 -3.01967 6.35677 0 0 0 -0.999995 0.00304086
33.500000000 -2.99556 6.46148 0 0 0 0.957572 0.288194
34.100000000 -2.90174 6.55336 0 0 0 0.832194 0.554484
34.600000000 -2.8046 6.57144 0 0 0 0.671722 0.740803
36.200000000 -2.3897 7.54329 0 0 0 0.538699 0.842499
37.700000000 -2.04538 8.46102 0 0 0 0.643518 0.765431
39.200000000 -2.08036 9.48002 0 0 0 0.730107 0.683332
40.600000000 -2.20878 10.519 0 0 0 0.750021 0.661414
42.200000000 -2.26114 11.5075 0 0 0 0.71673 0.697351
45.500000000 -2.24739 12.4359 0 0 0 0.693269 0.720679
49.300000000 -2.2256 13.4162 0 0 0 0.702272 0.711908
53.500000000 -2.22065 14.4001 0 0 0 0.705336 0.708873
57.400000000 -2.21619 15.3792 0 0 0 0.705294 0.708915
58.900000000 -2.30608 16.422 0 0 0 0.76195 0.647635
60.200000000 -2.61269 17.3451 0 0 0 0.826159 0.563437
61.500000000 -2.87322 18.2858 0 0 0 0.768505 0.639844
62.400000000 -2.81177 18.6067 0 0 0 0.567581 0.823317
63.000000000 -2.73254 18.5516 0 0 0 0.303457 0.952845
63.700000000 -2.6846 18.4226 0 0 0 -0.0361473 0.999346
64.400000000 -2.6785 18.4372 0 0 0 -0.3824 0.923997
65.000000000 -2.78723 18.3635 0 0 0 -0.634779 0.772693
65.500000000 -2.88456 18.3655 0 0 0 -0.804118 0.59447
66.200000000 -3.03984 18.4376 0 0 0 -0.956608 0.29138
66.900000000 -3.08366 18.5655 0 0 0 0.998839 0.0481811
67.500000000 -3.05748 18.6657 0 0 0 0.941083 0.338176
68.100000000 -2.98586 18.697 0 0 0 0.811565 0.584262
68.700000000 -2.84875 18.703 0 0 0 0.635364 0.772213
70.300000000 -2.30473 19.6262 0 0 0 0.461126 0.887334
71.700000000 -1.97193 20.4775 0 0 0 0.633603 0.773659
73.100000000 -1.99435 21.5663 0 0 0 0.734884 0.678193
74.400000000 -2.09019 22.4454 0 0 0 0.741375 0.671091
76.100000000 -2.14172 23.3826 0 0 0 0.717463 0.696596
79.000000000 -2.1506 24.3536 0 0 0 0.709128 0.70508
82.500000000 -2.15395 25.2846 0 0 0 0.708392 0.705819
86.500000000 -2.13943 26.2724 0 0 0 0.699196 0.71493
90.100000000 -2.12258 27.2896 0 0 0 0.710914 0.703279
91.400000000 -2.21774 28.2579 0 0 0 0.750855 0.660467
92.800000000 -2.444 29.3629 0 0 0 0.791426 0.611264
94.100000000 -2.73355 30.2822 0 0 0 0.796727 0.60434
95.400000000 -2.87012 31.1838 0 0 0 0.742499 0.669848
96.500000000 -2.84248 31.6266 0 0 0 0.49771 0.867344
97.200000000 -2.8051 31.5569 0 0 0 0.174123 0.984724
97.800000000 -2.78907 31.4904 0 0 0 -0.12178 0.992557
98.400000000 -2.83085 31.5049 0 0 0 -0.405418 0.914132
99.000000000 -2.83013 31.4957 0 0 0 -0.632213 0.774795
99.600000000 -2.91582 31.3999 0 0 0 -0.830789 0.556588
100.900000000 -3.43526 30.9397 0 0 0 -0.958672 0.284515
101.500000000 -3.46989 31.0682 0 0 0 -0.999941 0.0108987
102.100000000 -3.4475 31.1832 0 0 0 0.959816 0.28063
102.700000000 -3.38865 31.2714 0 0 0 0.839138 0.543918
103.200000000 -3.35096 31.2633 0 0 0 0.685378 0.728188
103.900000000 -3.17346 31.2252 0 0 0 0.4739 0.880578
105.500000000 -2.4492 32.1028 0 0 0 0.390423 0.920635
106.800000000 -1.92052 32.9868 0 0 0 0.572603 0.819833
108.300000000 -1.84042 34.0249 0 0 0 0.736691 0.676229
109.600000000 -2.01182 35.0003 0 0 0 0.764248 0.644923
110.800000000 -2.13378 35.8848 0 0 0 0.742131 0.670255
112.700000000 -2.15473 36.8986 0 0 0 0.707387 0.706826
116.100000000 -2.13582 37.8865 0 0 0 0.702435 0.711748
119.500000000 -2.13225 38.8886 0 0 0 0.70647 0.707743
121.000000000 -2.13686 39.9141 0 0 0 0.715159 0.698962
122.300000000 -2.16316 40.8592 0 0 0 0.760184 0.649708
123.600000000 -2.47999 41.7838 0 0 0 0.836686 0.547682
124.900000000 -2.788 42.6809 0 0 0 0.793333 0.608788
125.600000000 -2.71567 42.7724 0 0 0 0.574776 0.818311
126.200000000 -2.65608 42.72 0 0 0 0.311855 0.95013
126.800000000 -2.58791 42.6026 0 0 0 0.0218614 0.999761
127.400000000 -2.62787 42.5064 0 0 0 -0.270039 0.962849
128.000000000 -2.68907 42.4212 0 0 0 -0.538563 0.842586
128.500000000 -2.75406 42.3957 0 0 0 -0.727843 0.685744
129.100000000 -2.83717 42.4273 0 0 0 -0.895871 0.444313
129.800000000 -2.93353 42.5364 0 0 0 -0.993044 0.117741
130.400000000 -2.93605 42.6436 0 0 0 0.984083 0.177707
131.000000000 -2.87074 42.7417 0 0 0 0.8897 0.456545
131.500000000 -2.7691 42.7581 0 0 0 0.752642 0.65843
132.500000000 -2.63704 43.1588 0 0 0 0.528416 0.848986
133.900000000 -2.04555 44.011 0 0 0 0.484808 0.87462
135.300000000 -1.74887 44.9586 0 0 0 0.648178 0.761489
136.600000000 -1.79472 45.9202 0 0 0 0.749903 0.661548
137.900000000 -1.93688 46.8779 0 0 0 0.767242 0.641358
139.200000000 -2.04791 47.8431 0 0 0 0.733126 0.680093
140.500000000 -2.0706 48.8253 0 0 0 0.694211 0.719772
141.900000000 -2.0304 49.8771 0 0 0 0.699856 0.714284
143.300000000 -2.0292 50.9207 0 0 0 0.710884 0.703309
144.600000000 -2.01877 51.8947 0 0 0 0.706929 0.707285
145.900000000 -2.24178 52.8693 0 0 0 0.770894 0.636963
147.300000000 -2.63307 53.7578 0 0 0 0.881281 0.472593
148.200000000 -2.91607 53.8906 0 0 0 0.980703 0.195504
148.900000000 -3.00585 53.7968 0 0 0 -0.993695 0.112117
149.500000000 -2.92664 53.6945 0 0 0 -0.914777 0.403959
150.100000000 -2.80961 53.6442 0 0 0 -0.754543 0.65625
150.700000000 -2.64291 53.6731 0 0 0 -0.526908 0.849922
151.300000000 -2.5573 53.7346 0 0 0 -0.252206 0.967674
151.900000000 -2.56683 53.8517 0 0 0 0.00784927 0.999969
152.600000000 -2.45035 53.9861 0 0 0 0.278917 0.960315
154.100000000 -1.71208 54.7522 0 0 0 0.442537 0.89675
155.400000000 -1.07516 55.5101 0 0 0 0.400992 0.916082
156.800000000 -0.327567 56.24 0 0 0 0.377907 0.925843
158.100000000 0.361164 56.931 0 0 0 0.383009 0.923745
159.500000000 1.11632 57.6187 0 0 0 0.323521 0.946221
160.800000000 1.9937 58.1003 0 0 0 0.20607 0.978537
162.200000000 2.9303 58.295 0 0 0 0.0495142 0.998773
164.400000000 3.92636 58.261 0 0 0 -0.0464858 0.998919
167.500000000 4.95639 58.2645 0 0 0 0.100739 0.994913
169.000000000 5.68924 58.7362 0 0 0 0.393467 0.919339
169.700000000 5.65813 58.9363 0 0 0 0.623954 0.781461
171.200000000 5.69154 59.8622 0 0 0 0.770935 0.636913
171.800000000 5.58482 59.8063 0 0 0 0.924115 0.382116
172.400000000 5.52979 59.7017 0 0 0 0.995763 0.0919545
172.900000000 5.53345 59.5843 0 0 0 -0.987654 0.156653
173.600000000 5.62162 59.5077 0 0 0 -0.87376 0.486357
174.200000000 5.736 59.4779 0 0 0 -0.691007 0.722848
174.900000000 5.90238 59.2862 0 0 0 -0.497618 0.867397
176.400000000 6.63053 58.6363 0 0 0 -0.307567 0.951527
177.800000000 7.56116 58.0913 0 0 0 -0.186538 0.982448
179.200000000 8.53832 57.9638 0 0 0 -0.0332001 0.999449
180.500000000 9.55422 58.042 0 0 0 0.0417672 0.999127
181.800000000 10.4912 58.118 0 0 0 0.037442 0.999299
184.200000000 11.4718 58.1476 0 0 0 0.00963093 0.999954
188.400000000 12.4278 58.1545 0 0 0 0.00222101 0.999998
193.100000000 13.4123 58.159 0 0 0 0.00222101 0.999998
197.900000000 14.3667 58.1572 0 0 0 -0.00690739 0.999976
202.300000000 15.3416 58.1529 0 0 0 -0.0041631 0.999991
205.900000000 16.2818 58.1463 0 0 0 -0.00335146 0.999994
208.100000000 17.2688 58.4309 0 0 0 0.243512 0.969898
209.500000000 17.9026 59.1068 0 0 0 0.459312 0.888275
211.000000000 18.2717 60.136 0 0 0 0.626536 0.779392
212.300000000 18.2272 60.7583 0 0 0 0.840202 0.542273
212.900000000 18.1392 60.6724 0 0 0 0.962763 0.270348
213.700000000 18.1202 60.5178 0 0 0 -0.992107 0.125398
214.300000000 18.1878 60.4247 0 0 0 -0.91027 0.414015
214.900000000 18.2882 60.3691 0 0 0 -0.753135 0.657866
215.600000000 18.3155 60.3694 0 0 0 -0.49987 0.866101
217.100000000 19.1531 59.7724 0 0 0 -0.317354 0.948307
218.400000000 19.9073 59.145 0 0 0 -0.35905 0.933318
219.800000000 20.6466 58.3964 0 0 0 -0.390324 0.920677
221.200000000 21.2759 57.7057 0 0 0 -0.421538 0.906811
222.800000000 21.8188 56.7467 0 0 0 -0.557924 0.829892
224.700000000 21.9349 55.8405 0 0 0 -0.680343 0.732894
229.000000000 21.9227 54.866 0 0 0 -0.717644 0.69641
233.800000000 21.8683 53.8907 0 0 0 -0.727879 0.685705
238.400000000 21.8212 52.9596 0 0 0 -0.722235 0.691648
243.300000000 21.8016 51.9843 0 0 0 -0.711884 0.702297
248.000000000 21.7646 50.9636 0 0 0 -0.734488 0.678622
249.500000000 21.3613 50.0169 0 0 0 -0.872547 0.488531
250.700000000 20.866 49.2476 0 0 0 -0.853354 0.521332
252.200000000 20.6902 48.3128 0 0 0 -0.740924 0.671589
254.400000000 20.6735 47.3376 0 0 0 -0.77391 0.633295
255.900000000 20.0542 46.6445 0 0 0 -0.913653 0.406494
257.200000000 19.4219 45.9297 0 0 0 -0.930787 0.365561
258.500000000 18.7193 45.2534 0 0 0 -0.924816 0.380414
260.000000000 17.9797 44.5006 0 0 0 -0.92417 0.381981
262.400000000 17.3252 43.8801 0 0 0 -0.933646 0.358197
266.200000000 16.4751 43.3514 0 0 0 -0.974235 0.225536
267.500000000 15.5469 43.0494 0 0 0 -0.991873 0.127234
269.100000000 14.5684 42.6248 0 0 0 -0.963629 0.267242
270.400000000 13.8467 41.9736 0 0 0 -0.921693 0.38792
272.100000000 13.1975 41.24 0 0 0 -0.891837 0.452357
273.600000000 13.0141 40.4079 0 0 0 -0.73206 0.68124
275.100000000 13.2618 39.4575 0 0 0 -0.540566 0.841302
277.200000000 13.8409 38.7293 0 0 0 -0.417173 0.908827
281.600000000 14.5032 38.0047 0 0 0 -0.396874 0.917873
286.400000000 15.1767 37.3055 0 0 0 -0.384802 0.922999
291.200000000 15.8507 36.6366 0 0 0 -0.384355 0.923185
295.800000000 16.5134 35.9587 0 0 0 -0.384355 0.923185
296.700000000 16.5094 35.949 0 0 0 -0.055604 0.998453
297.400000000 16.6506 36.1166 0 0 0 0.208733 0.977973
298.500000000 17.0984 36.6061 0 0 0 0.419088 0.907946
299.400000000 17.1724 36.8915 0 0 0 0.667878 0.744271
300.100000000 17.0392 36.8587 0 0 0 0.882595 0.470134
300.700000000 16.975 36.7667 0 0 0 0.982109 0.188311
301.400000000 16.971 36.6396 0 0 0 -0.987138 0.159869
302.000000000 17.0398 36.5535 0 0 0 -0.895805 0.444448
302.600000000 17.0509 36.543 0 0 0 -0.720832 0.693109
303.500000000 17.3261 36.2538 0 0 0 -0.489191 0.872177
304.900000000 18.1832 35.565 0 0 0 -0.330147 0.94393
308.100000000 18.8793 34.944 0 0 0 -0.360121 0.932905
313.000000000 19.5819 34.313 0 0 0 -0.344432 0.938811
317.000000000 20.3392 33.8366 0 0 0 -0.218794 0.975771
318.400000000 21.3398 33.5253 0 0 0 -0.0894982 0.995987
320.600000000 22.3389 33.4343 0 0 0 -0.0154338 0.999881
325.000000000 23.2707 33.4646 0 0 0 0.0378916 0.999282
329.900000000 24.2473 33.5482 0 0 0 0.0439518 0.999034
334.700000000 25.1959 33.6163 0 0 0 0.0257176 0.999669
339.600000000 26.1651 33.6407 0 0 0 0.00819586 0.999966
344.500000000 27.1361 33.6472 0 0 0 0.0019908 0.999998
347.800000000 28.1043 33.8538 0 0 0 0.22999 0.973193
349.400000000 28.8378 34.5343 0 0 0 0.386084 0.922463
351.800000000 29.5103 35.2068 0 0 0 0.389588 0.920989
356.500000000 30.1691 35.8853 0 0 0 0.385279 0.9228
361.200000000 30.8642 36.5983 0 0 0 0.385279 0.9228
365.600000000 31.534 37.2763 0 0 0 0.385279 0.9228
370.000000000 32.2215 37.9718 0 0 0 0.385279 0.9228
374.200000000 32.9039 38.6623 0 0 0 0.385279 0.9228
378.400000000 33.5365 39.3582 0 0 0 0.422092 0.906553
379.800000000 34.0879 40.2515 0 0 0 0.527522 0.849542
381.100000000 34.3072 41.185 0 0 0 0.65902 0.752126
382.400000000 34.3606 42.1833 0 0 0 0.742974 0.66932
384.100000000 34.4373 43.107 0 0 0 0.52679 0.849996
385.500000000 35.1159 43.8439 0 0 0 0.369648 0.929172
386.800000000 35.8116 44.4851 0 0 0 0.371261 0.928528
388.100000000 36.5152 45.1792 0 0 0 0.385441 0.922733
389.500000000 36.9159 45.7505 0 0 0 0.620142 0.78449
390.200000000 36.7948 45.8702 0 0 0 0.817407 0.57606
391.300000000 36.3301 46.2276 0 0 0 0.938628 0.34493
392.700000000 35.5678 46.9293 0 0 0 0.927855 0.372942
394.000000000 34.8825 47.6309 0 0 0 0.914417 0.404774
395.300000000 34.2467 48.3648 0 0 0 0.877157 0.480204
396.700000000 33.9803 49.3255 0 0 0 0.762615 0.646852
398.000000000 34.0199 50.2968 0 0 0 0.661876 0.749613
399.300000000 34.2068 51.2443 0 0 0 0.656442 0.754377
400.500000000 34.2638 52.1573 0 0 0 0.707486 0.706727
402.000000000 33.9367 52.9778 0 0 0 0.876276 0.48181
403.400000000 33.2042 53.6904 0 0 0 0.932462 0.361269
404.600000000 32.5578 54.2935 0 0 0 0.930366 0.366633
406.000000000 31.8053 55.0401 0 0 0 0.921878 0.387481
413.300000000 31.1259 55.7292 0 0 0 0.923079 0.384609
414.600000000 30.4353 56.4172 0 0 0 0.92435 0.381546
415.900000000 29.7161 57.0829 0 0 0 0.940473 0.339869
417.300000000 28.8807 57.6251 0 0 0 0.973806 0.227382
418.500000000 27.9502 57.8212 0 0 0 0.995603 0.0936696
420.200000000 26.992 57.8412 0 0 0 -0.999783 0.0208503
423.700000000 26.0147 57.7672 0 0 0 -0.999206 0.0398345
427.700000000 25.0396 57.7084 0 0 0 -0.999654 0.0262988
432.200000000 24.0903 57.6766 0 0 0 -0.999978 0.00668597
437.000000000 23.1081 57.6719 0 0 0 -1 0.000772661
441.800000000 22.1565 57.6697 0 0 0 -1 0.000657701
446.200000000 21.1779 57.605 0 0 0 -0.993139 0.116936
446.800000000 21.2068 57.5763 0 0 0 -0.915122 0.403176
447.300000000 21.1978 57.5828 0 0 0 -0.788965 0.614439
448.200000000 21.3611 57.247 0 0 0 -0.589928 0.807456
449.700000000 21.9947 56.2059 0 0 0 -0.448237 0.893915
451.500000000 22.2048 55.5975 0 0 0 -0.685645 0.727936
453.300000000 21.8535 54.5593 0 0 0 -0.851208 0.524828
455.400000000 21.6153 53.7275 0 0 0 -0.670439 0.741965
458.700000000 21.7036 52.9027 0 0 0 -0.878419 0.477891
459.400000000 21.7094 52.8962 0 0 0 -0.988982 0.148036
460.000000000 21.6951 53.0101 0 0 0 0.989178 0.146718
460.700000000 21.7293 53.1197 0 0 0 0.881535 0.472119
461.200000000 21.8585 53.1617 0 0 0 0.73969 0.672948
462.100000000 21.988 53.4138 0 0 0 0.507842 0.86145
463.500000000 22.6642 54.114 0 0 0 0.364301 0.931281
464.900000000 23.4479 54.8056 0 0 0 0.368743 0.929531
466.200000000 24.1618 55.4994 0 0 0 0.389042 0.92122
467.500000000 24.8405 56.1882 0 0 0 0.381724 0.924276
468.800000000 25.5472 56.847 0 0 0 0.351412 0.936221
469.900000000 26.2594 57.3515 0 0 0 0.297196 0.954816
471.400000000 27.1684 57.8884 0 0 0 0.227889 0.973687
472.600000000 28.0642 58.1861 0 0 0 0.11274 0.993624
474.100000000 29.0168 58.2458 0 0 0 0.000343968 1
476.900000000 30.0053 58.1915 0 0 0 -0.0293268 0.99957
480.900000000 30.9441 58.1242 0 0 0 -0.0314945 0.999504
485.100000000 31.9087 58.0946 0 0 0 -0.00963337 0.999954
488.900000000 32.8839 58.0881 0 0 0 -0.00340197 0.999994
492.900000000 33.8342 58.0909 0 0 0 -0.00341671 0.999994
497.300000000 34.7984 58.0836 0 0 0 -0.00344604 0.999994
501.900000000 35.7929 58.0765 0 0 0 -0.00348112 0.999994
506.600000000 36.7597 58.0792 0 0 0 -0.00351227 0.999994
511.300000000 37.6995 58.0719 0 0 0 -0.00353954 0.999994
515.700000000 38.7595 58.0643 0 0 0 -0.00354723 0.999994
517.200000000 39.7835 58.0562 0 0 0 -0.00355345 0.999994
518.600000000 40.8373 58.0706 0 0 0 0.00358157 0.999994
519.900000000 41.8206 58.0242 0 0 0 0.0224825 0.999747
521.200000000 42.7827 58.1218 0 0 0 0.021281 0.999774
522.600000000 43.8356 58.1409 0 0 0 0.00827724 0.999966
523.900000000 44.7872 58.0582 0 0 0 -0.0666862 0.997774
524.600000000 44.8111 58.0556 0 0 0 -0.360476 0.932768
525.100000000 44.7466 58.0403 0 0 0 -0.577217 0.816591
525.800000000 44.6708 58.0288 0 0 0 -0.819958 0.572424
526.400000000 44.5298 58.0851 0 0 0 -0.951078 0.308951
527.000000000 44.4833 58.0656 0 0 0 -0.999497 0.0317262
527.600000000 44.4487 58.212 0 0 0 0.974322 0.225161
529.300000000 43.661 59.0075 0 0 0 0.908964 0.416874
530.300000000 43.4758 59.3572 0 0 0 0.764701 0.644386
531.000000000 43.6029 59.363 0 0 0 0.500832 0.865544
531.600000000 43.6788 59.2685 0 0 0 0.228508 0.973542
532.400000000 43.7919 59.0952 0 0 0 -0.111566 0.993757
533.600000000 44.3784 58.7439 0 0 0 -0.357507 0.93391
534.900000000 45.1523 58.1451 0 0 0 -0.266414 0.963859
536.300000000 46.1053 57.878 0 0 0 -0.0685334 0.997649
537.600000000 47.0705 57.9204 0 0 0 0.0837645 0.996486
538.900000000 48.0288 58.1257 0 0 0 0.0888574 0.996044
540.200000000 48.9988 58.2004 0 0 0 0.0160612 0.999871
541.500000000 49.9731 58.1643 0 0 0 -0.0395644 0.999217
542.800000000 50.9447 58.1023 0 0 0 -0.0167918 0.999859
544.200000000 51.9971 58.1139 0 0 0 0.00688383 0.999976
545.600000000 53.0496 58.1193 0 0 0 -0.000849185 1
547.000000000 54.0933 58.1175 0 0 0 -0.000849147 1
548.500000000 55.0403 57.9285 0 0 0 -0.161419 0.986886
550.000000000 55.8042 57.3371 0 0 0 -0.38602 0.92249
551.300000000 56.4321 56.6123 0 0 0 -0.415608 0.909544
552.700000000 57.1791 55.792 0 0 0 -0.399312 0.916815
554.000000000 57.7112 54.9753 0 0 0 -0.513963 0.857813
555.400000000 57.9028 54.0494 0 0 0 -0.654232 0.756294
557.700000000 57.9054 53.0742 0 0 0 -0.725026 0.688721
561.800000000 57.845 52.1171 0 0 0 -0.730631 0.682773
566.100000000 57.8292 51.0959 0 0 0 -0.665055 0.746794
566.900000000 58.0143 50.9445 0 0 0 -0.422265 0.906472
567.700000000 58.3278 50.8356 0 0 0 -0.189586 0.981864
569.000000000 59.2158 50.6224 0 0 0 -0.0436876 0.999045
569.700000000 59.2194 50.7747 0 0 0 0.285203 0.958467
570.300000000 59.1184 50.8502 0 0 0 0.555711 0.831376
570.900000000 58.9907 50.8611 0 0 0 0.776579 0.63002
571.500000000 58.9074 50.8136 0 0 0 0.928726 0.370766
572.100000000 58.885 50.7177 0 0 0 0.996815 0.0797493
572.700000000 58.8893 50.7018 0 0 0 -0.984474 0.175529
574.000000000 58.264 50.1639 0 0 0 -0.913146 0.407633
575.200000000 57.6861 49.3575 0 0 0 -0.904275 0.42695
576.700000000 56.9748 48.6087 0 0 0 -0.922434 0.386155
578.000000000 56.297 47.9236 0 0 0 -0.924364 0.381513
579.700000000 55.6164 47.2467 0 0 0 -0.924364 0.381512
582.200000000 54.9495 46.5834 0 0 0 -0.924364 0.381511
585.300000000 54.2375 45.8751 0 0 0 -0.924365 0.38151
588.500000000 53.5817 45.2229 0 0 0 -0.924365 0.381509
592.100000000 52.8884 44.5232 0 0 0 -0.924365 0.381508
596.400000000 52.1859 43.8607 0 0 0 -0.932982 0.359923
601.100000000 51.3836 43.2899 0 0 0 -0.963488 0.267753
604.400000000 50.5213 42.8653 0 0 0 -0.98188 0.189504
608.100000000 49.6308 42.3767 0 0 0 -0.95663 0.291305
612.800000000 48.9125 41.7895 0 0 0 -0.935231 0.354038
617.800000000 48.2147 41.11 0 0 0 -0.927287 0.374352
622.200000000 47.535 40.4293 0 0 0 -0.923758 0.382977
624.700000000 46.8789 39.6043 0 0 0 -0.8911 0.453806
626.000000000 46.4604 38.7615 0 0 0 -0.817791 0.575516
627.600000000 46.2601 37.8244 0 0 0 -0.7308 0.682592
629.500000000 46.4257 37.2992 0 0 0 -0.491992 0.8706
630.300000000 46.6436 37.261 0 0 0 -0.233401 0.97238
631.600000000 47.3888 37.2718 0 0 0 0.0578001 0.998328
632.900000000 48.3402 37.3969 0 0 0 0.0660245 0.997818
634.100000000 49.2526 37.4802 0 0 0 0.0134359 0.99991
635.500000000 49.8916 37.3426 0 0 0 -0.28897 0.957338
636.100000000 49.8079 37.2232 0 0 0 -0.555113 0.831775
636.800000000 49.7541 37.2396 0 0 0 -0.781048 0.624471
637.800000000 49.3702 36.7165 0 0 0 -0.906604 0.421982
639.200000000 48.5911 36.0088 0 0 0 -0.930722 0.365728
640.400000000 47.9419 35.3907 0 0 0 -0.923965 0.382478
641.600000000 47.7122 34.9809 0 0 0 -0.752588 0.658492
642.400000000 47.8798 34.7478 0 0 0 -0.551056 0.834468
643.800000000 48.508 34.1079 0 0 0 -0.3291 0.944295
645.000000000 49.3113 33.7448 0 0 0 -0.19149 0.981494
646.400000000 50.3343 33.5048 0 0 0 -0.0449297 0.99899
647.900000000 51.2487 33.335 0 0 0 -0.227235 0.97384
649.400000000 51.9814 32.5724 0 0 0 -0.411736 0.911303
650.700000000 52.6237 31.847 0 0 0 -0.400663 0.916225
652.000000000 53.312 31.1477 0 0 0 -0.380648 0.92472
653.300000000 54.009 30.447 0 0 0 -0.380636 0.924725
654.500000000 54.646 29.8163 0 0 0 -0.380624 0.92473
655.900000000 55.3929 29.0756 0 0 0 -0.38061 0.924736
657.200000000 56.0899 28.3949 0 0 0 -0.380595 0.924742
658.500000000 56.7829 27.7089 0 0 0 -0.380579 0.924748
659.900000000 57.4725 26.9557 0 0 0 -0.450388 0.892833
661.100000000 57.8455 26.0905 0 0 0 -0.571891 0.82033
662.700000000 57.9407 25.0876 0 0 0 -0.700314 0.713835
665.200000000 57.8952 24.1507 0 0 0 -0.752196 0.658939
667.100000000 57.6363 23.1838 0 0 0 -0.79562 0.605796
669.200000000 57.4555 22.2754 0 0 0 -0.769583 0.638547
672.100000000 57.0491 21.4295 0 0 0 -0.924978 0.380021
673.400000000 56.3369 21.1657 0 0 0 -0.992778 0.119963
675.200000000 55.3388 21.1651 0 0 0 0.999317 0.0369501
679.100000000 54.4013 21.2475 0 0 0 0.99871 0.0507756
683.900000000 53.4507 21.3195 0 0 0 0.999678 0.0253605
688.900000000 52.4271 21.3328 0 0 0 -0.999915 0.0130172
689.600000000 52.3756 21.2183 0 0 0 -0.952034 0.305991
690.300000000 52.4495 21.1366 0 0 0 -0.788987 0.61441
690.900000000 52.5782 21.0316 0 0 0 -0.616785 0.787132
692.200000000 53.0882 20.4802 0 0 0 -0.379882 0.925035
693.500000000 53.7663 19.7819 0 0 0 -0.421004 0.907059
695.100000000 54.0935 18.9475 0 0 0 -0.677464 0.735556
695.600000000 53.9774 18.9526 0 0 0 -0.835508 0.549478
696.400000000 53.8372 18.9321 0 0 0 -0.968673 0.248339
697.400000000 53.3088 18.9236 0 0 0 -0.999993 0.00371594
698.800000000 52.3843 19.0894 0 0 0 0.994773 0.10211
701.500000000 51.3258 19.2166 0 0 0 0.999816 0.0191621
702.800000000 50.4432 19.0475 0 0 0 -0.98899 0.147982
704.800000000 49.6302 18.4996 0 0 0 -0.942619 0.33387
708.800000000 48.9121 17.8454 0 0 0 -0.928723 0.370776
713.000000000 48.2197 17.1194 0 0 0 -0.909896 0.414835
714.300000000 47.9612 16.3921 0 0 0 -0.770656 0.637251
715.700000000 48.1559 15.5296 0 0 0 -0.582388 0.812911
717.200000000 48.6019 14.7023 0 0 0 -0.498297 0.867007
718.500000000 48.9709 13.8684 0 0 0 -0.568382 0.822765
719.700000000 48.9558 13.3244 0 0 0 -0.790673 0.612239
721.200000000 48.3465 12.6024 0 0 0 -0.927438 0.373978
722.500000000 47.6046 11.983 0 0 0 -0.934256 0.356604
723.900000000 46.8391 11.4011 0 0 0 -0.96033 0.278865
725.300000000 46.1175 11.2015 0 0 0 0.999593 0.028535
725.900000000 46.1378 11.2848 0 0 0 0.947985 0.318314
726.500000000 46.266 11.3599 0 0 0 0.814287 0.580462
727.100000000 46.352 11.373 0 0 0 0.608681 0.793415
727.700000000 46.4762 11.3382 0 0 0 0.351368 0.936237
728.300000000 46.5291 11.2105 0 0 0 0.0646235 0.99791
729.400000000 46.8294 11.0055 0 0 0 -0.300226 0.953868
730.800000000 47.3742 10.2161 0 0 0 -0.497812 0.867285
732.300000000 48.0402 9.34162 0 0 0 -0.377359 0.926067
733.700000000 48.9022 8.88588 0 0 0 -0.17296 0.984929
735.100000000 49.9136 8.79548 0 0 0 0.000844553 1
736.500000000 50.9584 8.91038 0 0 0 0.0655952 0.997846
737.900000000 51.6908 8.77752 0 0 0 -0.211402 0.977399
739.400000000 52.3515 8.08212 0 0 0 -0.414629 0.90999
740.800000000 53.0726 7.33575 0 0 0 -0.382639 0.923898
742.100000000 53.7756 6.65095 0 0 0 -0.376193 0.926541
743.300000000 54.4174 6.01496 0 0 0 -0.379767 0.925082
744.700000000 55.1623 5.27197 0 0 0 -0.381909 0.9242
746.000000000 55.8475 4.58935 0 0 0 -0.381907 0.924201
747.300000000 56.5428 3.89672 0 0 0 -0.381907 0.924201
748.500000000 57.1619 3.24833 0 0 0 -0.397343 0.91767
749.700000000 57.3096 2.83053 0 0 0 -0.674105 0.738636
750.500000000 57.1652 2.63377 0 0 0 -0.855394 0.517977
752.000000000 56.4301 1.96399 0 0 0 -0.942447 0.334357
753.300000000 55.6877 1.32211 0 0 0 -0.93025 0.366927
754.700000000 54.9487 0.583631 0 0 0 -0.920226 0.391388
756.000000000 54.2659 -0.110755 0 0 0 -0.92303 0.384727
757.200000000 53.5995 -0.718046 0 0 0 -0.942214 0.335011
758.600000000 52.6994 -1.28015 0 0 0 -0.966463 0.256806
759.900000000 51.8232 -1.67272 0 0 0 -0.981552 0.191197
761.100000000 50.9685 -1.98108 0 0 0 -0.989374 0.145391
762.500000000 49.9704 -2.2877 0 0 0 -0.981801 0.189911
764.100000000 49.2976 -2.90532 0 0 0 -0.863184 0.504889
764.700000000 49.421 -2.9337 0 0 0 -0.67524 0.737598
765.300000000 49.5249 -2.8864 0 0 0 -0.427621 0.903958
766.000000000 49.5944 -2.77865 0 0 0 -0.0917138 0.995785
766.700000000 49.6551 -2.64347 0 0 0 0.220665 0.97535
767.700000000 49.7741 -2.3196 0 0 0 0.533219 0.845977
769.300000000 49.7376 -1.30636 0 0 0 0.738422 0.674339
770.300000000 49.5755 -1.06307 0 0 0 0.915023 0.403401
770.800000000 49.4859 -1.1226 0 0 0 0.982492 0.186303
771.600000000 49.3185 -1.23857 0 0 0 -0.992098 0.125464
773.100000000 48.4419 -1.74127 0 0 0 -0.970478 0.241188
774.500000000 47.4969 -2.02463 0 0 0 -0.995983 0.0895424
775.900000000 46.6057 -1.99504 0 0 0 0.999055 0.043463
779.200000000 45.6216 -1.90771 0 0 0 0.998785 0.0492722
783.200000000 44.6513 -1.84865 0 0 0 0.999846 0.0175772
787.200000000 43.6834 -1.83396 0 0 0 0.999981 0.00616463
790.200000000 42.6883 -1.83095 0 0 0 1 0.000671282
794.400000000 41.718 -1.82956 0 0 0 1 0.000675663
798.500000000 40.7307 -1.82815 0 0 0 1 0.000677514
800.600000000 39.7049 -1.85409 0 0 0 -0.998221 0.0596207
801.900000000 38.7467 -2.17725 0 0 0 -0.988841 0.148972
803.200000000 37.826 -2.35289 0 0 0 -0.995064 0.0992332
804.500000000 36.8806 -2.50494 0 0 0 -0.999864 0.0165011
806.300000000 35.8693 -2.35249 0 0 0 0.992293 0.12391
807.700000000 35.1611 -1.85896 0 0 0 0.928091 0.372353
809.000000000 34.5168 -1.03985 0 0 0 0.883062 0.469256
810.500000000 34.0768 -0.0204249 0 0 0 0.79431 0.607512
812.800000000 34.0422 0.878261 0 0 0 0.713098 0.701065
817.500000000 34.0761 1.85658 0 0 0 0.689159 0.72461
822.300000000 34.1381 2.8361 0 0 0 0.683374 0.730069
827.100000000 34.176 3.78336 0 0 0 0.695169 0.718846
830.800000000 34.0307 4.80535 0 0 0 0.830223 0.557432
832.300000000 33.3821 5.52896 0 0 0 0.921528 0.388312
834.900000000 32.6416 6.16372 0 0 0 0.931968 0.362541
836.600000000 32.4505 6.54876 0 0 0 0.768716 0.63959
837.300000000 32.4786 6.54456 0 0 0 0.570596 0.821231
838.400000000 32.9352 6.96924 0 0 0 0.344755 0.938693
839.800000000 33.7492 7.66443 0 0 0 0.354569 0.93503
841.100000000 34.4258 8.31476 0 0 0 0.391863 0.920023
848.300000000 35.0519 8.9644 0 0 0 0.390541 0.920586
849.700000000 35.7957 9.70867 0 0 0 0.381998 0.924163
850.900000000 36.4313 10.3369 0 0 0 0.381994 0.924165
852.300000000 37.177 11.0787 0 0 0 0.381991 0.924166
853.500000000 37.8199 11.6995 0 0 0 0.372347 0.928094
855.000000000 38.5877 12.393 0 0 0 0.359343 0.933206
858.300000000 39.2832 12.9705 0 0 0 0.311221 0.950338
861.300000000 40.3629 13.4965 0 0 0 0.0683176 0.997664
862.600000000 41.3019 13.6548 0 0 0 0.159127 0.987258
863.900000000 42.0713 14.1896 0 0 0 0.323282 0.946303
865.200000000 42.7652 14.8668 0 0 0 0.380115 0.924939
867.400000000 43.4831 15.5797 0 0 0 0.382676 0.923883
871.400000000 44.1438 16.2343 0 0 0 0.382678 0.923882
875.900000000 44.8451 16.9309 0 0 0 0.382713 0.923867
879.000000000 45.5883 17.6555 0 0 0 0.369251 0.92933
880.300000000 46.3521 18.2568 0 0 0 0.288202 0.95757
881.800000000 47.3762 18.6119 0 0 0 0.0897707 0.995962
883.100000000 48.3574 18.6862 0 0 0 0.0390784 0.999236
884.400000000 49.326 18.7736 0 0 0 0.0490149 0.998798
885.700000000 50.2946 18.8648 0 0 0 0.045563 0.998961
886.500000000 50.4982 19.0117 0 0 0 0.30514 0.952307
887.200000000 50.3994 19.0576 0 0 0 0.614932 0.788581
887.800000000 50.2993 19.0538 0 0 0 0.820353 0.571858
888.400000000 50.2349 18.9707 0 0 0 0.952734 0.303807
889.000000000 50.2327 18.9566 0 0 0 0.999788 0.0205803
889.500000000 50.1705 18.8289 0 0 0 -0.976795 0.214174
891.300000000 49.4498 18.0114 0 0 0 -0.937614 0.347677
892.800000000 48.6194 17.6871 0 0 0 -0.988057 0.154091
894.000000000 48.6011 17.644 0 0 0 0.988755 0.149543
894.600000000 48.6211 17.7001 0 0 0 0.916729 0.399511
895.200000000 48.6472 17.7465 0 0 0 0.78269 0.622412
895.800000000 48.6889 17.7739 0 0 0 0.592658 0.805455
896.400000000 48.7658 17.7318 0 0 0 0.37899 0.925401
897.200000000 48.8301 17.6696 0 0 0 0.0606765 0.998157
897.900000000 48.8219 17.5657 0 0 0 -0.22534 0.97428
898.700000000 48.7451 17.4616 0 0 0 -0.533798 0.845612
899.400000000 48.6495 17.4445 0 0 0 -0.756478 0.65402
900.400000000 48.3936 17.2437 0 0 0 -0.908549 0.417779
902.000000000 47.6697 16.6286 0 0 0 -0.942363 0.334592
903.200000000 47.6116 16.3968 0 0 0 -0.785342 0.619062
904.000000000 47.7146 16.3158 0 0 0 -0.590499 0.807038
905.400000000 48.1577 15.3637 0 0 0 -0.523547 0.851997
906.600000000 48.4426 15.1049 0 0 0 -0.208217 0.978083
907.200000000 48.455 15.2211 0 0 0 0.0901286 0.99593
907.800000000 48.4065 15.3335 0 0 0 0.380434 0.924808
908.400000000 48.3074 15.345 0 0 0 0.636774 0.77105
909.100000000 48.2168 15.5802 0 0 0 0.801841 0.597538
910.500000000 47.6632 16.244 0 0 0 0.932764 0.360489
912.000000000 46.8295 16.9339 0 0 0 0.935983 0.352044
914.000000000 46.1626 17.5272 0 0 0 0.927051 0.374936
918.600000000 45.4525 18.2272 0 0 0 0.925144 0.379616
923.500000000 44.7588 18.9013 0 0 0 0.925144 0.379616
928.300000000 44.0651 19.5957 0 0 0 0.925144 0.379617
932.800000000 43.3737 20.2772 0 0 0 0.926062 0.37737
937.500000000 42.659 20.8752 0 0 0 0.950188 0.311678
942.600000000 41.7517 21.273 0 0 0 0.98724 0.159241
947.400000000 40.8014 21.4174 0 0 0 0.999197 0.0400628
952.300000000 39.7929 21.412 0 0 0 -0.99989 0.0148313
956.300000000 38.8464 21.3558 0 0 0 -0.999592 0.0285643
960.300000000 37.8954 21.3031 0 0 0 -0.999838 0.0180257
965.100000000 36.9258 21.2849 0 0 0 -0.999977 0.00672697
970.000000000 35.959 21.2787 0 0 0 -0.999996 0.00286511
974.600000000 34.9776 21.2729 0 0 0 -0.999996 0.00286506
979.500000000 34.0126 21.2671 0 0 0 -0.999996 0.00286501
984.400000000 33.0476 21.2613 0 0 0 -0.999996 0.00286495
989.300000000 32.0831 21.2555 0 0 0 -0.999996 0.0028649
994.000000000 31.1181 21.2497 0 0 0 -0.999996 0.00286485
998.900000000 30.1531 21.2439 0 0 0 -0.999996 0.00286483
1003.700000000 29.1918 21.2543 0 0 0 0.999963 0.00862627
1008.100000000 28.151 21.3056 0 0 0 0.997705 0.067711
1009.300000000 27.6243 21.6475 0 0 0 0.947166 0.320744
1010.600000000 26.9868 22.3515 0 0 0 0.90322 0.429177
1013.400000000 26.367 23.07 0 0 0 0.916433 0.400187
1024.000000000 25.6873 23.7632 0 0 0 0.921813 0.387634
1028.600000000 25.0016 24.4553 0 0 0 0.923012 0.384772
1032.900000000 24.3198 25.1538 0 0 0 0.923012 0.384772
1037.200000000 23.6602 25.8197 0 0 0 0.923012 0.384772
1041.600000000 22.9459 26.5306 0 0 0 0.923012 0.384772
1045.900000000 22.281 27.2034 0 0 0 0.918428 0.395589
1049.500000000 21.6758 28.0364 0 0 0 0.873976 0.485968
1050.900000000 21.292 28.9515 0 0 0 0.789398 0.613882
1052.700000000 21.3719 30.0021 0 0 0 0.708882 0.705327
1056.300000000 21.3554 30.9344 0 0 0 0.702712 0.711475
1061.300000000 21.3712 31.9359 0 0 0 0.705111 0.709097
1066.200000000 21.3769 32.9009 0 0 0 0.705111 0.709097
1070.600000000 21.5011 33.684 0 0 0 0.475617 0.879653
1071.300000000 21.4886 33.709 0 0 0 0.162721 0.986672
1072.100000000 21.9132 33.5239 0 0 0 -0.0746475 0.99721
1073.400000000 22.8166 33.2616 0 0 0 -0.13586 0.990728
1075.200000000 23.5374 33.2563 0 0 0 0.161594 0.986857
1077.500000000 24.3633 33.8779 0 0 0 0.197911 0.98022
1079.200000000 25.1757 33.8794 0 0 0 -0.0840285 0.996463
1080.800000000 26.0099 33.4154 0 0 0 -0.172915 0.984937
1082.400000000 27.0588 33.2466 0 0 0 0.0294211 0.999567
1083.800000000 27.5627 33.5367 0 0 0 0.304278 0.952583
1084.500000000 27.5694 33.5247 0 0 0 0.605174 0.796093
1085.100000000 27.3926 33.6339 0 0 0 0.811012 0.58503
1085.700000000 27.3065 33.5751 0 0 0 0.947677 0.31923
1086.300000000 27.296 33.574 0 0 0 0.999732 0.0231691
1087.300000000 26.8565 33.2038 0 0 0 -0.961231 0.275746
1088.700000000 26.2567 32.5796 0 0 0 -0.906152 0.422952
1090.100000000 25.6162 31.8578 0 0 0 -0.913648 0.406506
1092.700000000 24.9686 31.1853 0 0 0 -0.921677 0.387958
1097.200000000 24.2856 30.4953 0 0 0 -0.922952 0.384915
1101.700000000 23.6239 29.8266 0 0 0 -0.922952 0.384915
1106.400000000 22.9296 29.1254 0 0 0 -0.922952 0.384915
1110.700000000 22.2605 28.4493 0 0 0 -0.922952 0.384915
1115.400000000 21.5638 27.7456 0 0 0 -0.922952 0.384915
1119.900000000 20.8859 27.0607 0 0 0 -0.922952 0.384915
1124.400000000 20.1992 26.3671 0 0 0 -0.922952 0.384915
1129.000000000 19.5162 25.6771 0 0 0 -0.922952 0.384915
1133.200000000 18.8508 24.9948 0 0 0 -0.922952 0.384915
1137.800000000 18.164 24.3011 0 0 0 -0.922952 0.384915
1142.200000000 17.481 23.6111 0 0 0 -0.922952 0.384915
1146.700000000 16.8055 22.9287 0 0 0 -0.922952 0.384915
1151.200000000 16.1313 22.2575 0 0 0 -0.922952 0.384915
1155.900000000 15.4484 21.5677 0 0 0 -0.922952 0.384915
1159.500000000 14.774 20.8864 0 0 0 -0.922952 0.384914
1161.900000000 14.0561 20.1615 0 0 0 -0.922952 0.384914
1164.200000000 13.3659 19.4642 0 0 0 -0.922952 0.384914
1166.400000000 12.6759 18.767 0 0 0 -0.922952 0.384914
1168.800000000 11.9532 18.0371 0 0 0 -0.922953 0.384914
1171.400000000 11.2811 17.3466 0 0 0 -0.917444 0.397864
1173.500000000 10.6818 16.4797 0 0 0 -0.868456 0.495766
1174.800000000 10.3536 15.5736 0 0 0 -0.786085 0.618119
1176.200000000 10.4551 14.4535 0 0 0 -0.697472 0.716612
1177.500000000 10.3649 13.5515 0 0 0 -0.695517 0.718509
1178.800000000 10.4369 12.4978 0 0 0 -0.702324 0.711858
1180.200000000 10.6083 11.5492 0 0 0 -0.611696 0.791093
1181.600000000 11.1301 10.8401 0 0 0 -0.39941 0.916773
1182.900000000 11.7473 10.2611 0 0 0 -0.353966 0.935258
1184.100000000 12.4353 9.67416 0 0 0 -0.345899 0.938272
1185.700000000 13.2536 9.1225 0 0 0 -0.247952 0.968772
1187.200000000 14.2837 8.71715 0 0 0 -0.0834405 0.996513
1189.900000000 15.1475 8.9121 0 0 0 0.0674122 0.997725
1194.800000000 16.1125 9.0085 0 0 0 0.0367194 0.999326
1198.600000000 17.1419 8.89909 0 0 0 -0.165227 0.986256
1200.100000000 17.9985 8.27963 0 0 0 -0.363094 0.931752
1201.400000000 18.6712 7.58536 0 0 0 -0.396203 0.918163
1202.600000000 19.2885 6.935 0 0 0 -0.379841 0.925052
1203.900000000 19.9769 6.25556 0 0 0 -0.379841 0.925052
1205.300000000 20.7252 5.51612 0 0 0 -0.379841 0.925052
1206.600000000 21.37 4.80649 0 0 0 -0.403089 0.915161
1207.900000000 21.8776 3.97632 0 0 0 -0.536821 0.843696
1209.200000000 22.0854 3.03465 0 0 0 -0.670853 0.741591
1210.700000000 22.1849 2.09424 0 0 0 -0.578577 0.815628
1212.200000000 22.8445 1.33542 0 0 0 -0.383768 0.92343
1213.500000000 23.5835 0.66693 0 0 0 -0.376057 0.926597
1214.700000000 24.2248 0.0334847 0 0 0 -0.384722 0.923032
1222.000000000 24.908 -0.661649 0 0 0 -0.381991 0.924166
1223.400000000 25.6752 -1.34317 0 0 0 -0.299295 0.954161
1224.700000000 26.5686 -1.73389 0 0 0 -0.152801 0.988257
1226.200000000 27.547 -1.82648 0 0 0 -0.00343518 0.999994
1228.600000000 28.4784 -1.78531 0 0 0 0.0230238 0.999735
1230.300000000 29.4932 -1.81662 0 0 0 -0.0330173 0.999455
1231.700000000 30.5141 -1.87338 0 0 0 -0.031539 0.999503
1233.500000000 31.4902 -1.90995 0 0 0 -0.00254928 0.999997
1236.300000000 32.4482 -1.90805 0 0 0 0.000476742 1
1239.400000000 33.4624 -1.90706 0 0 0 0.000476743 1
1243.000000000 34.4344 -1.90609 0 0 0 0.000476743 1
1245.600000000 34.9654 -1.78584 0 0 0 0.279491 0.960148
1246.300000000 34.9776 -1.78955 0 0 0 0.585587 0.810609
1246.900000000 34.9042 -1.73782 0 0 0 0.778891 0.62716
1248.400000000 34.2871 -0.724156 0 0 0 0.871431 0.490518
1249.800000000 33.8887 0.132892 0 0 0 0.81472 0.579854
1251.500000000 34.0477 0.720959 0 0 0 0.649001 0.760787
1253.500000000 34.2727 1.60686 0 0 0 0.619525 0.784977
1258.200000000 34.2176 2.6565 0 0 0 0.716954 0.697121
1259.600000000 34.0819 2.90531 0 0 0 0.909952 0.414713
1260.200000000 34.0195 2.79486 0 0 0 0.991867 0.127281
1260.800000000 33.92 2.67158 0 0 0 -0.991511 0.130019
1262.000000000 33.39 2.20852 0 0 0 -0.930405 0.366533
1263.200000000 32.8092 1.53565 0 0 0 -0.915023 0.403401
1264.500000000 32.127 0.830278 0 0 0 -0.922832 0.385202
1265.900000000 31.3796 0.0898331 0 0 0 -0.924583 0.38098
1267.200000000 30.6051 -0.53879 0 0 0 -0.945521 0.325562
1268.400000000 29.877 -1.03089 0 0 0 -0.964703 0.263342
1269.800000000 28.8921 -1.46912 0 0 0 -0.981228 0.19285
1271.100000000 27.9626 -1.75372 0 0 0 -0.994929 0.100581
1272.400000000 27.0223 -1.84261 0 0 0 -0.999115 0.0420518
1274.500000000 26.0205 -1.85655 0 0 0 0.999959 0.00904448
1277.500000000 25.0602 -1.84174 0 0 0 0.999943 0.0106472
1281.500000000 24.0982 -1.82231 0 0 0 0.999997 0.00247837
1290.000000000 23.1507 -1.53678 0 0 0 0.965137 0.261745
1291.400000000 22.4437 -0.782513 0 0 0 0.910473 0.41357
1292.700000000 21.735 -0.178594 0 0 0 0.951518 0.307592
1294.100000000 20.8258 0.139731 0 0 0 0.994637 0.10343
1295.900000000 19.8819 0.12301 0 0 0 -0.999787 0.0206341
1300.000000000 18.9237 0.0684829 0 0 0 -0.99943 0.0337642
1304.300000000 17.9019 0.00578225 0 0 0 -0.999626 0.0273294
1305.800000000 16.8814 0.00141228 0 0 0 0.99998 0.00634414
1307.200000000 15.8281 0.0244729 0 0 0 0.99997 0.00772208
1308.500000000 14.8545 0.0199162 0 0 0 -0.999996 0.0028724
1309.700000000 13.961 0.0139116 0 0 0 -0.999996 0.00290747
1311.100000000 12.9087 0.00817157 0 0 0 -0.999996 0.00288119
1312.500000000 11.8564 0.00245666 0 0 0 -0.999996 0.00286821
1313.900000000 10.804 -0.00324626 0 0 0 -0.999996 0.00285944
1315.300000000 9.75184 -0.00847172 0 0 0 -0.999996 0.0028595
1316.600000000 8.77825 -0.0133234 0 0 0 -0.999996 0.00286777
1318.000000000 7.72466 -0.0182461 0 0 0 -0.999996 0.00288494
1319.300000000 6.75108 -0.0235885 0 0 0 -0.999996 0.00291029
1320.600000000 5.77786 -0.027167 0 0 0 -0.999996 0.00274701
1321.900000000 4.80593 -0.030701 0 0 0 -0.999997 0.00247313
1323.300000000 3.75387 -0.0352956 0 0 0 -0.999997 0.00248057
1324.700000000 2.71015 -0.039795 0 0 0 -0.999997 0.00251398
1326.000000000 1.72713 -0.044142 0 0 0 -0.999997 0.00253841
1327.300000000 0.706236 -0.0497051 0 0 0 0.999843 0.0177014
1328.800000000 -0.366311 -0.00669629 0 0 0 0.999952 0.00976461
1329.800000000 -0.645744 -0.133159 0 0 0 -0.951888 0.306445
1330.400000000 -0.555123 -0.205985 0 0 0 -0.819191 0.57352
1331.000000000 -0.436074 -0.211255 0 0 0 -0.613219 0.789913
1331.600000000 -0.280053 -0.18998 0 0 0 -0.376945 0.926235
1332.400000000 0.0468074 -0.290321 0 0 0 -0.152281 0.988337
1334.000000000 1.05598 -0.185485 0 0 0 0.0892513 0.996009
1335.600000000 1.53592 0.0848824 0 0 0 0.418393 0.908266
1336.300000000 1.41923 0.110224 0 0 0 0.664045 0.747693
1337.000000000 1.31443 0.0987836 0 0 0 0.851933 0.52365
1337.600000000 1.20839 0.0751246 0 0 0 0.947626 0.319383
1338.800000000 0.761073 0.0806455 0 0 0 0.999101 0.0423959
1340.200000000 0.387928 -0.0375631 0 0 0 -0.971125 0.23857
1341.400000000 0.36616 -0.245191 0 0 0 -0.880905 0.473293
1342.500000000 0.467861 -0.277226 0 0 0 -0.710888 0.703305
1343.500000000 0.572715 -0.240736 0 0 0 -0.465452 0.885073
1344.400000000 0.665369 -0.154615 0 0 0 -0.19362 0.981077
