0.300000000 0.2 0 0 0 0 0 1
8.200000000 0.991168 -0.123447 0 0 0 -0.343465 0.939165
8.800000000 0.890947 -0.18718 0 0 0 -0.605673 0.795714
9.300000000 0.772528 -0.183663 0 0 0 -0.783328 0.621609
10.000000000 0.649933 -0.103998 0 0 0 -0.94863 0.316386
10.500000000 0.609655 -0.00280262 0 0 0 -0.997371 0.0724607
11.100000000 0.627698 0.103874 0 0 0 0.974237 0.225525
11.800000000 0.728278 0.179866 0 0 0 0.8375 0.546438
12.400000000 0.866335 0.188864 0 0 0 0.639089 0.769133
13.000000000 0.961834 0.133967 0 0 0 0.383255 0.923643
13.700000000 1.02028 0.00987366 0 0 0 0.0433126 0.999062
14.400000000 0.99453 -0.122628 0 0 0 -0.303548 0.952816
17.400000000 1.20259 -0.108688 0 0 0 -0.0104054 0.999946
18.000000000 1.17013 -0.00507263 0 0 0 0.287233 0.957861
18.600000000 1.07414 0.0915699 0 0 0 0.547248 0.83697
19.600000000 0.98447 0.472188 0 0 0 0.776274 0.630395
21.100000000 0.509308 1.39934 0 0 0 0.860425 0.509576
22.500000000 0.16203 2.30327 0 0 0 0.798234 0.602348
23.600000000 0.238327 2.79343 0 0 0 0.605189 0.796082
24.900000000 0.597542 3.68041 0 0 0 0.543702 0.839279
27.200000000 1.08133 4.55663 0 0 0 0.498087 0.867127
31.700000000 1.64694 5.32022 0 0 0 0.433354 0.901224
36.100000000 2.29402 6.04317 0 0 0 0.395379 0.918518
37.900000000 3.0624 6.6657 0 0 0 0.260348 0.965515
40.400000000 3.96129 6.88352 0 0 0 0.0850322 0.996378
44.700000000 4.96165 6.97254 0 0 0 0.0283348 0.999598
47.800000000 5.96762 6.96635 0 0 0 -0.010905 0.999941
51.500000000 6.93255 6.97951 0 0 0 0.0107002 0.999943
55.700000000 7.88943 7.01729 0 0 0 0.0265937 0.999646
60.100000000 8.85916 7.06549 0 0 0 0.0228983 0.999738
64.900000000 9.83974 7.15355 0 0 0 0.0517122 0.998662
67.500000000 10.308 7.08106 0 0 0 -0.28531 0.958435
68.000000000 10.3099 7.01468 0 0 0 -0.510328 0.85998
68.700000000 10.1488 6.90887 0 0 0 -0.751097 0.660192
69.700000000 9.87334 6.54127 0 0 0 -0.903215 0.429188
71.000000000 9.17934 5.87644 0 0 0 -0.929154 0.369692
72.300000000 8.47506 5.20197 0 0 0 -0.924157 0.382014
73.500000000 7.84944 4.54972 0 0 0 -0.917102 0.398652
74.800000000 7.21229 3.81604 0 0 0 -0.904997 0.425418
76.500000000 6.84022 3.07972 0 0 0 -0.708632 0.705579
77.400000000 7.03122 2.73204 0 0 0 -0.509426 0.860514
78.700000000 7.7169 2.07287 0 0 0 -0.363744 0.931499
80.100000000 8.44107 1.43068 0 0 0 -0.277125 0.960834
81.400000000 9.37923 1.10876 0 0 0 -0.142964 0.989728
82.900000000 10.3376 1.01698 0 0 0 -0.013119 0.999914
84.300000000 11.3606 1.15433 0 0 0 0.0759965 0.997108
85.600000000 12.2511 1.21061 0 0 0 0.0463945 0.998923
87.800000000 13.2759 1.27417 0 0 0 -0.00140945 0.999999
91.700000000 14.2726 1.24742 0 0 0 -0.0207899 0.999784
95.900000000 15.2642 1.19654 0 0 0 -0.0178456 0.999841
98.200000000 16.2658 1.21743 0 0 0 0.0391328 0.999234
99.700000000 17.2073 1.48181 0 0 0 0.212329 0.977198
102.000000000 18.0325 2.17592 0 0 0 0.386889 0.922126
103.400000000 18.5952 3.01706 0 0 0 0.510345 0.85997
105.800000000 18.9067 3.99254 0 0 0 0.652289 0.75797
107.200000000 18.7509 4.85357 0 0 0 0.825511 0.564386
108.200000000 18.5018 5.09192 0 0 0 0.955518 0.294933
108.800000000 18.4687 4.98382 0 0 0 -1 0.000609912
109.400000000 18.5029 4.88771 0 0 0 -0.955141 0.296151
110.000000000 18.5359 4.76205 0 0 0 -0.848514 0.529173
110.800000000 18.629 4.56591 0 0 0 -0.65755 0.753411
112.300000000 18.9154 3.5477 0 0 0 -0.63462 0.772824
113.700000000 18.7655 2.60187 0 0 0 -0.782128 0.623118
114.900000000 18.9409 2.00948 0 0 0 -0.569702 0.821851
116.300000000 19.5211 1.44116 0 0 0 -0.31067 0.950518
117.700000000 20.4071 1.07807 0 0 0 -0.122053 0.992524
118.900000000 21.2969 1.05756 0 0 0 0.0110269 0.999939
120.300000000 22.3308 1.14706 0 0 0 0.0506414 0.998717
121.800000000 23.233 1.19804 0 0 0 0.0172472 0.999851
124.100000000 24.2496 1.20228 0 0 0 0.0050245 0.999987
127.500000000 25.1774 1.20938 0 0 0 0.00364631 0.999993
131.200000000 26.1803 1.21754 0 0 0 0.00355274 0.999994
134.200000000 27.1705 1.23793 0 0 0 0.00940196 0.999956
136.600000000 28.1544 1.26653 0 0 0 0.0332512 0.999447
138.100000000 29.1394 1.50647 0 0 0 0.199273 0.979944
140.800000000 29.9204 2.11923 0 0 0 0.352128 0.935952
142.700000000 30.5949 2.90991 0 0 0 0.455048 0.890467
144.400000000 30.9677 3.72014 0 0 0 0.593036 0.805176
146.500000000 30.9559 4.75374 0 0 0 0.77424 0.632892
148.000000000 30.5607 5.41823 0 0 0 0.930814 0.365493
148.600000000 30.4967 5.33199 0 0 0 0.997263 0.0739333
149.200000000 30.5112 5.2057 0 0 0 -0.974545 0.224191
149.700000000 30.5713 5.11972 0 0 0 -0.889061 0.457788
150.400000000 30.703 5.08295 0 0 0 -0.678219 0.734859
151.000000000 30.8129 5.12649 0 0 0 -0.430799 0.902448
151.600000000 30.8932 5.21679 0 0 0 -0.152299 0.988334
152.300000000 31.0111 5.32567 0 0 0 0.140528 0.990077
153.700000000 31.5955 5.89461 0 0 0 0.421519 0.90682
155.100000000 32.3217 6.60942 0 0 0 0.325188 0.945649
156.700000000 33.2776 7.08062 0 0 0 0.125493 0.992095
158.400000000 34.2838 7.00347 0 0 0 -0.0338517 0.999427
159.800000000 35.3222 6.87253 0 0 0 -0.069816 0.99756
161.900000000 36.3006 6.83999 0 0 0 0.00224068 0.999997
166.300000000 37.2867 6.89747 0 0 0 0.0279357 0.99961
170.800000000 38.2819 6.93012 0 0 0 0.0143457 0.999897
172.200000000 39.258 6.94589 0 0 0 -0.000514292 1
173.500000000 40.2321 6.93967 0 0 0 -0.00286559 0.999996
175.000000000 41.2821 6.67188 0 0 0 -0.194649 0.980873
176.600000000 42.0112 5.96287 0 0 0 -0.432578 0.901596
177.800000000 42.5526 5.25385 0 0 0 -0.462461 0.88664
179.200000000 42.9219 4.34503 0 0 0 -0.620411 0.784277
180.700000000 42.9113 3.26388 0 0 0 -0.768277 0.640117
182.000000000 42.5633 2.40999 0 0 0 -0.809463 0.587172
183.000000000 42.6304 2.04543 0 0 0 -0.587601 0.809151
184.200000000 43.1607 1.55928 0 0 0 -0.35968 0.933076
185.600000000 44.0258 1.15095 0 0 0 -0.146589 0.989197
187.000000000 45.0644 1.06437 0 0 0 -0.00127813 0.999999
188.300000000 45.9908 1.12967 0 0 0 0.0714677 0.997443
189.500000000 46.886 1.21963 0 0 0 0.0497707 0.998761
190.900000000 47.9398 1.24687 0 0 0 -0.000470226 1
192.100000000 48.8836 1.25879 0 0 0 -0.00304509 0.999995
193.500000000 49.9371 1.25978 0 0 0 -0.00044763 1
194.900000000 50.9907 1.28289 0 0 0 0.0248298 0.999692
196.300000000 51.9978 1.43885 0 0 0 0.13208 0.991239
197.200000000 52.2082 1.6384 0 0 0 0.423958 0.905682
197.800000000 52.1469 1.74376 0 0 0 0.628476 0.777829
199.600000000 52.6407 2.61641 0 0 0 0.378688 0.925524
201.100000000 53.5192 3.0822 0 0 0 0.234397 0.972141
202.500000000 54.0718 3.68843 0 0 0 0.499553 0.866283
203.900000000 54.144 4.50453 0 0 0 0.724372 0.68941
205.100000000 53.9292 4.99918 0 0 0 0.90484 0.425752
205.600000000 53.8646 4.93026 0 0 0 0.981918 0.189306
206.300000000 53.8612 4.79291 0 0 0 -0.987274 0.159031
207.000000000 53.9405 4.68721 0 0 0 -0.872492 0.488628
207.500000000 54.0375 4.65536 0 0 0 -0.725072 0.688674
208.100000000 54.1642 4.68202 0 0 0 -0.489315 0.872107
208.700000000 54.2836 4.72161 0 0 0 -0.24162 0.970371
209.500000000 54.4681 4.83716 0 0 0 0.0655455 0.99785
210.600000000 55.0654 5.10808 0 0 0 0.284653 0.958631
211.900000000 55.886 5.59422 0 0 0 0.211428 0.977394
213.300000000 56.8978 5.80489 0 0 0 0.0629801 0.998015
214.600000000 57.8715 5.84064 0 0 0 -0.00595659 0.999982
215.900000000 58.8134 5.78097 0 0 0 -0.0634422 0.997986
216.600000000 58.8369 5.64812 0 0 0 -0.365092 0.930972
217.300000000 58.7658 5.53227 0 0 0 -0.634681 0.772774
218.100000000 58.6224 5.28868 0 0 0 -0.819613 0.572917
219.500000000 58.129 4.50253 0 0 0 -0.85014 0.526557
221.100000000 58.0232 3.46912 0 0 0 -0.669995 0.742365
222.100000000 58.2339 3.10003 0 0 0 -0.431946 0.9019
222.700000000 58.3713 3.11003 0 0 0 -0.220169 0.975462
224.100000000 59.3203 2.80238 0 0 0 -0.0907364 0.995875
225.400000000 60.323 2.71342 0 0 0 -0.034427 0.999407
226.300000000 60.4571 2.83316 0 0 0 0.308923 0.951087
226.800000000 60.3798 2.90411 0 0 0 0.534099 0.845422
227.500000000 60.2427 2.931 0 0 0 0.78554 0.61881
228.100000000 60.1316 2.95598 0 0 0 0.919697 0.392628
228.800000000 59.9496 2.90242 0 0 0 0.992373 0.123275
230.400000000 58.9248 2.8519 0 0 0 -0.998883 0.0472517
231.800000000 58.1151 2.99257 0 0 0 0.973606 0.228234
232.700000000 57.9315 3.27757 0 0 0 0.868239 0.496147
233.400000000 58.0068 3.41667 0 0 0 0.690068 0.723745
235.000000000 58.2605 4.43298 0 0 0 0.657774 0.753216
236.700000000 58.2904 5.35669 0 0 0 0.719233 0.694769
239.700000000 58.248 6.3186 0 0 0 0.728735 0.684796
243.400000000 58.1649 7.29842 0 0 0 0.727067 0.686567
247.500000000 58.1333 8.26113 0 0 0 0.714263 0.699877
251.300000000 58.1227 9.24357 0 0 0 0.709953 0.704249
255.100000000 58.1145 10.2368 0 0 0 0.709952 0.70425
257.500000000 58.1446 11.2476 0 0 0 0.685924 0.727673
260.100000000 58.167 12.2011 0 0 0 0.700326 0.713824
262.800000000 58.1828 13.1648 0 0 0 0.706245 0.707968
266.500000000 58.1854 14.1415 0 0 0 0.706246 0.707967
270.300000000 58.188 15.1295 0 0 0 0.706246 0.707967
272.200000000 58.2229 16.142 0 0 0 0.688684 0.725061
273.400000000 58.2912 17.0259 0 0 0 0.664758 0.747058
274.900000000 58.6455 17.7479 0 0 0 0.389581 0.920992
275.700000000 58.822 17.657 0 0 0 0.0625789 0.99804
276.300000000 58.8254 17.543 0 0 0 -0.229838 0.973229
276.800000000 58.7518 17.4715 0 0 0 -0.463458 0.886119
277.400000000 58.6335 17.4265 0 0 0 -0.701324 0.712843
278.100000000 58.4985 17.4795 0 0 0 -0.900745 0.434348
278.600000000 58.4278 17.5401 0 0 0 -0.977643 0.210272
279.300000000 58.3236 17.6557 0 0 0 0.995285 0.096995
280.400000000 57.9156 18.0378 0 0 0 0.932067 0.362285
281.800000000 57.0958 18.6802 0 0 0 0.95467 0.297665
283.500000000 56.2082 19.0572 0 0 0 0.990435 0.13798
286.900000000 55.2771 19.1778 0 0 0 0.99985 0.0173304
289.500000000 54.2514 19.0559 0 0 0 -0.998011 0.0630326
290.800000000 53.3445 18.9779 0 0 0 -0.999171 0.0407028
293.200000000 52.3541 18.9482 0 0 0 -0.999963 0.0085915
296.300000000 51.3763 18.9548 0 0 0 0.999998 0.0021027
298.400000000 50.3513 18.6372 0 0 0 -0.997005 0.0773368
300.200000000 49.4008 18.6808 0 0 0 -0.999997 0.0025281
303.500000000 48.4278 18.7626 0 0 0 0.998638 0.0521739
308.100000000 47.4378 18.8409 0 0 0 0.999155 0.0411102
312.100000000 46.4906 18.9032 0 0 0 0.999852 0.0171855
315.900000000 45.5016 18.9064 0 0 0 0.999992 0.00395323
320.100000000 44.5394 18.9075 0 0 0 1 0.000598589
324.600000000 43.5734 18.9087 0 0 0 1 0.000618172
329.000000000 42.6345 18.91 0 0 0 1 0.000655453
333.600000000 41.6315 18.9114 0 0 0 1 0.00069107
337.600000000 40.6833 18.9128 0 0 0 1 0.000746288
339.500000000 39.6865 18.883 0 0 0 -0.999452 0.0331062
341.300000000 38.7226 18.503 0 0 0 -0.959889 0.280381
343.200000000 37.874 18.1023 0 0 0 0.999939 0.0110242
344.700000000 36.8804 18.4705 0 0 0 0.976278 0.216519
346.300000000 35.9989 18.9485 0 0 0 0.985333 0.17064
349.900000000 35.0326 19.1411 0 0 0 0.999717 0.0238034
351.300000000 34.042 19.0131 0 0 0 -0.995478 0.0949872
352.600000000 33.0928 18.8295 0 0 0 -0.99693 0.0783002
354.400000000 32.1046 18.7868 0 0 0 -0.999955 0.00946251
357.600000000 31.1513 18.7898 0 0 0 0.999946 0.0103881
361.600000000 30.1722 18.8069 0 0 0 0.999988 0.00490569
365.400000000 29.2048 18.8092 0 0 0 1 0.000930663
369.000000000 28.2277 18.8072 0 0 0 -0.999986 0.00528329
370.700000000 27.2151 18.6556 0 0 0 -0.990126 0.140178
372.500000000 26.3212 18.2849 0 0 0 -0.994823 0.101622
374.100000000 25.332 18.5079 0 0 0 0.985783 0.168022
376.300000000 24.4048 18.7834 0 0 0 0.991223 0.132202
380.400000000 23.4754 18.9578 0 0 0 0.999772 0.0213698
382.800000000 22.4607 18.8889 0 0 0 -0.998613 0.0526548
384.100000000 21.4989 18.733 0 0 0 -0.997818 0.0660302
385.800000000 20.4759 18.6614 0 0 0 -0.99987 0.0161222
388.900000000 19.5735 18.6713 0 0 0 0.999921 0.0125896
392.900000000 18.5828 18.7027 0 0 0 0.999953 0.00974471
397.000000000 17.5094 18.7097 0 0 0 0.999998 0.00189967
398.500000000 16.4197 18.7241 0 0 0 0.999998 0.0018974
400.000000000 15.3511 18.6386 0 0 0 -0.991898 0.127038
401.800000000 14.405 18.2648 0 0 0 0.996962 0.0778896
402.800000000 13.9957 18.6874 0 0 0 0.946618 0.322356
404.100000000 13.3831 19.4342 0 0 0 0.884416 0.4667
405.600000000 12.9913 20.3563 0 0 0 0.806372 0.591408
407.200000000 12.9109 21.3463 0 0 0 0.703733 0.710464
408.600000000 12.985 22.3869 0 0 0 0.676465 0.736475
410.000000000 13.0533 23.3438 0 0 0 0.689647 0.724146
411.800000000 13.0676 24.278 0 0 0 0.703189 0.711003
415.000000000 13.0707 25.2732 0 0 0 0.706544 0.70767
418.600000000 13.0727 26.213 0 0 0 0.706548 0.707666
422.600000000 13.0747 27.2169 0 0 0 0.706553 0.70766
424.400000000 13.0744 28.1468 0 0 0 0.70711 0.707104
426.000000000 13.3186 29.1504 0 0 0 0.54039 0.841415
427.200000000 13.6208 29.4549 0 0 0 0.304463 0.952524
427.800000000 13.6667 29.3773 0 0 0 0.0122564 0.999925
428.500000000 13.6344 29.242 0 0 0 -0.324272 0.945964
429.000000000 13.5644 29.1664 0 0 0 -0.545288 0.838249
429.700000000 13.4295 29.1524 0 0 0 -0.796183 0.605056
430.300000000 13.3357 29.207 0 0 0 -0.937829 0.347097
430.900000000 13.3824 29.1729 0 0 0 -0.996922 0.0783982
431.600000000 13.0898 29.4069 0 0 0 0.98287 0.184302
433.200000000 12.3346 30.0682 0 0 0 0.916989 0.398911
434.500000000 11.6742 30.7661 0 0 0 0.965741 0.259509
435.800000000 10.7215 30.9216 0 0 0 0.99817 0.0604687
437.200000000 9.71427 30.812 0 0 0 -0.996699 0.0811817
438.500000000 8.74898 30.6649 0 0 0 -0.999015 0.0443639
439.900000000 7.79481 30.6984 0 0 0 0.99995 0.0100254
441.200000000 6.72256 30.7153 0 0 0 0.999796 0.0201848
442.500000000 5.74871 30.7406 0 0 0 -0.999999 0.00149814
443.800000000 4.77493 30.7216 0 0 0 -0.999946 0.0103595
445.200000000 3.73635 30.638 0 0 0 -0.998481 0.0550973
446.500000000 2.78681 30.3933 0 0 0 -0.98277 0.184831
447.800000000 1.96984 29.8605 0 0 0 -0.944709 0.32791
449.100000000 1.32239 29.1261 0 0 0 -0.892345 0.451355
450.700000000 0.922286 28.1437 0 0 0 -0.788513 0.615018
452.200000000 1.06431 27.2293 0 0 0 -0.616897 0.787044
453.300000000 1.33132 26.843 0 0 0 -0.361584 0.93234
453.900000000 1.38189 26.9201 0 0 0 -0.0681815 0.997673
454.400000000 1.38273 27.0464 0 0 0 0.178416 0.983955
455.000000000 1.30054 27.0978 0 0 0 0.46584 0.884869
455.700000000 1.15249 27.2159 0 0 0 0.708106 0.706106
456.700000000 0.907059 27.6095 0 0 0 0.878269 0.478168
458.000000000 0.235469 28.3096 0 0 0 0.928913 0.370299
459.400000000 -0.607039 28.934 0 0 0 0.963178 0.268865
460.800000000 -1.59089 29.292 0 0 0 0.992817 0.119646
462.100000000 -2.56126 29.3939 0 0 0 0.999734 0.0230608
463.500000000 -3.60412 29.3574 0 0 0 -0.99943 0.0337599
464.700000000 -4.50359 29.2759 0 0 0 -0.998817 0.0486301
465.600000000 -4.67647 29.3975 0 0 0 0.955253 0.295791
466.300000000 -4.57168 29.4756 0 0 0 0.799386 0.600818
466.900000000 -4.47239 29.6047 0 0 0 0.638883 0.769304
468.100000000 -4.0388 30.1283 0 0 0 0.412716 0.91086
469.500000000 -3.2645 30.8238 0 0 0 0.356385 0.934339
470.800000000 -2.58314 31.5519 0 0 0 0.449639 0.893211
472.200000000 -2.25074 32.4787 0 0 0 0.620495 0.78421
473.600000000 -2.26432 33.5118 0 0 0 0.736368 0.676582
474.800000000 -2.33564 34.3974 0 0 0 0.74345 0.668792
476.500000000 -2.41883 35.4108 0 0 0 0.722524 0.691346
479.400000000 -2.43321 36.4126 0 0 0 0.709698 0.704506
483.200000000 -2.44133 37.4027 0 0 0 0.709711 0.704493
486.700000000 -2.42579 38.4237 0 0 0 0.701992 0.712185
488.100000000 -2.42619 39.4095 0 0 0 0.709236 0.704971
489.400000000 -2.49232 40.3791 0 0 0 0.75295 0.658077
491.000000000 -2.93095 41.2 0 0 0 0.927591 0.373597
491.600000000 -3.04216 41.1456 0 0 0 0.992629 0.121192
492.100000000 -3.08751 41.0762 0 0 0 -0.994636 0.10344
492.800000000 -3.09489 40.9382 0 0 0 -0.913495 0.40685
493.400000000 -2.98829 40.8772 0 0 0 -0.751834 0.659352
494.000000000 -2.86411 40.8968 0 0 0 -0.523932 0.85176
494.700000000 -2.778 40.9686 0 0 0 -0.199499 0.979898
495.300000000 -2.76515 41.0762 0 0 0 0.0990027 0.995087
496.000000000 -2.58425 41.3003 0 0 0 0.315874 0.948801
497.500000000 -1.8748 42.1132 0 0 0 0.421524 0.906817
498.800000000 -1.11406 42.6817 0 0 0 0.263259 0.964725
500.900000000 -0.146075 42.9128 0 0 0 0.0603825 0.998175
502.300000000 0.910019 42.887 0 0 0 -0.0383897 0.999263
503.600000000 1.88033 42.8067 0 0 0 -0.0435771 0.99905
504.800000000 2.77322 42.7315 0 0 0 -0.0349334 0.99939
506.400000000 3.82642 42.6757 0 0 0 -0.0157416 0.999876
508.000000000 4.56658 42.9194 0 0 0 0.24526 0.969457
509.400000000 5.28727 43.5935 0 0 0 0.39426 0.918999
510.800000000 5.99626 44.3712 0 0 0 0.420691 0.907204
512.200000000 6.54551 45.2749 0 0 0 0.557972 0.82986
513.500000000 6.69451 46.2331 0 0 0 0.683486 0.729963
514.800000000 6.55486 47.2095 0 0 0 0.756356 0.65416
516.000000000 6.45638 48.0932 0 0 0 0.737227 0.675645
517.300000000 6.45642 49.0772 0 0 0 0.698854 0.715265
518.600000000 6.46992 50.0508 0 0 0 0.707034 0.70718
520.000000000 6.46287 51.0945 0 0 0 0.709183 0.705025
521.300000000 6.41546 52.0777 0 0 0 0.724837 0.688921
522.600000000 6.34698 53.0045 0 0 0 0.801675 0.59776
524.000000000 5.81061 53.8731 0 0 0 0.899334 0.437262
525.300000000 5.00733 54.4904 0 0 0 0.956759 0.290881
526.800000000 3.9867 54.8301 0 0 0 0.996365 0.0851842
528.200000000 2.96227 54.8065 0 0 0 -0.995174 0.0981274
529.300000000 2.45249 54.5492 0 0 0 -0.935507 0.353309
529.900000000 2.55336 54.4676 0 0 0 -0.789316 0.613987
530.600000000 2.71163 54.4737 0 0 0 -0.537776 0.843088
531.200000000 2.85454 54.4668 0 0 0 -0.307745 0.951469
531.900000000 3.00967 54.5205 0 0 0 -0.036373 0.999338
533.500000000 3.92549 54.8801 0 0 0 0.196055 0.980593
534.900000000 4.87963 55.0179 0 0 0 0.0139897 0.999902
536.300000000 5.9163 54.8533 0 0 0 -0.0738061 0.997273
537.600000000 6.89289 54.8157 0 0 0 -0.0399565 0.999201
539.300000000 7.80362 54.7421 0 0 0 -0.00580763 0.999983
542.000000000 8.75026 54.7474 0 0 0 0.00932895 0.999956
545.900000000 9.71 54.7967 0 0 0 0.0255317 0.999674
549.500000000 10.6482 54.8294 0 0 0 0.00679721 0.999977
553.200000000 11.6126 54.835 0 0 0 0.00275866 0.999996
557.000000000 12.6093 54.8404 0 0 0 0.00277911 0.999996
560.900000000 13.5537 54.8457 0 0 0 0.00282681 0.999996
565.200000000 14.4864 54.851 0 0 0 0.00283911 0.999996
568.400000000 15.4654 54.8566 0 0 0 0.00287458 0.999996
570.200000000 16.5204 54.7069 0 0 0 -0.14787 0.989007
572.400000000 17.3367 54.1832 0 0 0 -0.323355 0.946278
574.500000000 18.05 53.4372 0 0 0 -0.426498 0.904489
576.300000000 18.4858 52.5644 0 0 0 -0.60428 0.796772
579.000000000 18.5435 51.5917 0 0 0 -0.717875 0.696172
580.700000000 18.1629 50.6467 0 0 0 -0.874101 0.485745
581.600000000 17.9926 50.6224 0 0 0 -0.986495 0.163793
582.200000000 17.9835 50.7482 0 0 0 0.99141 0.130794
582.900000000 18.0014 50.8843 0 0 0 0.900878 0.434071
583.500000000 18.0481 51.0044 0 0 0 0.760003 0.64992
584.200000000 18.1746 51.0745 0 0 0 0.530187 0.847881
585.600000000 18.6905 51.8739 0 0 0 0.526694 0.850055
587.000000000 18.8881 52.8268 0 0 0 0.64729 0.762244
588.600000000 19.4358 53.7203 0 0 0 0.420338 0.907368
590.000000000 20.0886 54.4133 0 0 0 0.317831 0.948147
591.200000000 20.9861 54.864 0 0 0 0.217833 0.975986
592.800000000 22.0572 55.0971 0 0 0 0.03218 0.999482
594.000000000 22.9564 55.0324 0 0 0 -0.0360931 0.999348
595.300000000 23.9261 54.9513 0 0 0 -0.041149 0.999153
597.200000000 24.9356 54.9098 0 0 0 -0.0105424 0.999944
600.800000000 25.9513 54.9032 0 0 0 -0.00157012 0.999999
602.800000000 27.006 54.8998 0 0 0 -0.00152802 0.999999
604.400000000 28.0061 54.8501 0 0 0 -0.0269274 0.999637
605.700000000 28.873 54.6656 0 0 0 -0.171152 0.985245
608.300000000 29.6884 54.0799 0 0 0 -0.340706 0.94017
610.400000000 30.3435 53.2559 0 0 0 -0.473687 0.880693
612.300000000 30.6763 52.3788 0 0 0 -0.622274 0.7828
614.700000000 30.5829 51.3326 0 0 0 -0.798387 0.602144
616.500000000 30.0942 50.5558 0 0 0 -0.89809 0.439812
617.400000000 29.9101 50.5295 0 0 0 -0.992569 0.121681
617.900000000 29.8865 50.6469 0 0 0 0.992482 0.122387
618.500000000 29.9485 50.7521 0 0 0 0.913888 0.405966
619.200000000 30.0508 50.8108 0 0 0 0.723306 0.690527
619.800000000 30.1567 50.8014 0 0 0 0.491018 0.871149
620.400000000 30.2419 50.7111 0 0 0 0.216201 0.976349
621.100000000 30.4478 50.6075 0 0 0 -0.0475129 0.998871
622.100000000 30.8332 50.3416 0 0 0 -0.296758 0.954953
623.500000000 31.579 49.624 0 0 0 -0.340272 0.940327
625.000000000 32.4501 49.2577 0 0 0 -0.150958 0.98854
627.400000000 33.5274 49.1471 0 0 0 0.0184849 0.999829
628.600000000 34.3989 49.326 0 0 0 0.0825818 0.996584
630.100000000 35.4348 49.457 0 0 0 0.0451136 0.998982
632.500000000 36.4442 49.451 0 0 0 -0.0174973 0.999847
636.700000000 37.4094 49.4019 0 0 0 -0.0275378 0.999621
639.800000000 38.397 49.3775 0 0 0 -0.00720883 0.999974
641.300000000 39.4522 49.3768 0 0 0 0.00604228 0.999982
642.700000000 40.4914 49.5695 0 0 0 0.0711958 0.997462
643.900000000 41.0746 49.8131 0 0 0 0.329493 0.944158
644.500000000 41.0324 49.9257 0 0 0 0.564803 0.825226
647.000000000 41.4034 50.8728 0 0 0 0.384608 0.92308
648.200000000 42.0477 51.0467 0 0 0 0.143044 0.989716
649.900000000 42.8468 51.4709 0 0 0 0.422497 0.906364
650.500000000 42.8063 51.6118 0 0 0 0.633895 0.773419
652.000000000 42.7847 52.6363 0 0 0 0.779738 0.626105
653.300000000 42.3966 53.5491 0 0 0 0.862393 0.50624
654.400000000 42.0397 53.8741 0 0 0 0.972085 0.234629
655.100000000 42.0193 53.7378 0 0 0 -0.993535 0.11353
655.600000000 42.0688 53.656 0 0 0 -0.934761 0.355276
656.300000000 42.1919 53.575 0 0 0 -0.757863 0.652414
656.800000000 42.2898 53.603 0 0 0 -0.573242 0.819386
657.500000000 42.3797 53.6589 0 0 0 -0.258586 0.965988
658.200000000 42.3466 53.7796 0 0 0 0.0713376 0.997452
658.900000000 42.5988 53.9765 0 0 0 0.304531 0.952502
660.300000000 43.2333 54.7286 0 0 0 0.396187 0.91817
661.600000000 43.9816 55.2244 0 0 0 0.2236 0.974681
663.000000000 44.9376 55.3691 0 0 0 0.0165275 0.999863
664.400000000 45.9183 55.2299 0 0 0 -0.0711325 0.997467
665.700000000 46.9348 55.1717 0 0 0 -0.0424387 0.999099
666.900000000 47.8613 55.1454 0 0 0 0.00371428 0.999993
668.200000000 48.8351 55.1738 0 0 0 0.0291057 0.999576
669.500000000 49.8003 55.2372 0 0 0 0.00733818 0.999973
670.900000000 50.84 55.1227 0 0 0 -0.0790914 0.996867
672.200000000 51.7175 54.821 0 0 0 -0.191832 0.981428
673.700000000 52.5066 54.2864 0 0 0 -0.453531 0.891241
675.300000000 53.0473 53.4555 0 0 0 -0.404479 0.914547
676.700000000 53.7437 52.7527 0 0 0 -0.379668 0.925123
677.700000000 53.9537 52.4025 0 0 0 -0.625149 0.780505
678.400000000 53.8298 52.3665 0 0 0 -0.833427 0.552629
679.000000000 53.7114 52.3981 0 0 0 -0.95053 0.310634
679.600000000 53.6726 52.5049 0 0 0 -0.99976 0.0218951
680.200000000 53.6728 52.6004 0 0 0 0.962362 0.271771
680.900000000 53.7744 52.6743 0 0 0 0.813178 0.582015
681.500000000 53.9001 52.6853 0 0 0 0.608552 0.793514
682.100000000 54.005 52.6319 0 0 0 0.351217 0.936294
682.600000000 54.0211 52.5535 0 0 0 0.124849 0.992176
683.400000000 54.1946 52.433 0 0 0 -0.188811 0.982013
684.700000000 54.8338 51.8759 0 0 0 -0.422328 0.906443
686.100000000 55.4847 51.1867 0 0 0 -0.315856 0.948807
687.600000000 56.3893 50.8693 0 0 0 -0.0667941 0.997767
688.800000000 57.3206 50.8485 0 0 0 -0.0160364 0.999871
690.100000000 58.2942 50.846 0 0 0 0.0141785 0.999899
691.700000000 58.944 51.0114 0 0 0 0.353084 0.935592
692.300000000 58.8432 51.0637 0 0 0 0.613838 0.789432
692.800000000 58.7426 51.1361 0 0 0 0.771372 0.636385
693.500000000 58.5797 51.2252 0 0 0 0.914975 0.40351
694.900000000 57.8714 51.8531 0 0 0 0.916097 0.400957
696.300000000 57.6237 52.5917 0 0 0 0.753013 0.658006
697.700000000 57.8752 53.3728 0 0 0 0.532342 0.84653
699.200000000 58.5735 54.0703 0 0 0 0.305452 0.952207
700.500000000 59.4515 54.4171 0 0 0 0.130651 0.991428
702.100000000 60.3639 54.3934 0 0 0 -0.18546 0.982652
702.900000000 60.48 54.1725 0 0 0 -0.454668 0.890661
703.500000000 60.3762 54.1083 0 0 0 -0.687261 0.726411
704.100000000 60.2653 54.034 0 0 0 -0.848434 0.529301
704.900000000 59.9934 53.9174 0 0 0 -0.958304 0.28575
706.300000000 59.0579 53.6777 0 0 0 -0.996961 0.077903
707.800000000 58.0764 53.5154 0 0 0 -0.985294 0.170866
708.800000000 57.7896 53.2229 0 0 0 -0.893923 0.448221
709.500000000 57.8481 53.0814 0 0 0 -0.72473 0.689033
710.900000000 57.9686 52.0833 0 0 0 -0.662902 0.748706
712.300000000 58.048 51.1403 0 0 0 -0.686512 0.727119
714.200000000 58.0825 50.187 0 0 0 -0.702796 0.711392
717.300000000 58.0614 49.2287 0 0 0 -0.72004 0.693933
720.700000000 58.0415 48.2857 0 0 0 -0.711381 0.702807
724.400000000 58.0484 47.3346 0 0 0 -0.707545 0.706668
728.200000000 58.0468 46.3451 0 0 0 -0.707528 0.706685
731.900000000 58.0454 45.3923 0 0 0 -0.707511 0.706702
735.600000000 58.044 44.426 0 0 0 -0.707494 0.70672
739.400000000 58.0427 43.4392 0 0 0 -0.70747 0.706744
743.000000000 58.0412 42.5029 0 0 0 -0.707452 0.706762
746.800000000 58.0401 41.5061 0 0 0 -0.707433 0.70678
749.900000000 58.0427 40.5623 0 0 0 -0.702588 0.711597
751.300000000 58.2382 39.5505 0 0 0 -0.636061 0.771639
752.700000000 58.6636 38.7531 0 0 0 -0.42698 0.904261
753.600000000 58.9233 38.7302 0 0 0 -0.10563 0.994406
754.200000000 58.9866 38.8196 0 0 0 0.148546 0.988906
755.000000000 58.993 38.9947 0 0 0 0.47867 0.877995
755.700000000 58.8295 39.0248 0 0 0 0.750708 0.660634
756.300000000 58.7322 38.9758 0 0 0 0.912413 0.40927
756.900000000 58.6719 38.8945 0 0 0 0.992617 0.121287
757.500000000 58.679 38.7663 0 0 0 -0.984115 0.177534
759.200000000 57.9372 37.973 0 0 0 -0.910459 0.4136
760.500000000 57.2736 37.2602 0 0 0 -0.922489 0.386025
761.900000000 56.5556 36.5472 0 0 0 -0.924981 0.380014
763.600000000 55.8661 35.8646 0 0 0 -0.923493 0.383615
766.100000000 55.1451 35.1296 0 0 0 -0.923467 0.383678
768.600000000 54.4345 34.4243 0 0 0 -0.923442 0.383738
771.100000000 53.7554 33.7301 0 0 0 -0.923418 0.383795
774.900000000 53.039 33.0095 0 0 0 -0.923397 0.383847
778.000000000 52.3716 32.3379 0 0 0 -0.923376 0.383897
782.000000000 51.6526 31.6691 0 0 0 -0.940482 0.339844
784.500000000 50.776 31.1804 0 0 0 -0.979507 0.201411
786.100000000 49.8405 30.8189 0 0 0 -0.976464 0.215678
789.700000000 49.0465 30.2464 0 0 0 -0.941417 0.337246
794.000000000 48.3451 29.5999 0 0 0 -0.92919 0.369602
798.500000000 47.655 28.9208 0 0 0 -0.924446 0.381314
802.800000000 46.9851 28.2488 0 0 0 -0.923672 0.383184
807.300000000 46.2912 27.5529 0 0 0 -0.92366 0.383212
811.800000000 45.5923 26.8619 0 0 0 -0.923653 0.383231
816.500000000 44.911 26.1686 0 0 0 -0.923643 0.383253
821.200000000 44.2222 25.4775 0 0 0 -0.923635 0.383273
825.800000000 43.5522 24.8054 0 0 0 -0.923628 0.38329
830.300000000 42.8562 24.1054 0 0 0 -0.923623 0.383303
834.700000000 42.1722 23.4167 0 0 0 -0.923618 0.383314
839.200000000 41.5103 22.7493 0 0 0 -0.923615 0.383321
843.900000000 40.8245 22.059 0 0 0 -0.923613 0.383326
848.600000000 40.1603 21.3917 0 0 0 -0.923612 0.383328
853.500000000 39.4683 20.6871 0 0 0 -0.923613 0.383327
858.300000000 38.7877 20.0133 0 0 0 -0.923614 0.383323
863.100000000 38.0955 19.3088 0 0 0 -0.923617 0.383316
867.400000000 37.4 18.61 0 0 0 -0.923622 0.383306
871.500000000 36.7197 17.9275 0 0 0 -0.923627 0.383293
875.700000000 36.0345 17.24 0 0 0 -0.923633 0.383277
880.000000000 35.374 16.5777 0 0 0 -0.923641 0.383259
884.300000000 34.7026 15.8942 0 0 0 -0.923664 0.383203
888.800000000 34.0281 15.2208 0 0 0 -0.923813 0.382843
893.400000000 33.307 14.5012 0 0 0 -0.923947 0.382521
895.500000000 32.5809 13.7837 0 0 0 -0.923972 0.382461
896.800000000 31.8855 13.0916 0 0 0 -0.924019 0.382348
898.200000000 31.1288 12.3448 0 0 0 -0.924113 0.382119
899.500000000 30.4456 11.6631 0 0 0 -0.924177 0.381965
900.800000000 29.7505 10.9707 0 0 0 -0.924181 0.381956
902.100000000 29.0718 10.2953 0 0 0 -0.924183 0.381951
903.600000000 28.308 9.53479 0 0 0 -0.924198 0.381914
904.900000000 27.6229 8.8433 0 0 0 -0.924205 0.381896
906.300000000 26.872 8.10614 0 0 0 -0.924205 0.381897
907.600000000 26.1807 7.42328 0 0 0 -0.926608 0.37603
909.300000000 25.2862 6.7957 0 0 0 -0.97471 0.223472
910.700000000 24.3402 6.57399 0 0 0 -0.998835 0.0482625
912.500000000 23.3539 6.69041 0 0 0 0.999522 0.0308997
916.300000000 22.4215 6.70897 0 0 0 0.999694 0.0247437
923.400000000 21.6469 6.43659 0 0 0 -0.967345 0.253464
924.800000000 20.9277 5.75043 0 0 0 -0.926161 0.377128
926.000000000 20.2817 5.11561 0 0 0 -0.922484 0.386036
927.400000000 19.5221 4.51689 0 0 0 -0.95523 0.295863
930.100000000 18.6704 4.27682 0 0 0 0.999829 0.0184835
930.800000000 18.6856 4.30041 0 0 0 0.952905 0.303268
931.900000000 18.5733 4.68522 0 0 0 0.832074 0.554664
932.700000000 18.6315 4.73428 0 0 0 0.646754 0.762699
933.400000000 18.6562 4.72764 0 0 0 0.35827 0.933618
934.000000000 18.7085 4.6996 0 0 0 0.0930096 0.995665
935.000000000 19.1859 4.49979 0 0 0 -0.169511 0.985528
936.300000000 19.3234 4.30468 0 0 0 -0.454895 0.890545
937.100000000 19.3336 4.28274 0 0 0 -0.668261 0.743927
937.900000000 19.2123 4.31108 0 0 0 -0.879185 0.47648
938.500000000 19.0716 4.30394 0 0 0 -0.96162 0.274385
940.000000000 18.667 4.2938 0 0 0 -0.999973 0.00730305
941.700000000 18.3193 4.47639 0 0 0 0.956597 0.291414
942.600000000 18.3294 4.67642 0 0 0 0.802737 0.596333
943.100000000 18.383 4.7037 0 0 0 0.652724 0.757596
943.900000000 18.6205 4.74378 0 0 0 0.390972 0.920403
944.800000000 18.9236 4.96085 0 0 0 0.139384 0.990238
945.700000000 18.9165 4.82546 0 0 0 -0.169296 0.985565
946.500000000 18.9489 4.72279 0 0 0 -0.443512 0.896268
947.400000000 18.8712 4.569 0 0 0 -0.684366 0.729138
948.600000000 18.7358 4.2413 0 0 0 -0.840463 0.54187
949.500000000 18.6225 4.24847 0 0 0 -0.957456 0.288578
950.500000000 18.4581 4.30079 0 0 0 0.999996 0.00268561
951.400000000 18.3607 4.47267 0 0 0 0.960644 0.277783
952.200000000 18.3918 4.58505 0 0 0 0.845667 0.533711
952.700000000 18.4599 4.59869 0 0 0 0.699785 0.714353
953.500000000 18.6367 4.7266 0 0 0 0.460973 0.887414
954.200000000 18.6885 4.71554 0 0 0 0.221352 0.975194
954.900000000 18.7064 4.69558 0 0 0 -0.0426322 0.999091
956.300000000 19.299 4.41924 0 0 0 -0.365223 0.93092
956.900000000 19.2829 4.36699 0 0 0 -0.564723 0.825281
957.700000000 19.1428 4.37281 0 0 0 -0.81386 0.581061
958.400000000 18.9869 4.33657 0 0 0 -0.94054 0.339683
959.500000000 18.6812 4.31551 0 0 0 -0.997507 0.0705645
961.300000000 18.3603 4.47284 0 0 0 0.96844 0.249246
961.900000000 18.3602 4.57395 0 0 0 0.882546 0.470227
962.800000000 18.4161 4.69973 0 0 0 0.696421 0.717633
963.500000000 18.6091 4.73873 0 0 0 0.435908 0.899991
964.200000000 18.6632 4.73321 0 0 0 0.209597 0.977788
965.300000000 18.9747 4.79688 0 0 0 -0.04111 0.999155
966.200000000 18.9818 4.68288 0 0 0 -0.365389 0.930855
966.900000000 18.9102 4.63504 0 0 0 -0.612205 0.790699
967.900000000 18.7602 4.44273 0 0 0 -0.824317 0.566128
969.200000000 18.5407 4.26916 0 0 0 -0.948874 0.315654
969.800000000 18.5223 4.36783 0 0 0 -0.998473 0.0552482
970.600000000 18.4068 4.49949 0 0 0 0.972846 0.231452
971.800000000 18.2525 4.8045 0 0 0 0.86393 0.503612
972.700000000 18.3236 4.84203 0 0 0 0.650365 0.759622
973.300000000 18.3299 4.83998 0 0 0 0.399126 0.916896
973.900000000 18.3964 4.7404 0 0 0 0.111084 0.993811
975.000000000 18.9897 4.66523 0 0 0 -0.158509 0.987358
975.700000000 18.9632 4.59168 0 0 0 -0.488842 0.872372
976.800000000 18.8549 4.56385 0 0 0 -0.715938 0.698164
979.900000000 18.7312 4.602 0 0 0 -0.906458 0.422296
980.600000000 18.6605 4.72827 0 0 0 -0.9963 0.0859484
981.300000000 18.6911 4.84455 0 0 0 0.965007 0.262225
981.900000000 18.7689 4.89076 0 0 0 0.844151 0.536105
985.100000000 18.6712 4.82778 0 0 0 0.982323 0.187194
985.600000000 18.6574 4.72919 0 0 0 -0.998084 0.0618708
986.300000000 18.7099 4.60158 0 0 0 -0.921138 0.389236
987.200000000 18.6589 4.29433 0 0 0 -0.762659 0.6468
988.700000000 18.7401 3.26887 0 0 0 -0.706927 0.707286
990.200000000 18.4163 2.37456 0 0 0 -0.870538 0.4921
991.500000000 17.7631 1.66406 0 0 0 -0.938444 0.345431
992.800000000 16.9023 1.20897 0 0 0 -0.98157 0.191104
994.200000000 15.9794 1.07033 0 0 0 -0.999501 0.0315954
995.400000000 15.7705 1.1659 0 0 0 0.959442 0.281906
996.200000000 15.8509 1.24127 0 0 0 0.839604 0.543199
997.000000000 15.8922 1.25244 0 0 0 0.6634 0.748265
998.100000000 16.1118 1.41061 0 0 0 0.449654 0.893203
999.300000000 16.4251 1.56858 0 0 0 0.215194 0.976571
1000.200000000 16.5312 1.45069 0 0 0 -0.136697 0.990613
1000.800000000 16.4955 1.34764 0 0 0 -0.4064 0.913695
1001.600000000 16.4935 1.11556 0 0 0 -0.656261 0.754534
1003.100000000 16.5512 0.881872 0 0 0 -0.413888 0.910328
1003.800000000 16.5696 0.986813 0 0 0 -0.0974623 0.995239
1004.400000000 16.5965 1.10133 0 0 0 0.181037 0.983476
1007.200000000 16.7263 0.952398 0 0 0 -0.210086 0.977683
1007.700000000 16.6859 0.870366 0 0 0 -0.442182 0.896926
1008.400000000 16.5749 0.819913 0 0 0 -0.718883 0.695131
1008.900000000 16.4578 0.83773 0 0 0 -0.866681 0.498862
1009.500000000 16.3581 0.882135 0 0 0 -0.969237 0.246128
1010.300000000 16.2057 0.98934 0 0 0 0.99651 0.083472
1011.800000000 15.1708 1.31908 0 0 0 0.989919 0.141634
1013.100000000 14.2345 1.36064 0 0 0 -0.999744 0.0226093
1014.500000000 13.1901 1.25524 0 0 0 -0.998441 0.055824
1015.800000000 12.2194 1.17747 0 0 0 -0.999379 0.0352385
1017.200000000 11.2167 1.12593 0 0 0 -0.999807 0.0196674
1017.900000000 11.2685 1.20108 0 0 0 0.945732 0.324948
1018.500000000 11.3563 1.22268 0 0 0 0.807276 0.590175
1019.100000000 11.4672 1.22495 0 0 0 0.596787 0.802399
1019.600000000 11.4812 1.21811 0 0 0 0.381844 0.924227
1020.200000000 11.5826 1.16759 0 0 0 0.1281 0.991761
1024.000000000 11.4881 1.21778 0 0 0 0.426856 0.90432
1024.600000000 11.4686 1.22746 0 0 0 0.660577 0.750758
1025.100000000 11.3808 1.22702 0 0 0 0.814531 0.58012
1026.800000000 10.6062 2.1399 0 0 0 0.938381 0.345602
1028.100000000 9.78244 2.66049 0 0 0 0.973226 0.22985
1029.500000000 8.74594 2.95655 0 0 0 0.998221 0.0596253
1030.800000000 7.79258 2.85676 0 0 0 -0.998051 0.0624074
1032.200000000 6.75414 2.69561 0 0 0 -0.997016 0.0771964
1032.900000000 6.8168 2.57662 0 0 0 -0.910269 0.414016
1033.500000000 6.92454 2.5281 0 0 0 -0.747243 0.664551
1034.300000000 7.02992 2.53813 0 0 0 -0.567571 0.823325
1036.300000000 7.21976 2.45911 0 0 0 -0.262977 0.964802
1036.900000000 7.24631 2.58218 0 0 0 0.0332747 0.999446
1037.800000000 7.55413 2.83353 0 0 0 0.297762 0.95464
1039.300000000 8.2633 3.60715 0 0 0 0.416555 0.909111
1040.600000000 8.8943 4.32065 0 0 0 0.441774 0.897127
1041.800000000 9.25039 5.16242 0 0 0 0.575285 0.817953
1043.500000000 9.32689 5.93707 0 0 0 0.777198 0.629256
1044.100000000 9.22361 5.88929 0 0 0 0.928445 0.371469
1044.800000000 9.16968 5.76348 0 0 0 0.999532 0.0305795
1045.500000000 9.20831 5.62702 0 0 0 -0.949224 0.3146
1047.300000000 9.17021 5.73231 0 0 0 0.999992 0.00412236
1047.900000000 9.20603 5.8749 0 0 0 0.95411 0.299456
1048.700000000 9.21704 6.0763 0 0 0 0.812934 0.582355
1049.600000000 9.32695 6.4604 0 0 0 0.637068 0.770807
1051.000000000 9.77344 7.23374 0 0 0 0.477639 0.878556
