0.100000000 0.2 0 0 0 0 0 1
6.600000000 0.984379 -0.128871 0 0 0 -0.342897 0.939373
7.200000000 0.886404 -0.192873 0 0 0 -0.605184 0.796086
7.800000000 0.769499 -0.189533 0 0 0 -0.813413 0.581687
8.400000000 0.674321 -0.12008 0 0 0 -0.948982 0.315329
9.100000000 0.635295 0.00145546 0 0 0 0.999556 0.0298026
9.600000000 0.666425 0.111907 0 0 0 0.961273 0.275599
10.300000000 0.773004 0.188752 0 0 0 0.808153 0.588973
10.800000000 0.87075 0.200646 0 0 0 0.637778 0.77022
11.400000000 0.974935 0.145472 0 0 0 0.381659 0.924303
12.100000000 1.03039 0.0308593 0 0 0 0.0409658 0.999161
12.700000000 1.00328 -0.101548 0 0 0 -0.255542 0.966798
14.900000000 1.16486 -0.0735573 0 0 0 0.0588184 0.998269
15.500000000 1.12674 0.0344878 0 0 0 0.351198 0.936301
16.100000000 1.02588 0.106718 0 0 0 0.612222 0.790686
16.700000000 0.887635 0.123599 0 0 0 0.810448 0.58581
17.800000000 0.465179 0.589487 0 0 0 0.925007 0.379949
19.100000000 -0.262489 1.23967 0 0 0 0.937493 0.348004
20.400000000 -0.936885 1.93941 0 0 0 0.909115 0.416544
21.700000000 -1.49112 2.74018 0 0 0 0.875104 0.483935
23.000000000 -1.9276 3.61484 0 0 0 0.837493 0.546449
24.300000000 -2.21732 4.53668 0 0 0 0.816315 0.577608
25.600000000 -2.58598 5.42961 0 0 0 0.836458 0.548032
26.800000000 -2.86293 6.279 0 0 0 0.79878 0.601624
27.800000000 -2.80897 6.56443 0 0 0 0.550803 0.834635
28.400000000 -2.74982 6.50811 0 0 0 0.283826 0.958876
29.000000000 -2.70653 6.37802 0 0 0 -0.00749124 0.999972
29.600000000 -2.73179 6.27363 0 0 0 -0.298203 0.954503
30.200000000 -2.8049 6.19373 0 0 0 -0.563107 0.826384
30.800000000 -2.90977 6.17479 0 0 0 -0.779257 0.626705
31.600000000 -3.11135 5.92598 0 0 0 -0.906964 0.421209
33.100000000 -4.00182 5.41789 0 0 0 -0.98103 0.193858
33.700000000 -4.04746 5.51994 0 0 0 0.997113 0.0759385
34.400000000 -4.0121 5.63435 0 0 0 0.912141 0.409877
35.100000000 -3.88111 5.75904 0 0 0 0.740858 0.671662
35.700000000 -3.85777 5.77172 0 0 0 0.54016 0.841563
37.400000000 -3.02552 6.51537 0 0 0 0.347905 0.93753
38.700000000 -2.32165 7.24535 0 0 0 0.444404 0.895827
40.200000000 -1.92383 8.22254 0 0 0 0.632395 0.774646
41.600000000 -1.9979 9.23139 0 0 0 0.762945 0.646463
42.900000000 -2.20541 10.1821 0 0 0 0.773371 0.633954
44.500000000 -2.27664 11.2126 0 0 0 0.717623 0.696432
47.100000000 -2.26508 12.1481 0 0 0 0.689591 0.724199
51.400000000 -2.21331 13.1114 0 0 0 0.685486 0.728086
55.900000000 -2.18659 14.076 0 0 0 0.701007 0.713154
60.000000000 -2.17987 15.0105 0 0 0 0.70605 0.708162
62.400000000 -2.19059 16.0101 0 0 0 0.72283 0.691026
63.800000000 -2.33113 17.0291 0 0 0 0.80445 0.59402
65.300000000 -2.89433 17.799 0 0 0 0.900496 0.434864
66.200000000 -3.00408 18.1963 0 0 0 0.758966 0.65113
67.400000000 -2.80305 18.8339 0 0 0 0.560601 0.828086
68.800000000 -2.2878 19.7384 0 0 0 0.500017 0.866015
70.200000000 -1.97242 20.6815 0 0 0 0.634702 0.772757
71.400000000 -2.00526 21.5636 0 0 0 0.738861 0.673858
72.800000000 -2.19106 22.6023 0 0 0 0.771462 0.636275
74.200000000 -2.28264 23.5408 0 0 0 0.724764 0.688997
76.900000000 -2.25344 24.5195 0 0 0 0.691501 0.722376
81.100000000 -2.20222 25.4879 0 0 0 0.693863 0.720107
85.100000000 -2.18876 26.4479 0 0 0 0.70349 0.710705
88.300000000 -2.19083 27.5607 0 0 0 0.730027 0.683418
89.600000000 -2.29222 28.5432 0 0 0 0.756029 0.654538
90.900000000 -2.58201 29.4625 0 0 0 0.842217 0.539138
92.300000000 -3.23001 30.2048 0 0 0 0.925612 0.378474
93.500000000 -3.89041 30.8179 0 0 0 0.928693 0.37085
94.600000000 -4.05825 31.1545 0 0 0 0.763353 0.645982
95.200000000 -3.93403 31.1328 0 0 0 0.542191 0.840256
95.700000000 -3.89183 31.0807 0 0 0 0.319244 0.947672
96.300000000 -3.85222 31.0125 0 0 0 0.0295876 0.999562
97.000000000 -3.85069 30.9737 0 0 0 -0.300804 0.953686
97.600000000 -3.85351 30.8451 0 0 0 -0.538053 0.842911
98.200000000 -3.93616 30.7799 0 0 0 -0.745596 0.666398
98.800000000 -4.04724 30.8167 0 0 0 -0.907263 0.420564
99.400000000 -4.11891 30.9087 0 0 0 -0.990144 0.140056
100.000000000 -4.12122 31.0137 0 0 0 0.988265 0.15275
100.700000000 -4.04195 31.0889 0 0 0 0.878031 0.478603
101.300000000 -3.97347 31.1493 0 0 0 0.715186 0.698934
101.900000000 -3.87853 31.1512 0 0 0 0.517936 0.855419
103.400000000 -3.03277 31.9046 0 0 0 0.369824 0.929102
104.800000000 -2.39241 32.6558 0 0 0 0.43611 0.899893
106.200000000 -2.08633 33.5281 0 0 0 0.629137 0.777294
107.500000000 -2.06414 34.4874 0 0 0 0.734203 0.67893
108.800000000 -2.19017 35.4579 0 0 0 0.748446 0.663195
110.400000000 -2.26802 36.4862 0 0 0 0.724902 0.688852
113.500000000 -2.28545 37.4621 0 0 0 0.710206 0.703994
117.500000000 -2.26619 38.4282 0 0 0 0.699746 0.714392
119.000000000 -2.27118 39.4504 0 0 0 0.716857 0.69722
120.300000000 -2.39194 40.4154 0 0 0 0.763943 0.645284
121.600000000 -2.60491 41.3815 0 0 0 0.795041 0.606556
122.800000000 -2.8806 41.7504 0 0 0 0.950988 0.309228
123.500000000 -2.98376 41.6896 0 0 0 0.999948 0.0102377
124.200000000 -3.00677 41.56 0 0 0 -0.949968 0.312346
124.900000000 -2.89097 41.4803 0 0 0 -0.784836 0.619704
125.500000000 -2.7824 41.4882 0 0 0 -0.566556 0.824023
126.000000000 -2.69898 41.5419 0 0 0 -0.345629 0.938371
126.700000000 -2.6479 41.6526 0 0 0 -0.00222238 0.999998
127.200000000 -2.62163 41.7695 0 0 0 0.22051 0.975385
127.900000000 -2.64978 41.922 0 0 0 0.485291 0.874353
129.400000000 -2.36417 42.9367 0 0 0 0.649831 0.760078
130.700000000 -2.31663 43.9096 0 0 0 0.708504 0.705707
132.000000000 -2.32211 44.8882 0 0 0 0.715994 0.698107
133.200000000 -2.33369 45.7868 0 0 0 0.705833 0.708378
134.600000000 -2.33431 46.8407 0 0 0 0.707894 0.706319
136.000000000 -2.34055 47.8962 0 0 0 0.708978 0.705231
137.200000000 -2.34589 48.7931 0 0 0 0.708982 0.705227
138.600000000 -2.35145 49.8466 0 0 0 0.708976 0.705232
139.900000000 -2.3567 50.8201 0 0 0 0.70896 0.705249
141.200000000 -2.37475 51.7925 0 0 0 0.725189 0.68855
142.500000000 -2.51886 52.7502 0 0 0 0.781864 0.623449
143.800000000 -2.78878 53.6991 0 0 0 0.790399 0.612592
145.000000000 -2.95218 54.5896 0 0 0 0.743159 0.669115
146.400000000 -2.89756 55.6317 0 0 0 0.689097 0.724669
147.700000000 -2.75638 56.1825 0 0 0 0.435869 0.90001
148.400000000 -2.66406 56.092 0 0 0 0.10474 0.9945
149.000000000 -2.66512 55.9549 0 0 0 -0.187612 0.982243
149.600000000 -2.73087 55.8873 0 0 0 -0.466965 0.884276
150.100000000 -2.81446 55.8246 0 0 0 -0.662179 0.749346
150.800000000 -2.95172 55.7945 0 0 0 -0.866025 0.5
152.400000000 -3.75717 55.143 0 0 0 -0.950743 0.309981
153.700000000 -4.2993 54.9064 0 0 0 -0.999515 0.0311272
154.400000000 -4.2724 55.0231 0 0 0 0.95137 0.308051
155.000000000 -4.16799 55.0903 0 0 0 0.820283 0.571958
155.700000000 -4.03407 55.1283 0 0 0 0.589032 0.80811
156.800000000 -3.63083 55.5646 0 0 0 0.367536 0.930009
158.100000000 -2.8895 56.2066 0 0 0 0.362228 0.932089
159.300000000 -2.28515 56.8754 0 0 0 0.410015 0.912079
160.700000000 -1.53414 57.5941 0 0 0 0.349066 0.937098
162.000000000 -0.691999 58.0544 0 0 0 0.188434 0.982086
163.600000000 0.321607 58.1879 0 0 0 0.0155691 0.999879
166.100000000 1.25974 58.1501 0 0 0 -0.0350504 0.999386
170.700000000 2.21254 58.0814 0 0 0 -0.0350393 0.999386
174.900000000 3.20606 58.0282 0 0 0 -0.0173681 0.999849
178.600000000 4.15157 58.0121 0 0 0 -0.0049845 0.999988
182.400000000 5.13611 58.0063 0 0 0 -0.00289789 0.999996
184.000000000 5.49448 58.1192 0 0 0 0.32797 0.944688
184.600000000 5.42006 58.238 0 0 0 0.580598 0.814191
186.200000000 5.38174 59.2473 0 0 0 0.732431 0.680841
186.900000000 5.2505 59.3361 0 0 0 0.896668 0.442704
187.500000000 5.18213 59.2496 0 0 0 0.987445 0.157964
188.200000000 5.19666 59.1024 0 0 0 -0.981747 0.190193
188.900000000 5.27135 59.0108 0 0 0 -0.856701 0.515813
189.400000000 5.38766 58.989 0 0 0 -0.702916 0.711273
190.300000000 5.58863 58.7175 0 0 0 -0.471654 0.881784
191.700000000 6.39082 58.0996 0 0 0 -0.259053 0.965863
193.200000000 7.41611 57.8657 0 0 0 -0.0565293 0.998401
194.600000000 8.45569 57.9552 0 0 0 0.0769989 0.997031
196.100000000 9.48826 58.064 0 0 0 0.0396594 0.999213
198.200000000 10.4185 58.1036 0 0 0 0.00263924 0.999997
202.400000000 11.381 58.068 0 0 0 -0.0236099 0.999721
206.900000000 12.3567 58.0485 0 0 0 -0.00751109 0.999972
211.600000000 13.3069 58.0424 0 0 0 -0.00223547 0.999998
216.500000000 14.2849 58.0379 0 0 0 -0.00223547 0.999998
220.400000000 15.2494 58.0334 0 0 0 -0.00223547 0.999998
224.100000000 16.2084 58.0288 0 0 0 -0.00223547 0.999998
228.000000000 17.1899 58.0243 0 0 0 -0.00223547 0.999998
228.900000000 17.4389 58.1573 0 0 0 0.269404 0.963027
229.700000000 17.4392 58.3491 0 0 0 0.559836 0.828603
230.500000000 17.3637 58.5915 0 0 0 0.76914 0.639081
232.000000000 17.1071 59.5532 0 0 0 0.768929 0.639334
233.000000000 17.1814 59.8539 0 0 0 0.521646 0.853162
233.500000000 17.2521 59.7795 0 0 0 0.297705 0.954658
234.200000000 17.3941 59.7104 0 0 0 0.00907375 0.999959
235.000000000 17.6341 59.527 0 0 0 -0.251271 0.967917
236.500000000 18.3949 58.7947 0 0 0 -0.393091 0.9195
238.000000000 19.125 58.036 0 0 0 -0.388332 0.92152
240.500000000 19.821 57.3364 0 0 0 -0.383018 0.923741
243.700000000 20.5016 56.6546 0 0 0 -0.383018 0.923741
247.200000000 21.1772 55.9335 0 0 0 -0.416624 0.909079
249.700000000 21.7283 55.0103 0 0 0 -0.535535 0.844513
251.500000000 21.9849 54.0315 0 0 0 -0.648633 0.761101
255.500000000 21.9907 53.0633 0 0 0 -0.720481 0.693475
259.500000000 21.9145 52.0854 0 0 0 -0.736304 0.676651
263.100000000 22.0123 51.0427 0 0 0 -0.570499 0.821298
264.600000000 22.6761 50.3331 0 0 0 -0.360499 0.93276
266.600000000 23.3522 49.7481 0 0 0 -0.364678 0.931134
268.700000000 23.6407 49.3043 0 0 0 -0.644085 0.764954
269.300000000 23.5136 49.1763 0 0 0 -0.791052 0.611749
270.500000000 23.057 48.6883 0 0 0 -0.930256 0.366911
271.800000000 22.3217 48.0648 0 0 0 -0.933915 0.357496
273.100000000 21.6258 47.4029 0 0 0 -0.923003 0.384792
274.400000000 20.9398 46.7097 0 0 0 -0.923003 0.384792
275.800000000 20.2038 45.9666 0 0 0 -0.923003 0.384792
277.200000000 19.4632 45.2194 0 0 0 -0.923003 0.384792
278.400000000 18.8161 44.5888 0 0 0 -0.927911 0.372803
279.700000000 18.064 43.9704 0 0 0 -0.945705 0.325026
281.700000000 17.2388 43.4325 0 0 0 -0.965388 0.260819
283.100000000 16.22 43.0717 0 0 0 -0.993344 0.115183
284.400000000 15.2603 42.9543 0 0 0 -0.996706 0.0810985
285.800000000 14.3628 42.6124 0 0 0 -0.970354 0.241689
287.200000000 13.5617 41.9356 0 0 0 -0.927295 0.374331
288.900000000 12.8792 41.2207 0 0 0 -0.918 0.39658
292.000000000 12.2083 40.5145 0 0 0 -0.923008 0.38478
295.400000000 11.5061 39.7987 0 0 0 -0.922569 0.385832
297.100000000 10.836 38.9865 0 0 0 -0.886437 0.46285
298.600000000 10.6247 38.2352 0 0 0 -0.692205 0.721701
299.600000000 10.9123 37.826 0 0 0 -0.481287 0.876563
301.000000000 11.6193 37.0946 0 0 0 -0.361881 0.932224
303.000000000 12.3037 36.4598 0 0 0 -0.372359 0.928089
307.200000000 12.9866 35.7973 0 0 0 -0.380777 0.924667
311.200000000 13.6586 35.1412 0 0 0 -0.380777 0.924667
315.300000000 14.3473 34.462 0 0 0 -0.365865 0.930668
320.300000000 15.1386 33.9098 0 0 0 -0.268573 0.963259
323.300000000 16.0491 33.5677 0 0 0 -0.124194 0.992258
325.100000000 17.0422 33.4467 0 0 0 -0.0206785 0.999786
328.800000000 17.881 33.5956 0 0 0 0.311701 0.95018
329.400000000 17.786 33.6559 0 0 0 0.578577 0.815628
330.000000000 17.7684 33.6533 0 0 0 0.76418 0.645003
331.500000000 17.2023 34.7444 0 0 0 0.830472 0.557061
332.900000000 17.0069 35.7428 0 0 0 0.720226 0.69374
334.500000000 17.2527 36.4492 0 0 0 0.442724 0.896658
335.100000000 17.3486 36.3498 0 0 0 0.162549 0.9867
335.700000000 17.3273 36.3139 0 0 0 -0.133787 0.99101
336.800000000 17.7171 35.8959 0 0 0 -0.400434 0.916326
338.200000000 18.3827 35.0601 0 0 0 -0.419337 0.907831
339.800000000 19.006 34.4257 0 0 0 -0.386622 0.922238
343.400000000 19.7917 33.8531 0 0 0 -0.263517 0.964655
345.200000000 20.7264 33.585 0 0 0 -0.105056 0.994466
347.400000000 21.7312 33.4302 0 0 0 0.00413929 0.999991
351.800000000 22.6489 33.49 0 0 0 0.0479388 0.99885
356.800000000 23.6131 33.5782 0 0 0 0.0410874 0.999156
361.600000000 24.5723 33.6254 0 0 0 0.0203098 0.999794
366.500000000 25.5372 33.6528 0 0 0 0.00587962 0.999983
371.400000000 26.5122 33.6577 0 0 0 0.00231889 0.999997
376.300000000 27.4737 33.6624 0 0 0 0.00231889 0.999997
381.200000000 28.4351 33.6671 0 0 0 0.00231889 0.999997
383.500000000 29.3389 33.3044 0 0 0 -0.290625 0.956837
385.100000000 30.0334 32.6715 0 0 0 -0.383601 0.923499
388.500000000 30.7204 31.9755 0 0 0 -0.385462 0.922724
392.800000000 31.4075 31.2797 0 0 0 -0.385462 0.922724
397.200000000 32.0858 30.5927 0 0 0 -0.385462 0.922724
401.600000000 32.7593 29.9107 0 0 0 -0.385462 0.922724
406.100000000 33.4223 29.1939 0 0 0 -0.405875 0.913929
408.200000000 33.9891 28.2563 0 0 0 -0.51949 0.854476
409.700000000 34.1261 27.3029 0 0 0 -0.643386 0.765542
412.100000000 34.2402 26.2697 0 0 0 -0.670118 0.742254
413.400000000 34.5945 25.5902 0 0 0 -0.456889 0.889524
414.800000000 35.2874 24.9133 0 0 0 -0.371023 0.928624
416.800000000 35.9594 24.2652 0 0 0 -0.377141 0.926156
418.900000000 36.3534 23.8665 0 0 0 -0.643746 0.76524
419.600000000 36.2507 23.7524 0 0 0 -0.832012 0.554757
420.600000000 35.6681 23.3076 0 0 0 -0.930074 0.367373
422.000000000 34.909 22.6574 0 0 0 -0.934975 0.354712
423.200000000 34.2237 22.0449 0 0 0 -0.929758 0.368171
424.600000000 33.395 21.3803 0 0 0 -0.963233 0.268668
426.100000000 32.4561 21.1159 0 0 0 -0.997415 0.0718605
429.200000000 31.4881 21.1599 0 0 0 0.999255 0.0386037
434.100000000 30.5118 21.2525 0 0 0 0.998885 0.0472031
439.000000000 29.5533 21.3197 0 0 0 0.999507 0.0314103
443.900000000 28.5886 21.3471 0 0 0 0.999963 0.00864385
448.600000000 27.6172 21.354 0 0 0 0.999999 0.00167952
453.500000000 26.6522 21.3574 0 0 0 0.999999 0.00167952
455.500000000 25.8093 21.0194 0 0 0 -0.957082 0.289816
457.100000000 25.0667 20.3013 0 0 0 -0.920269 0.391287
459.600000000 24.4226 19.6376 0 0 0 -0.922113 0.386922
463.100000000 23.7643 18.9753 0 0 0 -0.923334 0.383998
467.500000000 23.0638 18.2707 0 0 0 -0.923334 0.383998
471.300000000 22.3743 17.5771 0 0 0 -0.923334 0.383998
475.500000000 21.695 16.8937 0 0 0 -0.923334 0.383998
479.100000000 21.0055 16.2002 0 0 0 -0.923334 0.383998
483.100000000 20.3461 15.5366 0 0 0 -0.923334 0.383998
487.200000000 19.6309 14.8071 0 0 0 -0.923334 0.383998
490.400000000 18.9465 14.1286 0 0 0 -0.923334 0.383998
494.200000000 18.2671 13.4451 0 0 0 -0.923342 0.383977
497.500000000 17.5655 12.7293 0 0 0 -0.923352 0.383954
501.200000000 16.8986 12.0684 0 0 0 -0.923362 0.38393
505.000000000 16.2079 11.3738 0 0 0 -0.923371 0.383909
508.700000000 15.4587 10.6263 0 0 0 -0.93442 0.356172
510.000000000 14.6398 10.0338 0 0 0 -0.950112 0.311908
511.400000000 13.9182 9.37141 0 0 0 -0.925863 0.377861
512.700000000 13.2443 8.66363 0 0 0 -0.920229 0.39138
514.100000000 12.5057 7.91374 0 0 0 -0.923528 0.383531
515.300000000 11.8656 7.27561 0 0 0 -0.9256 0.378504
516.700000000 11.1259 6.53596 0 0 0 -0.922668 0.385596
518.000000000 10.4365 5.84727 0 0 0 -0.922691 0.38554
519.400000000 9.78 5.1309 0 0 0 -0.891145 0.453719
520.400000000 9.76462 4.75234 0 0 0 -0.704156 0.710045
521.600000000 10.0769 4.09039 0 0 0 -0.513988 0.857797
523.000000000 10.6183 3.16386 0 0 0 -0.564991 0.825097
524.300000000 10.7083 2.20363 0 0 0 -0.690362 0.723464
525.700000000 10.4685 1.37225 0 0 0 -0.854908 0.51878
527.200000000 9.75338 0.585269 0 0 0 -0.929792 0.368085
528.600000000 8.97858 -0.126961 0 0 0 -0.928492 0.371351
529.900000000 8.29145 -0.817462 0 0 0 -0.921667 0.387981
531.200000000 7.66525 -1.46059 0 0 0 -0.921677 0.387958
537.600000000 7.66205 -1.61611 0 0 0 -0.778308 0.627882
538.300000000 7.80005 -1.59421 0 0 0 -0.515511 0.856883
538.900000000 7.88404 -1.50906 0 0 0 -0.239488 0.970899
539.500000000 7.89614 -1.39659 0 0 0 0.0582094 0.998304
540.100000000 7.84886 -1.30642 0 0 0 0.350642 0.93651
540.700000000 7.749 -1.23898 0 0 0 0.611265 0.791426
541.500000000 7.63865 -1.00644 0 0 0 0.807458 0.589925
542.800000000 7.12763 -0.511205 0 0 0 0.944413 0.328762
544.300000000 6.13946 -0.0962515 0 0 0 0.989011 0.147841
545.600000000 5.17446 0.0431024 0 0 0 0.999386 0.0350255
546.900000000 4.21013 0.0223209 0 0 0 -0.999071 0.0430934
548.200000000 3.24168 -0.0358017 0 0 0 -0.999668 0.0257476
549.500000000 2.25808 -0.062879 0 0 0 0.999936 0.0113533
550.700000000 1.36472 -0.044561 0 0 0 0.999982 0.00592412
552.100000000 0.311106 -0.0461377 0 0 0 -0.999998 0.00182259
553.400000000 -0.579071 -0.0835591 0 0 0 -0.996667 0.0815758
554.000000000 -0.558044 -0.189241 0 0 0 -0.932521 0.361117
554.700000000 -0.437682 -0.253027 0 0 0 -0.752143 0.659
555.400000000 -0.320381 -0.223053 0 0 0 -0.480041 0.877246
556.000000000 -0.222117 -0.215912 0 0 0 -0.245422 0.969416
556.900000000 0.305351 -0.199344 0 0 0 -0.0158865 0.999874
558.500000000 1.32894 -0.0695695 0 0 0 0.0465706 0.998915
560.000000000 1.61581 -0.200509 0 0 0 -0.272732 0.96209
560.700000000 1.60125 -0.283716 0 0 0 -0.544778 0.838581
561.400000000 1.48193 -0.305651 0 0 0 -0.766931 0.641729
562.000000000 1.38119 -0.32235 0 0 0 -0.891866 0.452299
562.800000000 1.20246 -0.329965 0 0 0 -0.979613 0.200894
564.400000000 0.458928 -0.242825 0 0 0 0.998296 0.0583525
566.000000000 0.0798711 -0.0579438 0 0 0 0.928177 0.372138
566.800000000 0.169337 -0.00572752 0 0 0 0.791497 0.611173
567.700000000 0.29087 0.000266053 0 0 0 0.562699 0.826662
568.700000000 0.500018 0.122458 0 0 0 0.345167 0.938541
571.000000000 1.31574 0.383665 0 0 0 0.0881068 0.996111
572.100000000 1.74539 0.227095 0 0 0 -0.227646 0.973744
573.600000000 2.42392 -0.51577 0 0 0 -0.424921 0.90523
575.000000000 3.15775 -1.28468 0 0 0 -0.377158 0.926149
576.300000000 3.89551 -1.88718 0 0 0 -0.310948 0.950427
577.600000000 4.73794 -2.34946 0 0 0 -0.19348 0.981104
579.000000000 5.72932 -2.52792 0 0 0 -0.034394 0.999408
580.700000000 6.7284 -2.45836 0 0 0 0.059907 0.998204
584.200000000 7.60795 -2.37718 0 0 0 0.0450788 0.998983
588.600000000 8.57824 -2.32393 0 0 0 0.0135514 0.999908
593.000000000 9.53266 -2.30932 0 0 0 0.00332538 0.999994
595.600000000 10.4672 -2.30711 0 0 0 0.00130833 0.999999
599.600000000 11.4549 -2.30449 0 0 0 0.00136879 0.999999
604.100000000 12.4377 -2.30191 0 0 0 0.00157899 0.999999
607.300000000 13.4073 -2.29902 0 0 0 0.0025552 0.999997
611.700000000 14.3793 -2.29379 0 0 0 0.00255478 0.999997
614.600000000 15.3352 -2.32272 0 0 0 -0.0126502 0.99992
617.400000000 16.2749 -2.33217 0 0 0 -0.00265787 0.999996
619.500000000 17.3252 -2.40863 0 0 0 -0.11447 0.993427
621.000000000 18.0976 -2.94128 0 0 0 -0.376662 0.926351
622.400000000 18.5675 -3.79065 0 0 0 -0.56707 0.82367
623.800000000 18.6746 -4.7228 0 0 0 -0.734777 0.678309
624.600000000 18.5304 -4.75682 0 0 0 -0.923 0.384799
625.200000000 18.4664 -4.65849 0 0 0 -0.995041 0.0994664
625.800000000 18.4681 -4.5512 0 0 0 0.980906 0.194481
626.400000000 18.5448 -4.45471 0 0 0 0.88182 0.471586
627.000000000 18.6375 -4.3512 0 0 0 0.729069 0.684441
627.800000000 18.7822 -4.1768 0 0 0 0.496561 0.868002
629.300000000 19.5678 -3.50342 0 0 0 0.344087 0.938938
630.600000000 20.2672 -2.84605 0 0 0 0.375351 0.926883
631.900000000 20.9577 -2.15711 0 0 0 0.386125 0.922446
633.400000000 21.7367 -1.34559 0 0 0 0.386116 0.92245
634.800000000 22.4753 -0.596251 0 0 0 0.386107 0.922454
636.100000000 23.1639 0.103085 0 0 0 0.386098 0.922458
637.400000000 23.8524 0.792339 0 0 0 0.386095 0.922459
638.600000000 24.4441 1.47442 0 0 0 0.428755 0.903421
640.100000000 25.0339 2.29009 0 0 0 0.467519 0.883983
642.400000000 25.4951 3.23424 0 0 0 0.568655 0.822576
643.800000000 25.6522 4.16595 0 0 0 0.680434 0.732809
645.200000000 25.8238 5.13278 0 0 0 0.590328 0.807164
647.800000000 26.3747 5.95235 0 0 0 0.432042 0.901854
652.200000000 27.0409 6.68073 0 0 0 0.397313 0.917683
656.200000000 27.7306 7.39083 0 0 0 0.38661 0.922243
660.400000000 28.4568 8.05298 0 0 0 0.299647 0.95405
661.000000000 28.4976 8.01949 0 0 0 0.0435446 0.999051
661.800000000 28.6615 7.86756 0 0 0 -0.26322 0.964736
663.300000000 29.4208 7.10474 0 0 0 -0.409395 0.912357
664.600000000 30.0927 6.39062 0 0 0 -0.38934 0.921094
665.900000000 30.7434 5.70431 0 0 0 -0.377638 0.925953
667.200000000 31.4346 4.99794 0 0 0 -0.379793 0.925072
668.500000000 32.1262 4.30182 0 0 0 -0.384087 0.923297
669.800000000 32.8079 3.61573 0 0 0 -0.384092 0.923295
671.100000000 33.4837 2.91287 0 0 0 -0.402379 0.915473
672.700000000 33.9497 2.16694 0 0 0 -0.63864 0.769506
673.400000000 33.8305 2.18971 0 0 0 -0.860733 0.509057
673.900000000 33.7271 2.21442 0 0 0 -0.95246 0.304665
674.700000000 33.5015 2.26677 0 0 0 -0.999962 0.00877224
676.300000000 32.513 2.61096 0 0 0 0.985355 0.170517
677.600000000 31.9739 2.6401 0 0 0 -0.98466 0.174483
678.200000000 32.0355 2.53602 0 0 0 -0.889105 0.457703
678.800000000 32.1866 2.47833 0 0 0 -0.723774 0.690037
679.600000000 32.288 2.24893 0 0 0 -0.512654 0.858595
681.100000000 33.0489 1.56631 0 0 0 -0.346862 0.937916
682.400000000 33.7635 0.894393 0 0 0 -0.378146 0.925746
683.600000000 34.3815 0.252259 0 0 0 -0.391572 0.920148
685.000000000 35.1201 -0.496623 0 0 0 -0.38505 0.922896
686.300000000 35.8165 -1.18716 0 0 0 -0.372958 0.927848
687.600000000 36.5861 -1.78227 0 0 0 -0.282737 0.959198
689.100000000 37.6181 -2.12409 0 0 0 -0.0861708 0.99628
691.000000000 38.6262 -2.08212 0 0 0 0.0463938 0.998923
692.800000000 39.6197 -1.97756 0 0 0 0.0414172 0.999142
694.100000000 40.603 -1.93941 0 0 0 0.00975791 0.999952
695.400000000 41.5225 -2.03864 0 0 0 -0.135566 0.990768
696.500000000 41.7968 -2.34095 0 0 0 -0.456151 0.889903
697.100000000 41.7258 -2.43881 0 0 0 -0.673517 0.739172
697.800000000 41.5897 -2.40461 0 0 0 -0.883462 0.468502
698.400000000 41.5112 -2.32147 0 0 0 -0.981649 0.190695
699.100000000 41.5119 -2.18556 0 0 0 0.988414 0.151779
699.700000000 41.5613 -2.07371 0 0 0 0.901431 0.432922
700.300000000 41.647 -2.04133 0 0 0 0.735194 0.677857
700.900000000 41.7929 -1.99527 0 0 0 0.532465 0.846452
701.600000000 41.9993 -1.86593 0 0 0 0.321662 0.946854
702.900000000 42.7481 -1.69621 0 0 0 0.0615251 0.998106
704.300000000 43.7998 -1.73264 0 0 0 -0.0392362 0.99923
705.700000000 44.8485 -1.83095 0 0 0 -0.0405109 0.999179
707.100000000 45.892 -1.83778 0 0 0 -0.00031933 1
708.400000000 46.8759 -1.83782 0 0 0 0.00485545 0.999988
709.700000000 47.8502 -1.81505 0 0 0 0.0227356 0.999742
710.900000000 48.7541 -1.76413 0 0 0 0.0315581 0.999502
712.300000000 49.7998 -1.74577 0 0 0 -0.00109391 0.999999
713.600000000 50.7734 -1.74444 0 0 0 -6.20362e-05 1
714.900000000 51.74 -1.84525 0 0 0 -0.0882709 0.996097
716.300000000 52.7622 -2.11023 0 0 0 -0.138144 0.990412
717.600000000 53.704 -2.30588 0 0 0 -0.0892893 0.996006
718.900000000 54.6863 -2.39212 0 0 0 -0.00217116 0.999998
720.200000000 55.6396 -2.36507 0 0 0 0.0375275 0.999296
720.900000000 55.6955 -2.31407 0 0 0 0.3335 0.94275
721.500000000 55.5981 -2.23872 0 0 0 0.596678 0.802481
722.000000000 55.4863 -2.24278 0 0 0 0.77644 0.630191
722.600000000 55.3909 -2.31387 0 0 0 0.928029 0.372507
723.300000000 55.3357 -2.34515 0 0 0 0.997785 0.0665145
723.800000000 55.2536 -2.41668 0 0 0 -0.987754 0.156021
725.200000000 54.65 -2.99581 0 0 0 -0.914389 0.404836
726.800000000 54.2579 -3.67471 0 0 0 -0.739091 0.673606
727.400000000 54.3631 -3.65025 0 0 0 -0.505447 0.862858
728.000000000 54.4452 -3.56443 0 0 0 -0.227872 0.973691
728.600000000 54.4612 -3.44786 0 0 0 0.0694267 0.997587
729.600000000 54.7745 -3.14607 0 0 0 0.35716 0.934043
731.100000000 55.4498 -2.3661 0 0 0 0.431346 0.902187
732.400000000 56.1223 -1.59127 0 0 0 0.378889 0.925442
733.700000000 56.816 -0.908681 0 0 0 0.382149 0.924101
734.900000000 57.4067 -0.231688 0 0 0 0.433797 0.901011
736.300000000 57.875 0.684778 0 0 0 0.574572 0.818454
737.900000000 57.9748 1.71055 0 0 0 0.696803 0.717262
740.400000000 57.9833 2.61041 0 0 0 0.725423 0.688303
745.200000000 57.9166 3.5825 0 0 0 0.729436 0.684049
749.500000000 57.8624 4.569 0 0 0 0.72129 0.692633
751.200000000 58.1212 5.37824 0 0 0 0.518013 0.855373
752.700000000 58.8609 6.08078 0 0 0 0.298217 0.954498
753.600000000 59.0813 6.07818 0 0 0 -0.0345953 0.999401
754.300000000 59.037 5.94948 0 0 0 -0.370167 0.928965
754.900000000 58.9401 5.88335 0 0 0 -0.623181 0.782078
755.500000000 58.8228 5.88198 0 0 0 -0.823846 0.566813
756.200000000 58.7246 5.94616 0 0 0 -0.967244 0.253849
756.800000000 58.79 6.08823 0 0 0 0.999694 0.0247371
757.700000000 58.385 6.26124 0 0 0 0.952628 0.304138
759.200000000 57.6887 7.08791 0 0 0 0.897486 0.441043
760.500000000 57.0405 7.81861 0 0 0 0.919647 0.392746
761.900000000 56.3153 8.53801 0 0 0 0.924926 0.380147
763.800000000 55.6437 9.20162 0 0 0 0.924926 0.380147
766.400000000 54.9846 9.85292 0 0 0 0.924926 0.380147
769.400000000 54.3104 10.5293 0 0 0 0.924926 0.380147
773.100000000 53.6138 11.208 0 0 0 0.924926 0.380147
777.400000000 52.9321 11.8918 0 0 0 0.924926 0.380147
781.700000000 52.2226 12.5802 0 0 0 0.926225 0.376972
786.500000000 51.4704 13.1804 0 0 0 0.953039 0.302846
790.500000000 50.6223 13.6594 0 0 0 0.981906 0.189371
792.900000000 49.7379 14.0298 0 0 0 0.965841 0.259134
797.800000000 48.9805 14.6207 0 0 0 0.93899 0.343945
802.600000000 48.2722 15.2844 0 0 0 0.929088 0.369859
807.200000000 47.5779 15.9656 0 0 0 0.917313 0.398166
808.100000000 47.5678 16.2522 0 0 0 0.751188 0.660089
808.900000000 47.7105 16.5282 0 0 0 0.563883 0.825854
810.300000000 48.2771 17.3452 0 0 0 0.432244 0.901757
811.700000000 49.0087 18.1012 0 0 0 0.376154 0.926557
813.000000000 49.6888 18.7886 0 0 0 0.395331 0.918539
813.700000000 49.7107 18.8157 0 0 0 0.649667 0.760218
814.400000000 49.528 19.0742 0 0 0 0.820958 0.570989
816.000000000 48.7818 19.8301 0 0 0 0.933449 0.358709
817.200000000 48.1159 20.4294 0 0 0 0.93428 0.35654
818.600000000 47.3485 21.0312 0 0 0 0.949929 0.312467
826.300000000 46.5126 21.6124 0 0 0 0.958477 0.285168
829.800000000 45.6798 22.0085 0 0 0 0.982989 0.183663
834.700000000 44.7311 22.1816 0 0 0 0.998543 0.0539608
839.600000000 43.7627 22.1871 0 0 0 -0.999969 0.00786215
844.300000000 42.8123 22.1492 0 0 0 -0.999626 0.0273575
849.100000000 41.8633 22.086 0 0 0 -0.999508 0.031365
854.100000000 40.8813 22.0564 0 0 0 -0.999949 0.0100688
859.000000000 39.9064 22.0466 0 0 0 -0.999996 0.00294881
864.000000000 38.9249 22.0406 0 0 0 -0.999996 0.00295007
868.800000000 37.9799 22.0344 0 0 0 -0.999996 0.00295116
873.500000000 37.022 22.0284 0 0 0 -0.999996 0.00295217
878.500000000 36.0335 22.0223 0 0 0 -0.999996 0.00295306
883.400000000 35.0755 22.0163 0 0 0 -0.999996 0.00295344
887.600000000 34.0222 21.9471 0 0 0 -0.99495 0.100369
889.100000000 33.1177 21.4715 0 0 0 -0.955146 0.296136
891.300000000 32.2931 20.9877 0 0 0 -0.975711 0.21906
893.100000000 31.4125 20.8921 0 0 0 0.999924 0.0123541
895.500000000 30.3548 21.1679 0 0 0 0.9887 0.149909
898.700000000 29.4814 21.3764 0 0 0 0.994657 0.103233
903.000000000 28.4887 21.4152 0 0 0 -0.999249 0.0387586
903.700000000 28.4846 21.2953 0 0 0 -0.934304 0.356477
904.300000000 28.5759 21.2343 0 0 0 -0.787229 0.616661
904.900000000 28.7169 21.2181 0 0 0 -0.578476 0.815699
905.600000000 28.7357 21.2421 0 0 0 -0.300417 0.953808
906.500000000 29.2584 21.1818 0 0 0 -0.0687331 0.997635
907.900000000 30.2614 21.1923 0 0 0 0.0553568 0.998467
910.500000000 31.2412 21.3099 0 0 0 0.0447914 0.998996
915.200000000 32.1706 21.3648 0 0 0 0.0176658 0.999844
920.200000000 33.1486 21.3704 0 0 0 0.00551572 0.999985
925.100000000 34.1136 21.3862 0 0 0 0.00300293 0.999995
930.000000000 35.0785 21.3923 0 0 0 0.00300374 0.999995
934.700000000 36.0465 21.3983 0 0 0 0.00300467 0.999995
939.500000000 36.988 21.3942 0 0 0 -0.00966015 0.999953
944.300000000 37.9694 21.3817 0 0 0 -0.00366351 0.999993
947.200000000 39.0132 21.3763 0 0 0 -0.00433403 0.999991
948.600000000 40.0669 21.3742 0 0 0 0.00359814 0.999994
949.900000000 41.0407 21.3852 0 0 0 0.00340199 0.999994
951.200000000 42.0144 21.392 0 0 0 0.00340414 0.999994
952.600000000 43.0669 21.3994 0 0 0 0.00340654 0.999994
953.900000000 44.0408 21.3642 0 0 0 -0.00198307 0.999998
955.200000000 45.023 21.3875 0 0 0 -0.022314 0.999751
956.500000000 45.9867 21.3406 0 0 0 0.00186019 0.999998
957.800000000 46.9604 21.3537 0 0 0 0.00154904 0.999999
959.100000000 47.9342 21.3565 0 0 0 0.0015443 0.999999
960.400000000 48.908 21.3594 0 0 0 0.00153649 0.999999
961.700000000 49.8918 21.3622 0 0 0 0.00153498 0.999999
962.900000000 50.7856 21.3653 0 0 0 0.00153527 0.999999
964.400000000 51.6004 21.6941 0 0 0 0.28117 0.959658
965.700000000 52.2742 22.3287 0 0 0 0.409768 0.91219
967.100000000 52.9686 23.1026 0 0 0 0.391608 0.920132
968.400000000 53.6633 23.7857 0 0 0 0.381758 0.924262
969.800000000 54.3988 24.528 0 0 0 0.381766 0.924259
971.100000000 55.09 25.216 0 0 0 0.381774 0.924256
972.500000000 55.8354 25.9583 0 0 0 0.381783 0.924252
973.800000000 56.5369 26.6651 0 0 0 0.39298 0.919547
975.000000000 57.0924 27.3407 0 0 0 0.439025 0.898475
976.400000000 57.6579 28.1884 0 0 0 0.516255 0.856435
977.600000000 57.8747 29.1075 0 0 0 0.630228 0.77641
979.200000000 57.9365 30.0969 0 0 0 0.704807 0.709399
981.900000000 57.7864 30.971 0 0 0 0.909878 0.414877
982.500000000 57.7346 30.8801 0 0 0 0.991846 0.127441
983.200000000 57.7379 30.7429 0 0 0 -0.97541 0.220398
983.900000000 57.8192 30.6639 0 0 0 -0.840349 0.542045
984.500000000 57.9265 30.6489 0 0 0 -0.642617 0.766188
985.200000000 58.1232 30.5274 0 0 0 -0.435829 0.90003
986.700000000 58.9745 30.0562 0 0 0 -0.194678 0.980867
987.800000000 59.3334 30.0549 0 0 0 0.16459 0.986362
988.400000000 59.2676 30.1376 0 0 0 0.449754 0.893153
989.000000000 59.1785 30.2212 0 0 0 0.672832 0.739796
989.800000000 59.0276 30.3537 0 0 0 0.866011 0.500025
991.400000000 58.2409 31.084 0 0 0 0.937127 0.348989
992.700000000 57.5171 31.7483 0 0 0 0.92522 0.37943
994.000000000 56.8439 32.4427 0 0 0 0.921463 0.388466
995.700000000 56.1441 33.1202 0 0 0 0.933777 0.357856
997.800000000 55.1958 33.6935 0 0 0 0.981274 0.192616
999.400000000 54.332 33.8909 0 0 0 0.985076 0.17212
1001.100000000 53.5189 34.5017 0 0 0 0.933531 0.358497
1004.600000000 52.8457 35.1268 0 0 0 0.925739 0.378164
1008.900000000 52.1705 35.8144 0 0 0 0.924934 0.380127
1012.100000000 51.4884 36.4879 0 0 0 0.925342 0.379133
1016.700000000 50.7933 37.1342 0 0 0 0.934489 0.355992
1021.700000000 50.0352 37.7513 0 0 0 0.942701 0.33364
1025.800000000 49.2871 38.3706 0 0 0 0.937731 0.347364
1030.500000000 48.5629 39.0433 0 0 0 0.928718 0.370786
1035.000000000 47.8654 39.7261 0 0 0 0.925043 0.379863
1038.300000000 47.1339 40.5148 0 0 0 0.904221 0.427064
1039.600000000 46.6384 41.3575 0 0 0 0.846917 0.531725
1040.900000000 46.437 42.2901 0 0 0 0.750405 0.660978
1041.700000000 46.4602 42.4803 0 0 0 0.517692 0.855567
1042.500000000 46.7197 42.6273 0 0 0 0.284828 0.958579
1043.800000000 47.5447 42.8008 0 0 0 0.0599738 0.9982
1045.400000000 48.5673 42.7628 0 0 0 0.0608082 0.998149
1046.800000000 49.5424 43.0864 0 0 0 0.186905 0.982378
1048.100000000 50.4476 43.3626 0 0 0 0.155142 0.987892
1049.500000000 51.2729 43.9401 0 0 0 0.358855 0.933393
1050.800000000 51.9146 44.6826 0 0 0 0.396799 0.917906
1052.100000000 52.6061 45.3494 0 0 0 0.357887 0.933765
1053.400000000 53.4224 45.8757 0 0 0 0.231032 0.972946
1054.900000000 54.3973 46.3143 0 0 0 0.299569 0.954075
1056.200000000 55.0955 47.0441 0 0 0 0.390448 0.920625
1057.500000000 55.7742 47.7429 0 0 0 0.388125 0.921607
1058.800000000 56.4702 48.4347 0 0 0 0.378833 0.925465
1060.000000000 57.1071 49.0655 0 0 0 0.385695 0.922626
1061.400000000 57.6954 49.9148 0 0 0 0.515229 0.857052
1062.700000000 57.9568 50.8588 0 0 0 0.645619 0.76366
1064.000000000 57.9843 51.8413 0 0 0 0.723366 0.690465
1065.300000000 57.9085 52.8269 0 0 0 0.741782 0.670641
1066.900000000 57.9766 53.7023 0 0 0 0.541009 0.841017
1067.500000000 58.1309 53.67 0 0 0 0.300911 0.953652
1069.400000000 59.0995 53.8394 0 0 0 0.221987 0.97505
1070.000000000 59.0357 53.9377 0 0 0 0.4923 0.870426
1070.600000000 58.8873 53.9964 0 0 0 0.721758 0.692145
1071.600000000 58.7003 54.3164 0 0 0 0.900136 0.43561
1072.900000000 57.9222 54.8951 0 0 0 0.943139 0.332399
1074.300000000 57.1607 55.6248 0 0 0 0.925311 0.379209
1075.600000000 56.4755 56.3211 0 0 0 0.921902 0.387423
1076.900000000 55.7834 57.0115 0 0 0 0.924881 0.380257
1078.300000000 55.0169 57.7036 0 0 0 0.947061 0.321053
1079.600000000 54.1423 58.127 0 0 0 0.985697 0.168527
1081.100000000 53.1821 58.2252 0 0 0 -0.999924 0.0123687
1083.900000000 52.2647 58.1409 0 0 0 -0.998929 0.0462709
1087.400000000 51.2612 58.0138 0 0 0 -0.994854 0.10132
1088.700000000 50.5883 57.5919 0 0 0 -0.936535 0.350573
1090.300000000 49.8781 56.8258 0 0 0 -0.897234 0.441555
1091.600000000 49.4618 55.9867 0 0 0 -0.836702 0.547658
1092.500000000 49.4379 55.6698 0 0 0 -0.655456 0.755233
1093.100000000 49.5646 55.7516 0 0 0 -0.403002 0.915199
1093.800000000 49.6278 55.8744 0 0 0 -0.0647704 0.9979
1094.500000000 49.6076 55.9814 0 0 0 0.281911 0.95944
1095.100000000 49.5182 56.06 0 0 0 0.552857 0.833276
1095.600000000 49.4217 56.0862 0 0 0 0.741468 0.670988
1096.600000000 49.102 56.4206 0 0 0 0.900135 0.435611
1098.000000000 48.3576 57.1106 0 0 0 0.94384 0.330403
1099.300000000 47.5732 57.6939 0 0 0 0.957356 0.28891
1100.600000000 46.6915 58.1033 0 0 0 0.985824 0.167781
1102.200000000 45.6625 58.2185 0 0 0 0.999882 0.0153662
1104.700000000 44.7189 58.1718 0 0 0 -0.999055 0.0434644
1109.200000000 43.7741 58.0944 0 0 0 -0.999267 0.038284
1114.100000000 42.8084 58.0596 0 0 0 -0.9999 0.0141485
1118.900000000 41.8522 58.0486 0 0 0 -0.999995 0.00325553
1123.800000000 40.8907 58.0452 0 0 0 -0.999998 0.00184171
1128.100000000 39.8716 58.0294 0 0 0 0.999594 0.0285071
1129.500000000 38.9696 58.3548 0 0 0 0.969526 0.244988
1130.900000000 38.2974 59.0334 0 0 0 0.894912 0.446242
1132.100000000 37.9262 59.8432 0 0 0 0.815246 0.579115
1133.500000000 37.8781 60.5338 0 0 0 0.586521 0.809934
1134.000000000 37.9593 60.4845 0 0 0 0.371167 0.928566
1134.700000000 38.0303 60.3643 0 0 0 0.0377727 0.999286
1135.300000000 38.0041 60.2781 0 0 0 -0.25474 0.96701
1135.900000000 37.916 60.1806 0 0 0 -0.52519 0.850985
1136.500000000 37.8224 60.1714 0 0 0 -0.750156 0.66126
1137.200000000 37.6458 59.9918 0 0 0 -0.88645 0.462824
1138.800000000 36.7474 59.3389 0 0 0 -0.953083 0.302708
1146.200000000 35.9517 58.617 0 0 0 -0.932398 0.361432
1147.500000000 35.2649 57.9561 0 0 0 -0.919745 0.392516
1148.800000000 34.578 57.264 0 0 0 -0.922156 0.386818
1150.200000000 33.8317 56.5226 0 0 0 -0.924826 0.380391
1151.500000000 33.1442 55.8323 0 0 0 -0.924826 0.380391
1152.700000000 32.5067 55.202 0 0 0 -0.924826 0.380391
1154.000000000 31.8263 54.4955 0 0 0 -0.914381 0.404855
1155.600000000 31.1733 53.7253 0 0 0 -0.904088 0.427346
1159.300000000 30.6583 52.7946 0 0 0 -0.841071 0.540926
1160.600000000 30.416 51.8608 0 0 0 -0.76835 0.640029
1162.200000000 30.1233 51.0046 0 0 0 -0.845182 0.534479
1165.700000000 29.563 50.2119 0 0 0 -0.90326 0.429094
1170.100000000 28.916 49.5023 0 0 0 -0.917482 0.397777
1174.500000000 28.248 48.8148 0 0 0 -0.922242 0.386612
1179.100000000 27.5693 48.1307 0 0 0 -0.923116 0.384523
1182.700000000 26.884 47.4663 0 0 0 -0.933382 0.358884
1184.000000000 26.0764 46.9294 0 0 0 -0.96833 0.249674
1185.600000000 25.1475 46.7513 0 0 0 -0.996129 0.087909
1188.400000000 24.1262 46.6126 0 0 0 1 0.000372426
1193.100000000 23.1249 46.6592 0 0 0 0.999712 0.0239959
1197.500000000 22.174 46.711 0 0 0 0.999462 0.0327901
1202.300000000 21.215 46.7389 0 0 0 0.999918 0.0127741
1204.400000000 20.3857 46.4349 0 0 0 -0.963823 0.266543
1205.900000000 19.726 45.6955 0 0 0 -0.895153 0.44576
1207.300000000 19.1234 44.8337 0 0 0 -0.883129 0.469131
1209.000000000 18.4659 44.1485 0 0 0 -0.93597 0.352079
1210.800000000 17.6233 43.6339 0 0 0 -0.979202 0.202889
1213.700000000 16.7316 43.2594 0 0 0 -0.977222 0.212219
