0.100000000 0.2 0 0 0 0 0 1
6.000000000 0.988794 -0.122948 0 0 0 -0.343473 0.939163
6.600000000 0.890817 -0.187054 0 0 0 -0.605671 0.795715
7.100000000 0.773287 -0.183678 0 0 0 -0.783321 0.621617
7.800000000 0.671855 -0.114223 0 0 0 -0.949174 0.314751
8.400000000 0.632794 -0.00266056 0 0 0 -0.999796 0.0201974
8.900000000 0.652633 0.111379 0 0 0 0.973845 0.227212
9.600000000 0.751115 0.187517 0 0 0 0.83655 0.547891
10.100000000 0.857919 0.201198 0 0 0 0.675455 0.737401
10.800000000 0.967544 0.156567 0 0 0 0.381091 0.924538
11.400000000 1.02507 0.0319873 0 0 0 0.0914644 0.995808
12.100000000 1.00145 -0.0854268 0 0 0 -0.256134 0.966641
15.100000000 1.16498 -0.0416226 0 0 0 0.108029 0.994148
15.800000000 1.10099 0.0742448 0 0 0 0.44237 0.896833
16.400000000 0.979631 0.125267 0 0 0 0.687636 0.726056
17.100000000 0.813882 0.237374 0 0 0 0.855946 0.517065
18.800000000 -0.0230742 1.02052 0 0 0 0.939289 0.343128
20.200000000 -0.772783 1.73806 0 0 0 0.916323 0.40044
21.700000000 -1.4369 2.64064 0 0 0 0.878029 0.478608
23.000000000 -1.88255 3.51219 0 0 0 0.840539 0.541751
24.300000000 -2.14713 4.47073 0 0 0 0.810039 0.586376
25.600000000 -2.52289 5.3413 0 0 0 0.84154 0.540194
26.800000000 -2.85305 6.18789 0 0 0 0.81038 0.585905
27.700000000 -2.82568 6.42045 0 0 0 0.583669 0.811992
28.300000000 -2.76921 6.3845 0 0 0 0.320024 0.947409
29.000000000 -2.70894 6.25786 0 0 0 -0.0184957 0.999829
29.500000000 -2.68677 6.12384 0 0 0 -0.260215 0.965551
30.100000000 -2.76464 6.04721 0 0 0 -0.529989 0.848004
30.700000000 -2.85825 6.01931 0 0 0 -0.753872 0.657022
31.400000000 -2.97794 6.06959 0 0 0 -0.931325 0.36419
32.000000000 -3.03995 6.17993 0 0 0 -0.996988 0.077561
32.700000000 -3.03317 6.30706 0 0 0 0.964672 0.263453
33.300000000 -2.97701 6.42647 0 0 0 0.851717 0.524001
33.900000000 -2.85681 6.50893 0 0 0 0.695888 0.71815
35.400000000 -2.5143 7.40894 0 0 0 0.524418 0.851461
36.700000000 -2.07529 8.24292 0 0 0 0.575921 0.817505
38.100000000 -2.01394 9.26589 0 0 0 0.707615 0.706598
39.500000000 -2.15657 10.3004 0 0 0 0.752066 0.659088
41.100000000 -2.2226 11.3439 0 0 0 0.718679 0.695342
43.500000000 -2.23721 12.2709 0 0 0 0.708672 0.705538
47.400000000 -2.22144 13.276 0 0 0 0.697287 0.716792
51.300000000 -2.21107 14.2304 0 0 0 0.704998 0.709209
55.400000000 -2.20785 15.1989 0 0 0 0.705871 0.708341
58.300000000 -2.19281 16.2972 0 0 0 0.72845 0.685099
59.600000000 -2.44307 17.1957 0 0 0 0.814552 0.580091
60.900000000 -2.81442 18.0938 0 0 0 0.830012 0.557745
62.500000000 -2.85924 19.0039 0 0 0 0.63902 0.76919
63.900000000 -2.46962 19.9169 0 0 0 0.506093 0.862479
65.500000000 -1.98718 20.8865 0 0 0 0.597991 0.801503
66.900000000 -2.01053 21.8072 0 0 0 0.74038 0.672189
68.200000000 -2.19818 22.7456 0 0 0 0.761895 0.647701
69.800000000 -2.26738 23.7777 0 0 0 0.717848 0.6962
72.800000000 -2.25254 24.7045 0 0 0 0.691776 0.722112
77.100000000 -2.19945 25.6877 0 0 0 0.691247 0.722619
81.600000000 -2.18129 26.6474 0 0 0 0.702719 0.711467
85.100000000 -2.17717 27.6242 0 0 0 0.705925 0.708287
86.900000000 -2.24663 28.6766 0 0 0 0.756857 0.65358
88.400000000 -2.64503 29.7012 0 0 0 0.836884 0.54738
89.700000000 -2.94392 30.643 0 0 0 0.792096 0.610397
91.000000000 -2.99738 31.5522 0 0 0 0.717053 0.697019
91.900000000 -2.88881 31.7357 0 0 0 0.469187 0.883099
92.500000000 -2.85793 31.6713 0 0 0 0.190118 0.981761
93.200000000 -2.83882 31.5221 0 0 0 -0.152334 0.988329
93.800000000 -2.90695 31.4205 0 0 0 -0.43342 0.901192
94.400000000 -3.002 31.3784 0 0 0 -0.676973 0.736008
94.900000000 -3.0857 31.3591 0 0 0 -0.829465 0.558559
96.600000000 -3.89225 30.6387 0 0 0 -0.946379 0.323057
97.900000000 -4.43234 30.4189 0 0 0 -0.999951 0.00993809
98.600000000 -4.39974 30.5342 0 0 0 0.944651 0.328077
99.200000000 -4.30865 30.5888 0 0 0 0.80825 0.588839
99.800000000 -4.19812 30.6022 0 0 0 0.601847 0.798611
100.700000000 -3.88033 30.9305 0 0 0 0.397603 0.917558
102.200000000 -3.02259 31.6196 0 0 0 0.346792 0.937942
103.500000000 -2.44562 32.342 0 0 0 0.458063 0.88892
104.900000000 -2.04809 33.2539 0 0 0 0.619699 0.784839
106.300000000 -2.02302 34.2835 0 0 0 0.729227 0.684272
107.600000000 -2.17582 35.2344 0 0 0 0.7632 0.646163
109.200000000 -2.25673 36.1965 0 0 0 0.720438 0.693519
112.000000000 -2.24081 37.1341 0 0 0 0.689265 0.72451
116.400000000 -2.20258 38.1016 0 0 0 0.694982 0.719027
118.700000000 -2.19114 39.1184 0 0 0 0.708033 0.706179
119.900000000 -2.22014 40.021 0 0 0 0.729913 0.68354
121.300000000 -2.39741 41.0184 0 0 0 0.805868 0.592095
122.700000000 -2.93744 41.76 0 0 0 0.924002 0.382387
123.600000000 -3.18559 41.8237 0 0 0 0.997226 0.0744373
124.200000000 -3.16792 41.697 0 0 0 -0.974699 0.223521
124.800000000 -3.08734 41.6207 0 0 0 -0.865127 0.501552
125.300000000 -3.00212 41.605 0 0 0 -0.713363 0.700795
126.000000000 -2.88867 41.648 0 0 0 -0.43084 0.902428
126.600000000 -2.81314 41.7265 0 0 0 -0.144916 0.989444
127.200000000 -2.81733 41.7444 0 0 0 0.124356 0.992238
127.900000000 -2.68456 42.0141 0 0 0 0.384816 0.922993
129.400000000 -2.25555 42.9194 0 0 0 0.594279 0.804259
130.700000000 -2.12319 43.8931 0 0 0 0.678892 0.734238
132.100000000 -2.13326 44.9389 0 0 0 0.721939 0.691957
133.400000000 -2.16283 45.8931 0 0 0 0.72293 0.690921
134.700000000 -2.18313 46.8882 0 0 0 0.701607 0.712564
136.000000000 -2.17902 47.8622 0 0 0 0.703444 0.71075
137.300000000 -2.17486 48.8361 0 0 0 0.708242 0.705969
138.500000000 -2.17799 49.7419 0 0 0 0.707863 0.706349
139.800000000 -2.18012 50.7151 0 0 0 0.707849 0.706364
141.200000000 -2.18221 51.7683 0 0 0 0.707835 0.706378
142.400000000 -2.29222 52.6497 0 0 0 0.777696 0.62864
143.700000000 -2.51347 53.6037 0 0 0 0.801667 0.597771
145.100000000 -2.79857 54.583 0 0 0 0.795797 0.605563
146.300000000 -2.97227 55.4947 0 0 0 0.735477 0.67755
147.900000000 -2.84215 56.2434 0 0 0 0.443726 0.896163
148.400000000 -2.7472 56.1547 0 0 0 0.213327 0.976981
149.100000000 -2.74177 56.0601 0 0 0 -0.130647 0.991429
149.600000000 -2.77712 55.9859 0 0 0 -0.368575 0.929598
150.200000000 -2.84422 55.9031 0 0 0 -0.616302 0.78751
150.900000000 -2.97929 55.8506 0 0 0 -0.832061 0.554684
152.000000000 -3.43676 55.4032 0 0 0 -0.939146 0.343518
153.500000000 -4.18686 54.9333 0 0 0 -0.989504 0.144507
154.100000000 -4.19628 55.0315 0 0 0 0.988743 0.149621
154.700000000 -4.13914 55.1245 0 0 0 0.902538 0.43061
155.200000000 -4.03513 55.1481 0 0 0 0.771198 0.636596
155.800000000 -3.93997 55.1685 0 0 0 0.550883 0.834583
157.500000000 -3.14664 55.872 0 0 0 0.353228 0.935537
158.700000000 -2.49506 56.4964 0 0 0 0.384727 0.92303
160.100000000 -1.75936 57.2483 0 0 0 0.377243 0.926115
161.400000000 -0.99569 57.8477 0 0 0 0.287215 0.957866
162.900000000 0.0338142 58.212 0 0 0 0.095106 0.995467
164.600000000 0.973105 58.2022 0 0 0 -0.0416452 0.999132
168.100000000 1.9132 58.0953 0 0 0 -0.0486076 0.998818
172.800000000 2.91194 58.0173 0 0 0 -0.0279873 0.999608
176.500000000 3.87477 57.985 0 0 0 -0.00732816 0.999973
180.000000000 4.83825 57.9981 0 0 0 0.00921701 0.999958
182.000000000 5.8139 58.021 0 0 0 0.0165281 0.999863
183.900000000 6.30568 57.9155 0 0 0 -0.277129 0.960833
184.500000000 6.24403 57.8721 0 0 0 -0.546276 0.837605
185.100000000 6.11938 57.8388 0 0 0 -0.766436 0.642321
185.800000000 6.01613 57.8667 0 0 0 -0.938362 0.345655
186.500000000 5.95041 57.9901 0 0 0 -0.999962 0.00871071
187.200000000 5.80429 58.1509 0 0 0 0.968265 0.249927
188.200000000 5.55079 58.5679 0 0 0 0.87141 0.490555
189.500000000 5.42181 59.2391 0 0 0 0.687033 0.726626
190.200000000 5.53254 59.1982 0 0 0 0.39991 0.916554
190.700000000 5.5613 59.1119 0 0 0 0.165902 0.986142
191.600000000 5.86343 59.0125 0 0 0 -0.143917 0.98959
193.000000000 6.61408 58.4376 0 0 0 -0.317876 0.948132
194.400000000 7.5234 57.8978 0 0 0 -0.187992 0.982171
195.700000000 8.44618 57.8112 0 0 0 -0.0277037 0.999616
197.100000000 9.48505 57.9118 0 0 0 0.0728412 0.997344
198.400000000 10.4426 58.0408 0 0 0 0.0658505 0.997829
199.900000000 11.3928 58.1131 0 0 0 0.0138826 0.999904
203.300000000 12.3761 58.079 0 0 0 -0.0243575 0.999703
207.600000000 13.342 58.0515 0 0 0 -0.009811 0.999952
212.200000000 14.3147 58.0436 0 0 0 -0.00208719 0.999998
216.500000000 15.2827 58.0394 0 0 0 -0.00208719 0.999998
220.200000000 16.2492 58.035 0 0 0 -0.00208719 0.999998
224.000000000 17.2407 58.0308 0 0 0 -0.00208719 0.999998
226.000000000 17.7152 58.2024 0 0 0 0.322707 0.946499
226.700000000 17.7199 58.3804 0 0 0 0.570474 0.821316
227.400000000 17.6257 58.4473 0 0 0 0.794152 0.60772
228.000000000 17.5258 58.394 0 0 0 0.938275 0.345889
228.700000000 17.4791 58.2754 0 0 0 0.999997 0.00257144
229.300000000 17.5034 58.1623 0 0 0 -0.956093 0.293063
229.900000000 17.5906 58.0806 0 0 0 -0.832121 0.554594
230.500000000 17.6824 57.977 0 0 0 -0.653422 0.756994
231.200000000 17.8536 57.7875 0 0 0 -0.474901 0.880039
232.700000000 18.6425 57.0509 0 0 0 -0.366945 0.930243
234.500000000 19.3211 56.405 0 0 0 -0.373381 0.927678
238.400000000 19.9962 55.7399 0 0 0 -0.38068 0.924707
242.800000000 20.6908 55.0515 0 0 0 -0.38068 0.924707
247.100000000 21.3839 54.366 0 0 0 -0.44736 0.894354
248.500000000 21.809 53.3764 0 0 0 -0.571924 0.820307
250.600000000 21.9789 52.4951 0 0 0 -0.675576 0.73729
255.200000000 21.9626 51.5371 0 0 0 -0.725183 0.688556
258.400000000 22.168 50.5724 0 0 0 -0.508622 0.86099
259.800000000 22.8466 49.8765 0 0 0 -0.343132 0.939287
262.100000000 23.5887 49.2164 0 0 0 -0.363418 0.931626
263.900000000 23.7932 48.9145 0 0 0 -0.643517 0.765431
264.700000000 23.6337 48.7315 0 0 0 -0.828762 0.559601
266.000000000 23.0651 48.1119 0 0 0 -0.938706 0.344717
267.200000000 22.3894 47.5216 0 0 0 -0.932607 0.360893
268.700000000 21.6458 46.7373 0 0 0 -0.920664 0.390356
270.000000000 20.9208 46.025 0 0 0 -0.920105 0.391673
271.300000000 20.2403 45.3276 0 0 0 -0.923996 0.382403
272.600000000 19.5502 44.64 0 0 0 -0.925467 0.378828
273.800000000 18.9123 43.9909 0 0 0 -0.913344 0.40719
275.100000000 18.3416 43.2025 0 0 0 -0.880986 0.473143
276.500000000 17.6622 42.7388 0 0 0 -0.978731 0.205149
278.200000000 16.6194 42.7258 0 0 0 0.998047 0.0624621
279.600000000 15.5693 42.8818 0 0 0 0.998794 0.0490963
280.900000000 14.7185 42.7237 0 0 0 -0.988699 0.149915
282.400000000 13.8119 42.1269 0 0 0 -0.940546 0.339667
283.700000000 13.1823 41.5106 0 0 0 -0.92175 0.387784
286.100000000 12.4954 40.8024 0 0 0 -0.921932 0.387351
287.900000000 12.231 40.3212 0 0 0 -0.790829 0.612038
288.800000000 12.3524 40.0381 0 0 0 -0.570403 0.821365
290.300000000 12.9824 39.269 0 0 0 -0.398699 0.917082
292.800000000 13.6567 38.5977 0 0 0 -0.379587 0.925156
297.800000000 14.3617 37.9024 0 0 0 -0.379584 0.925157
302.600000000 15.0367 37.2269 0 0 0 -0.379582 0.925158
307.300000000 15.7118 36.5714 0 0 0 -0.379581 0.925158
312.100000000 16.4043 35.8884 0 0 0 -0.379581 0.925158
317.000000000 17.0894 35.2129 0 0 0 -0.379581 0.925158
318.000000000 17.0874 35.2025 0 0 0 -0.0469571 0.998897
318.600000000 17.2025 35.3751 0 0 0 0.248045 0.968748
319.500000000 17.2519 35.6852 0 0 0 0.521504 0.853249
320.800000000 17.4975 36.6004 0 0 0 0.6436 0.765362
321.900000000 17.415 36.9213 0 0 0 0.870712 0.491792
322.500000000 17.3389 36.8245 0 0 0 0.977027 0.213114
323.100000000 17.3237 36.7173 0 0 0 -0.996369 0.0851364
323.800000000 17.3873 36.632 0 0 0 -0.90651 0.422185
324.400000000 17.4261 36.6351 0 0 0 -0.739323 0.673351
325.100000000 17.4442 36.636 0 0 0 -0.508894 0.860829
326.600000000 18.3829 35.8289 0 0 0 -0.335758 0.941948
328.000000000 19.0185 35.2254 0 0 0 -0.358692 0.933456
330.500000000 19.688 34.5924 0 0 0 -0.372384 0.928079
335.300000000 20.4211 34.0296 0 0 0 -0.294502 0.955651
337.600000000 21.3608 33.615 0 0 0 -0.14645 0.989218
339.500000000 22.3238 33.3667 0 0 0 -0.0315927 0.999501
343.500000000 23.2922 33.4219 0 0 0 0.0512802 0.998684
348.300000000 24.2456 33.5244 0 0 0 0.0615066 0.998107
353.200000000 25.2301 33.6103 0 0 0 0.0414103 0.999142
358.100000000 26.1944 33.6556 0 0 0 0.0115778 0.999933
363.000000000 27.1594 33.6657 0 0 0 0.00291141 0.999996
364.400000000 27.8295 33.9781 0 0 0 0.285053 0.958512
366.000000000 28.5208 34.6467 0 0 0 0.390931 0.92042
368.900000000 29.1561 35.3018 0 0 0 0.387073 0.922049
373.800000000 29.8396 35.9939 0 0 0 0.38565 0.922645
378.400000000 30.5177 36.6812 0 0 0 0.38565 0.922645
382.900000000 31.1883 37.3711 0 0 0 0.38565 0.922645
387.600000000 31.869 38.0509 0 0 0 0.38565 0.922645
392.300000000 32.5445 38.7457 0 0 0 0.38565 0.922645
397.000000000 33.2204 39.4253 0 0 0 0.391992 0.919969
399.800000000 33.8445 40.2183 0 0 0 0.468261 0.88359
401.200000000 34.2474 41.1832 0 0 0 0.603848 0.797099
402.400000000 34.2438 42.0706 0 0 0 0.708165 0.706047
403.800000000 34.1582 43.1203 0 0 0 0.740847 0.671674
405.000000000 34.1645 44.0128 0 0 0 0.710324 0.703875
405.900000000 34.2748 44.1964 0 0 0 0.444381 0.895838
406.500000000 34.371 44.0972 0 0 0 0.16437 0.986399
407.100000000 34.3847 44.0207 0 0 0 -0.131605 0.991302
407.700000000 34.321 44.0061 0 0 0 -0.412877 0.910787
408.300000000 34.3387 43.9991 0 0 0 -0.671839 0.740697
408.900000000 34.1961 44.018 0 0 0 -0.843822 0.536623
410.400000000 33.5039 43.3136 0 0 0 -0.936985 0.349369
411.900000000 32.8843 42.8046 0 0 0 -0.999098 0.042457
412.400000000 32.8894 42.8608 0 0 0 0.978904 0.20432
413.100000000 32.9182 42.9459 0 0 0 0.852525 0.522687
413.700000000 33.0698 42.9961 0 0 0 0.663473 0.7482
414.600000000 33.2946 43.2888 0 0 0 0.471784 0.881714
416.000000000 33.9514 44.1038 0 0 0 0.44542 0.895322
417.400000000 34.3225 45.0264 0 0 0 0.613989 0.789315
418.800000000 34.2914 46.0607 0 0 0 0.737868 0.674945
420.200000000 34.1856 47.0809 0 0 0 0.760262 0.649616
421.500000000 34.096 48.0629 0 0 0 0.709909 0.704293
422.800000000 34.1524 49.0322 0 0 0 0.678999 0.734139
424.200000000 34.2103 50.0828 0 0 0 0.700135 0.71401
425.600000000 34.2039 51.1265 0 0 0 0.711523 0.702663
426.900000000 34.2062 52.1003 0 0 0 0.704423 0.70978
428.200000000 34.2065 53.0827 0 0 0 0.703874 0.710325
429.800000000 34.0883 54.1173 0 0 0 0.809727 0.586806
431.300000000 33.4821 54.8588 0 0 0 0.924725 0.380636
432.500000000 32.8282 55.4492 0 0 0 0.933908 0.357514
433.900000000 32.0619 56.179 0 0 0 0.924737 0.380606
435.200000000 31.4265 56.8295 0 0 0 0.92087 0.38987
442.500000000 30.7103 57.5734 0 0 0 0.91858 0.395234
443.800000000 29.9899 58.1657 0 0 0 0.959978 0.280075
445.400000000 28.9613 58.4043 0 0 0 0.999424 0.0339478
446.800000000 28.0049 58.2353 0 0 0 -0.99228 0.124019
448.800000000 27.0075 58.0704 0 0 0 0.999983 0.00591241
450.100000000 26.0046 58.2453 0 0 0 0.994386 0.10581
451.500000000 24.9732 58.4386 0 0 0 0.998057 0.0623002
453.100000000 24.0058 58.4483 0 0 0 0.999999 0.00172967
455.500000000 23.0115 58.469 0 0 0 -0.999994 0.00354445
458.500000000 22.0458 58.4646 0 0 0 -0.999999 0.00159959
461.600000000 21.0407 58.4611 0 0 0 -0.999999 0.00166948
464.600000000 20.0831 58.4558 0 0 0 -0.999998 0.00180539
466.000000000 19.0916 58.4517 0 0 0 -0.999998 0.00196555
467.900000000 18.1711 58.4476 0 0 0 -0.999998 0.00196256
470.800000000 17.1793 58.3169 0 0 0 -0.990391 0.138294
472.000000000 17.0565 58.1548 0 0 0 -0.904537 0.426396
472.800000000 17.1389 58.109 0 0 0 -0.75395 0.656932
473.900000000 17.355 57.9168 0 0 0 -0.526763 0.850012
475.100000000 17.6391 57.7327 0 0 0 -0.285342 0.958426
476.400000000 17.9033 57.7538 0 0 0 -0.0243573 0.999703
478.100000000 18.2714 57.9652 0 0 0 0.251584 0.967835
479.100000000 18.1622 58.0514 0 0 0 0.503104 0.864226
479.900000000 18.0654 58.0572 0 0 0 0.735314 0.677727
480.700000000 17.9342 58.0247 0 0 0 0.901203 0.433398
481.400000000 17.877 57.9274 0 0 0 0.988656 0.150197
481.900000000 17.8838 57.8275 0 0 0 -0.995146 0.0984091
482.600000000 17.9465 57.7422 0 0 0 -0.900812 0.43421
483.200000000 18.0124 57.5698 0 0 0 -0.76615 0.642662
484.100000000 18.1972 57.2483 0 0 0 -0.584125 0.811664
485.400000000 18.6213 56.7105 0 0 0 -0.35644 0.934318
487.500000000 19.5422 56.3891 0 0 0 -0.119344 0.992853
489.100000000 19.7522 56.1678 0 0 0 -0.416749 0.909021
490.500000000 19.767 55.8882 0 0 0 -0.631159 0.775654
493.000000000 19.9488 55.4244 0 0 0 -0.340704 0.940171
494.600000000 20.6139 55.3463 0 0 0 -0.114907 0.993376
496.500000000 21.0391 55.0186 0 0 0 -0.420979 0.907071
497.400000000 21.057 55.0184 0 0 0 -0.628419 0.777875
499.100000000 21.1363 54.0521 0 0 0 -0.69568 0.718352
500.300000000 21.2897 53.8943 0 0 0 -0.452958 0.891532
501.100000000 21.327 53.9004 0 0 0 -0.188878 0.982
503.100000000 22.2995 53.5181 0 0 0 -0.195455 0.980713
503.900000000 22.3259 53.5292 0 0 0 -0.444713 0.895673
504.700000000 22.251 53.5099 0 0 0 -0.684987 0.728555
506.600000000 21.7806 52.5829 0 0 0 -0.832177 0.55451
508.100000000 21.7588 52.1814 0 0 0 -0.630597 0.77611
508.800000000 21.8056 52.1921 0 0 0 -0.424954 0.905215
511.200000000 22.6787 51.5214 0 0 0 -0.34383 0.939032
511.900000000 22.6704 51.5235 0 0 0 -0.577824 0.816161
512.700000000 22.6574 51.5181 0 0 0 -0.819038 0.573739
513.400000000 22.4815 51.4984 0 0 0 -0.935145 0.354264
514.800000000 21.6957 51.1985 0 0 0 -0.994957 0.100298
515.800000000 21.5172 51.2628 0 0 0 0.986529 0.163587
516.600000000 21.5685 51.3362 0 0 0 0.905796 0.423715
517.500000000 21.7111 51.3931 0 0 0 0.681824 0.731517
518.200000000 21.8147 51.351 0 0 0 0.40916 0.912463
518.800000000 21.9077 51.2634 0 0 0 0.139618 0.990205
519.600000000 22.0363 51.1343 0 0 0 -0.176691 0.984266
520.700000000 22.3368 50.7604 0 0 0 -0.418542 0.908198
522.500000000 22.7318 49.953 0 0 0 -0.608372 0.793652
525.100000000 22.9433 49.3797 0 0 0 -0.31964 0.947539
526.400000000 23.3537 49.3497 0 0 0 -0.069859 0.997557
529.200000000 24.0033 49.1716 0 0 0 -0.388429 0.921479
530.900000000 24.7625 48.6463 0 0 0 -0.0999926 0.994988
532.200000000 25.4255 48.8215 0 0 0 0.196058 0.980592
533.800000000 26.3011 49.3276 0 0 0 0.189429 0.981894
535.300000000 27.2272 49.3258 0 0 0 -0.0730673 0.997327
537.200000000 28.1652 49.2176 0 0 0 -0.0106931 0.999943
538.600000000 29.1309 49.4589 0 0 0 0.185298 0.982682
540.100000000 29.9952 50.0963 0 0 0 0.354025 0.935236
541.400000000 30.6838 50.8036 0 0 0 0.408098 0.912938
542.700000000 31.3504 51.5158 0 0 0 0.383427 0.923571
544.100000000 32.1007 52.2433 0 0 0 0.379265 0.925288
545.400000000 32.7999 52.9318 0 0 0 0.379265 0.925288
546.700000000 33.4953 53.6156 0 0 0 0.379266 0.925288
548.000000000 34.1845 54.3041 0 0 0 0.379267 0.925287
549.300000000 34.8837 54.9827 0 0 0 0.379268 0.925287
550.600000000 35.573 55.6712 0 0 0 0.379269 0.925286
551.900000000 36.2722 56.3497 0 0 0 0.37927 0.925286
553.300000000 36.9513 57.0972 0 0 0 0.394519 0.918888
554.600000000 37.7571 57.7008 0 0 0 0.283616 0.958938
555.900000000 38.7072 58.0672 0 0 0 0.142464 0.9898
557.300000000 39.7469 58.1482 0 0 0 0.00111965 0.999999
558.600000000 40.7167 58.0956 0 0 0 -0.0444215 0.999013
559.800000000 41.1842 58.2172 0 0 0 0.254724 0.967014
560.500000000 41.2246 58.3729 0 0 0 0.510134 0.860095
562.200000000 41.2855 59.454 0 0 0 0.703715 0.710482
562.900000000 41.1889 59.4814 0 0 0 0.88507 0.465459
563.400000000 41.1094 59.4097 0 0 0 0.97283 0.231523
564.200000000 41.0797 59.2732 0 0 0 -0.987131 0.159912
564.700000000 41.1286 59.1871 0 0 0 -0.91643 0.400195
565.400000000 41.1352 59.1859 0 0 0 -0.718388 0.695643
566.000000000 41.3649 59.1679 0 0 0 -0.505645 0.862742
567.600000000 42.2247 58.446 0 0 0 -0.297256 0.954798
569.000000000 43.1716 58.0016 0 0 0 -0.163937 0.986471
570.400000000 44.2048 57.8585 0 0 0 -0.0022678 0.999997
571.700000000 45.1795 57.9953 0 0 0 0.0876412 0.996152
573.000000000 46.1376 58.1468 0 0 0 0.0449821 0.998988
574.300000000 47.1208 58.1383 0 0 0 -0.0285224 0.999593
575.600000000 48.0912 58.0696 0 0 0 -0.0380253 0.999277
576.800000000 48.9939 58.0295 0 0 0 -0.00732709 0.999973
578.100000000 49.9676 58.0384 0 0 0 0.00483713 0.999988
579.500000000 51.0201 58.0364 0 0 0 -0.00134937 0.999999
580.900000000 52.0639 58.0336 0 0 0 -0.00134937 0.999999
582.200000000 53.0464 58.0307 0 0 0 -0.00134937 0.999999
583.600000000 54.0889 58.0277 0 0 0 -0.00134937 0.999999
585.000000000 55.1414 58.0247 0 0 0 -0.00134937 0.999999
586.400000000 56.1291 57.9905 0 0 0 -0.0683767 0.99766
587.800000000 56.828 57.5487 0 0 0 -0.346124 0.938189
589.200000000 57.4713 56.7066 0 0 0 -0.46552 0.885038
590.500000000 57.8641 55.8432 0 0 0 -0.593647 0.804725
592.000000000 57.9707 54.931 0 0 0 -0.699686 0.714451
594.500000000 57.9175 53.9968 0 0 0 -0.732973 0.680257
599.100000000 57.8424 53.0116 0 0 0 -0.732973 0.680257
603.100000000 57.8065 52.0547 0 0 0 -0.717488 0.696571
605.400000000 58.0887 51.0771 0 0 0 -0.510021 0.860162
606.600000000 58.4782 50.7529 0 0 0 -0.192678 0.981262
607.200000000 58.4885 50.8806 0 0 0 0.105911 0.994376
607.800000000 58.4306 50.9836 0 0 0 0.395039 0.918665
608.400000000 58.3247 51.0381 0 0 0 0.648411 0.761291
609.100000000 58.1877 51.0116 0 0 0 0.870447 0.492262
609.700000000 58.1089 50.9235 0 0 0 0.977043 0.213041
610.400000000 57.9608 50.8016 0 0 0 -0.997726 0.0674037
611.400000000 57.5649 50.5138 0 0 0 -0.949008 0.315253
612.800000000 56.9293 49.7724 0 0 0 -0.906401 0.422418
614.400000000 56.3027 49.0976 0 0 0 -0.920867 0.389877
618.100000000 55.605 48.3976 0 0 0 -0.923506 0.383584
622.500000000 54.9161 47.7059 0 0 0 -0.923506 0.383584
627.000000000 54.2422 47.0193 0 0 0 -0.923506 0.383584
631.600000000 53.551 46.3352 0 0 0 -0.923506 0.383584
636.100000000 52.8721 45.6535 0 0 0 -0.923506 0.383584
640.600000000 52.2056 44.9743 0 0 0 -0.923506 0.383584
645.000000000 51.548 44.3139 0 0 0 -0.923506 0.383584
649.400000000 50.8647 43.6391 0 0 0 -0.924168 0.381987
654.200000000 50.1676 42.9558 0 0 0 -0.925433 0.378911
659.000000000 49.4831 42.2801 0 0 0 -0.925076 0.379783
663.900000000 48.7871 41.583 0 0 0 -0.925076 0.379783
668.600000000 48.1137 40.9186 0 0 0 -0.925076 0.379783
673.600000000 47.4133 40.2087 0 0 0 -0.921622 0.388088
675.500000000 46.8275 39.4603 0 0 0 -0.879808 0.47533
676.900000000 46.4499 38.5272 0 0 0 -0.796306 0.604893
678.800000000 46.4285 37.6781 0 0 0 -0.565088 0.825031
679.600000000 46.6996 37.4723 0 0 0 -0.351074 0.936348
680.800000000 47.3215 37.2881 0 0 0 -0.0810383 0.996711
682.200000000 48.3543 37.3102 0 0 0 0.0155946 0.999878
683.500000000 49.3275 37.342 0 0 0 0.0155945 0.999878
684.800000000 50.3108 37.3704 0 0 0 0.0112942 0.999936
686.100000000 51.2812 37.418 0 0 0 0.0364372 0.999336
686.900000000 51.4224 37.3287 0 0 0 -0.272385 0.962188
687.500000000 51.3408 37.2253 0 0 0 -0.540663 0.841239
688.200000000 51.2654 37.0426 0 0 0 -0.743271 0.668991
689.100000000 51.0274 36.7072 0 0 0 -0.88447 0.466597
690.500000000 50.3003 35.9756 0 0 0 -0.928422 0.371528
691.700000000 49.6418 35.3459 0 0 0 -0.927425 0.374009
692.900000000 49.3856 34.9612 0 0 0 -0.757689 0.652616
693.600000000 49.5289 34.7659 0 0 0 -0.582245 0.813013
695.300000000 50.2967 33.9963 0 0 0 -0.36144 0.932395
696.600000000 51.0183 33.3416 0 0 0 -0.371787 0.928318
697.900000000 51.7046 32.6404 0 0 0 -0.392108 0.919919
699.300000000 52.4364 31.8954 0 0 0 -0.387081 0.922046
700.600000000 53.1192 31.1936 0 0 0 -0.383517 0.923534
701.900000000 53.8118 30.5084 0 0 0 -0.383517 0.923534
703.200000000 54.5044 29.8132 0 0 0 -0.383517 0.923534
704.500000000 55.187 29.128 0 0 0 -0.383517 0.923534
705.800000000 55.8796 28.4328 0 0 0 -0.383517 0.923534
707.100000000 56.5622 27.7476 0 0 0 -0.383517 0.923534
708.400000000 57.2334 27.0114 0 0 0 -0.406593 0.913609
709.600000000 57.7408 26.2795 0 0 0 -0.515607 0.856825
710.700000000 57.7508 25.8364 0 0 0 -0.757392 0.65296
711.800000000 57.4302 25.3332 0 0 0 -0.898318 0.439346
713.200000000 56.6928 24.5972 0 0 0 -0.920341 0.391117
714.600000000 56.1955 23.7471 0 0 0 -0.828055 0.560646
716.100000000 56.0983 22.7283 0 0 0 -0.688977 0.724783
717.500000000 55.8068 21.99 0 0 0 -0.872396 0.488801
718.900000000 55.1246 21.3878 0 0 0 -0.964479 0.26416
720.600000000 54.1276 21.1454 0 0 0 -0.999073 0.0430401
723.700000000 53.1259 21.2268 0 0 0 0.999024 0.0441612
728.600000000 52.2044 21.3012 0 0 0 0.999242 0.0389316
733.500000000 51.2403 21.3423 0 0 0 0.999904 0.0138563
738.400000000 50.2754 21.3551 0 0 0 0.999991 0.0042469
743.200000000 49.3374 21.358 0 0 0 0.999999 0.00147161
748.100000000 48.3624 21.361 0 0 0 0.999999 0.00147161
753.100000000 47.3774 21.3639 0 0 0 0.999999 0.00147162
758.000000000 46.4079 21.367 0 0 0 0.999999 0.00147162
763.000000000 45.4359 21.37 0 0 0 0.999999 0.00147162
768.000000000 44.4474 21.373 0 0 0 0.999999 0.00147162
772.900000000 43.4724 21.376 0 0 0 0.999999 0.00147162
777.800000000 42.5109 21.379 0 0 0 0.999999 0.00147162
782.700000000 41.5494 21.382 0 0 0 0.999999 0.00147162
787.600000000 40.5844 21.3849 0 0 0 0.999999 0.00147162
792.500000000 39.6196 21.3652 0 0 0 -0.999963 0.00857894
797.400000000 38.6546 21.3584 0 0 0 -0.999999 0.00161461
802.200000000 37.7036 21.3551 0 0 0 -0.999999 0.00161461
807.100000000 36.7411 21.3518 0 0 0 -0.999999 0.00161461
812.100000000 35.7526 21.3485 0 0 0 -0.999999 0.00161461
817.000000000 34.7812 21.3453 0 0 0 -0.999999 0.00161461
821.900000000 33.8162 21.342 0 0 0 -0.999999 0.00161461
826.800000000 32.8512 21.3387 0 0 0 -0.999999 0.00161461
831.700000000 31.8797 21.3354 0 0 0 -0.999999 0.00161461
836.600000000 30.9172 21.3321 0 0 0 -0.999999 0.00161461
841.600000000 29.9322 21.3288 0 0 0 -0.999999 0.00161461
846.500000000 28.9689 21.3255 0 0 0 -0.999999 0.00161461
851.300000000 28.0292 21.3223 0 0 0 -0.999999 0.00161461
854.900000000 27.055 21.464 0 0 0 0.983824 0.179139
856.400000000 26.2785 22.0985 0 0 0 0.928785 0.370619
857.900000000 25.3865 22.6766 0 0 0 0.948611 0.316443
859.300000000 24.4821 23.1708 0 0 0 0.991354 0.131212
861.000000000 23.4846 23.4378 0 0 0 0.975806 0.218639
862.300000000 22.8235 24.0228 0 0 0 0.921609 0.38812
863.800000000 22.1036 24.8124 0 0 0 0.91742 0.397921
865.300000000 21.3408 25.5893 0 0 0 0.926271 0.376858
873.000000000 20.6746 26.241 0 0 0 0.925142 0.379621
875.300000000 19.991 26.9129 0 0 0 0.924155 0.382018
879.400000000 19.3704 27.6099 0 0 0 0.902683 0.430305
884.200000000 18.8356 28.4239 0 0 0 0.873071 0.487592
888.900000000 18.3281 29.2351 0 0 0 0.880815 0.47346
893.700000000 17.7234 30.0215 0 0 0 0.905381 0.4246
898.100000000 17.0638 30.7362 0 0 0 0.918448 0.395543
902.500000000 16.3925 31.4128 0 0 0 0.922651 0.385635
906.700000000 15.7159 32.1069 0 0 0 0.922853 0.385153
911.100000000 15.0283 32.7923 0 0 0 0.922853 0.385152
915.900000000 14.3569 33.4715 0 0 0 0.922854 0.385151
919.900000000 13.738 34.1774 0 0 0 0.89997 0.435953
921.600000000 13.2786 35.1161 0 0 0 0.829604 0.558353
924.400000000 13.0462 36.0661 0 0 0 0.749385 0.662135
927.300000000 13.0468 37.1371 0 0 0 0.692804 0.721126
929.000000000 13.0863 38.1513 0 0 0 0.693467 0.720489
930.600000000 13.1094 39.1167 0 0 0 0.702287 0.711894
931.900000000 13.112 40.0906 0 0 0 0.706105 0.708107
933.200000000 13.2044 41.0467 0 0 0 0.632274 0.774745
934.700000000 13.7046 41.9597 0 0 0 0.441572 0.897226
935.900000000 14.3621 42.5628 0 0 0 0.335346 0.942095
937.700000000 15.2038 43.0629 0 0 0 0.194528 0.980897
938.700000000 15.3949 43.0293 0 0 0 -0.116142 0.993233
939.300000000 15.3403 42.9096 0 0 0 -0.398954 0.916971
939.900000000 15.2596 42.8496 0 0 0 -0.64859 0.761138
940.700000000 15.084 42.6705 0 0 0 -0.847534 0.53074
941.800000000 14.647 42.3289 0 0 0 -0.95754 0.288301
943.300000000 13.6906 42.0711 0 0 0 -0.99198 0.126396
945.500000000 13.0637 41.74 0 0 0 -0.901182 0.433441
946.400000000 13.1238 41.5817 0 0 0 -0.765384 0.643574
948.200000000 13.2071 41.0886 0 0 0 -0.543479 0.839423
949.000000000 13.2898 41.1586 0 0 0 -0.297272 0.954793
949.800000000 13.3246 41.2722 0 0 0 -0.0331751 0.99945
950.500000000 13.2915 41.3694 0 0 0 0.241573 0.970383
951.200000000 13.2099 41.4504 0 0 0 0.524787 0.851234
951.800000000 13.2042 41.461 0 0 0 0.730761 0.682634
952.500000000 13.1256 41.442 0 0 0 0.905477 0.424396
953.100000000 12.8906 41.3709 0 0 0 0.981943 0.189175
953.800000000 12.6829 41.3028 0 0 0 -0.998792 0.0491427
955.000000000 12.2933 41.0351 0 0 0 -0.945556 0.32546
956.700000000 11.9432 40.3903 0 0 0 -0.827172 0.561949
958.000000000 11.9944 40.0642 0 0 0 -0.632379 0.774659
959.400000000 12.2436 39.7466 0 0 0 -0.423522 0.905886
960.400000000 12.4158 39.7924 0 0 0 -0.161316 0.986903
962.600000000 13.2309 39.1714 0 0 0 -0.428444 0.903568
963.800000000 13.1778 39.1139 0 0 0 -0.668892 0.74336
966.600000000 13.3113 38.4461 0 0 0 -0.435569 0.900155
969.800000000 13.9184 38.1641 0 0 0 -0.209509 0.977807
974.700000000 14.7694 37.636 0 0 0 -0.397529 0.91759
976.200000000 15.2748 36.7916 0 0 0 -0.499038 0.86658
977.800000000 15.5228 36.6426 0 0 0 -0.231712 0.972784
981.400000000 16.3814 36.1606 0 0 0 -0.514078 0.857743
985.700000000 16.862 35.3152 0 0 0 -0.318378 0.947964
989.100000000 17.4292 35.0419 0 0 0 -0.0324176 0.999474
990.200000000 17.4264 35.0499 0 0 0 0.272715 0.962095
991.400000000 17.501 35.3043 0 0 0 0.522623 0.852564
992.900000000 17.4478 35.7972 0 0 0 0.749465 0.662044
994.200000000 17.1993 36.1142 0 0 0 0.892138 0.451763
995.800000000 17.1035 36.6177 0 0 0 0.710058 0.704144
997.100000000 17.3442 36.8671 0 0 0 0.468106 0.883672
998.300000000 17.5221 36.8883 0 0 0 0.15501 0.987913
998.900000000 17.5236 36.9015 0 0 0 -0.144451 0.989512
999.500000000 17.487 36.8488 0 0 0 -0.427806 0.903871
1000.000000000 17.4906 36.8531 0 0 0 -0.614854 0.788641
1000.700000000 17.3758 36.7442 0 0 0 -0.814667 0.579929
1002.300000000 16.6691 36.0285 0 0 0 -0.935626 0.352993
1003.700000000 15.8962 35.2613 0 0 0 -0.930285 0.366836
1005.500000000 15.2063 34.3783 0 0 0 -0.922888 0.385069
1009.400000000 14.5697 33.7343 0 0 0 -0.922888 0.385069
1012.200000000 13.8251 32.981 0 0 0 -0.922888 0.385069
1013.600000000 13.0849 32.2334 0 0 0 -0.922888 0.385069
1015.000000000 12.3494 31.4898 0 0 0 -0.922888 0.385069
1016.400000000 11.6092 30.7421 0 0 0 -0.922888 0.385069
1018.300000000 10.9499 29.9764 0 0 0 -0.899069 0.437807
1019.600000000 10.5123 29.1617 0 0 0 -0.825866 0.563866
1021.700000000 10.3505 28.1816 0 0 0 -0.73798 0.674823
1026.200000000 10.3657 27.2559 0 0 0 -0.687001 0.726657
1030.600000000 10.4219 26.2761 0 0 0 -0.683396 0.730048
1034.800000000 10.4753 25.3436 0 0 0 -0.68691 0.726743
1039.500000000 10.5094 24.3889 0 0 0 -0.701263 0.712902
1044.300000000 10.5171 23.4339 0 0 0 -0.704894 0.709313
1049.300000000 10.5234 22.4454 0 0 0 -0.704894 0.709313
1054.200000000 10.5299 21.483 0 0 0 -0.704894 0.709313
1059.200000000 10.5363 20.497 0 0 0 -0.704894 0.709313
1064.100000000 10.5427 19.532 0 0 0 -0.704894 0.709313
1069.100000000 10.549 18.5523 0 0 0 -0.704894 0.709313
1073.900000000 10.5553 17.5725 0 0 0 -0.704894 0.709313
1075.600000000 10.5617 16.6323 0 0 0 -0.704894 0.709313
1077.000000000 10.5485 15.5793 0 0 0 -0.721984 0.69191
1078.200000000 10.5244 14.6838 0 0 0 -0.705747 0.708464
1079.500000000 10.5314 13.7096 0 0 0 -0.706199 0.708013
1080.900000000 10.5303 12.6571 0 0 0 -0.70725 0.706963
1082.200000000 10.5297 11.6858 0 0 0 -0.707208 0.707005
1083.600000000 10.5293 10.6344 0 0 0 -0.707167 0.707047
1084.900000000 10.5291 9.66079 0 0 0 -0.70708 0.707133
1086.300000000 10.5292 8.60718 0 0 0 -0.706997 0.707217
1087.600000000 10.5294 7.63355 0 0 0 -0.706916 0.707297
1088.900000000 10.5283 6.65967 0 0 0 -0.707487 0.706727
1090.200000000 10.5302 5.68666 0 0 0 -0.707517 0.706696
1091.600000000 10.5306 4.63314 0 0 0 -0.707348 0.706866
1092.900000000 10.5304 3.65945 0 0 0 -0.707324 0.70689
1094.200000000 10.4905 2.69583 0 0 0 -0.721966 0.691928
1095.400000000 10.2339 2.07464 0 0 0 -0.873129 0.487489
1096.900000000 9.45144 1.306 0 0 0 -0.934311 0.356458
1098.200000000 8.71888 0.641468 0 0 0 -0.927334 0.374235
1099.500000000 8.06474 -0.0485286 0 0 0 -0.923482 0.383642
1107.200000000 7.25052 -0.508315 0 0 0 -0.995545 0.0942835
1108.500000000 6.45917 -0.352099 0 0 0 0.986133 0.165955
1109.800000000 5.59119 0.0254624 0 0 0 0.984685 0.174343
1111.100000000 4.63058 0.188579 0 0 0 0.999356 0.0358732
1112.500000000 3.59158 0.107841 0 0 0 -0.99795 0.064002
1113.800000000 2.61521 0.00731416 0 0 0 -0.999312 0.0370917
1115.200000000 1.56351 -0.0108118 0 0 0 -1 0.000963566
1116.600000000 0.520265 0.00985698 0 0 0 0.99996 0.00898712
1118.000000000 -0.519918 0.00517385 0 0 0 0.999999 0.00139539
1118.900000000 -0.711462 -0.112414 0 0 0 -0.951337 0.308151
1119.500000000 -0.61736 -0.179367 0 0 0 -0.818171 0.574976
1120.100000000 -0.493856 -0.185072 0 0 0 -0.611834 0.790986
1120.800000000 -0.340772 -0.210533 0 0 0 -0.354572 0.935029
1121.800000000 0.0998709 -0.31022 0 0 0 -0.0822601 0.996611
1123.500000000 0.938398 -0.102792 0 0 0 0.178475 0.983944
1125.000000000 1.17885 0.111873 0 0 0 0.467425 0.884033
1125.900000000 1.10492 0.125586 0 0 0 0.672006 0.740546
1126.800000000 0.938374 0.107079 0 0 0 0.844533 0.535504
1127.800000000 0.849236 0.0553457 0 0 0 0.967752 0.251903
1129.200000000 0.56746 -0.00892773 0 0 0 -0.999299 0.037442
1130.600000000 0.370975 -0.165489 0 0 0 -0.949486 0.313808
1131.400000000 0.469605 -0.229036 0 0 0 -0.85212 0.523347
1132.200000000 0.587088 -0.247653 0 0 0 -0.705326 0.708883
1133.400000000 0.667512 -0.207685 0 0 0 -0.436314 0.899795
1134.500000000 0.745763 -0.106338 0 0 0 -0.134471 0.990918
1135.600000000 0.83717 0.0431326 0 0 0 0.159487 0.9872
1136.800000000 0.942793 0.16734 0 0 0 0.417678 0.908595
1138.000000000 0.898717 0.419054 0 0 0 0.650396 0.759595
1139.600000000 0.820538 0.831556 0 0 0 0.818693 0.574232
1140.400000000 0.730438 0.759316 0 0 0 0.963415 0.268012
1141.000000000 0.691571 0.64446 0 0 0 -0.999588 0.0287039
1141.500000000 0.722108 0.543682 0 0 0 -0.961558 0.2746
1142.200000000 0.829373 0.465728 0 0 0 -0.809351 0.587325
1142.800000000 0.959146 0.431994 0 0 0 -0.609263 0.792968
1143.800000000 1.28144 0.0506852 0 0 0 -0.392956 0.919557
1145.200000000 2.05307 -0.624313 0 0 0 -0.354793 0.934945
1146.500000000 2.82194 -1.2288 0 0 0 -0.318646 0.947874
1147.800000000 3.63759 -1.78123 0 0 0 -0.285405 0.958407
1149.100000000 4.50023 -2.22543 0 0 0 -0.198492 0.980103
1150.400000000 5.42857 -2.43222 0 0 0 -0.0590429 0.998255
1152.100000000 6.4273 -2.36718 0 0 0 0.0590021 0.998258
1155.600000000 7.37005 -2.22927 0 0 0 0.0345075 0.999404
1159.200000000 8.33482 -2.21061 0 0 0 -0.000851473 1
1161.700000000 9.2691 -2.23968 0 0 0 -0.0317942 0.999494
1164.600000000 10.2742 -2.26674 0 0 0 -0.00758597 0.999971
1168.300000000 11.2409 -2.27373 0 0 0 -0.00303127 0.999995
1171.900000000 12.1737 -2.27981 0 0 0 -0.00303232 0.999995
1175.700000000 13.1469 -2.30595 0 0 0 0.00394782 0.999992
1179.700000000 14.1081 -2.29772 0 0 0 0.00394658 0.999992
1184.200000000 15.1216 -2.2894 0 0 0 0.0039464 0.999992
1187.200000000 16.1985 -2.28785 0 0 0 -0.00946366 0.999955
1188.600000000 17.1606 -2.40767 0 0 0 -0.138852 0.990313
1190.000000000 17.8674 -2.93878 0 0 0 -0.3852 0.922833
1191.000000000 18.0025 -3.34054 0 0 0 -0.630208 0.776426
1192.700000000 17.9453 -4.25139 0 0 0 -0.850766 0.525545
1193.300000000 17.864 -4.18787 0 0 0 -0.966902 0.255147
1193.900000000 17.819 -4.0859 0 0 0 0.999302 0.0373502
1194.500000000 17.8724 -3.97347 0 0 0 0.945727 0.324964
1195.100000000 17.9294 -3.93306 0 0 0 0.812884 0.582426
1195.700000000 18.039 -3.84232 0 0 0 0.62175 0.783216
1196.600000000 18.3245 -3.55632 0 0 0 0.416044 0.909344
1198.000000000 19.1284 -2.89023 0 0 0 0.324828 0.945773
1199.300000000 19.8597 -2.23648 0 0 0 0.372348 0.928093
1200.700000000 20.591 -1.49009 0 0 0 0.390537 0.920587
1202.000000000 21.2695 -0.790857 0 0 0 0.383407 0.923579
1203.300000000 21.9623 -0.105883 0 0 0 0.383409 0.923579
1204.600000000 22.6551 0.589102 0 0 0 0.38341 0.923578
1205.900000000 23.3379 1.27409 0 0 0 0.383412 0.923577
1207.200000000 24.0147 1.9946 0 0 0 0.400274 0.916395
1208.800000000 24.6268 2.67527 0 0 0 0.413351 0.910572
1212.700000000 25.167 3.5149 0 0 0 0.528654 0.848837
1214.100000000 25.5083 4.48897 0 0 0 0.663373 0.748289
1215.700000000 25.7638 5.41042 0 0 0 0.540611 0.841272
1218.800000000 26.2271 6.15582 0 0 0 0.421171 0.906981
1223.200000000 26.8712 6.84885 0 0 0 0.395324 0.918542
1227.500000000 27.572 7.55588 0 0 0 0.385999 0.922499
1230.900000000 28.3103 8.28122 0 0 0 0.36439 0.931246
1232.200000000 29.1646 8.84387 0 0 0 0.25979 0.965665
1233.800000000 30.1143 9.22055 0 0 0 0.0742284 0.997241
1235.000000000 30.6114 9.0399 0 0 0 -0.208856 0.977946
1236.200000000 31.0633 8.53534 0 0 0 -0.452623 0.891702
1237.800000000 31.4034 7.47986 0 0 0 -0.657062 0.753836
1239.000000000 31.3822 6.57705 0 0 0 -0.724319 0.689465
1240.400000000 31.3126 5.59064 0 0 0 -0.700339 0.713811
1241.600000000 31.6056 5.01974 0 0 0 -0.475089 0.879938
1243.100000000 32.3813 4.2935 0 0 0 -0.358601 0.933491
1244.400000000 33.0956 3.60828 0 0 0 -0.381661 0.924302
1245.700000000 33.7412 2.89074 0 0 0 -0.425029 0.90518
1246.900000000 33.923 2.48759 0 0 0 -0.707567 0.706647
1247.500000000 33.7693 2.51269 0 0 0 -0.882774 0.469798
1248.300000000 33.5241 2.47097 0 0 0 -0.979706 0.200438
1249.500000000 32.8041 2.5017 0 0 0 0.999071 0.0430908
1250.800000000 31.8508 2.66142 0 0 0 0.998834 0.0482768
1251.900000000 31.5088 2.52707 0 0 0 -0.959865 0.280461
1252.500000000 31.589 2.45074 0 0 0 -0.83414 0.551553
1253.200000000 31.6826 2.28481 0 0 0 -0.654303 0.756232
1254.100000000 31.9512 1.95779 0 0 0 -0.45728 0.889323
1255.500000000 32.7145 1.27251 0 0 0 -0.353049 0.935605
1256.800000000 33.4123 0.608519 0 0 0 -0.377832 0.925874
1258.200000000 34.1322 -0.157345 0 0 0 -0.390353 0.920665
1259.500000000 34.82 -0.842527 0 0 0 -0.381246 0.924473
1260.700000000 35.4645 -1.46649 0 0 0 -0.367279 0.930111
1262.100000000 36.348 -2.062 0 0 0 -0.24419 0.969727
1263.600000000 37.3168 -2.26895 0 0 0 -0.0496982 0.998764
1265.800000000 38.3054 -2.2072 0 0 0 0.0497692 0.998761
1267.700000000 39.3227 -2.11916 0 0 0 0.0370758 0.999312
1269.000000000 40.2835 -2.02867 0 0 0 0.036579 0.999331
1270.200000000 41.1824 -2.09466 0 0 0 -0.0691945 0.997603
1271.600000000 42.207 -2.29044 0 0 0 -0.0805506 0.996751
1272.900000000 43.1784 -2.37629 0 0 0 -0.0277558 0.999615
1274.200000000 44.1555 -2.39144 0 0 0 0.0406194 0.999175
1274.900000000 44.1858 -2.24334 0 0 0 0.335933 0.941886
1275.600000000 44.0867 -2.1978 0 0 0 0.639029 0.769183
1276.100000000 43.988 -2.19134 0 0 0 0.810128 0.586252
1276.800000000 43.8999 -2.25956 0 0 0 0.962205 0.272327
1277.300000000 43.8571 -2.36965 0 0 0 0.999471 0.0325162
1278.000000000 43.7638 -2.4978 0 0 0 -0.96745 0.253062
1279.400000000 43.1023 -3.2084 0 0 0 -0.908137 0.418673
1280.800000000 42.8115 -3.76734 0 0 0 -0.737488 0.67536
1281.500000000 42.9175 -3.7313 0 0 0 -0.460674 0.88757
1282.100000000 42.9893 -3.63759 0 0 0 -0.177803 0.984066
1282.700000000 42.9833 -3.53009 0 0 0 0.120886 0.992666
1283.500000000 43.2067 -3.25493 0 0 0 0.347251 0.937772
1284.800000000 43.8432 -2.57795 0 0 0 0.396904 0.91786
1286.300000000 44.7249 -2.06862 0 0 0 0.171282 0.985222
1287.500000000 45.6026 -1.96594 0 0 0 0.0194165 0.999811
1288.900000000 46.6418 -2.06408 0 0 0 -0.0698132 0.99756
1290.100000000 47.5423 -2.15819 0 0 0 -0.0395739 0.999217
1291.400000000 48.5165 -2.19845 0 0 0 -0.00972883 0.999953
1292.800000000 49.5634 -2.18243 0 0 0 0.00459623 0.999989
1294.100000000 50.5379 -2.19302 0 0 0 -0.0130588 0.999915
1295.400000000 51.5099 -2.24448 0 0 0 -0.04232 0.999104
1296.700000000 52.4824 -2.30193 0 0 0 -0.0321192 0.999484
1297.900000000 53.3832 -2.36187 0 0 0 -0.029801 0.999556
1298.900000000 53.6609 -2.50043 0 0 0 -0.337174 0.941443
1299.400000000 53.5882 -2.57256 0 0 0 -0.556696 0.830716
1300.200000000 53.4524 -2.74267 0 0 0 -0.788071 0.615585
1301.200000000 53.181 -2.96155 0 0 0 -0.945282 0.326254
1301.800000000 53.1089 -2.87521 0 0 0 -0.998789 0.0491954
1302.600000000 52.8428 -2.74759 0 0 0 0.977808 0.209503
1304.000000000 52.2578 -2.07388 0 0 0 0.902155 0.431412
1305.400000000 51.5813 -1.32255 0 0 0 0.913348 0.40718
1313.500000000 50.995 -0.610159 0 0 0 0.870295 0.492531
1314.200000000 51.0759 -0.455106 0 0 0 0.697273 0.716806
1315.200000000 51.3369 -0.112135 0 0 0 0.461971 0.886895
1316.600000000 52.0654 0.590932 0 0 0 0.357137 0.934052
1318.000000000 52.8396 1.30354 0 0 0 0.372084 0.928199
1319.300000000 53.5169 2.00256 0 0 0 0.403272 0.91508
1320.600000000 54.0348 2.82164 0 0 0 0.521879 0.85302
1322.600000000 54.2523 3.74878 0 0 0 0.657743 0.753242
1325.200000000 54.2662 4.78305 0 0 0 0.723753 0.690059
1326.600000000 54.1623 5.82166 0 0 0 0.73654 0.676394
1327.800000000 54.0939 6.71312 0 0 0 0.729877 0.683579
1330.000000000 54.0729 7.70738 0 0 0 0.7138 0.70035
1332.800000000 54.0644 8.67934 0 0 0 0.708702 0.705508
1335.500000000 54.0598 9.65483 0 0 0 0.708702 0.705508
1338.800000000 54.0551 10.6638 0 0 0 0.708702 0.705508
1343.200000000 54.074 11.6357 0 0 0 0.701687 0.712485
1347.200000000 54.0805 12.5666 0 0 0 0.705204 0.709004
1351.800000000 54.086 13.5516 0 0 0 0.705204 0.709004
1356.200000000 54.0914 14.5061 0 0 0 0.705204 0.709004
1360.000000000 54.0968 15.4876 0 0 0 0.705204 0.709004
1362.900000000 54.1022 16.4386 0 0 0 0.705204 0.709004
1365.800000000 54.1076 17.3896 0 0 0 0.705204 0.709004
1368.700000000 54.1132 18.3525 0 0 0 0.705204 0.709004
1371.800000000 54.1187 19.3615 0 0 0 0.705204 0.709004
1374.600000000 54.1241 20.2825 0 0 0 0.705204 0.709004
1378.700000000 54.1295 21.2757 0 0 0 0.705204 0.709004
1380.100000000 53.9985 21.522 0 0 0 0.880237 0.474534
1381.000000000 53.995 21.5046 0 0 0 0.988377 0.152022
1382.800000000 52.9514 21.2793 0 0 0 -0.983024 0.183476
1384.600000000 52.3297 20.8322 0 0 0 -0.898815 0.438329
1385.400000000 52.4167 20.7915 0 0 0 -0.752003 0.659159
1386.300000000 52.5247 20.8073 0 0 0 -0.513811 0.857903
1387.100000000 52.6033 20.8832 0 0 0 -0.260029 0.965601
1387.600000000 52.6303 20.9735 0 0 0 -0.0353476 0.999375
1388.300000000 52.5085 21.0593 0 0 0 0.269806 0.962915
1388.800000000 52.5395 21.1631 0 0 0 0.489856 0.871804
1389.500000000 52.3584 21.1565 0 0 0 0.72586 0.687843
1390.200000000 52.1702 21.2384 0 0 0 0.875349 0.483492
1391.200000000 51.9217 21.4412 0 0 0 0.971285 0.237918
1393.400000000 50.9007 21.531 0 0 0 -0.999994 0.00359183
1395.000000000 50.4733 21.3443 0 0 0 -0.958105 0.286418
1397.100000000 49.9008 21.1872 0 0 0 0.999975 0.00700344
1398.600000000 49.5244 21.3605 0 0 0 0.959986 0.28005
1401.200000000 49.1003 21.6379 0 0 0 -0.999496 0.031744
1403.000000000 48.4334 21.2504 0 0 0 -0.952598 0.304231
1404.800000000 47.9725 21.0552 0 0 0 -0.999502 0.0315486
1405.900000000 47.977 21.0558 0 0 0 0.965081 0.261951
1408.000000000 47.0967 21.8274 0 0 0 0.956508 0.291707
1409.100000000 47.0829 21.7907 0 0 0 -0.999612 0.0278376
1410.200000000 46.726 21.5278 0 0 0 -0.96649 0.256706
1413.400000000 46.103 21.1614 0 0 0 0.999826 0.0186657
1417.100000000 45.1898 21.4214 0 0 0 0.990077 0.140528
1421.900000000 44.2836 21.4587 0 0 0 -0.999624 0.0274124
1426.600000000 43.3123 21.3413 0 0 0 -0.998017 0.0629519
1431.400000000 42.3401 21.2797 0 0 0 -0.99971 0.0241007
1436.100000000 41.3735 21.3179 0 0 0 0.999056 0.0434366
1438.600000000 40.3579 21.4562 0 0 0 0.997285 0.0736352
1441.500000000 39.4491 21.3271 0 0 0 -0.984905 0.173096
1443.000000000 39.3138 21.1417 0 0 0 -0.902548 0.43059
1444.000000000 39.3776 21.0997 0 0 0 -0.726552 0.687112
1444.800000000 39.4398 21.1167 0 0 0 -0.524567 0.851369
1445.500000000 39.5204 21.1909 0 0 0 -0.271264 0.962505
1446.200000000 39.4898 21.2915 0 0 0 0.0339204 0.999425
1446.800000000 39.4479 21.401 0 0 0 0.283837 0.958872
1447.600000000 39.4465 21.337 0 0 0 0.594432 0.804146
1448.300000000 39.4377 21.3265 0 0 0 0.808555 0.58842
1449.000000000 39.4317 21.3055 0 0 0 0.942849 0.333222
1450.600000000 38.6356 21.468 0 0 0 0.997451 0.0713502
