0.300000000 0.2 0 0 0 0 0 1
22.300000000 0.984823 -0.132917 0 0 0 -0.343475 0.939162
22.800000000 0.90529 -0.186636 0 0 0 -0.564643 0.825336
23.500000000 0.787379 -0.194957 0 0 0 -0.813773 0.581183
24.100000000 0.691903 -0.125252 0 0 0 -0.949178 0.314739
24.700000000 0.652439 -0.0138108 0 0 0 -0.999796 0.0201804
25.300000000 0.682784 0.100452 0 0 0 0.961106 0.276181
25.800000000 0.752336 0.167657 0 0 0 0.863209 0.504846
26.500000000 0.867852 0.192417 0 0 0 0.637291 0.770623
27.100000000 0.972225 0.136882 0 0 0 0.381093 0.924537
27.700000000 1.02702 0.0321376 0 0 0 0.0908528 0.995864
28.200000000 1.0231 -0.0652437 0 0 0 -0.157746 0.98748
43.100000000 1.18683 -0.0353334 0 0 0 0.18737 0.982289
43.600000000 1.11277 0.046761 0 0 0 0.424011 0.905657
44.400000000 1.12597 0.322887 0 0 0 0.648065 0.761585
45.900000000 0.865514 1.22236 0 0 0 0.832504 0.554019
47.500000000 0.57175 2.18267 0 0 0 0.782997 0.622026
50.100000000 0.556826 3.13033 0 0 0 0.667937 0.744217
51.500000000 0.864438 4.13288 0 0 0 0.580109 0.814539
53.300000000 1.27831 4.9476 0 0 0 0.485167 0.874421
57.400000000 1.88157 5.68585 0 0 0 0.41564 0.909529
59.600000000 2.59003 6.33268 0 0 0 0.336167 0.941802
61.300000000 3.43088 6.80869 0 0 0 0.193571 0.981086
64.400000000 4.43861 7.09605 0 0 0 0.0254707 0.999676
68.300000000 5.4201 7.0989 0 0 0 0.00557934 0.999984
72.700000000 6.39345 7.15449 0 0 0 0.0327021 0.999465
77.200000000 7.34722 7.22221 0 0 0 0.0327017 0.999465
81.400000000 8.34276 7.23898 0 0 0 -0.00641715 0.999979
85.000000000 9.42547 7.20857 0 0 0 -0.0430048 0.999075
85.800000000 9.48728 7.03144 0 0 0 -0.368758 0.929526
86.400000000 9.39053 6.96501 0 0 0 -0.623361 0.781934
87.000000000 9.26932 6.89831 0 0 0 -0.804878 0.59344
88.400000000 8.69701 6.24945 0 0 0 -0.92446 0.381278
89.600000000 8.03835 5.65287 0 0 0 -0.920112 0.391655
91.000000000 7.40046 4.81705 0 0 0 -0.883849 0.467773
92.200000000 6.98454 3.94576 0 0 0 -0.842881 0.538101
93.800000000 6.84191 3.11298 0 0 0 -0.634728 0.772736
94.900000000 7.19194 2.68497 0 0 0 -0.44075 0.89763
96.200000000 7.89323 1.92805 0 0 0 -0.354265 0.935145
97.600000000 8.73881 1.30852 0 0 0 -0.268392 0.96331
99.100000000 9.73331 1.00132 0 0 0 -0.0803171 0.996769
100.500000000 10.7562 1.06899 0 0 0 0.043536 0.999052
101.700000000 11.6812 1.14329 0 0 0 0.057901 0.998322
103.400000000 12.7276 1.20236 0 0 0 0.0161589 0.999869
105.900000000 13.6912 1.20735 0 0 0 0.00204111 0.999998
109.300000000 14.626 1.2114 0 0 0 0.00204401 0.999998
113.100000000 15.5815 1.20147 0 0 0 -0.0123376 0.999924
115.100000000 16.6591 1.22204 0 0 0 0.0295725 0.999563
116.800000000 17.4621 1.62273 0 0 0 0.323093 0.946367
118.800000000 18.1024 2.41442 0 0 0 0.398061 0.917359
120.300000000 18.7048 3.22441 0 0 0 0.484342 0.874879
123.000000000 18.9765 4.08789 0 0 0 0.646169 0.763194
124.600000000 18.7418 5.07577 0 0 0 0.837339 0.546684
125.600000000 18.5106 5.25254 0 0 0 0.969191 0.246308
126.300000000 18.4874 5.12662 0 0 0 -0.995005 0.0998276
126.900000000 18.5049 4.99007 0 0 0 -0.929116 0.369788
127.500000000 18.505 4.83949 0 0 0 -0.81605 0.577981
128.200000000 18.5987 4.68282 0 0 0 -0.630088 0.776523
129.700000000 19.0388 3.82313 0 0 0 -0.572678 0.819781
131.200000000 19.1194 2.78832 0 0 0 -0.699389 0.714741
132.400000000 19.4175 2.18121 0 0 0 -0.488457 0.872588
133.800000000 20.1447 1.48754 0 0 0 -0.319838 0.947472
135.200000000 21.053 1.10485 0 0 0 -0.139035 0.990287
136.600000000 22.0502 1.12147 0 0 0 0.0145706 0.999894
137.900000000 22.9859 1.11244 0 0 0 0.0280414 0.999607
140.500000000 23.9957 1.14403 0 0 0 0.00671391 0.999977
144.200000000 24.9619 1.14878 0 0 0 0.00180482 0.999998
147.800000000 25.9164 1.15241 0 0 0 0.00180482 0.999998
151.000000000 26.9111 1.1533 0 0 0 -0.000669388 1
154.800000000 27.8621 1.14196 0 0 0 -0.000669388 1
156.200000000 28.8198 1.22631 0 0 0 0.068947 0.99762
158.200000000 29.7201 1.68396 0 0 0 0.300455 0.953796
160.800000000 30.4665 2.44199 0 0 0 0.417111 0.908856
162.500000000 30.9271 3.33767 0 0 0 0.597632 0.80177
165.600000000 30.9654 4.42095 0 0 0 0.744604 0.667506
167.300000000 30.5566 5.18798 0 0 0 0.928294 0.371848
167.900000000 30.4927 5.07347 0 0 0 0.996659 0.0816807
168.400000000 30.5088 4.97636 0 0 0 -0.985693 0.16855
169.100000000 30.596 4.88047 0 0 0 -0.868138 0.496324
169.800000000 30.711 4.85328 0 0 0 -0.644847 0.764312
170.300000000 30.8164 4.90673 0 0 0 -0.436259 0.899821
171.000000000 30.8237 4.92489 0 0 0 -0.156172 0.98773
172.000000000 31.5052 5.08159 0 0 0 0.0848618 0.996393
173.400000000 32.422 5.45533 0 0 0 0.277205 0.960811
174.700000000 33.1124 6.10292 0 0 0 0.393638 0.919265
176.400000000 33.8432 6.78665 0 0 0 0.25752 0.966273
178.300000000 34.7667 7.07449 0 0 0 0.076925 0.997037
179.700000000 35.7676 7.02524 0 0 0 -0.0546402 0.998506
180.900000000 36.7781 6.84047 0 0 0 -0.0656698 0.997841
182.800000000 37.7722 6.77561 0 0 0 -0.0107607 0.999942
185.500000000 38.8165 6.81389 0 0 0 0.0280911 0.999605
186.800000000 39.7856 6.88982 0 0 0 0.0346015 0.999401
188.200000000 40.8158 6.87829 0 0 0 -0.0859407 0.9963
189.200000000 41.2652 6.63677 0 0 0 -0.328016 0.944672
189.800000000 41.218 6.51842 0 0 0 -0.566216 0.824257
191.800000000 41.6299 5.58421 0 0 0 -0.41678 0.909007
193.200000000 42.4261 5.03878 0 0 0 -0.258909 0.965902
194.600000000 43.0033 4.39736 0 0 0 -0.500775 0.865577
196.100000000 43.122 3.4586 0 0 0 -0.717494 0.696565
197.600000000 42.8882 2.51232 0 0 0 -0.691636 0.722246
198.700000000 43.1362 2.00436 0 0 0 -0.470172 0.882575
200.100000000 43.9755 1.4002 0 0 0 -0.285433 0.958399
201.400000000 44.8829 1.06736 0 0 0 -0.124886 0.992171
202.800000000 45.9233 1.02598 0 0 0 0.0344287 0.999407
204.200000000 46.968 1.13996 0 0 0 0.0471203 0.998889
205.600000000 48.0192 1.18026 0 0 0 0.00439031 0.99999
206.900000000 48.9911 1.16345 0 0 0 -0.00784651 0.999969
208.300000000 50.0451 1.15397 0 0 0 -0.00644975 0.999979
209.500000000 50.939 1.14621 0 0 0 -0.00382062 0.999993
210.800000000 51.9039 1.2468 0 0 0 0.0984275 0.995144
212.200000000 52.5882 1.60915 0 0 0 0.396647 0.917971
212.700000000 52.4934 1.66812 0 0 0 0.605069 0.796173
215.500000000 52.8679 2.63959 0 0 0 0.338073 0.94112
216.700000000 53.4915 2.77784 0 0 0 0.0632439 0.997998
218.100000000 54.052 2.95807 0 0 0 0.379275 0.925284
218.800000000 54.0356 3.0047 0 0 0 0.638399 0.769705
220.500000000 53.8803 4.04192 0 0 0 0.730425 0.682993
222.100000000 54.0866 4.82259 0 0 0 0.501327 0.865258
223.400000000 54.6908 5.36925 0 0 0 0.254205 0.96715
224.800000000 55.6384 5.62929 0 0 0 0.0397581 0.999209
226.100000000 56.6089 5.56546 0 0 0 -0.0690075 0.997616
227.300000000 57.4948 5.47696 0 0 0 -0.0540948 0.998536
228.700000000 58.535 5.32737 0 0 0 -0.0313842 0.999507
229.900000000 59.4386 5.3158 0 0 0 -0.00257571 0.999997
231.300000000 60.4625 5.35418 0 0 0 0.0732566 0.997313
231.900000000 60.4297 5.45777 0 0 0 0.350995 0.936377
232.400000000 60.3478 5.46153 0 0 0 0.57276 0.819723
233.000000000 60.2392 5.45043 0 0 0 0.78928 0.614034
233.600000000 60.1492 5.39507 0 0 0 0.935505 0.353313
234.800000000 59.5133 5.47875 0 0 0 0.997491 0.0707906
236.200000000 58.6575 5.32811 0 0 0 -0.982688 0.185268
237.700000000 58.0082 4.70096 0 0 0 -0.885709 0.46424
239.100000000 57.8149 3.96513 0 0 0 -0.726639 0.68702
240.600000000 58.1115 3.16705 0 0 0 -0.497445 0.867496
242.000000000 58.8144 2.50309 0 0 0 -0.300587 0.953754
243.300000000 59.7139 2.15117 0 0 0 -0.13988 0.990168
245.000000000 60.6486 2.12797 0 0 0 0.196528 0.980498
245.600000000 60.5785 2.22887 0 0 0 0.476064 0.879411
246.300000000 60.4742 2.26125 0 0 0 0.749084 0.662475
246.900000000 60.3418 2.28569 0 0 0 0.897136 0.441755
248.000000000 59.8254 2.53787 0 0 0 0.980777 0.195133
249.300000000 58.9095 2.68147 0 0 0 0.99657 0.0827524
251.000000000 57.9971 3.08321 0 0 0 0.929608 0.36855
252.400000000 57.6301 3.86804 0 0 0 0.797369 0.603492
253.900000000 57.7149 4.8349 0 0 0 0.6124 0.790548
255.300000000 58.1273 5.79254 0 0 0 0.537595 0.843203
256.500000000 58.4346 6.65286 0 0 0 0.614428 0.788973
258.200000000 58.474 7.63364 0 0 0 0.710727 0.703468
261.000000000 58.4315 8.57564 0 0 0 0.734077 0.679066
265.200000000 58.3501 9.52702 0 0 0 0.734082 0.67906
269.300000000 58.3105 10.5066 0 0 0 0.717703 0.696349
273.100000000 58.2971 11.4897 0 0 0 0.710223 0.703977
276.700000000 58.2918 12.4382 0 0 0 0.709051 0.705157
280.500000000 58.2863 13.4332 0 0 0 0.709051 0.705157
284.500000000 58.2807 14.3764 0 0 0 0.709051 0.705157
287.400000000 58.2833 15.3906 0 0 0 0.700462 0.71369
289.400000000 58.392 16.4336 0 0 0 0.678154 0.73492
290.800000000 58.6263 17.3056 0 0 0 0.529008 0.848617
291.500000000 58.7804 17.3234 0 0 0 0.261202 0.965284
292.100000000 58.8594 17.2467 0 0 0 -0.00505491 0.999987
292.800000000 58.8134 17.1223 0 0 0 -0.345503 0.938418
293.300000000 58.7402 17.0512 0 0 0 -0.564036 0.82575
293.900000000 58.6144 17.0426 0 0 0 -0.779975 0.625811
294.600000000 58.5078 17.1417 0 0 0 -0.944841 0.327528
295.100000000 58.4792 17.1702 0 0 0 -0.994581 0.103964
295.800000000 58.3958 17.2724 0 0 0 0.980637 0.195833
297.400000000 57.5442 18.0302 0 0 0 0.920084 0.391721
298.800000000 56.7681 18.7047 0 0 0 0.957233 0.289318
300.800000000 55.8045 18.9586 0 0 0 0.997893 0.0648785
302.800000000 54.7628 18.88 0 0 0 -0.998549 0.0538589
304.000000000 53.8467 18.8133 0 0 0 -0.998136 0.0610352
305.900000000 52.8846 18.7654 0 0 0 -0.999903 0.0139632
309.300000000 51.8846 18.7531 0 0 0 -0.999993 0.00364664
311.600000000 50.8958 18.7222 0 0 0 -0.99966 0.0260763
313.400000000 49.878 18.6701 0 0 0 -0.999959 0.00904329
317.400000000 48.8818 18.7048 0 0 0 0.999742 0.0226935
321.600000000 47.9046 18.7548 0 0 0 0.99985 0.0173138
325.300000000 46.9444 18.7685 0 0 0 0.999984 0.00570363
329.000000000 45.982 18.7636 0 0 0 0.999997 0.00247017
332.800000000 44.994 18.7686 0 0 0 0.999997 0.00247017
336.500000000 44.0362 18.7737 0 0 0 0.999997 0.00247017
340.200000000 43.0765 18.7887 0 0 0 0.999997 0.00247017
344.000000000 42.1015 18.7937 0 0 0 0.999997 0.00247017
348.200000000 41.1488 18.797 0 0 0 -1 0.000993233
350.100000000 40.0667 18.6989 0 0 0 -0.997905 0.0646955
351.800000000 39.071 18.4096 0 0 0 -0.974019 0.226467
352.600000000 38.9966 18.2417 0 0 0 -0.874478 0.485066
353.300000000 39.1308 18.2134 0 0 0 -0.655132 0.755514
354.000000000 39.2577 18.284 0 0 0 -0.355775 0.934572
354.600000000 39.3082 18.3915 0 0 0 -0.0643132 0.99793
355.200000000 39.2781 18.4979 0 0 0 0.233468 0.972365
355.900000000 39.1807 18.5187 0 0 0 0.547286 0.836946
356.400000000 39.2058 18.5386 0 0 0 0.72796 0.685619
357.100000000 39.0208 18.6752 0 0 0 0.883126 0.469135
358.900000000 38.2459 19.3214 0 0 0 0.940893 0.338705
362.500000000 37.461 20.2668 0 0 0 0.882065 0.471127
364.000000000 37.0822 21.1612 0 0 0 0.789906 0.613228
365.600000000 37.1301 22.1076 0 0 0 0.667447 0.744658
366.900000000 37.3602 23.0595 0 0 0 0.626078 0.77976
368.500000000 37.4136 24.1213 0 0 0 0.696392 0.717662
370.900000000 37.4047 25.027 0 0 0 0.724686 0.689079
374.800000000 37.3505 25.9765 0 0 0 0.722981 0.690868
379.300000000 37.3286 26.976 0 0 0 0.712927 0.701239
382.300000000 37.3146 28.0043 0 0 0 0.702762 0.711425
383.700000000 37.4465 28.9899 0 0 0 0.597153 0.802128
385.700000000 37.9862 29.8266 0 0 0 0.435267 0.900302
387.100000000 38.7456 30.4848 0 0 0 0.301378 0.953505
388.500000000 39.7035 30.8752 0 0 0 0.123855 0.9923
389.800000000 40.678 30.8537 0 0 0 -0.0306884 0.999529
391.500000000 41.6066 31.1258 0 0 0 0.261682 0.965154
393.000000000 42.3634 31.8777 0 0 0 0.40021 0.916423
394.400000000 43.084 32.6441 0 0 0 0.391613 0.92013
395.700000000 43.7757 33.3417 0 0 0 0.380468 0.924794
397.000000000 44.0498 33.8664 0 0 0 0.639441 0.76884
397.800000000 43.8992 34.1445 0 0 0 0.803976 0.594662
399.300000000 43.3571 35.0568 0 0 0 0.880039 0.474901
400.600000000 42.9128 35.9216 0 0 0 0.827788 0.561041
402.200000000 42.7853 36.9439 0 0 0 0.711967 0.702213
404.300000000 42.8194 37.9063 0 0 0 0.686501 0.727129
406.400000000 42.8818 38.8673 0 0 0 0.682291 0.73108
407.800000000 42.9578 39.9172 0 0 0 0.682291 0.73108
409.200000000 42.8674 40.9211 0 0 0 0.786597 0.617467
410.200000000 42.6259 41.2295 0 0 0 0.932347 0.361564
411.600000000 41.8118 41.8481 0 0 0 0.943825 0.330445
412.900000000 41.0801 42.4608 0 0 0 0.939815 0.341685
414.700000000 40.2868 42.8995 0 0 0 0.984275 0.176644
416.300000000 39.4536 42.8751 0 0 0 -0.994997 0.0999017
417.600000000 38.871 42.4756 0 0 0 -0.932976 0.359939
419.500000000 38.2333 42.0765 0 0 0 -0.994959 0.100281
420.700000000 37.6041 42.2601 0 0 0 0.98351 0.180854
422.100000000 36.6997 42.7735 0 0 0 0.976945 0.213493
424.800000000 35.8397 42.8841 0 0 0 0.995287 0.0969725
429.500000000 34.8704 43.0732 0 0 0 0.997903 0.0647205
434.100000000 33.9111 43.138 0 0 0 0.99982 0.0189697
438.700000000 32.9506 43.1616 0 0 0 0.999484 0.0321166
443.200000000 31.9723 43.2369 0 0 0 0.999986 0.00534217
444.500000000 31.0106 43.0961 0 0 0 -0.996353 0.0853256
445.800000000 30.0479 42.9463 0 0 0 -0.997697 0.0678231
447.100000000 29.084 42.8646 0 0 0 -0.999191 0.0402162
448.500000000 28.0422 42.7926 0 0 0 -0.999534 0.0305218
449.800000000 27.0938 42.616 0 0 0 -0.988952 0.148235
451.600000000 26.4285 42.1679 0 0 0 -0.911214 0.411933
452.400000000 26.4316 41.9212 0 0 0 -0.773793 0.633439
453.800000000 26.0709 41.275 0 0 0 -0.912171 0.40981
455.400000000 25.1798 40.7356 0 0 0 -0.964584 0.263776
457.000000000 24.545 40.1785 0 0 0 -0.856178 0.51668
457.800000000 24.6152 39.9699 0 0 0 -0.669633 0.742692
459.300000000 25.0213 39.0834 0 0 0 -0.485308 0.874343
460.700000000 25.4263 38.732 0 0 0 -0.218054 0.975937
461.300000000 25.4428 38.8491 0 0 0 0.0800913 0.996788
462.000000000 25.3858 38.9688 0 0 0 0.417031 0.908892
462.700000000 25.2574 39.0172 0 0 0 0.703405 0.71079
463.400000000 25.1442 38.9834 0 0 0 0.90475 0.425944
464.000000000 25.1442 39.0025 0 0 0 0.988545 0.150923
464.700000000 25.1468 38.9927 0 0 0 -0.989761 0.142735
466.000000000 24.6527 38.4685 0 0 0 -0.903902 0.427739
467.300000000 23.8874 37.632 0 0 0 -0.924605 0.380927
468.700000000 22.987 37.2154 0 0 0 -0.980069 0.198656
470.800000000 22.0326 36.922 0 0 0 -0.998903 0.0468306
472.800000000 21.0305 36.9678 0 0 0 0.998458 0.0555146
474.100000000 20.0691 37.0839 0 0 0 0.997959 0.0638534
475.600000000 18.966 37.1767 0 0 0 0.999383 0.0351355
477.700000000 17.9859 37.2113 0 0 0 0.999954 0.00955781
479.500000000 16.9391 37.1831 0 0 0 -0.999813 0.0193347
480.800000000 15.9568 37.1651 0 0 0 -0.999984 0.00570312
482.200000000 15.2487 37.3387 0 0 0 0.958102 0.286427
482.800000000 15.3192 37.4246 0 0 0 0.834481 0.551037
485.600000000 14.7544 38.1608 0 0 0 0.948435 0.316972
487.100000000 13.8269 38.6902 0 0 0 0.959801 0.280683
488.600000000 13.1639 39.4107 0 0 0 0.870576 0.492033
489.800000000 13.0425 40.1057 0 0 0 0.723089 0.690755
491.200000000 13.2747 41.063 0 0 0 0.569251 0.822164
492.400000000 13.6266 41.4918 0 0 0 0.28452 0.95867
492.900000000 13.6583 41.4122 0 0 0 0.0420062 0.999117
493.600000000 13.6341 41.2783 0 0 0 -0.297962 0.954578
494.300000000 13.5403 41.1903 0 0 0 -0.60568 0.795709
495.000000000 13.3927 41.2039 0 0 0 -0.83867 0.54464
495.500000000 13.3183 41.2333 0 0 0 -0.946224 0.323512
496.200000000 13.2081 41.3149 0 0 0 -0.999843 0.0177035
496.900000000 13.0899 41.4784 0 0 0 0.967556 0.252658
498.400000000 12.356 42.2225 0 0 0 0.914093 0.405504
499.600000000 11.6562 42.7784 0 0 0 0.958823 0.284003
501.100000000 10.6443 43.0722 0 0 0 0.997642 0.0686279
502.500000000 9.60108 43.0017 0 0 0 -0.998755 0.0498891
503.800000000 8.62748 42.945 0 0 0 -0.998971 0.0453473
505.200000000 7.58594 42.848 0 0 0 -0.999496 0.0317535
506.500000000 6.6142 42.796 0 0 0 -0.999611 0.0279006
507.800000000 5.63078 42.7719 0 0 0 -0.999999 0.00127988
509.000000000 4.72713 42.7759 0 0 0 0.99998 0.00624708
510.400000000 3.68491 42.756 0 0 0 -0.999376 0.0353162
511.700000000 2.75891 42.5076 0 0 0 -0.98177 0.190074
513.100000000 1.9394 41.9055 0 0 0 -0.930296 0.36681
514.400000000 1.37 41.1035 0 0 0 -0.865605 0.500728
515.900000000 1.08892 40.1241 0 0 0 -0.752186 0.658951
517.500000000 1.31306 39.1219 0 0 0 -0.552708 0.833375
519.600000000 1.88046 38.467 0 0 0 -0.260933 0.965357
520.100000000 1.92721 38.5424 0 0 0 -0.0144503 0.999896
520.700000000 1.89611 38.6666 0 0 0 0.281754 0.959487
521.300000000 1.79506 38.7428 0 0 0 0.552702 0.833379
521.900000000 1.69627 38.7634 0 0 0 0.775187 0.631732
522.600000000 1.57317 38.6867 0 0 0 0.944445 0.328668
523.300000000 1.31187 38.6666 0 0 0 0.994834 0.10151
524.800000000 0.287645 38.5716 0 0 0 -0.997992 0.0633353
526.200000000 -0.76098 38.4937 0 0 0 -0.999636 0.0269712
527.500000000 -1.73475 38.4652 0 0 0 0.999999 0.00151074
528.800000000 -2.70692 38.4811 0 0 0 0.999918 0.0128437
530.100000000 -3.68024 38.4993 0 0 0 0.999907 0.0136228
531.900000000 -4.51035 38.3891 0 0 0 -0.942054 0.33546
532.500000000 -4.41148 38.3234 0 0 0 -0.800847 0.598869
533.100000000 -4.32028 38.2093 0 0 0 -0.62847 0.777834
534.000000000 -4.04741 38.0909 0 0 0 -0.394778 0.918776
535.300000000 -3.33816 37.3391 0 0 0 -0.358056 0.9337
536.600000000 -2.63542 36.6342 0 0 0 -0.386638 0.922231
537.900000000 -2.04948 35.864 0 0 0 -0.503897 0.863764
539.300000000 -1.84637 34.9224 0 0 0 -0.678042 0.735023
540.500000000 -1.94118 34.032 0 0 0 -0.756165 0.654381
541.900000000 -2.06904 33.0032 0 0 0 -0.738873 0.673845
543.600000000 -2.11242 32.0997 0 0 0 -0.711985 0.702194
546.900000000 -2.11197 31.147 0 0 0 -0.702841 0.711347
551.200000000 -2.10781 30.1702 0 0 0 -0.705748 0.708463
555.700000000 -2.10352 29.2088 0 0 0 -0.705716 0.708495
559.400000000 -2.08918 28.2231 0 0 0 -0.705703 0.708507
561.000000000 -2.24153 27.2269 0 0 0 -0.754287 0.656545
562.500000000 -2.66584 26.3576 0 0 0 -0.89913 0.437681
563.500000000 -3.00582 26.2248 0 0 0 -0.990841 0.135034
565.200000000 -4.02687 26.4144 0 0 0 0.998817 0.0486223
566.700000000 -4.72693 26.2935 0 0 0 -0.958103 0.286425
567.300000000 -4.60707 26.2108 0 0 0 -0.831995 0.554783
568.000000000 -4.51033 26.1317 0 0 0 -0.615882 0.787838
568.900000000 -4.20119 25.9318 0 0 0 -0.370147 0.928973
570.300000000 -3.30504 25.4147 0 0 0 -0.224525 0.974468
572.000000000 -2.39263 25.0941 0 0 0 -0.136967 0.990576
575.800000000 -1.40355 24.9816 0 0 0 -0.0371504 0.99931
578.600000000 -0.380074 24.9798 0 0 0 0.0242063 0.999707
579.900000000 0.580689 25.018 0 0 0 0.0347654 0.999395
581.600000000 1.52793 25.0642 0 0 0 0.0239794 0.999712
584.800000000 2.50479 25.0889 0 0 0 0.00824412 0.999966
588.900000000 3.47312 25.1011 0 0 0 0.009908 0.999951
593.400000000 4.43088 25.124 0 0 0 0.00349106 0.999994
595.800000000 5.35939 25.3482 0 0 0 0.217064 0.976157
596.800000000 5.49069 25.5573 0 0 0 0.527177 0.849755
597.400000000 5.37433 25.5823 0 0 0 0.754344 0.65648
598.100000000 5.25717 25.5124 0 0 0 0.93394 0.35743
598.600000000 5.20735 25.4254 0 0 0 0.993271 0.115812
599.400000000 4.98782 25.2906 0 0 0 -0.984273 0.176651
600.600000000 4.47032 24.7277 0 0 0 -0.916089 0.400974
601.900000000 3.83022 24.0085 0 0 0 -0.912276 0.409577
603.200000000 3.15391 23.3108 0 0 0 -0.923406 0.383823
604.500000000 2.45917 22.6312 0 0 0 -0.924001 0.382389
605.900000000 1.71244 21.9042 0 0 0 -0.923205 0.384308
607.200000000 1.02612 21.2082 0 0 0 -0.923199 0.384323
608.900000000 0.395148 20.7496 0 0 0 -0.99886 0.047739
609.500000000 0.408969 20.867 0 0 0 0.969523 0.245
610.100000000 0.452252 20.9793 0 0 0 0.866022 0.500006
610.700000000 0.559048 21.0655 0 0 0 0.703933 0.710266
612.300000000 0.965993 22.0135 0 0 0 0.539312 0.842106
613.700000000 1.24098 22.9983 0 0 0 0.6085 0.793554
615.100000000 1.41732 23.9233 0 0 0 0.690903 0.722948
617.700000000 1.347 24.9048 0 0 0 0.736915 0.675986
622.000000000 1.28389 25.8603 0 0 0 0.733864 0.679297
626.500000000 1.22594 26.8272 0 0 0 0.720037 0.693936
629.700000000 1.21917 27.8327 0 0 0 0.710753 0.703442
632.600000000 1.21321 28.7836 0 0 0 0.708788 0.705422
635.600000000 1.21963 29.7652 0 0 0 0.708779 0.70543
638.500000000 1.20746 30.7211 0 0 0 0.708752 0.705458
641.500000000 1.21515 31.7079 0 0 0 0.708733 0.705477
644.400000000 1.20291 32.6603 0 0 0 0.708721 0.705489
647.800000000 1.21051 33.6151 0 0 0 0.708717 0.705493
651.500000000 1.20806 34.5793 0 0 0 0.708721 0.705489
655.200000000 1.20502 35.5397 0 0 0 0.708733 0.705477
658.800000000 1.21037 36.4702 0 0 0 0.700853 0.713306
662.900000000 1.21817 37.4608 0 0 0 0.705183 0.709025
666.600000000 1.22117 38.4782 0 0 0 0.70495 0.709257
667.800000000 1.22274 39.3712 0 0 0 0.704533 0.709671
669.200000000 1.23036 40.4252 0 0 0 0.704563 0.709641
670.500000000 1.23772 41.3989 0 0 0 0.704563 0.709641
671.700000000 1.24507 42.3026 0 0 0 0.704563 0.709641
673.100000000 1.25306 43.3552 0 0 0 0.70456 0.709645
674.500000000 1.26114 44.3978 0 0 0 0.704557 0.709648
675.800000000 1.26858 45.3716 0 0 0 0.704553 0.709651
677.200000000 1.27604 46.4254 0 0 0 0.704551 0.709654
678.500000000 1.28407 47.3979 0 0 0 0.704549 0.709656
679.800000000 1.29153 48.3717 0 0 0 0.704548 0.709657
681.100000000 1.26789 49.3451 0 0 0 0.717733 0.696318
682.500000000 1.26055 50.4088 0 0 0 0.711763 0.70242
683.700000000 1.24631 51.3028 0 0 0 0.706841 0.707373
685.100000000 1.22425 52.3568 0 0 0 0.714983 0.699142
686.300000000 1.39475 52.9467 0 0 0 0.488858 0.872364
687.000000000 1.50557 52.8738 0 0 0 0.178336 0.98397
689.100000000 2.43593 53.3482 0 0 0 0.37478 0.927114
690.600000000 2.84574 54.1932 0 0 0 0.610921 0.791692
692.400000000 3.21628 54.8829 0 0 0 0.3177 0.948191
693.000000000 3.22978 54.8355 0 0 0 0.0607765 0.998151
694.700000000 4.25499 54.7259 0 0 0 0.0078913 0.999969
696.000000000 5.23505 54.6431 0 0 0 -0.0789885 0.996876
697.000000000 5.54881 54.474 0 0 0 -0.405668 0.914021
697.500000000 5.48747 54.4165 0 0 0 -0.616442 0.7874
698.100000000 5.35942 54.4137 0 0 0 -0.818973 0.573832
698.700000000 5.25944 54.4664 0 0 0 -0.949995 0.312264
699.400000000 5.13062 54.5652 0 0 0 -0.999965 0.00833
700.100000000 4.92844 54.7106 0 0 0 0.970259 0.242068
701.500000000 4.26454 55.3711 0 0 0 0.913721 0.406343
702.900000000 3.54818 56.1517 0 0 0 0.916633 0.39973
704.200000000 2.92354 56.8958 0 0 0 0.890019 0.455924
705.500000000 2.51844 57.7849 0 0 0 0.815701 0.578474
706.700000000 2.34013 58.6671 0 0 0 0.754837 0.655912
707.900000000 2.43915 59.1065 0 0 0 0.497082 0.867704
708.500000000 2.51553 59.0284 0 0 0 0.222996 0.974819
709.100000000 2.62124 58.9415 0 0 0 -0.0379802 0.999278
709.800000000 2.73619 58.8075 0 0 0 -0.29995 0.953955
710.900000000 3.07256 58.259 0 0 0 -0.518322 0.855186
712.300000000 3.67943 57.4149 0 0 0 -0.420483 0.9073
713.900000000 4.43377 56.72 0 0 0 -0.349914 0.936782
715.300000000 5.2093 56.2165 0 0 0 -0.238867 0.971052
716.800000000 6.21326 55.9235 0 0 0 -0.054926 0.99849
718.600000000 7.19399 55.9933 0 0 0 0.0378131 0.999285
720.300000000 8.15688 55.781 0 0 0 -0.220158 0.975464
721.800000000 9.005 55.1162 0 0 0 -0.290373 0.956913
723.000000000 9.85109 54.8432 0 0 0 -0.138745 0.990328
724.700000000 10.8838 54.7858 0 0 0 0.00511404 0.999987
727.200000000 11.8059 54.8206 0 0 0 0.035424 0.999372
731.200000000 12.7595 54.8815 0 0 0 0.0164053 0.999865
735.700000000 13.7446 54.894 0 0 0 0.00293061 0.999996
740.100000000 14.7026 54.8942 0 0 0 0.000194586 1
744.000000000 15.6494 54.8946 0 0 0 0.000194586 1
747.800000000 16.6374 54.895 0 0 0 0.000194586 1
751.400000000 17.5706 54.8954 0 0 0 0.000194586 1
755.200000000 18.5709 54.8958 0 0 0 0.000194586 1
758.800000000 19.5124 54.8962 0 0 0 0.000194586 1
762.500000000 20.4756 54.8966 0 0 0 0.000194586 1
766.200000000 21.4354 54.897 0 0 0 0.000194586 1
770.000000000 22.4251 54.8974 0 0 0 0.000194586 1
773.700000000 23.3901 54.8978 0 0 0 0.000194586 1
777.400000000 24.3509 54.8982 0 0 0 0.000194586 1
781.900000000 25.3341 54.8985 0 0 0 0.000194586 1
786.000000000 26.2966 54.8989 0 0 0 0.000194586 1
788.600000000 27.3623 54.8837 0 0 0 -0.0213706 0.999772
789.800000000 28.2427 54.8437 0 0 0 -0.03904 0.999238
791.400000000 29.2431 54.6038 0 0 0 -0.220087 0.97548
793.200000000 30.1232 54.2044 0 0 0 -0.0811707 0.9967
794.700000000 31.0776 54.4377 0 0 0 0.172133 0.985074
796.100000000 32.105 54.7414 0 0 0 0.138587 0.99035
798.300000000 32.9775 54.9008 0 0 0 0.0394432 0.999222
802.100000000 33.9588 54.8845 0 0 0 -0.0136858 0.999906
804.300000000 35.0212 54.8374 0 0 0 -0.0358629 0.999357
805.600000000 35.9916 54.7559 0 0 0 -0.0397132 0.999211
807.800000000 36.9941 54.7121 0 0 0 -0.0115492 0.999933
812.300000000 37.9434 54.7422 0 0 0 0.019765 0.999805
815.300000000 39.0394 54.7645 0 0 0 0.00273043 0.999996
816.600000000 40.012 54.7586 0 0 0 -0.00384029 0.999993
817.900000000 40.9806 54.6665 0 0 0 -0.0703114 0.997525
819.000000000 41.4359 54.456 0 0 0 -0.336525 0.941674
819.700000000 41.3476 54.3282 0 0 0 -0.60986 0.792509
820.300000000 41.2587 54.2864 0 0 0 -0.80489 0.593423
820.800000000 41.1568 54.3339 0 0 0 -0.92536 0.379089
821.500000000 41.1 54.4523 0 0 0 -0.999022 0.0442068
822.200000000 41.1249 54.5885 0 0 0 0.955333 0.295532
822.700000000 41.2328 54.6588 0 0 0 0.854343 0.51971
823.800000000 41.2934 55.1697 0 0 0 0.665157 0.746703
825.000000000 41.4717 56.0542 0 0 0 0.615688 0.78799
826.400000000 41.6265 57.0864 0 0 0 0.67009 0.74228
827.700000000 41.6622 58.06 0 0 0 0.708475 0.705736
829.000000000 41.6223 59.0314 0 0 0 0.725646 0.688068
830.300000000 41.5553 60.003 0 0 0 0.730417 0.683001
831.700000000 41.6563 60.7154 0 0 0 0.508504 0.86106
832.400000000 41.7842 60.6284 0 0 0 0.186372 0.982479
833.000000000 41.8665 60.5231 0 0 0 -0.0766284 0.99706
833.800000000 42.1113 60.3004 0 0 0 -0.304826 0.952408
835.200000000 42.8367 59.5575 0 0 0 -0.400705 0.916207
836.600000000 43.5888 58.8264 0 0 0 -0.375697 0.926742
837.900000000 44.3374 58.2174 0 0 0 -0.259695 0.965691
839.200000000 45.2366 58.0285 0 0 0 -0.0658192 0.997832
840.600000000 46.2564 58.0792 0 0 0 0.0452139 0.998977
841.900000000 47.2246 58.1667 0 0 0 0.0393856 0.999224
843.300000000 48.276 58.1712 0 0 0 -0.0089322 0.99996
844.600000000 49.2555 58.1605 0 0 0 -0.00587497 0.999983
846.000000000 50.3096 58.1477 0 0 0 0.000280857 1
847.300000000 51.2851 58.1426 0 0 0 0.00429455 0.999991
848.800000000 52.3135 58.3768 0 0 0 0.189202 0.981938
849.900000000 52.6269 58.7067 0 0 0 0.486039 0.873937
850.500000000 52.5675 58.7849 0 0 0 0.699335 0.714794
851.200000000 52.4148 58.8301 0 0 0 0.885091 0.465419
851.800000000 52.3408 58.749 0 0 0 0.982962 0.183808
852.500000000 52.3429 58.6113 0 0 0 -0.98629 0.165022
853.100000000 52.43 58.5148 0 0 0 -0.893742 0.448581
853.800000000 52.5252 58.4755 0 0 0 -0.685277 0.728283
854.700000000 52.7579 58.1584 0 0 0 -0.470051 0.882639
856.100000000 53.4821 57.4196 0 0 0 -0.395786 0.918343
857.300000000 53.9666 56.6809 0 0 0 -0.512624 0.858613
859.200000000 54.2162 55.6923 0 0 0 -0.658598 0.752495
862.300000000 54.2245 54.7498 0 0 0 -0.725985 0.68771
864.300000000 54.4208 53.7463 0 0 0 -0.517479 0.855696
865.700000000 55.0709 53.0486 0 0 0 -0.359701 0.933068
867.000000000 55.7821 52.4244 0 0 0 -0.375677 0.926751
868.300000000 56.4894 51.7139 0 0 0 -0.388348 0.921513
870.000000000 56.9372 51.0647 0 0 0 -0.677137 0.735857
870.600000000 56.8009 51.0699 0 0 0 -0.862011 0.506889
871.500000000 56.4406 50.8884 0 0 0 -0.959245 0.282576
872.900000000 55.4708 50.5685 0 0 0 -0.99364 0.112608
