0.300000000 0.2 0 0 0 0 0 1
5.500000000 1.25402 0.00302481 0 0 0 -1.07567e-05 1
6.800000000 2.19934 0.0399782 0 0 0 0.0615163 0.998106
9.300000000 3.05487 0.217261 0 0 0 -0.254318 0.967121
9.900000000 2.95304 0.166756 0 0 0 -0.528703 0.848807
10.600000000 2.84409 0.145523 0 0 0 -0.789325 0.613976
11.200000000 2.74258 0.194493 0 0 0 -0.935622 0.353003
11.700000000 2.70119 0.277588 0 0 0 -0.993746 0.111661
12.400000000 2.71453 0.41556 0 0 0 0.971713 0.236166
13.000000000 2.79801 0.503413 0 0 0 0.858753 0.512389
13.600000000 2.90815 0.52293 0 0 0 0.66876 0.743478
14.200000000 3.00789 0.476757 0 0 0 0.419381 0.90781
14.800000000 3.06647 0.377375 0 0 0 0.133212 0.991088
19.400000000 3.78375 0.766316 0 0 0 0.428714 0.90344
20.500000000 3.8576 1.18644 0 0 0 0.678031 0.735034
21.900000000 3.74153 2.28192 0 0 0 0.760784 0.649006
23.300000000 3.63949 3.3217 0 0 0 0.72827 0.685291
24.500000000 3.60968 4.20565 0 0 0 0.703351 0.710842
25.800000000 3.6368 5.18 0 0 0 0.692524 0.721395
27.200000000 3.68503 6.23231 0 0 0 0.686995 0.726662
28.600000000 3.74436 7.28588 0 0 0 0.682661 0.730735
30.000000000 3.85296 8.27352 0 0 0 0.6217 0.783255
31.400000000 4.33412 9.11745 0 0 0 0.439168 0.898405
32.800000000 5.10855 9.62574 0 0 0 0.215284 0.976552
34.300000000 6.06562 9.83807 0 0 0 0.0329105 0.999458
35.600000000 7.05244 9.75603 0 0 0 -0.0676286 0.997711
36.900000000 8.01159 9.56088 0 0 0 -0.108562 0.99409
38.100000000 8.88698 9.35061 0 0 0 -0.111407 0.993775
39.500000000 9.91434 9.11454 0 0 0 -0.111411 0.993774
40.800000000 10.8463 8.92984 0 0 0 -0.0681116 0.997678
41.500000000 10.8829 9.03015 0 0 0 0.245958 0.96928
42.100000000 10.8003 9.11797 0 0 0 0.520716 0.85373
42.900000000 10.6852 9.28481 0 0 0 0.765802 0.643076
43.800000000 10.4304 9.62534 0 0 0 0.898018 0.439959
45.100000000 9.81844 10.3308 0 0 0 0.905517 0.42431
46.300000000 9.27638 11.1085 0 0 0 0.837914 0.545803
47.700000000 9.12251 12.1142 0 0 0 0.763853 0.64539
49.000000000 9.03935 13.0869 0 0 0 0.710514 0.703683
50.300000000 9.07358 14.0691 0 0 0 0.683783 0.729685
51.600000000 9.15121 15.037 0 0 0 0.674373 0.738391
52.900000000 9.24539 16.0076 0 0 0 0.670459 0.741946
54.100000000 9.34256 16.9071 0 0 0 0.666159 0.74581
55.400000000 9.46135 17.8717 0 0 0 0.664056 0.747683
56.800000000 9.79595 18.8383 0 0 0 0.53433 0.845276
58.200000000 10.3324 19.7517 0 0 0 0.497136 0.867672
59.400000000 10.4561 20.1921 0 0 0 0.744959 0.667111
60.000000000 10.3407 20.1519 0 0 0 0.908588 0.417693
60.600000000 10.2777 20.0489 0 0 0 0.991439 0.130567
61.300000000 10.2906 19.9125 0 0 0 -0.976095 0.217343
62.000000000 10.381 19.8152 0 0 0 -0.842025 0.539438
62.600000000 10.4882 19.7337 0 0 0 -0.669996 0.742365
63.500000000 10.7097 19.3964 0 0 0 -0.466577 0.88448
64.900000000 11.4541 18.7003 0 0 0 -0.35512 0.934821
66.300000000 12.0307 17.8569 0 0 0 -0.523513 0.852018
67.400000000 12.0558 17.4435 0 0 0 -0.774574 0.632484
68.000000000 11.9584 17.4908 0 0 0 -0.925144 0.379617
68.600000000 11.9017 17.5896 0 0 0 -0.995451 0.0952787
69.200000000 11.9058 17.6976 0 0 0 0.980091 0.198547
69.900000000 11.993 17.7987 0 0 0 0.855512 0.517783
70.400000000 12.105 17.8303 0 0 0 0.70327 0.710923
71.400000000 12.3026 18.1728 0 0 0 0.455328 0.890324
72.800000000 13.1002 18.8326 0 0 0 0.311723 0.950173
74.200000000 13.8866 19.5231 0 0 0 0.377202 0.926131
75.500000000 14.5085 20.2717 0 0 0 0.444769 0.895645
76.700000000 14.9882 21.0478 0 0 0 0.51184 0.859081
78.100000000 15.3565 22.0133 0 0 0 0.57809 0.815973
79.400000000 15.6221 22.9564 0 0 0 0.6274 0.778698
80.700000000 15.7559 23.9189 0 0 0 0.641836 0.766842
82.000000000 16.1965 24.783 0 0 0 0.510929 0.859623
83.500000000 16.7896 25.6145 0 0 0 0.369905 0.929069
84.800000000 17.5883 26.1791 0 0 0 0.276362 0.961054
86.100000000 18.4772 26.5868 0 0 0 0.198314 0.980139
87.400000000 19.51 26.8607 0 0 0 0.13999 0.990153
88.700000000 20.3572 27.3139 0 0 0 0.274447 0.961602
89.900000000 21.0015 27.9202 0 0 0 0.382796 0.923833
91.700000000 21.7264 28.4629 0 0 0 0.0964322 0.99534
92.500000000 21.8718 28.3358 0 0 0 -0.20811 0.978105
94.000000000 22.719 27.6747 0 0 0 -0.330135 0.943934
95.300000000 23.5813 27.1843 0 0 0 -0.205477 0.978662
96.700000000 24.5677 27.0263 0 0 0 -0.020094 0.999798
98.100000000 25.6167 27.1034 0 0 0 0.0473731 0.998877
99.500000000 26.6686 27.159 0 0 0 0.0105092 0.999945
100.800000000 27.6423 27.1654 0 0 0 -0.00144557 0.999999
102.100000000 28.6148 27.1617 0 0 0 -0.00143235 0.999999
103.400000000 29.5886 27.1486 0 0 0 -0.00142653 0.999999
104.800000000 30.5424 27.1285 0 0 0 -0.0311173 0.999516
106.000000000 31.2216 26.8142 0 0 0 -0.289211 0.957265
107.400000000 31.8469 26.0941 0 0 0 -0.409537 0.912294
108.600000000 32.5334 25.4439 0 0 0 -0.390974 0.920402
110.000000000 33.2751 24.7064 0 0 0 -0.381127 0.924523
111.600000000 33.7536 23.9992 0 0 0 -0.617751 0.786374
112.600000000 33.6117 23.6052 0 0 0 -0.819159 0.573566
113.900000000 33.2711 22.683 0 0 0 -0.815442 0.578838
115.300000000 32.9791 21.6814 0 0 0 -0.793471 0.608608
116.600000000 32.7624 20.7306 0 0 0 -0.774644 0.632398
117.500000000 32.831 20.4786 0 0 0 -0.547623 0.836725
118.100000000 32.9204 20.5557 0 0 0 -0.275891 0.961189
118.800000000 33.0538 20.653 0 0 0 0.0209449 0.999781
119.700000000 33.3121 20.8705 0 0 0 0.30608 0.952006
121.100000000 33.9751 21.6176 0 0 0 0.410673 0.911783
122.400000000 34.6475 22.3238 0 0 0 0.38603 0.922486
123.800000000 35.3927 23.0578 0 0 0 0.381933 0.92419
125.100000000 36.0711 23.7571 0 0 0 0.386217 0.922408
126.400000000 36.7583 24.4476 0 0 0 0.388944 0.921261
127.700000000 37.3787 25.2049 0 0 0 0.462096 0.88683
129.200000000 37.6506 26.0276 0 0 0 0.708114 0.706099
130.300000000 37.3251 26.4522 0 0 0 0.885855 0.463963
131.700000000 36.6433 27.199 0 0 0 0.933439 0.358737
133.000000000 35.9318 27.8541 0 0 0 0.927857 0.372936
134.300000000 35.2427 28.5428 0 0 0 0.922459 0.386094
135.500000000 34.5958 29.1629 0 0 0 0.93454 0.355857
136.900000000 33.6885 29.6956 0 0 0 0.977019 0.213154
138.300000000 33.0467 29.7968 0 0 0 -0.990814 0.13523
138.800000000 33.1005 29.7073 0 0 0 -0.926785 0.375593
139.400000000 33.2041 29.6505 0 0 0 -0.774392 0.632707
141.100000000 33.4442 28.5844 0 0 0 -0.611888 0.790944
142.500000000 33.51 27.5918 0 0 0 -0.733578 0.679605
143.900000000 33.1532 26.7767 0 0 0 -0.872023 0.489464
145.300000000 32.5919 25.8572 0 0 0 -0.823194 0.567761
146.500000000 32.5169 24.9592 0 0 0 -0.731136 0.682232
147.900000000 32.6184 23.9226 0 0 0 -0.66087 0.7505
149.100000000 32.712 23.0265 0 0 0 -0.674759 0.738038
150.500000000 32.7481 21.9835 0 0 0 -0.70432 0.709882
151.800000000 32.7418 21.0098 0 0 0 -0.719283 0.694717
153.100000000 32.6699 20.0391 0 0 0 -0.73549 0.677535
154.300000000 32.5356 19.1475 0 0 0 -0.769207 0.638999
155.900000000 32.003 18.2493 0 0 0 -0.91274 0.408542
157.000000000 31.4661 17.9913 0 0 0 -0.985664 0.16872
158.600000000 30.433 18.0899 0 0 0 0.995748 0.0921156
159.800000000 29.5564 18.2637 0 0 0 0.99431 0.106528
161.200000000 28.5186 18.4258 0 0 0 0.999956 0.00942184
162.800000000 27.5722 18.0556 0 0 0 -0.965248 0.261334
164.300000000 26.9065 17.3047 0 0 0 -0.877048 0.480404
165.700000000 26.6131 16.348 0 0 0 -0.767585 0.640947
167.100000000 26.634 15.3044 0 0 0 -0.687526 0.726159
168.500000000 26.818 14.7554 0 0 0 -0.394293 0.918985
169.100000000 26.8757 14.8584 0 0 0 -0.105111 0.994461
169.700000000 26.8562 14.9837 0 0 0 0.192832 0.981232
170.400000000 26.7992 15.0733 0 0 0 0.51654 0.856263
171.000000000 26.6992 15.1456 0 0 0 0.728846 0.684677
171.500000000 26.528 15.1802 0 0 0 0.858774 0.512355
173.000000000 25.8378 15.9243 0 0 0 0.926017 0.377481
174.300000000 25.1357 16.6 0 0 0 0.926034 0.377439
175.600000000 24.4436 17.2857 0 0 0 0.92605 0.3774
176.900000000 23.722 17.9486 0 0 0 0.947909 0.318543
178.300000000 22.7903 18.3583 0 0 0 0.989048 0.147597
179.600000000 21.8314 18.4337 0 0 0 -0.999789 0.0205441
180.800000000 20.9385 18.3268 0 0 0 -0.998503 0.054692
182.100000000 19.9663 18.2728 0 0 0 -0.999932 0.0117039
183.500000000 18.9125 18.2637 0 0 0 -0.999999 0.00170094
184.800000000 17.9386 18.2603 0 0 0 -0.999998 0.00174376
186.100000000 16.965 18.2756 0 0 0 0.999565 0.0294955
187.500000000 16.0053 18.5748 0 0 0 0.978519 0.206156
188.900000000 15.2007 19.1781 0 0 0 0.929915 0.367775
190.200000000 14.5258 19.8758 0 0 0 0.922343 0.386373
191.400000000 13.9741 20.588 0 0 0 0.878669 0.477432
192.900000000 13.6105 21.6248 0 0 0 0.771211 0.636579
194.200000000 13.6266 22.5898 0 0 0 0.668993 0.743269
195.500000000 13.7836 23.5499 0 0 0 0.650134 0.75982
196.900000000 13.8492 24.6001 0 0 0 0.694578 0.719418
198.200000000 13.8352 25.5745 0 0 0 0.72889 0.684631
199.500000000 13.7812 26.5446 0 0 0 0.729204 0.684296
200.800000000 13.7489 27.5174 0 0 0 0.702981 0.711209
202.100000000 13.7649 28.4912 0 0 0 0.703541 0.710655
203.700000000 13.9358 29.3632 0 0 0 0.49326 0.869882
204.400000000 14.1179 29.3969 0 0 0 0.238701 0.971093
205.900000000 15.1234 29.5945 0 0 0 0.0365499 0.999332
206.600000000 15.1406 29.4648 0 0 0 -0.284694 0.958618
207.200000000 15.0597 29.3751 0 0 0 -0.551691 0.834049
207.900000000 14.954 29.2486 0 0 0 -0.767235 0.641366
208.700000000 14.7691 29.1247 0 0 0 -0.921544 0.388274
210.300000000 13.8358 28.6626 0 0 0 -0.968772 0.247953
211.600000000 13.0889 28.03 0 0 0 -0.919653 0.392731
212.800000000 12.4867 27.3775 0 0 0 -0.924774 0.380516
214.200000000 11.6257 26.815 0 0 0 -0.974513 0.224333
215.700000000 10.6966 26.5912 0 0 0 -0.997798 0.0663266
218.100000000 9.74858 26.5825 0 0 0 0.999923 0.0124023
220.000000000 8.77675 26.6331 0 0 0 0.999496 0.0317471
221.300000000 7.80506 26.6934 0 0 0 0.99942 0.0340622
222.700000000 6.75485 26.7713 0 0 0 0.999366 0.0356117
224.100000000 5.74645 26.8642 0 0 0 0.997889 0.0649494
225.400000000 4.77213 27.1351 0 0 0 0.98817 0.153361
226.800000000 3.97193 27.6862 0 0 0 0.937313 0.348489
228.000000000 3.44354 28.3739 0 0 0 0.882997 0.469378
229.400000000 3.21859 29.0899 0 0 0 0.692339 0.721572
230.400000000 3.44876 29.4718 0 0 0 0.465222 0.885194
231.800000000 4.19272 30.1887 0 0 0 0.340797 0.940137
233.500000000 4.98638 30.6026 0 0 0 0.021419 0.999771
234.100000000 4.96625 30.4869 0 0 0 -0.270582 0.962697
234.800000000 4.86739 30.3929 0 0 0 -0.579887 0.814697
235.400000000 4.74982 30.3529 0 0 0 -0.78455 0.620066
236.600000000 4.33318 29.8262 0 0 0 -0.918048 0.396469
238.000000000 3.60109 29.0922 0 0 0 -0.928458 0.371438
239.300000000 2.89412 28.3967 0 0 0 -0.922549 0.385879
240.500000000 2.24557 27.7632 0 0 0 -0.922446 0.386126
241.900000000 1.52374 27.0134 0 0 0 -0.922441 0.386138
243.200000000 0.83453 26.3134 0 0 0 -0.922453 0.386109
244.400000000 0.205942 25.6743 0 0 0 -0.922456 0.386102
245.700000000 -0.482606 24.9751 0 0 0 -0.922458 0.386097
247.200000000 -1.23725 24.1884 0 0 0 -0.917778 0.397094
249.000000000 -1.8558 23.5042 0 0 0 -0.910456 0.413607
250.700000000 -2.39403 22.6219 0 0 0 -0.846777 0.531949
251.500000000 -2.33173 22.344 0 0 0 -0.68407 0.729417
252.600000000 -2.03686 21.8628 0 0 0 -0.461462 0.88716
254.000000000 -1.29334 21.1237 0 0 0 -0.367283 0.930109
255.300000000 -0.572535 20.4787 0 0 0 -0.348801 0.937197
256.600000000 0.250812 19.9506 0 0 0 -0.242215 0.970223
257.500000000 0.47489 19.995 0 0 0 0.0839407 0.996471
258.100000000 0.421552 20.0902 0 0 0 0.377949 0.925826
258.700000000 0.317559 20.1461 0 0 0 0.634696 0.772762
259.300000000 0.16201 20.1245 0 0 0 0.834426 0.55112
260.200000000 -0.0964101 20.2682 0 0 0 0.963001 0.269499
261.400000000 -0.786741 20.3503 0 0 0 0.999736 0.0229967
262.700000000 -1.74261 20.2249 0 0 0 -0.994781 0.102036
263.900000000 -2.66018 20.2177 0 0 0 0.99993 0.0118571
265.300000000 -3.69532 20.3291 0 0 0 0.996993 0.0774944
266.600000000 -4.65267 20.5005 0 0 0 0.995988 0.089487
267.900000000 -5.60716 20.6879 0 0 0 0.995043 0.099444
269.200000000 -6.48647 20.8149 0 0 0 0.999893 0.0146216
270.300000000 -6.93793 20.6229 0 0 0 -0.962676 0.270655
271.700000000 -7.65392 19.9375 0 0 0 -0.911645 0.410978
273.000000000 -8.32779 19.2155 0 0 0 -0.919366 0.393404
274.300000000 -9.01473 18.5152 0 0 0 -0.924868 0.380288
275.400000000 -9.24773 18.1172 0 0 0 -0.789039 0.614343
276.100000000 -9.12937 18.1235 0 0 0 -0.530025 0.847982
276.600000000 -9.02283 18.1646 0 0 0 -0.304342 0.952563
277.200000000 -8.9854 18.2669 0 0 0 -0.00924969 0.999957
278.100000000 -8.74001 18.4548 0 0 0 0.286008 0.958227
279.500000000 -8.23421 19.1919 0 0 0 0.520606 0.853797
280.900000000 -8.01666 20.187 0 0 0 0.66743 0.744673
282.200000000 -8.04124 21.1604 0 0 0 0.731537 0.681801
283.600000000 -8.0977 22.2098 0 0 0 0.734312 0.678812
284.900000000 -8.18048 23.182 0 0 0 0.703222 0.71097
286.300000000 -8.16411 24.2357 0 0 0 0.705079 0.709129
287.700000000 -8.34588 24.8521 0 0 0 0.892577 0.450894
288.400000000 -8.52916 24.8822 0 0 0 0.978647 0.205547
289.700000000 -9.34856 24.9169 0 0 0 -0.999617 0.0276635
291.300000000 -10.3545 24.7775 0 0 0 -0.99772 0.0674845
292.600000000 -11.303 24.6995 0 0 0 -0.999566 0.0294706
294.000000000 -12.347 24.6886 0 0 0 -0.999998 0.00198416
295.300000000 -13.3216 24.6834 0 0 0 0.999999 0.00153629
296.500000000 -14.229 24.6792 0 0 0 0.999999 0.00132934
297.800000000 -15.2029 24.6846 0 0 0 1 0.000853128
299.200000000 -16.174 24.6425 0 0 0 -0.99616 0.0875482
300.800000000 -17.0242 24.0734 0 0 0 -0.938715 0.344694
302.100000000 -17.725 23.4166 0 0 0 -0.91882 0.394678
303.400000000 -18.3858 22.7276 0 0 0 -0.921393 0.388633
304.700000000 -19.0808 22.0339 0 0 0 -0.925245 0.379371
305.800000000 -19.3841 21.8733 0 0 0 -0.999242 0.0389204
306.400000000 -19.369 21.9861 0 0 0 0.967204 0.254
307.100000000 -19.2914 22.0802 0 0 0 0.824535 0.565811
307.600000000 -19.1738 22.0975 0 0 0 0.661503 0.749942
308.300000000 -19.0445 22.0483 0 0 0 0.369675 0.929161
309.000000000 -18.9769 21.9477 0 0 0 0.038048 0.999276
309.600000000 -18.8592 21.8198 0 0 0 -0.193636 0.981074
310.900000000 -18.3738 21.3196 0 0 0 -0.460122 0.887856
312.300000000 -17.6642 20.6191 0 0 0 -0.311963 0.950094
313.800000000 -16.6604 20.2307 0 0 0 -0.116099 0.993238
314.800000000 -16.2405 20.317 0 0 0 0.168848 0.985642
315.400000000 -16.3111 20.3925 0 0 0 0.451474 0.892284
316.100000000 -16.4274 20.432 0 0 0 0.730711 0.682687
316.700000000 -16.5868 20.5058 0 0 0 0.873843 0.486209
317.800000000 -17.0838 20.785 0 0 0 0.968356 0.249572
319.100000000 -18.0002 21.0305 0 0 0 0.996088 0.0883642
320.400000000 -18.9735 21.0908 0 0 0 -0.999987 0.00511787
321.700000000 -19.9433 21.0105 0 0 0 -0.998955 0.0457106
323.100000000 -20.9934 20.941 0 0 0 -0.99975 0.0223668
324.400000000 -21.9671 20.9253 0 0 0 -0.999992 0.00409091
325.800000000 -23.0207 20.9217 0 0 0 0.999987 0.00516483
327.000000000 -23.9243 20.9278 0 0 0 -0.99998 0.00636242
327.800000000 -24.0039 20.8067 0 0 0 -0.941673 0.336529
328.400000000 -23.9061 20.767 0 0 0 -0.801183 0.59842
329.000000000 -23.7877 20.7406 0 0 0 -0.588473 0.808517
329.600000000 -23.7033 20.8052 0 0 0 -0.330818 0.943695
330.200000000 -23.5917 20.8855 0 0 0 -0.0570168 0.998373
332.000000000 -22.5452 21.1893 0 0 0 0.164985 0.986296
333.400000000 -21.6779 21.7406 0 0 0 0.332478 0.943111
334.700000000 -20.9887 22.4418 0 0 0 0.412764 0.910838
335.900000000 -20.4485 23.1937 0 0 0 0.510398 0.859938
337.300000000 -20.1584 24.172 0 0 0 0.655474 0.755218
338.600000000 -20.1882 25.1482 0 0 0 0.743633 0.668588
339.800000000 -20.3815 26.0326 0 0 0 0.758344 0.651855
341.100000000 -20.4281 27.0028 0 0 0 0.700224 0.713923
342.400000000 -20.3498 27.9731 0 0 0 0.676636 0.736317
343.800000000 -20.33 29.0262 0 0 0 0.713272 0.700887
344.900000000 -20.5179 29.391 0 0 0 0.902007 0.431721
345.700000000 -20.7966 29.4415 0 0 0 0.984245 0.176809
347.300000000 -21.8161 29.4046 0 0 0 -0.999465 0.0327074
348.800000000 -22.4762 29.2439 0 0 0 -0.947794 0.318884
349.400000000 -22.3803 29.166 0 0 0 -0.81122 0.584741
350.200000000 -22.3024 28.891 0 0 0 -0.633451 0.773783
351.800000000 -21.7957 27.9636 0 0 0 -0.540443 0.841381
353.100000000 -21.7453 27.2531 0 0 0 -0.738561 0.674187
354.600000000 -22.1895 26.4417 0 0 0 -0.898198 0.439591
355.800000000 -22.7153 26.1262 0 0 0 -0.986725 0.162397
356.500000000 -22.8654 26.1917 0 0 0 0.994768 0.102158
357.900000000 -23.8552 26.4262 0 0 0 0.99551 0.0946542
359.200000000 -24.8317 26.5452 0 0 0 0.999127 0.0417868
360.600000000 -25.8765 26.5777 0 0 0 0.999933 0.0115351
361.900000000 -26.8588 26.573 0 0 0 -0.999991 0.00429997
363.300000000 -27.902 26.5744 0 0 0 0.999948 0.0101488
364.600000000 -28.9044 26.6295 0 0 0 0.999095 0.0425384
365.900000000 -29.8567 26.8187 0 0 0 0.993237 0.116108
367.400000000 -30.6981 27.3618 0 0 0 0.935474 0.353395
368.700000000 -31.3516 28.0732 0 0 0 0.902888 0.429877
370.100000000 -31.8782 28.9663 0 0 0 0.844085 0.536209
370.900000000 -31.8107 29.1915 0 0 0 0.652401 0.757874
371.800000000 -31.5398 29.4353 0 0 0 0.417467 0.908692
373.200000000 -30.7146 29.959 0 0 0 0.21638 0.976309
374.400000000 -30.093 30.0468 0 0 0 -0.0620379 0.998074
375.000000000 -30.1319 29.9461 0 0 0 -0.351507 0.936185
375.700000000 -30.2291 29.8094 0 0 0 -0.631637 0.775264
376.300000000 -30.3418 29.7866 0 0 0 -0.813422 0.581675
377.200000000 -30.6654 29.3931 0 0 0 -0.920484 0.390779
378.600000000 -31.428 28.7176 0 0 0 -0.927531 0.373745
379.900000000 -32.1182 28.0277 0 0 0 -0.921186 0.389123
381.200000000 -32.759 27.2979 0 0 0 -0.907699 0.419623
382.400000000 -33.3017 26.5586 0 0 0 -0.87819 0.478311
383.800000000 -33.7392 25.6321 0 0 0 -0.835537 0.549435
385.100000000 -34.0434 24.6944 0 0 0 -0.794456 0.607322
386.300000000 -34.2146 23.8142 0 0 0 -0.754433 0.656377
388.100000000 -34.2375 22.8491 0 0 0 -0.705344 0.708866
391.600000000 -34.1882 21.8638 0 0 0 -0.69639 0.717664
394.100000000 -34.2505 20.8765 0 0 0 -0.748655 0.66296
395.600000000 -34.608 19.8455 0 0 0 -0.863885 0.503689
396.900000000 -35.2448 19.171 0 0 0 -0.940851 0.33882
398.300000000 -35.9867 18.8703 0 0 0 -0.998753 0.0499297
399.200000000 -36.2243 19.0459 0 0 0 0.966108 0.258137
400.700000000 -36.8827 19.8086 0 0 0 0.908679 0.417496
402.000000000 -37.5493 20.5193 0 0 0 0.922433 0.386158
403.300000000 -38.2328 21.1281 0 0 0 0.952997 0.302979
403.900000000 -38.2972 21.0322 0 0 0 0.999786 0.0207054
404.400000000 -38.2771 20.9378 0 0 0 -0.973969 0.226683
405.100000000 -38.1761 20.8418 0 0 0 -0.83687 0.547401
405.700000000 -38.0854 20.7203 0 0 0 -0.675796 0.737089
406.700000000 -37.8121 20.2985 0 0 0 -0.471332 0.881956
408.100000000 -37.1093 19.5661 0 0 0 -0.374041 0.927412
409.400000000 -36.4558 18.9537 0 0 0 -0.365736 0.930719
412.100000000 -35.7461 18.2779 0 0 0 -0.373014 0.927826
415.800000000 -35.0567 17.6055 0 0 0 -0.373626 0.92758
417.800000000 -34.2866 16.8849 0 0 0 -0.375715 0.926735
419.000000000 -33.6611 16.2331 0 0 0 -0.378294 0.925686
420.300000000 -32.9725 15.5455 0 0 0 -0.378206 0.925722
421.800000000 -32.544 14.9619 0 0 0 -0.625 0.780625
422.400000000 -32.6575 14.9078 0 0 0 -0.81103 0.585004
424.100000000 -33.3833 14.1467 0 0 0 -0.919466 0.393169
425.500000000 -34.0519 13.3901 0 0 0 -0.892813 0.450428
426.700000000 -34.3708 12.5285 0 0 0 -0.830787 0.55659
427.800000000 -34.3349 12.0739 0 0 0 -0.619959 0.784635
429.300000000 -33.7726 11.3339 0 0 0 -0.379312 0.925269
430.600000000 -33.037 10.7075 0 0 0 -0.356826 0.934171
431.800000000 -32.3997 10.019 0 0 0 -0.428287 0.903643
433.400000000 -32.0581 9.21832 0 0 0 -0.708214 0.705998
433.900000000 -32.1733 9.2486 0 0 0 -0.854429 0.519567
434.700000000 -32.428 9.21506 0 0 0 -0.968042 0.250787
436.100000000 -33.355 8.99203 0 0 0 -0.999292 0.0376313
437.400000000 -34.3277 9.13137 0 0 0 0.996949 0.0780564
438.800000000 -35.3733 9.24146 0 0 0 0.999254 0.0386137
440.200000000 -36.4242 9.21444 0 0 0 -0.999719 0.0237133
441.400000000 -37.3126 9.16005 0 0 0 -0.999071 0.0430995
442.800000000 -37.8301 8.96007 0 0 0 -0.923219 0.384275
443.500000000 -37.7069 8.88586 0 0 0 -0.744474 0.667651
444.400000000 -37.6059 8.5019 0 0 0 -0.54743 0.836851
445.900000000 -36.9813 7.75095 0 0 0 -0.456768 0.889586
447.100000000 -36.8393 7.14114 0 0 0 -0.687115 0.726549
447.800000000 -36.9727 7.17225 0 0 0 -0.892393 0.451259
448.400000000 -37.0454 7.26144 0 0 0 -0.984785 0.173775
449.000000000 -37.0613 7.37766 0 0 0 0.992934 0.118672
449.600000000 -37.0101 7.47321 0 0 0 0.915394 0.40256
450.200000000 -36.9089 7.55237 0 0 0 0.758576 0.651585
450.900000000 -36.8299 7.53401 0 0 0 0.501766 0.865004
451.500000000 -36.6765 7.5339 0 0 0 0.2704 0.962748
452.900000000 -35.7897 7.6892 0 0 0 0.0182471 0.999834
454.900000000 -34.9172 7.98542 0 0 0 0.216184 0.976353
456.900000000 -33.9831 8.4949 0 0 0 0.220949 0.975285
458.300000000 -33.0735 8.80616 0 0 0 0.12855 0.991703
460.800000000 -32.1332 8.91637 0 0 0 0.0284976 0.999594
463.500000000 -31.0919 8.86952 0 0 0 -0.0479705 0.998849
464.900000000 -30.032 8.7794 0 0 0 -0.0392895 0.999228
466.500000000 -29.0599 8.70135 0 0 0 -0.0116818 0.999932
469.300000000 -28.1336 8.71299 0 0 0 0.0164599 0.999865
471.700000000 -27.0852 8.70818 0 0 0 -0.0196059 0.999808
473.100000000 -26.0962 8.6542 0 0 0 -0.0235896 0.999722
475.200000000 -25.1691 8.62401 0 0 0 -0.00329088 0.999995
478.200000000 -24.1846 8.62571 0 0 0 0.00129086 0.999999
481.100000000 -23.2333 8.62809 0 0 0 0.00127804 0.999999
484.100000000 -22.2576 8.63053 0 0 0 0.00126562 0.999999
487.100000000 -21.2819 8.63293 0 0 0 0.00125361 0.999999
491.100000000 -20.3097 8.63533 0 0 0 0.00124198 0.999999
494.100000000 -19.331 8.63775 0 0 0 0.00123076 0.999999
496.600000000 -18.3079 8.64025 0 0 0 0.00121999 0.999999
498.500000000 -17.2634 8.6427 0 0 0 0.00120965 0.999999
500.300000000 -16.2781 8.64632 0 0 0 0.00132248 0.999999
502.600000000 -15.3548 8.6488 0 0 0 0.00138551 0.999999
506.300000000 -14.3708 8.65178 0 0 0 0.00144876 0.999999
509.300000000 -13.387 8.65443 0 0 0 0.00151189 0.999999
511.700000000 -12.3616 8.63599 0 0 0 -0.0154341 0.999881
513.000000000 -11.336 8.63884 0 0 0 -0.119333 0.992854
514.500000000 -10.5531 7.99528 0 0 0 -0.349445 0.936957
515.800000000 -9.80618 7.51753 0 0 0 -0.396987 0.917824
517.100000000 -9.12342 6.83079 0 0 0 -0.383994 0.923336
518.400000000 -8.45925 6.13272 0 0 0 -0.42539 0.90501
519.900000000 -8.13177 5.36678 0 0 0 -0.662823 0.748776
521.500000000 -8.46563 4.38491 0 0 0 -0.830064 0.557669
522.800000000 -8.79268 3.47218 0 0 0 -0.801349 0.598197
524.400000000 -8.93453 2.42725 0 0 0 -0.727044 0.686591
526.200000000 -8.74034 1.35852 0 0 0 -0.5824 0.812902
527.500000000 -8.37413 0.383094 0 0 0 -0.55974 0.828669
529.000000000 -8.15338 -0.526872 0 0 0 -0.657193 0.753722
531.600000000 -8.07372 -1.46516 0 0 0 -0.658867 0.752259
533.100000000 -7.6524 -2.39733 0 0 0 -0.519887 0.854235
534.300000000 -7.35118 -3.27736 0 0 0 -0.600978 0.799265
536.300000000 -7.25405 -4.2576 0 0 0 -0.69757 0.716517
537.500000000 -7.3702 -4.55506 0 0 0 -0.870933 0.491402
538.200000000 -7.46407 -4.46301 0 0 0 -0.985722 0.168381
538.900000000 -7.47882 -4.38762 0 0 0 0.984443 0.175703
539.500000000 -7.44773 -4.44835 0 0 0 0.902941 0.429764
540.200000000 -7.45563 -4.23863 0 0 0 0.767497 0.641052
541.900000000 -7.14324 -3.13242 0 0 0 0.579477 0.814988
543.200000000 -6.78879 -2.09548 0 0 0 0.56039 0.828229
544.600000000 -6.63037 -1.12212 0 0 0 0.693257 0.72069
546.600000000 -6.73477 -0.13198 0 0 0 0.752399 0.658707
550.600000000 -6.85005 0.808148 0 0 0 0.749816 0.661646
553.300000000 -6.91938 1.79333 0 0 0 0.717896 0.69615
554.600000000 -6.91354 2.77401 0 0 0 0.699789 0.71435
555.900000000 -6.88859 3.65904 0 0 0 0.702609 0.711576
557.800000000 -6.89012 4.63516 0 0 0 0.707978 0.706235
560.400000000 -6.89298 5.61137 0 0 0 0.707951 0.706261
563.400000000 -6.89621 6.66671 0 0 0 0.707941 0.706272
565.000000000 -6.87069 7.64961 0 0 0 0.699726 0.714412
566.400000000 -6.75165 8.63387 0 0 0 0.595319 0.80349
567.500000000 -6.3651 8.90176 0 0 0 0.332568 0.943079
568.200000000 -6.37511 8.85062 0 0 0 0.0406667 0.999173
569.800000000 -5.36087 8.69919 0 0 0 -0.0374532 0.999298
571.600000000 -4.28127 8.69643 0 0 0 0.0175745 0.999846
574.100000000 -3.31149 8.75352 0 0 0 0.0182346 0.999834
575.800000000 -2.22147 8.74622 0 0 0 -0.0136369 0.999907
577.100000000 -1.24969 8.69543 0 0 0 -0.0349695 0.999388
578.400000000 -0.319471 8.6128 0 0 0 -0.0441913 0.999023
580.100000000 0.626926 8.24171 0 0 0 -0.321165 0.947023
581.400000000 0.927407 7.6241 0 0 0 -0.584226 0.811591
582.600000000 0.909226 6.93046 0 0 0 -0.772429 0.635101
584.000000000 0.474976 6.07259 0 0 0 -0.860773 0.508988
585.300000000 -0.00204858 5.23456 0 0 0 -0.838121 0.545485
586.800000000 -0.157159 4.25153 0 0 0 -0.725285 0.688448
589.200000000 -0.0471901 3.26572 0 0 0 -0.667719 0.744413
594.000000000 0.0541627 2.29688 0 0 0 -0.674134 0.738609
598.800000000 0.0852689 1.32671 0 0 0 -0.704348 0.709855
603.300000000 0.0492042 0.36286 0 0 0 -0.72448 0.689296
607.000000000 -0.010442 -0.597749 0 0 0 -0.725883 0.687818
611.600000000 -0.0378079 -1.51145 0 0 0 -0.712363 0.701811
616.500000000 -0.0466223 -2.47409 0 0 0 -0.707905 0.706308
621.400000000 -0.0525978 -3.44105 0 0 0 -0.707674 0.706539
625.400000000 -0.0546569 -4.44302 0 0 0 -0.707509 0.706704
626.900000000 -0.0545621 -5.49447 0 0 0 -0.707509 0.706705
628.100000000 -0.0518039 -6.39918 0 0 0 -0.707559 0.706654
629.500000000 -0.0491451 -7.45275 0 0 0 -0.707629 0.706584
630.800000000 -0.0536145 -8.47074 0 0 0 -0.729561 0.683915
632.100000000 -0.353027 -9.45534 0 0 0 -0.804074 0.594529
633.600000000 -0.987283 -10.147 0 0 0 -0.935742 0.352686
634.800000000 -1.60715 -10.3524 0 0 0 -0.997571 0.0696571
635.500000000 -1.62001 -10.2548 0 0 0 0.979514 0.201375
637.000000000 -2.62079 -9.90021 0 0 0 0.995594 0.0937637
637.600000000 -2.78067 -10.015 0 0 0 -0.985467 0.169869
638.200000000 -2.70564 -10.1219 0 0 0 -0.890947 0.454107
638.900000000 -2.59237 -10.1933 0 0 0 -0.680514 0.732735
639.500000000 -2.33477 -10.0512 0 0 0 -0.445898 0.895084
640.100000000 -2.2177 -10.0232 0 0 0 -0.194355 0.980931
641.100000000 -1.67941 -9.9742 0 0 0 0.0167489 0.99986
642.400000000 -0.725735 -9.81524 0 0 0 0.111855 0.993724
650.100000000 0.211314 -9.3698 0 0 0 0.304741 0.952435
651.500000000 0.897063 -8.61608 0 0 0 0.438283 0.898837
652.900000000 1.39847 -7.67896 0 0 0 0.582251 0.813009
654.200000000 1.48806 -6.72687 0 0 0 0.710338 0.703861
655.500000000 1.27068 -5.79069 0 0 0 0.789232 0.614095
656.900000000 1.18631 -4.74382 0 0 0 0.720007 0.693967
658.200000000 1.21186 -3.78645 0 0 0 0.672757 0.739863
659.500000000 1.25819 -2.81866 0 0 0 0.700337 0.713812
660.700000000 1.26078 -1.90609 0 0 0 0.720528 0.693426
662.100000000 1.22653 -0.8616 0 0 0 0.712663 0.701507
663.300000000 1.23511 0.0415297 0 0 0 0.698148 0.715953
665.200000000 1.21952 1.08436 0 0 0 0.751152 0.660129
665.900000000 1.10493 1.05602 0 0 0 0.927583 0.373617
666.400000000 1.05062 0.960869 0 0 0 0.991071 0.133337
667.100000000 1.05524 0.824355 0 0 0 -0.976763 0.214324
667.600000000 1.1294 0.77963 0 0 0 -0.893849 0.448369
668.300000000 1.23898 0.751171 0 0 0 -0.684619 0.728901
668.900000000 1.35201 0.754448 0 0 0 -0.438525 0.898719
670.600000000 2.25786 0.247827 0 0 0 -0.319853 0.947467
672.400000000 3.02105 -0.14072 0 0 0 -0.0621436 0.998067
673.500000000 3.20952 -0.0235393 0 0 0 0.239417 0.970917
674.400000000 3.13254 0.0614891 0 0 0 0.517556 0.85565
675.400000000 3.02496 0.184617 0 0 0 0.734978 0.678091
677.100000000 2.76873 0.655951 0 0 0 0.894876 0.446314
678.000000000 2.69916 0.55988 0 0 0 0.986428 0.164195
678.800000000 2.69256 0.453119 0 0 0 -0.994668 0.103127
680.400000000 2.25111 0.0707337 0 0 0 -0.944092 0.329683
681.700000000 2.0549 -0.295073 0 0 0 -0.788642 0.614853
682.400000000 2.15472 -0.315298 0 0 0 -0.553759 0.832677
683.300000000 2.48456 -0.598641 0 0 0 -0.33445 0.942413
684.700000000 3.22865 -1.23423 0 0 0 -0.412006 0.911181
686.000000000 3.67497 -2.07793 0 0 0 -0.559455 0.82886
687.400000000 3.83022 -3.03601 0 0 0 -0.676098 0.736811
689.500000000 3.82891 -3.98872 0 0 0 -0.726507 0.687159
693.200000000 3.77057 -4.89752 0 0 0 -0.71944 0.694554
697.900000000 3.74137 -5.81147 0 0 0 -0.71167 0.702514
702.700000000 3.73943 -6.76952 0 0 0 -0.709032 0.705176
707.700000000 3.73337 -7.75303 0 0 0 -0.709165 0.705043
711.400000000 3.69764 -8.92735 0 0 0 -0.659248 0.751925
712.700000000 4.11483 -9.74576 0 0 0 -0.517016 0.855976
714.100000000 4.77634 -10.4968 0 0 0 -0.377052 0.926192
715.500000000 5.52515 -11.2221 0 0 0 -0.381088 0.924539
716.800000000 6.21014 -11.9151 0 0 0 -0.390396 0.920647
718.300000000 6.78819 -12.8494 0 0 0 -0.546697 0.837331
720.100000000 7.12894 -13.5092 0 0 0 -0.249316 0.968422
720.600000000 7.17131 -13.4469 0 0 0 -0.0358725 0.999356
722.100000000 8.10469 -13.1351 0 0 0 0.205322 0.978694
723.500000000 9.07993 -12.7834 0 0 0 0.123911 0.992293
724.800000000 10.0486 -12.7087 0 0 0 -0.00159387 0.999999
726.400000000 10.8784 -12.3892 0 0 0 0.292122 0.956381
727.700000000 11.5983 -11.7217 0 0 0 0.392925 0.919571
729.000000000 12.2805 -11.0273 0 0 0 0.377198 0.926133
730.400000000 13.1142 -10.3925 0 0 0 0.275188 0.961391
731.800000000 14.0914 -9.98531 0 0 0 0.136209 0.99068
733.100000000 15.0292 -9.8553 0 0 0 0.0321845 0.999482
734.400000000 16.0019 -9.86783 0 0 0 -0.0272563 0.999628
735.700000000 16.9697 -9.94447 0 0 0 -0.0522497 0.998634
737.000000000 17.9358 -10.0489 0 0 0 -0.0533262 0.998577
738.300000000 18.9542 -10.1505 0 0 0 -0.0345065 0.999404
739.000000000 19.0104 -10.0326 0 0 0 0.247597 0.968863
739.700000000 18.9873 -9.87999 0 0 0 0.52305 0.852302
740.900000000 18.9597 -9.25461 0 0 0 0.74278 0.669536
742.300000000 18.696 -8.26253 0 0 0 0.7916 0.61104
743.700000000 18.5309 -7.21831 0 0 0 0.748081 0.663607
745.200000000 18.3551 -6.26537 0 0 0 0.828928 0.559355
746.700000000 17.693 -5.47735 0 0 0 0.923042 0.384699
747.900000000 17.0457 -4.85914 0 0 0 0.92648 0.376344
749.300000000 16.3036 -4.1167 0 0 0 0.92198 0.387238
750.600000000 15.628 -3.40807 0 0 0 0.918374 0.395712
751.900000000 15.0076 -2.66896 0 0 0 0.883899 0.467677
753.200000000 14.6395 -1.77359 0 0 0 0.801195 0.598404
754.500000000 14.5539 -0.821616 0 0 0 0.707215 0.706998
755.900000000 14.6796 0.214004 0 0 0 0.650024 0.759914
757.100000000 14.7349 1.10572 0 0 0 0.681416 0.731896
758.500000000 14.7375 2.15922 0 0 0 0.711983 0.702197
759.800000000 14.7338 3.13264 0 0 0 0.707165 0.707049
761.100000000 14.7322 4.10597 0 0 0 0.70723 0.706984
762.400000000 14.7359 5.0788 0 0 0 0.701711 0.712461
763.600000000 14.747 5.97096 0 0 0 0.695265 0.718753
765.000000000 14.7989 7.02211 0 0 0 0.68511 0.728439
766.200000000 14.8633 7.92124 0 0 0 0.677756 0.735287
767.700000000 15.262 8.77398 0 0 0 0.45801 0.888947
769.100000000 16.0235 9.35563 0 0 0 0.251489 0.96786
770.100000000 16.3655 9.35643 0 0 0 -0.073335 0.997307
770.800000000 16.4282 9.20919 0 0 0 -0.351397 0.936227
773.300000000 17.0202 8.81332 0 0 0 -0.0505314 0.998722
774.800000000 18.0065 8.99033 0 0 0 0.125472 0.992097
776.200000000 18.9764 9.18124 0 0 0 0.0548628 0.998494
777.400000000 19.8991 9.18284 0 0 0 -0.0387989 0.999247
778.700000000 20.8672 9.07714 0 0 0 -0.0634775 0.997983
780.100000000 21.8273 8.79271 0 0 0 -0.212258 0.977214
781.600000000 22.6655 8.13767 0 0 0 -0.395401 0.918508
782.900000000 23.212 7.29024 0 0 0 -0.503704 0.863876
784.200000000 23.5657 6.38064 0 0 0 -0.593391 0.804914
785.600000000 23.7989 5.41706 0 0 0 -0.663259 0.74839
787.100000000 24.1275 4.5022 0 0 0 -0.472822 0.881158
788.300000000 24.6746 4.16906 0 0 0 -0.210602 0.977572
789.600000000 25.3714 4.21488 0 0 0 0.0873811 0.996175
791.000000000 26.3266 4.57648 0 0 0 0.196592 0.980485
791.800000000 26.4152 4.73851 0 0 0 0.485451 0.874264
792.400000000 26.3008 4.7683 0 0 0 0.722118 0.69177
793.000000000 26.194 4.72563 0 0 0 0.895575 0.444911
793.600000000 26.0927 4.65124 0 0 0 0.984049 0.177897
794.300000000 25.954 4.54558 0 0 0 -0.994659 0.103213
796.000000000 25.0519 3.90177 0 0 0 -0.954199 0.299173
797.400000000 24.1406 3.40051 0 0 0 -0.980684 0.195601
798.800000000 23.1334 3.25042 0 0 0 -0.999958 0.00911177
800.100000000 22.1622 3.39019 0 0 0 0.995665 0.0930099
801.300000000 21.2777 3.58923 0 0 0 0.996306 0.0858756
802.700000000 20.2365 3.62489 0 0 0 -0.999863 0.0165415
804.000000000 19.2531 3.55323 0 0 0 -0.999587 0.0287359
805.300000000 18.2753 3.54395 0 0 0 0.999964 0.00848609
806.600000000 17.2973 3.54488 0 0 0 0.999996 0.00286582
807.900000000 16.3173 3.57324 0 0 0 -0.999988 0.00487873
809.100000000 15.4082 3.56839 0 0 0 -0.999988 0.00484554
810.500000000 14.3546 3.58051 0 0 0 0.999987 0.00508469
811.800000000 13.381 3.58188 0 0 0 0.999998 0.00202217
813.100000000 12.4024 3.58687 0 0 0 -0.999997 0.00260891
814.400000000 11.4875 3.56187 0 0 0 -0.997847 0.0655817
815.000000000 11.5169 3.43885 0 0 0 -0.939356 0.342943
815.600000000 11.5919 3.36335 0 0 0 -0.802115 0.59717
816.200000000 11.7099 3.29757 0 0 0 -0.613499 0.789696
817.200000000 12.0571 2.88887 0 0 0 -0.410871 0.911694
818.600000000 12.8185 2.19296 0 0 0 -0.361279 0.932458
820.000000000 13.4784 1.54349 0 0 0 -0.380429 0.92481
821.500000000 14.2068 0.816154 0 0 0 -0.38169 0.924291
822.800000000 14.8952 0.13147 0 0 0 -0.381083 0.924541
824.100000000 15.5919 -0.560466 0 0 0 -0.382047 0.924143
825.300000000 16.2252 -1.19678 0 0 0 -0.381453 0.924388
826.700000000 16.9726 -1.93824 0 0 0 -0.38149 0.924373
827.900000000 17.6113 -2.56984 0 0 0 -0.3815 0.924369
829.200000000 18.2989 -3.26145 0 0 0 -0.381531 0.924356
830.600000000 19.0449 -4.00233 0 0 0 -0.381601 0.924327
831.800000000 19.6819 -4.63138 0 0 0 -0.381814 0.924239
833.100000000 20.3934 -5.28819 0 0 0 -0.349931 0.936775
834.500000000 21.2937 -5.85492 0 0 0 -0.211039 0.977478
835.800000000 22.237 -6.04116 0 0 0 -0.044485 0.99901
837.100000000 23.1927 -5.94805 0 0 0 0.0605913 0.998163
838.800000000 24.2212 -5.98937 0 0 0 -0.138286 0.990392
840.000000000 24.743 -6.40159 0 0 0 -0.383628 0.923488
841.400000000 25.2698 -7.29162 0 0 0 -0.542878 0.839811
842.900000000 25.478 -8.35253 0 0 0 -0.677147 0.735848
844.200000000 25.3335 -9.28177 0 0 0 -0.739974 0.672636
845.600000000 25.4935 -10.2196 0 0 0 -0.58527 0.810838
847.100000000 26.1073 -10.9705 0 0 0 -0.351924 0.936029
848.000000000 26.4354 -11.0496 0 0 0 -0.0760458 0.997104
848.600000000 26.491 -10.947 0 0 0 0.189389 0.981902
849.300000000 26.3962 -10.8452 0 0 0 0.512209 0.858861
849.800000000 26.2993 -10.8224 0 0 0 0.708343 0.705868
850.500000000 26.2155 -10.878 0 0 0 0.908411 0.418078
851.000000000 26.1611 -10.9585 0 0 0 0.98348 0.181018
851.600000000 26.1395 -11.0967 0 0 0 -0.993236 0.116113
852.300000000 26.1689 -11.1925 0 0 0 -0.895041 0.445984
853.100000000 26.1784 -11.586 0 0 0 -0.773573 0.633708
854.800000000 26.3636 -12.6275 0 0 0 -0.64101 0.767532
856.100000000 26.4098 -13.6085 0 0 0 -0.723041 0.690805
857.300000000 26.2438 -14.4645 0 0 0 -0.756937 0.653488
858.700000000 26.1629 -15.4342 0 0 0 -0.725452 0.688272
860.000000000 26.1977 -16.5151 0 0 0 -0.691504 0.722373
861.300000000 26.2263 -17.4558 0 0 0 -0.697928 0.716168
862.600000000 26.2351 -18.4465 0 0 0 -0.709939 0.704263
863.800000000 26.2269 -19.3414 0 0 0 -0.710095 0.704106
865.200000000 26.2192 -20.3946 0 0 0 -0.710056 0.704146
866.500000000 26.2143 -21.3675 0 0 0 -0.709907 0.704296
867.800000000 26.1918 -22.3421 0 0 0 -0.709988 0.704214
869.000000000 26.2194 -23.2447 0 0 0 -0.683653 0.729807
870.400000000 26.4203 -24.3142 0 0 0 -0.638477 0.769641
871.600000000 26.6388 -25.1497 0 0 0 -0.595961 0.803014
872.600000000 26.8669 -25.5103 0 0 0 -0.35902 0.93333
873.300000000 26.9182 -25.384 0 0 0 -0.01723 0.999852
874.000000000 26.8656 -25.2539 0 0 0 0.328283 0.944579
874.600000000 26.7583 -25.1872 0 0 0 0.592654 0.805457
875.300000000 26.6391 -25.1974 0 0 0 0.833334 0.55277
875.900000000 26.5458 -25.2348 0 0 0 0.959647 0.281209
876.500000000 26.4332 -25.3665 0 0 0 -0.999999 0.00110022
877.300000000 26.251 -25.5037 0 0 0 -0.966743 0.255751
878.800000000 25.5045 -26.2873 0 0 0 -0.892923 0.45021
880.000000000 25.1058 -27.0959 0 0 0 -0.847093 0.531444
881.400000000 24.7544 -28.0867 0 0 0 -0.775407 0.631462
882.700000000 24.6176 -29.0036 0 0 0 -0.797332 0.603541
884.200000000 24.0444 -29.7431 0 0 0 -0.932492 0.36119
884.900000000 23.9128 -29.713 0 0 0 -0.99734 0.0728872
885.400000000 23.8913 -29.6057 0 0 0 0.986752 0.162237
886.100000000 23.9441 -29.4862 0 0 0 0.879193 0.476466
886.800000000 23.9937 -29.2637 0 0 0 0.730385 0.683036
887.700000000 24.1579 -28.9514 0 0 0 0.514267 0.85763
888.600000000 24.524 -28.7345 0 0 0 0.304541 0.952499
890.100000000 25.1735 -28.0085 0 0 0 0.508185 0.861248
891.400000000 25.2614 -27.2529 0 0 0 0.716636 0.697448
892.800000000 24.8775 -26.4904 0 0 0 0.881568 0.472056
894.200000000 24.1936 -25.9819 0 0 0 0.974332 0.225115
895.800000000 23.2556 -25.8057 0 0 0 0.999373 0.0354006
897.900000000 22.1825 -25.8826 0 0 0 -0.998234 0.0594017
899.200000000 21.224 -26.0291 0 0 0 -0.9964 0.0847811
900.600000000 20.1864 -26.1974 0 0 0 -0.996796 0.079992
901.900000000 19.2355 -26.3198 0 0 0 -0.997745 0.0671212
903.600000000 18.3269 -26.426 0 0 0 -0.999042 0.0437602
907.700000000 17.3366 -26.4733 0 0 0 -0.999669 0.0257375
909.300000000 16.3379 -26.6986 0 0 0 -0.99294 0.118618
910.600000000 15.4534 -27.082 0 0 0 -0.967795 0.251739
911.800000000 14.7589 -27.6025 0 0 0 -0.951868 0.306507
913.200000000 13.8145 -28.039 0 0 0 -0.988372 0.152053
914.600000000 12.8555 -28.128 0 0 0 -0.999993 0.00386231
916.700000000 11.8631 -28.0501 0 0 0 0.998887 0.0471579
920.400000000 10.8835 -27.9965 0 0 0 0.999993 0.00360814
922.400000000 9.88444 -28.0204 0 0 0 -0.999881 0.0154066
924.300000000 8.89017 -28.0629 0 0 0 -0.999776 0.0211598
926.200000000 7.96212 -28.0648 0 0 0 -0.999995 0.00329707
929.200000000 6.85273 -28.1089 0 0 0 -0.999939 0.0110339
930.500000000 5.88383 -28.2471 0 0 0 -0.989115 0.147143
931.900000000 5.14119 -28.7854 0 0 0 -0.942472 0.334284
933.100000000 4.48686 -29.4682 0 0 0 -0.894654 0.44676
934.300000000 4.35904 -29.9476 0 0 0 -0.702505 0.711679
935.400000000 4.62835 -30.5158 0 0 0 -0.510015 0.860165
936.600000000 5.20835 -31.1956 0 0 0 -0.379266 0.925288
938.100000000 5.98651 -31.6175 0 0 0 -0.0905653 0.995891
938.900000000 6.22232 -31.4973 0 0 0 0.184067 0.982914
939.600000000 6.24474 -31.3632 0 0 0 0.462706 0.886512
940.200000000 6.13176 -31.3278 0 0 0 0.70407 0.710131
940.900000000 5.96411 -31.2061 0 0 0 0.869501 0.493932
941.900000000 5.54707 -30.966 0 0 0 0.966662 0.256057
943.300000000 4.5711 -30.6749 0 0 0 0.996548 0.0830181
944.600000000 3.58694 -30.6467 0 0 0 -0.999873 0.0159317
945.800000000 3.09315 -30.8013 0 0 0 -0.948356 0.317209
946.500000000 3.20864 -30.8908 0 0 0 -0.782758 0.622326
947.000000000 3.30644 -30.8822 0 0 0 -0.603508 0.797357
947.700000000 3.41753 -30.8023 0 0 0 -0.293432 0.95598
948.400000000 3.44161 -30.6892 0 0 0 0.0527937 0.998605
949.200000000 3.73111 -30.4812 0 0 0 0.2793 0.960204
950.700000000 4.41227 -29.79 0 0 0 0.455034 0.890474
952.000000000 4.96512 -28.9698 0 0 0 0.432707 0.901535
953.300000000 5.72155 -28.3178 0 0 0 0.301516 0.953461
954.600000000 6.60474 -27.9401 0 0 0 0.151275 0.988492
955.900000000 7.55814 -27.766 0 0 0 0.042503 0.999096
957.200000000 8.54125 -27.7885 0 0 0 -0.0216609 0.999765
958.500000000 9.50805 -27.8622 0 0 0 -0.061193 0.998126
959.800000000 10.4751 -28.0605 0 0 0 -0.081798 0.996649
961.100000000 11.427 -28.247 0 0 0 -0.11506 0.993359
962.400000000 12.3123 -28.6258 0 0 0 -0.256479 0.96655
963.800000000 12.7942 -29.1777 0 0 0 -0.550266 0.83499
964.500000000 12.7493 -29.3756 0 0 0 -0.742308 0.670059
965.900000000 12.35 -30.1749 0 0 0 -0.88623 0.463245
967.200000000 11.7146 -30.8736 0 0 0 -0.908861 0.4171
968.700000000 11.1762 -31.2822 0 0 0 -0.994892 0.100942
969.400000000 11.1873 -31.1365 0 0 0 0.970766 0.240029
970.000000000 11.259 -31.0565 0 0 0 0.860025 0.510252
970.700000000 11.3607 -30.9093 0 0 0 0.674838 0.737966
971.600000000 11.6061 -30.5892 0 0 0 0.471597 0.881814
972.900000000 12.2837 -29.9418 0 0 0 0.341705 0.939807
974.300000000 13.1477 -29.3427 0 0 0 0.273984 0.961734
975.600000000 14.0609 -28.9621 0 0 0 0.129604 0.991566
976.900000000 15.001 -28.9543 0 0 0 -0.027535 0.999621
978.200000000 15.9678 -29.103 0 0 0 -0.090033 0.995939
979.500000000 16.9271 -29.3096 0 0 0 -0.0992144 0.995066
981.000000000 17.9125 -29.7424 0 0 0 -0.279059 0.960274
981.900000000 17.9597 -29.964 0 0 0 -0.595263 0.803531
982.400000000 17.8529 -29.9549 0 0 0 -0.772271 0.635294
983.000000000 17.7464 -29.9129 0 0 0 -0.923787 0.382907
983.700000000 17.6212 -29.8344 0 0 0 -0.996244 0.0865945
984.500000000 17.3523 -29.6842 0 0 0 0.98445 0.175667
985.800000000 16.5116 -29.2091 0 0 0 0.956831 0.290646
987.200000000 15.7292 -28.4759 0 0 0 0.921655 0.388011
988.600000000 14.9554 -28.0629 0 0 0 0.981674 0.19057
990.100000000 13.9099 -27.9244 0 0 0 -0.999998 0.00175009
992.400000000 12.8678 -28.0002 0 0 0 -0.999715 0.0238673
993.800000000 11.8671 -28.0238 0 0 0 -0.999543 0.0302321
995.100000000 10.8763 -28.1029 0 0 0 -0.999721 0.0236233
997.300000000 9.89525 -28.116 0 0 0 -0.999978 0.006634
1000.000000000 8.89022 -28.1084 0 0 0 1 7.18887e-05
1002.900000000 7.96731 -28.1372 0 0 0 1 0.000154291
1006.200000000 6.98308 -28.0904 0 0 0 0.999971 0.0076511
1009.800000000 6.05722 -28.0997 0 0 0 0.999989 0.0047208
1013.500000000 5.099 -28.0894 0 0 0 0.999989 0.00460834
1017.000000000 4.09695 -28.0774 0 0 0 0.999993 0.0037961
1020.300000000 3.13223 -28.0705 0 0 0 0.999995 0.00317395
1023.800000000 2.12264 -28.0804 0 0 0 0.999995 0.00312284
1027.200000000 1.14874 -28.0917 0 0 0 -0.999895 0.0145216
1029.700000000 0.136554 -28.1147 0 0 0 -0.999834 0.0181997
1032.500000000 -0.870053 -28.1169 0 0 0 -0.999996 0.00269687
1034.100000000 -1.90686 -28.1157 0 0 0 0.999999 0.00125558
1035.400000000 -2.88986 -28.1167 0 0 0 -0.999999 0.00162126
1036.600000000 -3.783 -28.1265 0 0 0 -0.999933 0.0115689
1037.900000000 -4.75621 -28.1415 0 0 0 -0.999827 0.0186186
1039.400000000 -5.79889 -28.3461 0 0 0 -0.986078 0.166281
1040.800000000 -6.651 -28.9051 0 0 0 -0.936037 0.351901
1041.900000000 -6.86848 -29.3583 0 0 0 -0.799214 0.601046
1042.500000000 -6.81578 -29.5096 0 0 0 -0.643815 0.765181
1044.100000000 -6.25928 -30.382 0 0 0 -0.40539 0.914144
1045.400000000 -5.47361 -30.9005 0 0 0 -0.236149 0.971717
1046.900000000 -4.65196 -31.0376 0 0 0 0.0766225 0.99706
1047.500000000 -4.70201 -30.9411 0 0 0 0.368769 0.929521
1048.100000000 -4.80482 -30.8828 0 0 0 0.626906 0.779095
1048.600000000 -4.90503 -30.8644 0 0 0 0.794536 0.607217
1049.300000000 -5.02753 -30.8752 0 0 0 0.945596 0.325344
1050.400000000 -5.67607 -30.7614 0 0 0 0.994974 0.100137
1051.700000000 -6.63408 -30.6629 0 0 0 1 0.000580157
1053.000000000 -7.62368 -30.7574 0 0 0 -0.999696 0.0246658
1054.300000000 -8.59764 -30.7688 0 0 0 0.999973 0.00734712
1055.600000000 -9.56999 -30.7549 0 0 0 0.999995 0.0032165
1057.000000000 -10.6239 -30.7486 0 0 0 0.999995 0.00316006
1058.700000000 -11.41 -30.8877 0 0 0 -0.941391 0.337317
1059.300000000 -11.3112 -30.953 0 0 0 -0.799642 0.600478
1059.900000000 -11.1831 -30.9514 0 0 0 -0.586455 0.809982
1060.500000000 -11.0869 -30.8834 0 0 0 -0.320809 0.947144
1061.100000000 -11.0374 -30.7782 0 0 0 -0.0311323 0.999515
1061.700000000 -10.9275 -30.6064 0 0 0 0.200632 0.979667
1063.200000000 -10.2053 -29.9677 0 0 0 0.399271 0.916833
1064.600000000 -9.55673 -29.1479 0 0 0 0.435035 0.900414
1065.900000000 -8.87838 -28.4479 0 0 0 0.377548 0.92599
1067.300000000 -8.12749 -27.7091 0 0 0 0.379156 0.925333
1068.600000000 -7.43051 -27.0268 0 0 0 0.379891 0.925031
1070.000000000 -6.74218 -26.3336 0 0 0 0.379882 0.925035
1077.500000000 -6.03633 -25.5595 0 0 0 0.428245 0.903662
1078.900000000 -5.50728 -24.6926 0 0 0 0.501385 0.865224
1080.200000000 -5.08674 -23.7965 0 0 0 0.569138 0.822242
1081.400000000 -4.8293 -22.8988 0 0 0 0.622877 0.78232
1082.800000000 -4.71535 -21.9305 0 0 0 0.675378 0.737472
1084.100000000 -4.71283 -20.9286 0 0 0 0.721998 0.691895
1085.400000000 -4.75025 -19.9157 0 0 0 0.731368 0.681983
1086.600000000 -4.79123 -19.0542 0 0 0 0.710813 0.703381
1088.000000000 -4.77993 -18.011 0 0 0 0.701459 0.71271
1089.300000000 -4.75822 -17.0355 0 0 0 0.693821 0.720148
1090.700000000 -4.6989 -15.9795 0 0 0 0.687498 0.726186
1091.900000000 -4.65194 -15.0839 0 0 0 0.685748 0.727839
1093.400000000 -4.38165 -14.1523 0 0 0 0.511575 0.859238
1094.900000000 -3.65043 -13.4882 0 0 0 0.334354 0.942448
1096.300000000 -2.80764 -12.7468 0 0 0 0.434023 0.900902
1097.700000000 -2.4826 -11.8736 0 0 0 0.589919 0.807463
1099.100000000 -2.51204 -11.0063 0 0 0 0.77855 0.627582
1100.700000000 -3.06149 -10.1929 0 0 0 0.926826 0.375492
1101.600000000 -3.34116 -10.1031 0 0 0 0.991153 0.132727
1102.300000000 -3.34664 -10.1537 0 0 0 -0.983523 0.180781
1102.900000000 -3.30059 -10.2357 0 0 0 -0.900685 0.434473
1103.400000000 -3.31517 -10.2664 0 0 0 -0.782568 0.622565
1104.100000000 -3.07258 -10.276 0 0 0 -0.562504 0.826795
1104.600000000 -2.9694 -10.2353 0 0 0 -0.370758 0.92873
1105.300000000 -2.90772 -10.1495 0 0 0 -0.0749225 0.997189
1107.100000000 -1.9242 -9.91598 0 0 0 0.0668521 0.997763
1108.400000000 -1.59537 -9.97679 0 0 0 -0.19291 0.981216
1109.300000000 -1.62785 -10.0444 0 0 0 -0.454806 0.890591
1110.400000000 -1.73861 -10.0917 0 0 0 -0.696086 0.717959
1111.400000000 -1.80702 -10.1127 0 0 0 -0.894506 0.447056
1112.000000000 -1.90543 -10.0281 0 0 0 -0.985364 0.170462
1112.600000000 -1.94118 -9.91732 0 0 0 0.99272 0.120446
1113.100000000 -1.94283 -9.81028 0 0 0 0.934628 0.355626
1113.800000000 -1.81434 -9.73438 0 0 0 0.760778 0.649012
1114.400000000 -1.69084 -9.74823 0 0 0 0.54043 0.841389
1115.100000000 -1.59426 -9.80798 0 0 0 0.227088 0.973874
1115.700000000 -1.52296 -9.90686 0 0 0 -0.0309328 0.999521
1117.100000000 -0.483284 -10.0316 0 0 0 -0.0382314 0.999269
1118.500000000 0.242058 -9.88264 0 0 0 0.243706 0.969849
1119.400000000 0.289977 -9.59382 0 0 0 0.524602 0.851347
1121.100000000 0.462819 -8.72817 0 0 0 0.727613 0.685988
1123.200000000 0.590641 -8.00952 0 0 0 0.47382 0.880622
1124.100000000 0.737169 -8.03169 0 0 0 0.156901 0.987614
1124.800000000 0.734087 -8.13896 0 0 0 -0.186858 0.982387
1125.400000000 0.678918 -8.2413 0 0 0 -0.455623 0.890173
1126.100000000 0.627113 -8.4226 0 0 0 -0.682778 0.730626
1127.300000000 0.34516 -8.9995 0 0 0 -0.857522 0.514448
1128.500000000 -0.402375 -9.71263 0 0 0 -0.922749 0.385401
1130.100000000 -1.21145 -10.3148 0 0 0 -0.984562 0.175037
1131.800000000 -2.22583 -10.451 0 0 0 -0.999313 0.0370697
1133.400000000 -3.18389 -10.4221 0 0 0 0.999432 0.0337096
1134.700000000 -4.16001 -10.3453 0 0 0 0.999042 0.0437524
1136.000000000 -5.09136 -10.2343 0 0 0 0.999594 0.0284772
1138.400000000 -6.055 -10.2443 0 0 0 -0.999897 0.0143867
1142.400000000 -7.04544 -10.3182 0 0 0 -0.999548 0.0300467
1145.700000000 -7.98782 -10.3584 0 0 0 -0.99991 0.0134329
1149.600000000 -8.96344 -10.3673 0 0 0 -0.999996 0.00296305
1153.300000000 -9.91877 -10.3669 0 0 0 -0.999999 0.0011907
1156.200000000 -10.9156 -10.3683 0 0 0 -0.999999 0.00122929
1157.500000000 -11.8904 -10.3699 0 0 0 0.999998 0.00222899
1158.800000000 -12.8667 -10.3307 0 0 0 0.998698 0.0510034
1160.400000000 -13.8783 -10.0093 0 0 0 0.966034 0.258415
1161.800000000 -14.6351 -9.31036 0 0 0 0.919477 0.393143
1163.000000000 -15.2483 -8.6571 0 0 0 0.91899 0.394281
1164.400000000 -15.9903 -7.90993 0 0 0 0.92546 0.378845
1165.800000000 -16.7288 -7.24032 0 0 0 0.95043 0.310939
1166.300000000 -16.8071 -7.34207 0 0 0 0.996819 0.0797003
1167.000000000 -16.7615 -7.44522 0 0 0 -0.963677 0.267071
1167.700000000 -16.669 -7.51072 0 0 0 -0.813361 0.581759
1168.200000000 -16.5705 -7.52575 0 0 0 -0.643248 0.765658
1169.100000000 -16.2855 -7.79449 0 0 0 -0.421359 0.906894
1170.800000000 -15.2668 -8.4984 0 0 0 -0.252417 0.967619
1172.200000000 -14.7007 -8.68737 0 0 0 0.0705281 0.99751
1172.800000000 -14.7512 -8.5704 0 0 0 0.360457 0.932776
1173.400000000 -14.8532 -8.5101 0 0 0 0.619983 0.784615
1173.900000000 -14.9613 -8.5179 0 0 0 0.79443 0.607356
1174.600000000 -15.0614 -8.58101 0 0 0 0.954702 0.297564
1175.200000000 -15.0964 -8.70401 0 0 0 0.999997 0.00230606
1176.000000000 -15.3289 -8.86316 0 0 0 -0.971059 0.238841
1177.100000000 -15.7284 -9.31629 0 0 0 -0.873136 0.487477
1178.400000000 -16.32 -10.0918 0 0 0 -0.918008 0.396562
1179.700000000 -17.0082 -10.7616 0 0 0 -0.928284 0.371872
1181.000000000 -17.7101 -11.4494 0 0 0 -0.924487 0.381213
1182.200000000 -18.294 -12.128 0 0 0 -0.895473 0.445116
1183.600000000 -18.7844 -13.0485 0 0 0 -0.827585 0.56134
1185.000000000 -18.8942 -14.0334 0 0 0 -0.696898 0.717171
1186.300000000 -18.7633 -15.0351 0 0 0 -0.621323 0.783555
1187.600000000 -18.5535 -15.9644 0 0 0 -0.674954 0.73786
1188.900000000 -18.5316 -16.9285 0 0 0 -0.708171 0.706041
1189.900000000 -18.4046 -17.1841 0 0 0 -0.437157 0.899385
1190.400000000 -18.3478 -17.1061 0 0 0 -0.201611 0.979466
1191.400000000 -17.9215 -17.0316 0 0 0 0.0880724 0.996114
1192.800000000 -17.0822 -16.6368 0 0 0 0.230307 0.973118
1194.200000000 -16.122 -16.4529 0 0 0 0.0256109 0.999672
1195.000000000 -15.8761 -16.5591 0 0 0 -0.239007 0.971018
1195.700000000 -15.9713 -16.669 0 0 0 -0.552638 0.833421
1196.200000000 -16.068 -16.6682 0 0 0 -0.739189 0.673498
1196.800000000 -16.1958 -16.7162 0 0 0 -0.887659 0.460501
1197.600000000 -16.4324 -16.7452 0 0 0 -0.9834 0.181452
1199.100000000 -17.4543 -16.7592 0 0 0 0.999849 0.0174009
1200.400000000 -18.4232 -16.6474 0 0 0 0.995538 0.0943628
1201.400000000 -18.8024 -16.7616 0 0 0 -0.979171 0.203038
1202.900000000 -19.5844 -17.4448 0 0 0 -0.924724 0.380638
1204.300000000 -20.3053 -18.2037 0 0 0 -0.914821 0.40386
1205.600000000 -20.8481 -19.0733 0 0 0 -0.853966 0.52033
1206.800000000 -21.0873 -19.8717 0 0 0 -0.773167 0.634203
1208.200000000 -21.0731 -20.9305 0 0 0 -0.66335 0.74831
1209.500000000 -20.9614 -21.8878 0 0 0 -0.675327 0.737518
1210.700000000 -20.9057 -22.79 0 0 0 -0.692677 0.721248
1212.100000000 -20.922 -23.8338 0 0 0 -0.7223 0.69158
1213.300000000 -20.9908 -24.7316 0 0 0 -0.750139 0.66128
1214.600000000 -21.0925 -25.7001 0 0 0 -0.735965 0.677019
1216.000000000 -21.1425 -26.7513 0 0 0 -0.71537 0.698746
1217.400000000 -21.1452 -27.8038 0 0 0 -0.708596 0.705614
1219.000000000 -21.0865 -28.8806 0 0 0 -0.563154 0.826352
1220.500000000 -20.3571 -29.6045 0 0 0 -0.379855 0.925046
1221.800000000 -19.6649 -30.29 0 0 0 -0.379341 0.925257
1223.000000000 -19.002 -30.9032 0 0 0 -0.34755 0.937661
1224.600000000 -18.2229 -31.3715 0 0 0 -0.0915221 0.995803
1225.300000000 -18.2457 -31.2362 0 0 0 0.255465 0.966818
1225.900000000 -18.332 -31.1552 0 0 0 0.529749 0.848155
1226.600000000 -18.437 -31.1112 0 0 0 0.769093 0.639137
1227.500000000 -18.6892 -30.8508 0 0 0 0.904252 0.427
1228.900000000 -19.5053 -30.1949 0 0 0 0.964603 0.263707
1230.200000000 -20.402 -29.7977 0 0 0 0.990921 0.134444
1231.700000000 -21.4397 -29.8392 0 0 0 -0.996292 0.0860345
1233.100000000 -22.4548 -30.1065 0 0 0 -0.993767 0.111478
1234.500000000 -23.4925 -30.2199 0 0 0 -0.999503 0.0315124
1235.800000000 -24.4648 -30.2304 0 0 0 0.999938 0.0111126
1237.000000000 -24.8231 -30.0781 0 0 0 0.936229 0.35139
1237.600000000 -24.7811 -29.9551 0 0 0 0.813005 0.582257
1238.800000000 -24.73 -29.2289 0 0 0 0.65723 0.75369
1240.100000000 -24.5489 -28.2763 0 0 0 0.662759 0.748832
1241.400000000 -24.717 -27.5291 0 0 0 0.834367 0.551209
1243.000000000 -25.4473 -26.7281 0 0 0 0.927827 0.373011
1244.300000000 -26.1452 -26.048 0 0 0 0.924911 0.380183
1245.700000000 -26.884 -25.2985 0 0 0 0.92261 0.385734
1246.900000000 -27.5325 -24.6695 0 0 0 0.930864 0.365366
1248.300000000 -28.3188 -24.008 0 0 0 0.929268 0.369407
1249.300000000 -28.5348 -23.5374 0 0 0 0.811866 0.583843
1250.700000000 -28.5889 -22.5333 0 0 0 0.687487 0.726196
1252.100000000 -28.3802 -21.5001 0 0 0 0.619387 0.785086
1253.300000000 -28.207 -20.6189 0 0 0 0.647027 0.762467
1255.100000000 -28.2434 -19.7423 0 0 0 0.871994 0.489516
1255.700000000 -28.3217 -19.8213 0 0 0 0.977709 0.209965
1256.300000000 -28.3314 -19.9476 0 0 0 -0.996141 0.0877671
1257.400000000 -28.7314 -20.3203 0 0 0 -0.932036 0.362366
1258.700000000 -29.3876 -21.0386 0 0 0 -0.911183 0.412002
1260.000000000 -30.0659 -21.7384 0 0 0 -0.92637 0.376614
1261.200000000 -30.6789 -22.3986 0 0 0 -0.902529 0.430629
1262.700000000 -31.1203 -23.3761 0 0 0 -0.798543 0.601938
1264.100000000 -31.2098 -24.4175 0 0 0 -0.693551 0.720408
1265.300000000 -31.0341 -25.3096 0 0 0 -0.650346 0.759638
1266.600000000 -30.925 -26.2741 0 0 0 -0.68173 0.731604
1268.000000000 -30.9926 -27.3259 0 0 0 -0.739124 0.673569
1269.300000000 -31.0549 -28.3067 0 0 0 -0.722242 0.69164
1270.500000000 -31.064 -29.4479 0 0 0 -0.701765 0.712408
1272.000000000 -31.0118 -30.3316 0 0 0 -0.692764 0.721164
1273.500000000 -31.0385 -31.3054 0 0 0 -0.776513 0.630101
1274.000000000 -31.1278 -31.2728 0 0 0 -0.90692 0.421304
1274.700000000 -31.1995 -31.1598 0 0 0 -0.995734 0.092274
1275.300000000 -31.1901 -31.0447 0 0 0 0.979409 0.201887
1276.100000000 -31.2149 -30.8565 0 0 0 0.861286 0.50812
1277.500000000 -31.2733 -29.9947 0 0 0 0.720831 0.693111
1279.000000000 -31.1574 -28.9356 0 0 0 0.641241 0.76734
1280.800000000 -30.8673 -27.9496 0 0 0 0.570765 0.821114
1282.200000000 -30.3271 -27.0703 0 0 0 0.427975 0.90379
1283.500000000 -29.6334 -26.3758 0 0 0 0.374979 0.927033
1284.800000000 -29.0486 -25.5927 0 0 0 0.488466 0.872583
1286.200000000 -28.7902 -24.6942 0 0 0 0.65403 0.756469
1287.500000000 -28.8571 -23.7439 0 0 0 0.760557 0.649271
1289.300000000 -29.0199 -22.7386 0 0 0 0.759043 0.65104
1292.700000000 -29.0821 -21.7811 0 0 0 0.721641 0.692267
1294.600000000 -29.0548 -20.7319 0 0 0 0.685138 0.728413
1296.700000000 -29.0234 -19.7736 0 0 0 0.704006 0.710194
1299.700000000 -29.0346 -18.8127 0 0 0 0.70743 0.706783
1302.700000000 -29.0356 -17.8202 0 0 0 0.70743 0.706783
1306.300000000 -29.0744 -16.8296 0 0 0 0.734018 0.67913
1308.000000000 -29.3634 -15.9604 0 0 0 0.849919 0.526913
1309.300000000 -29.9765 -15.269 0 0 0 0.934482 0.356011
1310.300000000 -30.0994 -14.9399 0 0 0 0.786123 0.61807
1311.300000000 -30.01 -14.4915 0 0 0 0.558003 0.829839
1312.700000000 -29.399 -13.7115 0 0 0 0.438912 0.89853
1313.900000000 -28.861 -12.9589 0 0 0 0.536612 0.843829
1315.400000000 -28.697 -11.9227 0 0 0 0.679324 0.733839
1317.700000000 -28.7694 -10.9424 0 0 0 0.741454 0.671004
1321.800000000 -28.8795 -9.94473 0 0 0 0.737444 0.675408
1325.500000000 -28.9133 -8.99207 0 0 0 0.707574 0.706639
1327.900000000 -28.8998 -8.02049 0 0 0 0.700751 0.713406
1330.300000000 -28.8769 -7.05192 0 0 0 0.695232 0.718786
1333.200000000 -28.8365 -6.16552 0 0 0 0.700465 0.713687
1336.400000000 -28.8107 -5.21118 0 0 0 0.704338 0.709865
1340.000000000 -28.8042 -4.21283 0 0 0 0.705788 0.708423
1343.400000000 -28.7983 -3.25624 0 0 0 0.705973 0.708239
1347.000000000 -28.7947 -2.26099 0 0 0 0.705961 0.708251
1349.100000000 -28.9186 -1.7749 0 0 0 0.896022 0.444009
1349.700000000 -28.9955 -1.88107 0 0 0 0.987051 0.160405
1350.400000000 -29.0007 -1.95352 0 0 0 -0.982176 0.187964
1351.500000000 -29.491 -2.40124 0 0 0 -0.916757 0.399446
1352.700000000 -30.0419 -3.21272 0 0 0 -0.917351 0.398079
1354.100000000 -30.8325 -3.92883 0 0 0 -0.928607 0.371065
1355.400000000 -31.5298 -4.61202 0 0 0 -0.92504 0.379869
1356.700000000 -32.2087 -5.30207 0 0 0 -0.922072 0.387018
1358.100000000 -32.977 -6.02091 0 0 0 -0.942502 0.334199
1359.400000000 -33.8191 -6.51283 0 0 0 -0.974822 0.222986
1360.800000000 -34.8184 -6.82536 0 0 0 -0.994522 0.104527
1362.100000000 -35.7893 -6.89233 0 0 0 0.999978 0.00669823
1363.900000000 -36.953 -7.17723 0 0 0 -0.971975 0.235084
1365.000000000 -37.2423 -7.53814 0 0 0 -0.853153 0.521661
1365.600000000 -37.1861 -7.61267 0 0 0 -0.689247 0.724527
1366.600000000 -36.987 -7.63067 0 0 0 -0.31209 0.950052
1367.300000000 -36.9614 -7.49933 0 0 0 0.0313336 0.999509
1367.900000000 -37.02 -7.39014 0 0 0 0.324932 0.945737
1368.500000000 -37.0535 -7.27558 0 0 0 0.580258 0.814433
1369.200000000 -37.1637 -7.21858 0 0 0 0.793812 0.608164
1370.200000000 -37.5141 -6.82389 0 0 0 0.920459 0.390839
1371.400000000 -38.187 -6.22615 0 0 0 0.933274 0.359165
1373.100000000 -38.8469 -5.84196 0 0 0 0.99994 0.0109422
1373.800000000 -38.8047 -5.97465 0 0 0 -0.942872 0.333154
1374.300000000 -38.7267 -6.02927 0 0 0 -0.831491 0.555538
1375.000000000 -38.6093 -6.03308 0 0 0 -0.589183 0.808
1375.700000000 -38.4917 -5.95249 0 0 0 -0.277487 0.960729
1376.300000000 -38.4511 -5.85434 0 0 0 0.0188109 0.999823
1377.000000000 -38.2431 -5.6753 0 0 0 0.239307 0.970944
1378.100000000 -37.9406 -5.22971 0 0 0 0.501678 0.865054
1379.400000000 -37.4055 -4.42642 0 0 0 0.414812 0.909907
1380.700000000 -36.6919 -3.74809 0 0 0 0.364995 0.931009
1381.900000000 -36.0325 -3.12107 0 0 0 0.377435 0.926036
1383.200000000 -35.3464 -2.4314 0 0 0 0.385194 0.922836
1384.600000000 -34.6639 -1.73636 0 0 0 0.384017 0.923326
1391.700000000 -33.9722 -1.03259 0 0 0 0.388197 0.921576
1393.200000000 -33.2672 -0.177067 0 0 0 0.462095 0.88683
1394.700000000 -32.9092 0.76188 0 0 0 0.622054 0.782974
1396.200000000 -32.8978 1.88069 0 0 0 0.748049 0.663644
1397.600000000 -33.0137 2.84914 0 0 0 0.737345 0.675516
1400.600000000 -33.0449 3.74147 0 0 0 0.715255 0.698863
1404.700000000 -33.0519 4.73445 0 0 0 0.709076 0.705132
1409.100000000 -33.0571 5.68742 0 0 0 0.709112 0.705096
1414.000000000 -33.0648 6.66589 0 0 0 0.708683 0.705527
1418.800000000 -33.0696 7.62187 0 0 0 0.708567 0.705644
1423.600000000 -33.0652 8.57078 0 0 0 0.699713 0.714424
1426.600000000 -33.055 9.65622 0 0 0 0.707597 0.706616
1427.800000000 -33.0559 10.5598 0 0 0 0.707601 0.706612
1429.600000000 -32.918 11.4004 0 0 0 0.4266 0.90444
1430.200000000 -32.8428 11.3073 0 0 0 0.144901 0.989446
1431.000000000 -32.6983 11.1505 0 0 0 -0.178597 0.983922
1431.800000000 -32.5663 10.9239 0 0 0 -0.442874 0.896584
1432.600000000 -32.5719 10.6604 0 0 0 -0.66545 0.746442
1434.000000000 -32.5105 9.675 0 0 0 -0.681238 0.732062
1435.500000000 -32.282 9.06161 0 0 0 -0.462004 0.886878
1436.800000000 -31.9562 8.92629 0 0 0 -0.151452 0.988465
1437.700000000 -31.9552 9.05179 0 0 0 0.140006 0.990151
1438.500000000 -32.028 9.16248 0 0 0 0.397147 0.917755
1439.300000000 -32.1273 9.2033 0 0 0 0.639005 0.769203
1440.000000000 -32.2106 9.20192 0 0 0 0.809361 0.587311
1440.900000000 -32.4169 9.25226 0 0 0 0.948945 0.315442
1441.800000000 -32.7823 9.29145 0 0 0 0.998599 0.052907
1443.400000000 -33.783 8.96306 0 0 0 -0.988147 0.153508
1445.200000000 -34.536 8.54871 0 0 0 -0.899201 0.437535
1445.900000000 -34.4394 8.53643 0 0 0 -0.749931 0.661516
1446.600000000 -34.3266 8.55131 0 0 0 -0.54443 0.838807
1447.300000000 -34.2461 8.59903 0 0 0 -0.301209 0.953558
