0.300000000 0.2 0 0 0 0 0 1
9.300000000 0.98544 -0.132989 0 0 0 -0.343483 0.939159
9.900000000 0.885534 -0.196656 0 0 0 -0.6057 0.795693
10.500000000 0.767081 -0.192988 0 0 0 -0.8138 0.581145
11.000000000 0.681499 -0.143279 0 0 0 -0.932064 0.362292
11.600000000 0.630895 -0.0363889 0 0 0 -0.997502 0.0706445
12.300000000 0.659205 0.0978107 0 0 0 0.961245 0.275696
12.900000000 0.74823 0.17525 0 0 0 0.836858 0.54742
13.500000000 0.866067 0.188489 0 0 0 0.637756 0.770238
14.200000000 0.970754 0.122848 0 0 0 0.334412 0.942427
14.800000000 1.02473 0.0131555 0 0 0 0.0409709 0.99916
15.400000000 0.990498 -0.102471 0 0 0 -0.256133 0.966641
18.800000000 1.18856 -0.0735911 0 0 0 0.0895049 0.995986
19.500000000 1.12938 0.034768 0 0 0 0.425635 0.904895
20.200000000 0.997948 0.153921 0 0 0 0.690892 0.722958
20.800000000 0.884218 0.151389 0 0 0 0.845695 0.533666
22.400000000 0.145675 1.00737 0 0 0 0.931541 0.363636
23.800000000 -0.622984 1.73403 0 0 0 0.919438 0.393236
25.000000000 -1.17895 2.42275 0 0 0 0.892471 0.451105
26.400000000 -1.72229 3.31619 0 0 0 0.863697 0.504011
27.600000000 -2.08626 4.15508 0 0 0 0.823832 0.566835
28.900000000 -2.46778 5.04588 0 0 0 0.839892 0.542753
30.200000000 -2.84448 5.95317 0 0 0 0.816188 0.577787
31.900000000 -2.881 6.99716 0 0 0 0.622307 0.782773
33.300000000 -2.40872 7.87002 0 0 0 0.512707 0.858564
34.600000000 -1.97317 8.80305 0 0 0 0.58616 0.810196
36.000000000 -1.9088 9.77018 0 0 0 0.706511 0.707703
37.400000000 -2.12057 10.522 0 0 0 0.867833 0.496855
38.100000000 -2.21108 10.4147 0 0 0 0.985382 0.17036
38.700000000 -2.21621 10.2966 0 0 0 -0.991718 0.128432
39.300000000 -2.15236 10.2062 0 0 0 -0.909469 0.415771
39.900000000 -2.05267 10.1138 0 0 0 -0.763188 0.646176
40.700000000 -1.93695 9.89622 0 0 0 -0.54828 0.836295
42.200000000 -1.26223 9.16838 0 0 0 -0.373096 0.927793
43.500000000 -0.736981 8.83638 0 0 0 -0.107964 0.994155
44.200000000 -0.748091 8.94417 0 0 0 0.240049 0.970761
44.800000000 -0.792677 9.03772 0 0 0 0.516177 0.856482
45.400000000 -0.913036 9.07858 0 0 0 0.74006 0.672541
46.000000000 -1.08141 9.18036 0 0 0 0.873751 0.486374
47.500000000 -1.81665 9.90531 0 0 0 0.921621 0.388091
49.000000000 -2.25243 10.7937 0 0 0 0.800354 0.599527
50.700000000 -2.30475 11.8393 0 0 0 0.694991 0.719018
53.400000000 -2.25014 12.7561 0 0 0 0.685255 0.728303
57.800000000 -2.19782 13.7193 0 0 0 0.688475 0.72526
62.000000000 -2.17716 14.718 0 0 0 0.701668 0.712504
65.200000000 -2.16722 15.6833 0 0 0 0.711426 0.702761
66.900000000 -2.36389 16.7015 0 0 0 0.778065 0.628184
68.300000000 -2.83962 17.587 0 0 0 0.883166 0.469061
69.500000000 -3.45307 18.2417 0 0 0 0.923821 0.382824
70.700000000 -3.84772 18.4623 0 0 0 0.998692 0.0511282
71.300000000 -3.82492 18.3467 0 0 0 -0.969213 0.246224
71.800000000 -3.75053 18.2742 0 0 0 -0.876797 0.48086
72.500000000 -3.60684 18.243 0 0 0 -0.658296 0.752759
73.100000000 -3.51026 18.2928 0 0 0 -0.406443 0.913676
73.700000000 -3.39067 18.4043 0 0 0 -0.118287 0.992979
74.300000000 -3.2849 18.4929 0 0 0 0.102147 0.994769
75.400000000 -2.84438 18.872 0 0 0 0.373832 0.927496
76.700000000 -2.37679 19.6834 0 0 0 0.532382 0.846504
78.300000000 -2.11963 20.7274 0 0 0 0.669147 0.74313
79.600000000 -2.1944 21.6742 0 0 0 0.734804 0.67828
80.900000000 -2.27893 22.625 0 0 0 0.73358 0.679603
83.000000000 -2.29739 23.5986 0 0 0 0.700681 0.713475
86.800000000 -2.26359 24.6015 0 0 0 0.699381 0.714749
90.600000000 -2.2562 25.5948 0 0 0 0.705226 0.708982
94.300000000 -2.25217 26.561 0 0 0 0.707195 0.707018
96.900000000 -2.27735 27.492 0 0 0 0.7212 0.692727
98.400000000 -2.33449 28.5311 0 0 0 0.724062 0.689734
99.700000000 -2.57155 29.4707 0 0 0 0.818985 0.573815
100.600000000 -2.79586 29.7395 0 0 0 0.941489 0.337043
101.400000000 -3.00295 29.675 0 0 0 0.999564 0.0295317
102.100000000 -3.08019 29.5502 0 0 0 -0.96582 0.259212
102.700000000 -3.005 29.4791 0 0 0 -0.845579 0.53385
103.200000000 -2.90801 29.472 0 0 0 -0.686406 0.727219
103.900000000 -2.79209 29.5264 0 0 0 -0.395447 0.918489
104.600000000 -2.70111 29.619 0 0 0 -0.0582837 0.9983
105.400000000 -2.53952 29.7851 0 0 0 0.235257 0.971933
106.400000000 -2.27837 30.1986 0 0 0 0.475204 0.879876
107.900000000 -2.01324 31.1877 0 0 0 0.671107 0.741361
109.200000000 -2.06139 32.165 0 0 0 0.735308 0.677733
110.400000000 -2.14671 33.0666 0 0 0 0.739548 0.673104
112.200000000 -2.19812 34.0848 0 0 0 0.716231 0.697863
115.800000000 -2.17765 35.0513 0 0 0 0.694527 0.719467
119.500000000 -2.15999 36.0074 0 0 0 0.702547 0.711638
123.300000000 -2.15494 37.0007 0 0 0 0.705729 0.708482
127.100000000 -2.15015 37.9692 0 0 0 0.705737 0.708474
129.600000000 -2.1452 38.9603 0 0 0 0.705744 0.708467
131.000000000 -2.14126 40.006 0 0 0 0.723277 0.690558
132.300000000 -2.26847 40.9509 0 0 0 0.797149 0.603783
133.700000000 -2.78899 41.6769 0 0 0 0.921521 0.388329
134.800000000 -3.19546 41.8306 0 0 0 0.997608 0.0691218
135.500000000 -3.32848 41.7125 0 0 0 -0.979435 0.201762
136.200000000 -3.33917 41.5662 0 0 0 -0.876809 0.480839
136.900000000 -3.24423 41.5351 0 0 0 -0.658278 0.752775
137.500000000 -3.14666 41.5849 0 0 0 -0.406414 0.913689
138.000000000 -3.10433 41.6682 0 0 0 -0.166625 0.98602
138.600000000 -3.11007 41.7764 0 0 0 0.132198 0.991223
139.700000000 -2.74149 42.198 0 0 0 0.411323 0.91149
140.900000000 -2.24552 42.95 0 0 0 0.517424 0.855729
142.300000000 -1.88722 43.9502 0 0 0 0.629184 0.777257
143.500000000 -1.88758 44.8402 0 0 0 0.71547 0.698644
144.900000000 -2.00328 45.8855 0 0 0 0.759195 0.650863
146.200000000 -2.08534 46.8566 0 0 0 0.721714 0.692191
147.500000000 -2.08048 47.8323 0 0 0 0.699379 0.714751
148.800000000 -2.05852 48.8088 0 0 0 0.703854 0.710345
150.100000000 -2.06268 49.7822 0 0 0 0.709356 0.704851
151.400000000 -2.06927 50.7561 0 0 0 0.709389 0.704817
152.700000000 -2.10259 51.7277 0 0 0 0.728998 0.684516
154.000000000 -2.25532 52.6919 0 0 0 0.781591 0.623791
155.400000000 -2.69526 53.6196 0 0 0 0.877149 0.480218
156.800000000 -3.40618 54.3896 0 0 0 0.929108 0.369809
158.100000000 -4.12136 55.051 0 0 0 0.932414 0.361391
159.000000000 -4.32583 55.0641 0 0 0 0.999836 0.0181158
159.600000000 -4.29338 54.954 0 0 0 -0.960714 0.277541
160.300000000 -4.18357 54.8673 0 0 0 -0.807989 0.589197
160.900000000 -4.06611 54.865 0 0 0 -0.59689 0.802323
161.500000000 -3.97773 54.9314 0 0 0 -0.333139 0.942878
162.200000000 -3.97669 55.0442 0 0 0 -0.0187388 0.999824
162.900000000 -3.74338 55.1772 0 0 0 0.244208 0.969723
164.500000000 -3.03871 55.9746 0 0 0 0.448024 0.894022
165.800000000 -2.40305 56.7015 0 0 0 0.388047 0.92164
167.100000000 -1.68729 57.3681 0 0 0 0.351581 0.936158
168.400000000 -0.884819 57.9092 0 0 0 0.252249 0.967662
169.700000000 0.019452 58.1829 0 0 0 0.0891087 0.996022
171.600000000 1.03289 58.1736 0 0 0 -0.0317474 0.999496
175.100000000 1.94974 58.0973 0 0 0 -0.0409545 0.999161
179.700000000 2.91341 58.0431 0 0 0 -0.0241267 0.999709
183.400000000 3.91927 58.0243 0 0 0 -0.00518494 0.999987
186.500000000 4.83625 58.0209 0 0 0 -0.00201481 0.999998
189.100000000 5.54057 58.2134 0 0 0 0.321314 0.946973
189.800000000 5.58033 58.4171 0 0 0 0.547259 0.836963
191.200000000 5.80458 59.3837 0 0 0 0.680861 0.732412
191.800000000 5.69538 59.4304 0 0 0 0.855186 0.518321
192.500000000 5.5914 59.3271 0 0 0 0.981189 0.193048
193.100000000 5.58089 59.2094 0 0 0 -0.994415 0.105537
193.700000000 5.62863 59.1063 0 0 0 -0.918813 0.394694
194.300000000 5.73442 59.0539 0 0 0 -0.761136 0.648593
194.900000000 5.86754 58.9905 0 0 0 -0.563803 0.825909
196.500000000 6.58877 58.2711 0 0 0 -0.307812 0.951447
197.900000000 7.52716 57.9431 0 0 0 -0.107556 0.994199
199.200000000 8.45839 57.9647 0 0 0 0.0447696 0.998997
200.600000000 9.49863 58.1248 0 0 0 0.0827811 0.996568
202.100000000 10.4366 58.1741 0 0 0 0.0164102 0.999865
204.600000000 11.3463 58.1714 0 0 0 -0.0214765 0.999769
208.800000000 12.2989 58.112 0 0 0 -0.0316164 0.9995
213.500000000 13.2946 58.0579 0 0 0 -0.0286572 0.999589
218.000000000 14.2655 58.0359 0 0 0 -0.00711772 0.999975
222.100000000 15.227 58.0316 0 0 0 -0.00188176 0.999998
225.100000000 16.2147 58.0282 0 0 0 -0.00193756 0.999998
227.800000000 17.2079 58.1024 0 0 0 0.137396 0.990516
228.600000000 17.262 58.2997 0 0 0 0.428568 0.90351
229.100000000 17.2687 58.3676 0 0 0 0.6145 0.788917
229.800000000 17.1268 58.3597 0 0 0 0.847795 0.530324
230.400000000 17.0522 58.2723 0 0 0 0.966521 0.256586
231.100000000 17.0252 58.1575 0 0 0 -0.995854 0.090971
231.600000000 17.079 58.063 0 0 0 -0.942599 0.333928
232.300000000 17.1664 58.0176 0 0 0 -0.770565 0.637361
232.900000000 17.295 57.9521 0 0 0 -0.5752 0.818013
234.000000000 17.7061 57.5825 0 0 0 -0.319685 0.947524
235.300000000 18.471 57.3181 0 0 0 -0.0822832 0.996609
236.000000000 18.4558 57.44 0 0 0 0.257721 0.966219
236.600000000 18.3735 57.5203 0 0 0 0.53198 0.846757
237.300000000 18.3125 57.7492 0 0 0 0.723766 0.690046
238.200000000 18.1074 58.0782 0 0 0 0.87519 0.48378
239.900000000 17.4662 58.8351 0 0 0 0.861534 0.5077
241.200000000 17.3613 59.5696 0 0 0 0.694387 0.719602
241.900000000 17.4903 59.5425 0 0 0 0.413241 0.910622
242.400000000 17.5177 59.4457 0 0 0 0.179946 0.983676
243.200000000 17.736 59.3287 0 0 0 -0.133076 0.991106
244.300000000 18.189 58.9122 0 0 0 -0.374268 0.927321
245.600000000 18.832 58.1829 0 0 0 -0.396925 0.917851
247.000000000 19.464 57.5166 0 0 0 -0.383763 0.923432
249.900000000 20.1629 56.8208 0 0 0 -0.38258 0.923923
252.600000000 20.8854 56.1014 0 0 0 -0.382577 0.923924
256.400000000 21.5114 55.398 0 0 0 -0.476438 0.879208
257.700000000 21.8289 54.5336 0 0 0 -0.603063 0.797693
260.400000000 21.9095 53.5494 0 0 0 -0.702682 0.711504
265.100000000 21.8738 52.5863 0 0 0 -0.723269 0.690567
269.600000000 21.8239 51.5984 0 0 0 -0.724933 0.688819
272.500000000 22.0855 50.6934 0 0 0 -0.494753 0.869033
273.900000000 22.7643 49.9706 0 0 0 -0.360676 0.932691
276.100000000 23.4378 49.3393 0 0 0 -0.37062 0.928785
278.000000000 23.5207 48.8903 0 0 0 -0.647591 0.761988
278.700000000 23.4187 48.7845 0 0 0 -0.840669 0.541549
280.000000000 22.8735 48.2915 0 0 0 -0.939902 0.341444
281.400000000 22.1268 47.5849 0 0 0 -0.931831 0.362894
282.600000000 21.4509 46.973 0 0 0 -0.920824 0.389978
284.000000000 20.7294 46.2158 0 0 0 -0.921446 0.388507
285.400000000 20.0038 45.4619 0 0 0 -0.926198 0.377038
286.800000000 19.2579 44.73 0 0 0 -0.923553 0.38347
288.100000000 18.5337 44.0779 0 0 0 -0.938144 0.346246
289.400000000 17.8089 43.4957 0 0 0 -0.948541 0.316653
292.000000000 16.9092 42.9644 0 0 0 -0.976702 0.214601
293.300000000 15.9628 42.7307 0 0 0 -0.996163 0.0875211
294.600000000 14.9992 42.6035 0 0 0 -0.995079 0.099086
296.100000000 14.0336 42.149 0 0 0 -0.956172 0.292805
297.500000000 13.3037 41.4396 0 0 0 -0.922608 0.385739
299.400000000 12.6316 40.7612 0 0 0 -0.922467 0.386076
303.100000000 11.9179 40.0376 0 0 0 -0.923982 0.382435
306.200000000 11.1838 39.207 0 0 0 -0.914094 0.405502
307.900000000 10.7264 38.4837 0 0 0 -0.738124 0.674665
308.700000000 10.86 38.2886 0 0 0 -0.514434 0.85753
310.200000000 11.5985 37.6514 0 0 0 -0.324385 0.945925
312.000000000 12.416 37.178 0 0 0 -0.19673 0.980458
316.500000000 13.3215 36.7732 0 0 0 -0.268087 0.963395
321.400000000 14.0629 36.1782 0 0 0 -0.348894 0.937162
326.100000000 14.7532 35.5382 0 0 0 -0.3732 0.927751
330.900000000 15.4479 34.8547 0 0 0 -0.380998 0.924576
335.800000000 16.173 34.2182 0 0 0 -0.330833 0.943689
339.900000000 17.0418 33.7313 0 0 0 -0.207897 0.978151
341.500000000 17.9699 33.6481 0 0 0 -0.0654503 0.997856
344.100000000 18.8697 33.5959 0 0 0 0.288648 0.957435
344.800000000 18.8571 33.6008 0 0 0 0.595722 0.803191
345.400000000 18.8562 33.6054 0 0 0 0.769023 0.639221
346.600000000 18.4373 34.0881 0 0 0 0.916077 0.401003
347.900000000 17.6949 34.9408 0 0 0 0.90306 0.429514
349.300000000 17.2729 35.813 0 0 0 0.789112 0.614249
349.900000000 17.2687 35.8125 0 0 0 0.574773 0.818313
350.400000000 17.2589 35.83 0 0 0 0.341385 0.939924
351.100000000 17.2555 35.8348 0 0 0 0.0584047 0.998293
351.800000000 17.2785 35.8553 0 0 0 -0.231637 0.972802
353.200000000 17.9346 35.033 0 0 0 -0.400817 0.916158
354.900000000 18.6376 34.2753 0 0 0 -0.391508 0.920175
357.700000000 19.5602 33.7469 0 0 0 -0.236361 0.971665
359.200000000 20.6794 33.6251 0 0 0 -0.0780473 0.99695
361.700000000 21.7203 33.4838 0 0 0 -0.00607196 0.999982
366.400000000 22.6611 33.5064 0 0 0 0.0192743 0.999814
371.300000000 23.6366 33.5536 0 0 0 0.0302718 0.999542
376.100000000 24.5876 33.6047 0 0 0 0.0251292 0.999684
380.900000000 25.5377 33.6262 0 0 0 0.00658342 0.999978
385.800000000 26.5028 33.6314 0 0 0 0.00223662 0.999997
390.700000000 27.4713 33.636 0 0 0 0.00223633 0.999997
392.600000000 28.2547 33.952 0 0 0 0.287499 0.957781
394.100000000 28.9626 34.6073 0 0 0 0.383374 0.923593
397.300000000 29.6644 35.318 0 0 0 0.385366 0.922764
401.900000000 30.353 36.0146 0 0 0 0.385366 0.922764
406.000000000 31.0079 36.6777 0 0 0 0.385366 0.922764
410.200000000 31.7015 37.3792 0 0 0 0.385368 0.922763
414.500000000 32.3577 38.0432 0 0 0 0.385371 0.922762
419.300000000 33.0533 38.7578 0 0 0 0.386825 0.922153
422.800000000 33.6637 39.4574 0 0 0 0.441984 0.897023
424.200000000 34.1321 40.3933 0 0 0 0.571383 0.820683
425.600000000 34.4023 41.4592 0 0 0 0.694486 0.719506
426.800000000 34.2305 42.319 0 0 0 0.737821 0.674997
428.200000000 34.2184 43.3938 0 0 0 0.741256 0.671222
429.500000000 34.0737 44.3376 0 0 0 0.716877 0.6972
430.800000000 34.1358 45.3508 0 0 0 0.704673 0.709532
432.000000000 34.1328 46.213 0 0 0 0.689139 0.724629
433.400000000 34.1207 47.2664 0 0 0 0.713404 0.700753
434.600000000 34.1157 48.16 0 0 0 0.710625 0.703571
436.000000000 34.1129 49.2125 0 0 0 0.704559 0.709646
437.400000000 34.1325 50.2647 0 0 0 0.704473 0.709731
438.700000000 34.1401 51.2378 0 0 0 0.704509 0.709695
440.300000000 33.9623 52.2114 0 0 0 0.844297 0.535876
441.700000000 33.2972 52.9033 0 0 0 0.934391 0.356249
443.100000000 32.5306 53.6124 0 0 0 0.928147 0.372214
444.500000000 31.7937 54.3614 0 0 0 0.92275 0.3854
451.800000000 31.1052 55.0524 0 0 0 0.922706 0.385503
453.000000000 30.4706 55.7026 0 0 0 0.922691 0.38554
454.400000000 29.7206 56.4316 0 0 0 0.93092 0.365223
455.800000000 28.9079 57.0997 0 0 0 0.946541 0.322584
457.100000000 28.1101 57.6561 0 0 0 0.955811 0.293982
458.500000000 27.249 58.2607 0 0 0 0.964683 0.263414
459.800000000 26.3826 58.7167 0 0 0 0.973188 0.230011
461.000000000 25.5203 58.8958 0 0 0 0.996744 0.0806367
462.600000000 24.5782 58.9028 0 0 0 -0.999779 0.0210043
465.100000000 23.6064 58.8335 0 0 0 -0.999504 0.0315014
466.500000000 22.5687 58.8349 0 0 0 1 0.000211105
467.800000000 21.597 58.8469 0 0 0 0.999996 0.00297526
469.100000000 20.6257 58.856 0 0 0 0.999996 0.00285065
470.300000000 19.7147 58.8589 0 0 0 0.999995 0.00304283
471.900000000 18.6749 58.859 0 0 0 -1 0.000309934
474.700000000 17.7024 58.8476 0 0 0 -0.999967 0.0080843
476.400000000 17.2895 58.9728 0 0 0 0.956635 0.291289
477.100000000 17.2669 59.1604 0 0 0 0.843151 0.537677
477.900000000 17.3345 59.455 0 0 0 0.691677 0.722207
479.200000000 17.4699 60.4139 0 0 0 0.629196 0.777247
480.000000000 17.6051 60.4672 0 0 0 0.345134 0.938553
480.600000000 17.6599 60.3599 0 0 0 0.0566959 0.998391
481.200000000 17.6483 60.2436 0 0 0 -0.236158 0.971715
481.900000000 17.6993 60.0388 0 0 0 -0.460227 0.887801
483.400000000 17.8733 59.2632 0 0 0 -0.682535 0.730853
484.500000000 17.7873 59.1111 0 0 0 -0.861378 0.507965
485.500000000 17.6508 59.1986 0 0 0 -0.971152 0.238461
486.700000000 17.4801 59.2072 0 0 0 0.999988 0.00498949
487.800000000 17.4322 59.3253 0 0 0 0.945975 0.32424
488.400000000 17.5157 59.3951 0 0 0 0.835939 0.548822
489.200000000 17.6368 59.4166 0 0 0 0.603967 0.797009
489.900000000 17.7342 59.368 0 0 0 0.34726 0.937769
490.700000000 17.8313 59.2573 0 0 0 0.0298445 0.999555
491.600000000 17.9619 59.1021 0 0 0 -0.25605 0.966664
493.100000000 18.7479 58.5157 0 0 0 -0.332789 0.943001
494.600000000 18.9496 58.2012 0 0 0 -0.588487 0.808507
495.500000000 18.8279 58.1229 0 0 0 -0.75752 0.652812
498.100000000 18.8474 57.2219 0 0 0 -0.509714 0.860344
498.700000000 18.8624 57.2277 0 0 0 -0.279308 0.960202
499.500000000 18.9753 57.388 0 0 0 0.0297787 0.999557
500.700000000 19.3465 57.6405 0 0 0 0.301605 0.953433
503.000000000 19.7203 57.8601 0 0 0 0.0140002 0.999902
503.800000000 19.7136 57.8373 0 0 0 -0.256274 0.966604
504.900000000 19.9902 57.4344 0 0 0 -0.503435 0.864033
506.500000000 20.3463 56.3824 0 0 0 -0.56153 0.827456
508.200000000 20.7245 55.8497 0 0 0 -0.323107 0.946362
509.100000000 20.7681 55.9647 0 0 0 -0.0139369 0.999903
509.900000000 20.7888 56.0792 0 0 0 0.257963 0.966155
510.800000000 20.8113 56.2573 0 0 0 0.501862 0.864948
511.800000000 20.7648 56.391 0 0 0 0.728991 0.684524
512.700000000 20.6354 56.3595 0 0 0 0.878081 0.478511
513.500000000 20.5803 56.2789 0 0 0 0.97408 0.226205
514.200000000 20.569 56.1717 0 0 0 -0.997517 0.0704224
515.000000000 20.5644 55.9322 0 0 0 -0.918582 0.39523
515.600000000 20.7152 55.9399 0 0 0 -0.783505 0.621385
516.500000000 20.8374 55.8843 0 0 0 -0.546554 0.837424
517.300000000 21.0348 55.8248 0 0 0 -0.302422 0.953174
519.000000000 21.9734 55.2611 0 0 0 -0.266265 0.9639
520.200000000 22.0999 55.0678 0 0 0 -0.52198 0.852958
520.900000000 22.0242 55.0572 0 0 0 -0.733387 0.679811
522.000000000 21.6816 54.7379 0 0 0 -0.896009 0.444036
523.800000000 21.1297 54.4383 0 0 0 -0.984454 0.175644
524.500000000 21.1132 54.5126 0 0 0 0.993449 0.114273
525.200000000 21.1544 54.6188 0 0 0 0.919321 0.393508
525.900000000 21.23 54.6788 0 0 0 0.781948 0.623343
526.600000000 21.3551 54.6814 0 0 0 0.582835 0.81259
527.300000000 21.3871 54.6296 0 0 0 0.339695 0.940536
528.600000000 21.9584 54.7252 0 0 0 0.0843292 0.996438
529.900000000 22.3384 54.6585 0 0 0 -0.227943 0.973674
530.400000000 22.3277 54.6491 0 0 0 -0.444697 0.895681
531.000000000 22.3005 54.6341 0 0 0 -0.672874 0.739757
532.000000000 22.0318 54.2606 0 0 0 -0.843785 0.536682
533.500000000 21.4306 53.2982 0 0 0 -0.906678 0.421824
534.500000000 21.4213 53.1239 0 0 0 -0.757545 0.652783
535.400000000 21.5517 53.1625 0 0 0 -0.518221 0.855247
537.100000000 22.182 52.6576 0 0 0 -0.297646 0.954676
538.500000000 22.34 52.4274 0 0 0 -0.56567 0.824632
539.300000000 22.2764 52.4087 0 0 0 -0.761419 0.64826
541.000000000 21.7564 51.608 0 0 0 -0.903217 0.429184
543.000000000 21.5542 51.2205 0 0 0 -0.732076 0.681223
544.200000000 21.73 51.0186 0 0 0 -0.507334 0.861749
546.700000000 22.5452 50.3836 0 0 0 -0.37814 0.925749
548.300000000 22.7242 50.0021 0 0 0 -0.632552 0.774518
549.200000000 22.591 49.998 0 0 0 -0.814073 0.580763
551.500000000 22.4511 49.6146 0 0 0 -0.553535 0.832826
552.100000000 22.6502 49.6578 0 0 0 -0.284958 0.95854
552.800000000 22.7068 49.7793 0 0 0 0.048757 0.998811
553.800000000 22.9583 50.044 0 0 0 0.328599 0.94447
555.100000000 23.6558 50.768 0 0 0 0.424251 0.905545
556.400000000 24.3187 51.5064 0 0 0 0.416528 0.909123
557.700000000 24.9655 52.2396 0 0 0 0.415804 0.909454
558.900000000 25.5266 52.94 0 0 0 0.433435 0.901185
560.300000000 26.2036 53.7377 0 0 0 0.406415 0.913689
561.600000000 26.8907 54.4328 0 0 0 0.377815 0.925881
562.900000000 27.5905 55.11 0 0 0 0.375217 0.926937
564.200000000 28.2821 55.7929 0 0 0 0.380932 0.924603
565.400000000 28.9145 56.4277 0 0 0 0.385236 0.922818
566.700000000 29.6081 57.1201 0 0 0 0.385321 0.922783
568.100000000 30.4117 57.7868 0 0 0 0.288306 0.957538
569.300000000 31.2386 58.1265 0 0 0 0.151176 0.988507
570.900000000 32.2515 58.1789 0 0 0 -0.0188984 0.999821
573.500000000 33.1798 58.1203 0 0 0 -0.0424647 0.999098
577.800000000 34.1785 58.0513 0 0 0 -0.0383293 0.999265
581.500000000 35.1339 58.0177 0 0 0 -0.010234 0.999948
586.000000000 36.0952 58.0086 0 0 0 -0.00262362 0.999997
590.500000000 37.0617 58.0032 0 0 0 -0.00261826 0.999997
595.000000000 38.0307 57.9975 0 0 0 -0.00264207 0.999997
597.800000000 39.1231 57.9924 0 0 0 -0.0026247 0.999997
599.100000000 40.096 57.9869 0 0 0 -0.00261789 0.999997
600.400000000 41.0703 57.9815 0 0 0 -0.00262016 0.999997
601.700000000 42.0446 57.9762 0 0 0 -0.00262325 0.999997
602.900000000 42.9485 57.975 0 0 0 0.00398351 0.999992
604.300000000 43.9911 58.0186 0 0 0 0.0201612 0.999797
605.900000000 44.8368 57.9254 0 0 0 -0.250241 0.968183
606.500000000 44.7599 57.8372 0 0 0 -0.521231 0.853416
607.200000000 44.6373 57.8185 0 0 0 -0.778883 0.627169
607.900000000 44.5104 57.8712 0 0 0 -0.94496 0.327185
608.500000000 44.4593 57.9765 0 0 0 -0.99928 0.0379513
609.300000000 44.2387 58.1516 0 0 0 0.972707 0.232036
610.800000000 43.5672 58.8944 0 0 0 0.90135 0.433092
612.000000000 43.3771 59.3692 0 0 0 0.723498 0.690326
612.600000000 43.4926 59.3498 0 0 0 0.491224 0.871033
613.100000000 43.5605 59.2893 0 0 0 0.263849 0.964564
613.800000000 43.6175 59.158 0 0 0 -0.0649553 0.997888
614.800000000 44.0308 58.8931 0 0 0 -0.319611 0.947549
616.200000000 44.8369 58.1902 0 0 0 -0.2949 0.955528
617.500000000 45.73 57.863 0 0 0 -0.138022 0.990429
618.900000000 46.7391 57.8444 0 0 0 0.0349509 0.999389
620.100000000 47.6413 57.9585 0 0 0 0.0690089 0.997616
621.400000000 48.6113 58.0451 0 0 0 0.0341221 0.999418
622.700000000 49.5848 58.0705 0 0 0 -0.00292966 0.999996
624.100000000 50.6367 58.0212 0 0 0 -0.0124079 0.999923
625.400000000 51.6104 58.0211 0 0 0 -0.000376119 1
626.700000000 52.5842 58.0203 0 0 0 -0.000376119 1
628.100000000 53.6379 58.0195 0 0 0 -0.000376119 1
629.300000000 54.5316 58.0119 0 0 0 -0.0126376 0.99992
630.600000000 55.1969 57.6889 0 0 0 -0.290185 0.95697
632.000000000 55.9532 56.968 0 0 0 -0.394276 0.918992
633.200000000 56.5749 56.3226 0 0 0 -0.392961 0.919555
634.500000000 57.246 55.6068 0 0 0 -0.407031 0.913415
635.800000000 57.8059 54.8373 0 0 0 -0.499873 0.866099
637.400000000 57.9973 53.8056 0 0 0 -0.681407 0.731905
639.700000000 57.9323 52.8608 0 0 0 -0.740247 0.672335
643.800000000 57.8622 51.9498 0 0 0 -0.734934 0.678139
647.700000000 57.8304 50.9677 0 0 0 -0.707892 0.70632
648.500000000 57.9864 50.7885 0 0 0 -0.480855 0.8768
650.000000000 58.8089 50.2971 0 0 0 -0.22552 0.974239
651.400000000 59.8202 50.0043 0 0 0 -0.0816756 0.996659
652.900000000 60.5694 50.0657 0 0 0 0.238333 0.971183
653.500000000 60.4881 50.1581 0 0 0 0.514166 0.857691
654.100000000 60.362 50.1905 0 0 0 0.744666 0.667437
654.800000000 60.2336 50.1035 0 0 0 0.927961 0.372677
655.400000000 60.2384 49.9979 0 0 0 0.996598 0.0824132
656.100000000 60.1002 49.8512 0 0 0 -0.98243 0.186631
657.700000000 59.3888 49.1014 0 0 0 -0.903017 0.429604
659.100000000 58.6671 48.2591 0 0 0 -0.896758 0.442521
660.400000000 58.0412 47.5655 0 0 0 -0.928112 0.372301
661.800000000 57.2384 46.8107 0 0 0 -0.923768 0.382953
663.000000000 56.5899 46.282 0 0 0 -0.954377 0.298603
664.500000000 55.5975 45.9276 0 0 0 -0.983273 0.182139
666.100000000 54.7974 45.3147 0 0 0 -0.937884 0.346948
667.400000000 54.1086 44.5457 0 0 0 -0.918781 0.394767
668.700000000 53.3612 43.9357 0 0 0 -0.930675 0.365848
670.100000000 52.663 43.2344 0 0 0 -0.942937 0.332972
672.000000000 51.7584 42.7983 0 0 0 -0.98288 0.184247
673.300000000 50.8081 42.6429 0 0 0 -0.997765 0.0668198
674.700000000 49.8591 42.4168 0 0 0 -0.980871 0.194659
677.400000000 49.098 41.7912 0 0 0 -0.931179 0.364562
682.000000000 48.4204 41.1286 0 0 0 -0.926039 0.377427
686.800000000 47.7272 40.4537 0 0 0 -0.925048 0.379851
690.400000000 47.0139 39.6467 0 0 0 -0.896758 0.442521
691.700000000 46.5423 38.7895 0 0 0 -0.835738 0.549128
693.400000000 46.3593 37.753 0 0 0 -0.741527 0.670923
695.700000000 46.3895 36.8656 0 0 0 -0.688649 0.725095
700.400000000 46.3272 35.8837 0 0 0 -0.734755 0.678332
705.000000000 46.268 34.9296 0 0 0 -0.732167 0.681126
707.400000000 46.4249 34.2329 0 0 0 -0.531112 0.847301
708.700000000 46.9875 33.7838 0 0 0 -0.269429 0.96302
710.000000000 47.8635 33.5237 0 0 0 -0.081655 0.996661
711.300000000 48.837 33.5417 0 0 0 0.0348587 0.999392
712.700000000 49.8745 33.7128 0 0 0 0.0852454 0.99636
714.100000000 50.9276 33.6371 0 0 0 -0.015537 0.999879
715.300000000 51.8079 33.6726 0 0 0 -0.0280471 0.999607
716.700000000 52.8706 33.6064 0 0 0 -0.0309138 0.999522
718.000000000 53.8338 33.6379 0 0 0 -0.00193055 0.999998
719.600000000 54.7139 33.2083 0 0 0 -0.295091 0.955469
721.000000000 55.411 32.5284 0 0 0 -0.406054 0.913849
722.300000000 56.1069 31.8266 0 0 0 -0.3825 0.923956
723.600000000 56.8069 31.1376 0 0 0 -0.378479 0.92561
724.900000000 57.4851 30.4644 0 0 0 -0.425919 0.904762
726.400000000 57.9169 29.4583 0 0 0 -0.60716 0.79458
728.200000000 57.9444 28.5177 0 0 0 -0.710207 0.703993
731.500000000 57.912 27.5641 0 0 0 -0.726451 0.687218
735.700000000 57.8569 26.6352 0 0 0 -0.730433 0.682984
737.300000000 57.9666 26.3099 0 0 0 -0.459664 0.888093
737.900000000 58.0937 26.3553 0 0 0 -0.210838 0.977521
738.600000000 58.3318 26.4011 0 0 0 0.0255547 0.999673
740.000000000 59.3112 26.519 0 0 0 0.0398651 0.999205
741.200000000 59.7052 26.4013 0 0 0 -0.311997 0.950083
741.800000000 59.6172 26.3137 0 0 0 -0.57075 0.821124
742.400000000 59.517 26.2278 0 0 0 -0.764756 0.64432
743.100000000 59.2263 26.0747 0 0 0 -0.888198 0.459462
744.500000000 58.4918 25.4297 0 0 0 -0.93916 0.34348
745.900000000 57.9125 24.6268 0 0 0 -0.894295 0.447477
747.200000000 57.3569 23.8223 0 0 0 -0.886501 0.462727
748.500000000 56.7152 23.0957 0 0 0 -0.924741 0.380596
749.800000000 56.0097 22.4029 0 0 0 -0.927507 0.373807
751.700000000 55.2993 21.7679 0 0 0 -0.94197 0.335696
753.500000000 54.4271 21.2761 0 0 0 -0.984889 0.173189
755.500000000 53.4084 21.1806 0 0 0 -0.999606 0.0280715
759.900000000 52.4819 21.2127 0 0 0 0.999767 0.0215811
764.600000000 51.3947 21.2591 0 0 0 -0.999809 0.0195466
765.700000000 50.9599 20.9837 0 0 0 -0.961231 0.275744
767.100000000 50.268 20.3139 0 0 0 -0.918858 0.394588
769.600000000 49.6222 19.6597 0 0 0 -0.920524 0.390687
774.400000000 48.9303 18.9587 0 0 0 -0.922804 0.385269
778.800000000 48.2491 18.2695 0 0 0 -0.922804 0.385269
783.300000000 47.5743 17.5793 0 0 0 -0.91944 0.39323
786.200000000 46.9867 16.784 0 0 0 -0.871474 0.490441
787.600000000 46.6249 15.7802 0 0 0 -0.788339 0.615241
788.900000000 46.5546 14.7984 0 0 0 -0.721672 0.692235
790.200000000 46.5248 13.8371 0 0 0 -0.718688 0.695333
791.600000000 46.5219 12.7833 0 0 0 -0.705213 0.708996
792.900000000 46.511 11.8096 0 0 0 -0.704115 0.710086
794.200000000 46.5197 10.8359 0 0 0 -0.704115 0.710086
795.900000000 46.2302 9.88591 0 0 0 -0.87768 0.479246
797.400000000 45.4654 9.11029 0 0 0 -0.929489 0.368851
798.700000000 44.7068 8.44152 0 0 0 -0.92749 0.373847
800.100000000 43.8807 7.83923 0 0 0 -0.964037 0.265768
801.100000000 43.5936 7.85728 0 0 0 0.997781 0.0665773
801.600000000 43.5935 7.8476 0 0 0 0.950297 0.311345
802.300000000 43.7398 8.01265 0 0 0 0.79033 0.612682
803.000000000 43.8876 8.14179 0 0 0 0.583032 0.812449
804.300000000 44.4099 8.65149 0 0 0 0.332787 0.943002
805.600000000 45.2687 9.01157 0 0 0 0.156424 0.98769
807.000000000 46.283 9.0711 0 0 0 -0.00172234 0.999999
808.300000000 47.2813 9.02315 0 0 0 -0.0519278 0.998651
809.600000000 48.2626 8.97986 0 0 0 -0.00759834 0.999971
810.900000000 49.226 8.96746 0 0 0 0.00927222 0.999957
812.200000000 50.1985 8.98079 0 0 0 -0.00155405 0.999999
813.600000000 51.2523 8.97572 0 0 0 -0.00232736 0.999997
814.900000000 52.226 8.97095 0 0 0 -0.00232736 0.999997
816.200000000 53.1997 8.96619 0 0 0 -0.00232736 0.999997
817.500000000 54.1735 8.96142 0 0 0 -0.00232735 0.999997
818.900000000 55.1061 8.82195 0 0 0 -0.129245 0.991613
820.300000000 55.7867 8.31885 0 0 0 -0.376675 0.926345
821.700000000 56.4851 7.54133 0 0 0 -0.401486 0.915865
823.000000000 57.1655 6.84246 0 0 0 -0.396806 0.917902
824.400000000 57.7844 5.97224 0 0 0 -0.482847 0.875705
825.800000000 58.0546 5.07185 0 0 0 -0.654511 0.756053
827.200000000 57.9327 4.05252 0 0 0 -0.759748 0.650218
828.500000000 57.7493 3.10546 0 0 0 -0.74724 0.664554
829.700000000 57.7192 2.20203 0 0 0 -0.701475 0.712694
831.400000000 57.9208 1.32996 0 0 0 -0.441409 0.897306
832.000000000 58.0295 1.36294 0 0 0 -0.179472 0.983763
832.500000000 58.1376 1.4822 0 0 0 0.0332449 0.999447
833.600000000 58.5458 1.81261 0 0 0 0.327322 0.944913
835.000000000 59.3694 2.35288 0 0 0 0.226586 0.973991
836.000000000 59.7791 2.38994 0 0 0 -0.0580635 0.998313
836.700000000 59.7279 2.26334 0 0 0 -0.391823 0.920041
837.400000000 59.607 2.19693 0 0 0 -0.679527 0.73365
838.100000000 59.4327 2.05308 0 0 0 -0.845961 0.533245
839.600000000 58.7158 1.34743 0 0 0 -0.934217 0.356704
841.000000000 57.962 0.616564 0 0 0 -0.9228 0.385279
842.300000000 57.2879 -0.0848373 0 0 0 -0.92285 0.38516
843.700000000 56.5389 -0.827608 0 0 0 -0.925183 0.379521
844.900000000 55.8975 -1.45384 0 0 0 -0.927413 0.374038
846.300000000 55.0831 -2.11538 0 0 0 -0.956579 0.291474
847.700000000 54.1188 -2.50814 0 0 0 -0.990391 0.138295
849.400000000 53.1193 -2.51975 0 0 0 0.999476 0.032358
850.900000000 52.1981 -2.40266 0 0 0 0.996913 0.078508
854.300000000 51.2832 -2.28894 0 0 0 0.999179 0.0405039
858.200000000 50.2818 -2.25511 0 0 0 0.999947 0.010254
861.900000000 49.333 -2.26831 0 0 0 -0.999895 0.0144942
865.600000000 48.3581 -2.28036 0 0 0 -0.999987 0.00500319
869.200000000 47.3818 -2.32592 0 0 0 -0.999634 0.0270398
870.600000000 46.3326 -2.40117 0 0 0 -0.999134 0.0416081
872.200000000 45.314 -2.49447 0 0 0 -0.999445 0.0333208
876.400000000 44.3535 -2.45254 0 0 0 0.999338 0.0363856
881.100000000 43.4031 -2.37202 0 0 0 0.999124 0.0418416
885.900000000 42.4337 -2.30893 0 0 0 0.999742 0.0227287
890.600000000 41.4524 -2.2891 0 0 0 0.999978 0.00660869
894.500000000 40.4996 -2.27351 0 0 0 0.999997 0.00255052
898.200000000 39.5421 -2.2694 0 0 0 0.999997 0.0024932
901.900000000 38.5563 -2.27917 0 0 0 -0.99953 0.0306454
902.600000000 38.5304 -2.38971 0 0 0 -0.940557 0.339635
903.200000000 38.5343 -2.53133 0 0 0 -0.825557 0.564319
903.900000000 38.6462 -2.72658 0 0 0 -0.652238 0.758014
904.800000000 38.8717 -3.01133 0 0 0 -0.451786 0.892126
906.200000000 39.2565 -3.9036 0 0 0 -0.599253 0.80056
907.200000000 39.2053 -4.22578 0 0 0 -0.825616 0.564232
907.700000000 39.1452 -4.18727 0 0 0 -0.938277 0.345884
908.400000000 39.083 -4.07097 0 0 0 -0.999968 0.00805678
909.000000000 38.9733 -3.91546 0 0 0 0.974768 0.223222
910.500000000 38.2522 -3.2167 0 0 0 0.916616 0.399768
911.700000000 37.6227 -2.59135 0 0 0 0.920623 0.390452
913.500000000 36.9123 -1.8806 0 0 0 0.924627 0.380873
916.800000000 36.2294 -1.21299 0 0 0 0.924621 0.380888
919.100000000 35.5871 -0.555999 0 0 0 0.924694 0.38071
922.800000000 34.8969 0.151724 0 0 0 0.916317 0.400455
926.300000000 34.287 0.955011 0 0 0 0.856631 0.51593
927.900000000 34.0071 1.93756 0 0 0 0.773791 0.633441
930.900000000 33.986 2.91692 0 0 0 0.679301 0.733859
932.100000000 34.3178 3.44668 0 0 0 0.474099 0.880471
933.700000000 34.9896 4.1986 0 0 0 0.385247 0.922813
942.600000000 35.6514 4.88574 0 0 0 0.38496 0.922933
947.200000000 36.3415 5.58202 0 0 0 0.385178 0.922842
951.500000000 37.0241 6.27133 0 0 0 0.385397 0.922751
955.800000000 37.6938 6.95866 0 0 0 0.385558 0.922684
960.200000000 38.3941 7.66732 0 0 0 0.385631 0.922653
964.500000000 39.0772 8.34922 0 0 0 0.385705 0.922622
968.600000000 39.7604 9.03134 0 0 0 0.38578 0.922591
973.200000000 40.4333 9.71337 0 0 0 0.385855 0.922559
977.700000000 41.091 10.3801 0 0 0 0.385882 0.922548
980.800000000 41.8228 11.1214 0 0 0 0.385899 0.922541
982.200000000 42.5642 11.8661 0 0 0 0.38568 0.922633
983.400000000 43.1953 12.5011 0 0 0 0.385532 0.922694
984.800000000 43.9349 13.2512 0 0 0 0.385723 0.922615
986.100000000 44.6192 13.9458 0 0 0 0.385743 0.922606
987.500000000 45.3576 14.6951 0 0 0 0.385795 0.922584
988.800000000 46.0363 15.3842 0 0 0 0.385832 0.922569
990.100000000 46.7248 16.0832 0 0 0 0.385853 0.92256
991.300000000 47.3537 16.7217 0 0 0 0.385861 0.922557
992.700000000 48.0993 17.4701 0 0 0 0.385851 0.922561
994.100000000 48.8399 18.2176 0 0 0 0.385764 0.922597
995.400000000 49.5208 18.9149 0 0 0 0.385733 0.92261
996.600000000 50.1494 19.5543 0 0 0 0.38581 0.922578
997.900000000 50.8379 20.2534 0 0 0 0.385846 0.922563
999.200000000 51.5166 20.9426 0 0 0 0.385845 0.922564
1000.600000000 52.3182 21.6483 0 0 0 0.310731 0.950498
1002.000000000 53.228 21.9071 0 0 0 0.111434 0.993772
1003.400000000 54.2393 21.9716 0 0 0 -0.0136389 0.999907
1004.800000000 55.2629 22.0384 0 0 0 -0.0309591 0.999521
1006.900000000 56.0144 21.6099 0 0 0 -0.330974 0.94364
1007.600000000 55.9025 21.5205 0 0 0 -0.629962 0.776626
1008.200000000 55.7841 21.5163 0 0 0 -0.828725 0.559657
1008.700000000 55.6998 21.5708 0 0 0 -0.938257 0.345939
1009.700000000 55.2346 21.4885 0 0 0 -0.99615 0.0876695
1011.700000000 54.2449 21.7376 0 0 0 0.994757 0.102266
1013.400000000 53.6745 21.7059 0 0 0 -0.986257 0.165218
1014.200000000 53.7335 21.6201 0 0 0 -0.891064 0.453879
1014.900000000 53.7695 21.5679 0 0 0 -0.743925 0.668264
1015.700000000 53.9507 21.3682 0 0 0 -0.54767 0.836694
1016.600000000 54.151 21.3764 0 0 0 -0.289909 0.957054
1018.700000000 54.9433 21.1877 0 0 0 -0.0099557 0.99995
1019.500000000 55.0669 21.3378 0 0 0 0.2753 0.961358
1020.100000000 54.9758 21.4116 0 0 0 0.547135 0.837044
1020.800000000 54.8606 21.4122 0 0 0 0.801376 0.598161
1021.500000000 54.6524 21.4828 0 0 0 0.930349 0.366674
1022.300000000 54.408 21.5002 0 0 0 0.996054 0.0887538
1023.600000000 53.7031 21.3336 0 0 0 -0.988781 0.149376
1026.200000000 52.934 21.0703 0 0 0 0.993724 0.111856
1028.600000000 52.0592 21.692 0 0 0 0.925237 0.379391
1029.700000000 52.109 21.948 0 0 0 0.782701 0.622397
1030.500000000 52.2142 21.9227 0 0 0 0.562943 0.826496
1031.200000000 52.2935 21.8698 0 0 0 0.318142 0.948043
1032.000000000 52.3437 21.7556 0 0 0 0.0120733 0.999927
1032.800000000 52.3184 21.6237 0 0 0 -0.297099 0.954847
1033.600000000 52.2246 21.5584 0 0 0 -0.582234 0.813021
1034.300000000 52.1132 21.5531 0 0 0 -0.784122 0.620607
1035.300000000 51.7726 21.363 0 0 0 -0.934528 0.355891
1036.400000000 51.2541 21.1884 0 0 0 -0.995416 0.09564
1038.000000000 50.2695 20.9654 0 0 0 -0.987585 0.157087
1039.400000000 49.9964 20.7098 0 0 0 -0.886554 0.462625
1040.200000000 50.098 20.6738 0 0 0 -0.712669 0.7015
1041.000000000 50.2258 20.6532 0 0 0 -0.497408 0.867517
1043.000000000 50.5184 19.8407 0 0 0 -0.716955 0.697119
1043.700000000 50.4138 19.888 0 0 0 -0.887671 0.460479
1044.500000000 50.3991 19.8979 0 0 0 -0.990407 0.138181
1045.200000000 50.3992 19.9256 0 0 0 0.993737 0.111744
1046.800000000 49.4089 20.2037 0 0 0 0.990344 0.138628
1047.700000000 49.3089 20.1586 0 0 0 -0.992289 0.123947
1048.700000000 49.0846 20.0128 0 0 0 -0.911066 0.412262
1050.300000000 48.7084 19.0647 0 0 0 -0.784545 0.620072
1051.700000000 48.7116 18.6361 0 0 0 -0.573894 0.81893
1052.800000000 48.8189 18.6705 0 0 0 -0.284811 0.958584
1053.700000000 48.8309 18.8839 0 0 0 -0.0098965 0.999951
1054.700000000 48.7944 19.0027 0 0 0 0.316418 0.94862
1055.400000000 48.7018 19.0636 0 0 0 0.582196 0.813048
1056.100000000 48.6137 19.0574 0 0 0 0.795705 0.605684
1056.800000000 48.6045 18.9954 0 0 0 0.938727 0.344662
1057.500000000 48.5779 18.772 0 0 0 0.998136 0.0610253
1058.300000000 48.5775 18.7863 0 0 0 -0.958732 0.284312
1060.000000000 48.0802 17.8161 0 0 0 -0.887497 0.460813
1061.600000000 47.6817 17.4731 0 0 0 -0.980923 0.194398
1062.500000000 47.6902 17.5261 0 0 0 0.99466 0.103202
1064.800000000 46.8447 18.1592 0 0 0 0.966145 0.257999
1065.700000000 46.6487 18.1381 0 0 0 -0.999431 0.0337383
1066.400000000 46.628 18.1009 0 0 0 -0.929979 0.367614
1067.000000000 46.6661 18.1132 0 0 0 -0.794334 0.607481
1067.800000000 46.6917 17.7075 0 0 0 -0.634061 0.773283
1069.000000000 47.0461 17.3832 0 0 0 -0.355872 0.934535
1070.900000000 47.9645 16.9416 0 0 0 -0.138117 0.990416
1071.600000000 48.0175 16.9788 0 0 0 0.163255 0.986584
1072.200000000 47.9466 17.0632 0 0 0 0.431746 0.901995
1072.800000000 47.8468 16.9923 0 0 0 0.66925 0.743037
1073.500000000 47.8344 16.9825 0 0 0 0.879603 0.475709
1074.100000000 47.8206 16.9754 0 0 0 0.978435 0.206557
1074.700000000 47.8055 16.9608 0 0 0 -0.996098 0.0882528
1076.300000000 46.874 16.4724 0 0 0 -0.978406 0.206694
1078.100000000 46.059 15.8606 0 0 0 -0.945633 0.325236
1079.500000000 45.6984 15.6184 0 0 0 -0.809965 0.586478
1080.300000000 45.8326 15.6148 0 0 0 -0.601125 0.799155
1081.100000000 46.0054 15.5595 0 0 0 -0.359237 0.933246
1082.100000000 46.3149 15.5207 0 0 0 -0.0570132 0.998373
1083.400000000 46.7996 15.7092 0 0 0 0.185711 0.982604
1085.100000000 47.3714 16.1805 0 0 0 0.42809 0.903736
1085.700000000 47.2865 16.2255 0 0 0 0.671068 0.741395
1086.400000000 47.2536 16.1832 0 0 0 0.880439 0.474159
1086.900000000 47.2597 16.1452 0 0 0 0.969189 0.246318
1087.700000000 47.0839 16.0925 0 0 0 -0.997518 0.0704053
1088.500000000 46.9902 15.8859 0 0 0 -0.925174 0.379543
1090.000000000 46.3576 14.9454 0 0 0 -0.891761 0.452507
1091.700000000 46.0804 14.4551 0 0 0 -0.720268 0.693696
1092.600000000 46.1929 14.4621 0 0 0 -0.511861 0.859068
1094.600000000 46.9487 13.8328 0 0 0 -0.271228 0.962515
1095.600000000 47.1416 13.8399 0 0 0 -0.0118421 0.99993
1096.500000000 47.1035 13.9607 0 0 0 0.298465 0.954421
1097.100000000 47.0532 13.9788 0 0 0 0.512321 0.858794
1097.900000000 46.9991 13.9316 0 0 0 0.777526 0.628851
1098.600000000 46.9245 13.9172 0 0 0 0.925014 0.379933
1099.300000000 46.9075 13.9188 0 0 0 0.993311 0.115467
1100.000000000 46.8489 13.8507 0 0 0 -0.987403 0.158228
1100.700000000 46.803 13.7085 0 0 0 -0.917625 0.397447
1102.100000000 46.0414 12.9605 0 0 0 -0.905411 0.424535
1103.700000000 45.7174 12.3844 0 0 0 -0.753705 0.657213
1104.500000000 45.6771 12.3975 0 0 0 -0.513191 0.858274
1105.200000000 45.7683 12.4111 0 0 0 -0.270053 0.962846
1105.900000000 45.9099 12.4636 0 0 0 -0.0186473 0.999826
1106.800000000 46.0607 12.6022 0 0 0 0.283011 0.959117
1108.200000000 46.8705 13.2719 0 0 0 0.352043 0.935984
1109.200000000 47.1303 13.5127 0 0 0 0.591322 0.806436
1109.900000000 47.1137 13.5043 0 0 0 0.834246 0.551392
1110.400000000 47.1132 13.5082 0 0 0 0.945625 0.32526
1111.100000000 46.9894 13.3311 0 0 0 0.999864 0.0165145
1111.700000000 46.9215 13.2975 0 0 0 -0.974381 0.224903
1112.500000000 46.8497 13.0308 0 0 0 -0.857587 0.514339
1114.100000000 46.6667 12.0259 0 0 0 -0.782425 0.622745
1116.000000000 46.3861 11.5027 0 0 0 -0.930169 0.367133
1117.200000000 46.1434 11.5339 0 0 0 -0.998265 0.0588877
1118.200000000 45.6157 11.7719 0 0 0 0.980953 0.194243
1119.600000000 44.8409 12.3358 0 0 0 0.939978 0.341234
1121.100000000 43.8484 12.8304 0 0 0 0.98875 0.149575
1122.600000000 42.9404 12.8703 0 0 0 -0.999546 0.0301446
1125.200000000 41.9743 12.7888 0 0 0 -0.999015 0.0443795
1129.100000000 40.9906 12.7298 0 0 0 -0.999801 0.0199494
1131.300000000 40.0474 12.6229 0 0 0 0.999222 0.0394442
1132.800000000 39.1767 12.8922 0 0 0 0.974551 0.224167
1135.900000000 38.4245 13.4816 0 0 0 0.935328 0.353782
1140.800000000 37.7021 14.2148 0 0 0 0.929325 0.369262
1145.700000000 37.0031 14.8971 0 0 0 0.928439 0.371485
1150.600000000 36.2861 15.576 0 0 0 0.928515 0.371295
1155.500000000 35.5859 16.2401 0 0 0 0.928541 0.371231
1160.500000000 34.872 16.9184 0 0 0 0.928565 0.371169
1165.400000000 34.1811 17.5747 0 0 0 0.92859 0.371107
1170.400000000 33.4709 18.2495 0 0 0 0.928614 0.371047
1175.300000000 32.7634 18.9213 0 0 0 0.928638 0.370988
1179.600000000 32.0341 19.6137 0 0 0 0.92866 0.370931
1183.800000000 31.3426 20.2619 0 0 0 0.931957 0.362569
1187.200000000 30.4957 20.8805 0 0 0 0.967491 0.252905
1188.600000000 29.5975 21.2011 0 0 0 0.992629 0.121193
1191.300000000 28.5819 21.2674 0 0 0 0.999995 0.00317427
1195.100000000 27.6769 21.2375 0 0 0 0.998923 0.0463939
1196.400000000 27.0499 21.6087 0 0 0 0.946903 0.321518
1198.000000000 26.3834 22.2907 0 0 0 0.924253 0.381782
1206.800000000 25.7168 22.942 0 0 0 0.92684 0.375457
1211.400000000 25.0199 23.6178 0 0 0 0.926844 0.375446
1215.800000000 24.3332 24.2839 0 0 0 0.926849 0.375434
1220.400000000 23.6363 24.9597 0 0 0 0.926854 0.375422
1225.000000000 22.957 25.6183 0 0 0 0.926859 0.375411
1229.700000000 22.2777 26.2869 0 0 0 0.926863 0.375399
1234.500000000 21.5767 26.9664 0 0 0 0.926868 0.375387
1239.300000000 20.8824 27.6296 0 0 0 0.926872 0.375378
1243.900000000 20.2133 28.2784 0 0 0 0.926877 0.375365
1248.800000000 19.5073 28.9626 0 0 0 0.926878 0.375363
1253.500000000 18.8128 29.6358 0 0 0 0.926879 0.37536
1257.900000000 18.1245 30.3129 0 0 0 0.926879 0.37536
1261.200000000 17.4234 31.0274 0 0 0 0.910763 0.412929
1262.600000000 16.885 31.9302 0 0 0 0.841318 0.540541
1264.100000000 16.6786 32.9919 0 0 0 0.714497 0.699638
1265.600000000 16.828 34.0119 0 0 0 0.671026 0.741434
1266.900000000 16.9101 34.9825 0 0 0 0.67877 0.734351
1268.100000000 16.9748 35.8642 0 0 0 0.671247 0.741234
1269.400000000 17.1549 36.3518 0 0 0 0.444565 0.895746
1270.100000000 17.1645 36.3331 0 0 0 0.149715 0.988729
1270.600000000 17.165 36.3288 0 0 0 -0.0728026 0.997346
1271.200000000 17.1621 36.3305 0 0 0 -0.36125 0.932469
1272.100000000 17.148 36.3164 0 0 0 -0.721137 0.692792
1272.600000000 17.1361 36.3174 0 0 0 -0.869724 0.493538
1273.300000000 16.9481 36.3293 0 0 0 -0.972701 0.232062
1274.800000000 16.0525 35.7403 0 0 0 -0.889083 0.457745
1275.500000000 16.1531 35.6022 0 0 0 -0.735696 0.677312
1276.200000000 16.1548 35.6018 0 0 0 -0.532392 0.846498
1276.900000000 16.1603 35.6014 0 0 0 -0.293502 0.955958
1278.300000000 17.1316 35.1764 0 0 0 -0.145112 0.989415
1279.800000000 17.5489 35.024 0 0 0 -0.421401 0.906874
1280.900000000 17.5176 34.9833 0 0 0 -0.715165 0.698956
1281.600000000 17.5413 35.019 0 0 0 -0.883007 0.46936
1282.300000000 17.4831 35.0122 0 0 0 -0.981022 0.193897
1283.300000000 16.9882 35.1191 0 0 0 0.999082 0.0428339
1284.500000000 16.1055 35.3753 0 0 0 0.981154 0.193226
1285.600000000 15.892 35.6068 0 0 0 0.877872 0.478895
1286.300000000 15.9837 35.6471 0 0 0 0.714377 0.699761
1287.000000000 16.1514 35.6177 0 0 0 0.474316 0.880355
1287.500000000 16.1543 35.5775 0 0 0 0.265073 0.964228
1288.200000000 16.1569 35.6085 0 0 0 -0.0501103 0.998744
1288.800000000 16.1536 35.5631 0 0 0 -0.305961 0.952044
1290.300000000 16.8876 34.753 0 0 0 -0.29054 0.956863
1291.700000000 17.2962 34.5282 0 0 0 -0.0347266 0.999397
1294.600000000 18.2219 34.8461 0 0 0 0.0906756 0.99588
1295.700000000 18.5495 34.5992 0 0 0 -0.196506 0.980503
1296.400000000 18.5517 34.6083 0 0 0 -0.496211 0.868202
1297.200000000 18.5371 34.5998 0 0 0 -0.74692 0.664914
1298.200000000 18.2679 34.3712 0 0 0 -0.919924 0.392096
1299.700000000 17.4683 33.9086 0 0 0 -0.96707 0.25451
1301.300000000 16.8583 33.4062 0 0 0 -0.851014 0.525144
1302.000000000 16.8745 33.4047 0 0 0 -0.614737 0.788732
1302.500000000 16.8765 33.4141 0 0 0 -0.401045 0.916058
1303.300000000 16.9347 33.4699 0 0 0 -0.126027 0.992027
1304.400000000 17.4726 33.5749 0 0 0 0.14809 0.988974
1306.000000000 18.5583 34.0785 0 0 0 0.194781 0.980847
1307.500000000 19.1128 34.1657 0 0 0 -0.124471 0.992223
1308.100000000 19.0971 34.1611 0 0 0 -0.378414 0.925637
1308.800000000 19.1098 34.1599 0 0 0 -0.617649 0.786454
1309.700000000 19.003 33.7662 0 0 0 -0.790696 0.612209
1310.800000000 18.775 33.277 0 0 0 -0.939005 0.343904
1311.500000000 18.7891 33.3207 0 0 0 -0.992376 0.123244
1312.400000000 18.7836 33.442 0 0 0 0.981662 0.190627
1313.100000000 18.7882 33.4857 0 0 0 0.879343 0.476189
1313.700000000 18.7935 33.4855 0 0 0 0.722529 0.691341
1314.400000000 18.7961 33.4891 0 0 0 0.479892 0.877328
1315.100000000 19.0845 33.4985 0 0 0 0.236826 0.971552
1316.000000000 19.3129 33.4483 0 0 0 -0.0357736 0.99936
1317.600000000 20.1901 33.1153 0 0 0 -0.168369 0.985724
1319.700000000 21.0115 33.0109 0 0 0 0.128255 0.991741
1320.800000000 21.0112 33.018 0 0 0 0.412514 0.910951
1323.000000000 21.711 33.4738 0 0 0 0.101447 0.994841
1324.200000000 21.9431 33.3486 0 0 0 -0.207287 0.97828
1326.400000000 22.693 32.5891 0 0 0 -0.31415 0.949373
1327.700000000 23.2107 32.3648 0 0 0 -0.0414303 0.999141
1328.500000000 23.2186 32.407 0 0 0 0.285409 0.958406
1329.200000000 23.2054 32.4256 0 0 0 0.524759 0.851251
1330.000000000 23.1529 32.7613 0 0 0 0.714137 0.700005
1330.900000000 22.9801 33.0593 0 0 0 0.871912 0.489663
1332.900000000 22.2229 33.6529 0 0 0 0.973849 0.227197
1333.600000000 22.2292 33.6048 0 0 0 -0.995224 0.0976201
1334.200000000 22.2318 33.6012 0 0 0 -0.922559 0.385856
1334.800000000 22.2342 33.605 0 0 0 -0.773945 0.633253
1335.400000000 22.2451 33.6037 0 0 0 -0.578241 0.815866
1335.900000000 22.2175 33.587 0 0 0 -0.387208 0.921992
1336.600000000 22.2494 33.6082 0 0 0 -0.101648 0.99482
1338.400000000 23.365 33.7177 0 0 0 -0.0288009 0.999585
1339.500000000 23.8371 33.6397 0 0 0 -0.319404 0.947619
1340.200000000 23.8546 33.6495 0 0 0 -0.555575 0.831466
1340.800000000 23.8679 33.6502 0 0 0 -0.735792 0.677208
1342.000000000 23.526 33.1233 0 0 0 -0.89652 0.443003
1343.300000000 23.148 32.7731 0 0 0 -0.990995 0.133902
1344.100000000 23.1516 32.748 0 0 0 0.992671 0.120845
1344.900000000 23.1716 32.7681 0 0 0 0.917092 0.398675
1345.500000000 23.1649 32.7661 0 0 0 0.759063 0.651017
1346.100000000 23.1518 32.7663 0 0 0 0.536694 0.843777
1346.800000000 23.1433 32.7832 0 0 0 0.230666 0.973033
1348.300000000 24.1781 33.0405 0 0 0 0.161316 0.986903
1349.700000000 24.5717 33.4664 0 0 0 0.404633 0.914479
1350.800000000 24.5775 33.6644 0 0 0 0.629913 0.776666
1352.100000000 24.5442 33.6531 0 0 0 0.868616 0.495487
1353.000000000 24.5447 33.6608 0 0 0 0.975187 0.221384
1353.700000000 24.5446 33.6334 0 0 0 -0.998459 0.0554957
1354.400000000 24.5541 33.6216 0 0 0 -0.945212 0.326458
1355.100000000 24.5747 33.6146 0 0 0 -0.782279 0.622928
1355.700000000 24.6008 33.6293 0 0 0 -0.563781 0.825924
1356.400000000 24.6047 33.6312 0 0 0 -0.244129 0.969743
1358.400000000 25.5132 33.5758 0 0 0 -0.0795068 0.996834
1360.000000000 26.6499 33.0834 0 0 0 -0.218317 0.975878
1361.500000000 27.1155 32.5839 0 0 0 -0.502849 0.864374
1362.300000000 27.0789 32.5706 0 0 0 -0.71982 0.69416
1363.100000000 27.0562 32.5712 0 0 0 -0.909354 0.416023
1363.700000000 27.0241 32.6046 0 0 0 -0.987315 0.158774
1364.400000000 27.0515 32.653 0 0 0 0.987395 0.158276
1365.000000000 27.0748 32.7272 0 0 0 0.908155 0.418633
1366.500000000 26.5383 33.6773 0 0 0 0.861648 0.507506
1368.000000000 26.234 34.2663 0 0 0 0.659097 0.752058
1368.600000000 26.2493 34.2307 0 0 0 0.438248 0.898854
1369.200000000 26.2606 34.2607 0 0 0 0.171114 0.985251
1369.900000000 26.2726 34.2678 0 0 0 -0.160943 0.986964
1370.500000000 26.2777 34.269 0 0 0 -0.433274 0.901262
1371.200000000 26.2642 34.2339 0 0 0 -0.621475 0.783434
1372.500000000 26.674 33.1139 0 0 0 -0.552838 0.833289
1373.700000000 27.1164 32.6282 0 0 0 -0.297329 0.954775
1374.500000000 27.114 32.6288 0 0 0 -0.00358722 0.999994
1375.200000000 27.1142 32.7252 0 0 0 0.258794 0.965933
1376.000000000 27.1038 32.7269 0 0 0 0.544375 0.838842
1376.700000000 27.0119 32.788 0 0 0 0.748559 0.663068
1378.300000000 26.5428 33.6855 0 0 0 0.797781 0.602947
1379.200000000 26.4997 33.9899 0 0 0 0.616268 0.787537
1379.800000000 26.5132 33.987 0 0 0 0.36759 0.929988
1380.500000000 26.5114 33.9761 0 0 0 0.0294859 0.999565
1381.700000000 27.2117 33.6991 0 0 0 -0.20731 0.978275
1384.200000000 28.2237 33.2778 0 0 0 -0.00276771 0.999996
1385.100000000 28.2287 33.2641 0 0 0 0.275048 0.961431
1385.800000000 28.2313 33.3616 0 0 0 0.505421 0.862873
1387.000000000 28.1415 33.6269 0 0 0 0.791004 0.611811
1388.300000000 27.7717 34.5402 0 0 0 0.835984 0.548754
1389.500000000 27.7914 34.8683 0 0 0 0.635834 0.771826
1390.200000000 27.7997 34.8587 0 0 0 0.376085 0.926585
1390.900000000 27.8142 34.8056 0 0 0 0.121177 0.992631
1391.900000000 28.3688 34.8094 0 0 0 -0.154911 0.987928
1393.000000000 28.679 34.6126 0 0 0 -0.483057 0.875589
1393.600000000 28.6979 34.6152 0 0 0 -0.718181 0.695856
1394.400000000 28.5849 34.5266 0 0 0 -0.863701 0.504004
1395.900000000 27.8182 33.7773 0 0 0 -0.935666 0.352887
1397.500000000 27.0099 33.0487 0 0 0 -0.923038 0.384709
1400.700000000 26.3461 32.32 0 0 0 -0.918399 0.395656
1405.300000000 25.7053 31.6293 0 0 0 -0.918314 0.395853
1410.100000000 25.0388 30.921 0 0 0 -0.91817 0.396187
1414.500000000 24.3688 30.2183 0 0 0 -0.917968 0.396655
1419.300000000 23.696 29.5099 0 0 0 -0.917885 0.396847
1423.900000000 23.0477 28.8051 0 0 0 -0.917802 0.397038
1428.400000000 22.3716 28.0913 0 0 0 -0.917763 0.397128
1433.100000000 21.7118 27.3854 0 0 0 -0.917745 0.397169
1437.900000000 21.0548 26.6839 0 0 0 -0.917728 0.39721
1442.600000000 20.3866 25.9719 0 0 0 -0.91771 0.397251
1447.200000000 19.7294 25.2713 0 0 0 -0.917692 0.397292
1452.000000000 19.0671 24.5755 0 0 0 -0.917675 0.397332
1456.700000000 18.4226 23.8777 0 0 0 -0.917657 0.397373
1461.200000000 17.7436 23.1539 0 0 0 -0.91764 0.397412
1465.200000000 17.085 22.4519 0 0 0 -0.917623 0.397451
1469.600000000 16.4148 21.7369 0 0 0 -0.917611 0.39748
1474.300000000 15.7448 21.0221 0 0 0 -0.917598 0.397509
1478.900000000 15.0894 20.3226 0 0 0 -0.917558 0.397602
1482.400000000 14.386 19.5717 0 0 0 -0.917518 0.397694
1485.400000000 13.7068 18.8464 0 0 0 -0.917477 0.397788
1487.500000000 13.0263 18.1194 0 0 0 -0.917436 0.397883
1489.100000000 12.3522 17.3989 0 0 0 -0.917394 0.39798
1491.300000000 11.7179 16.7305 0 0 0 -0.917348 0.398086
1494.700000000 11.03 16.0179 0 0 0 -0.90541 0.424538
1496.000000000 10.5797 15.1507 0 0 0 -0.830638 0.556813
1497.200000000 10.4769 14.2522 0 0 0 -0.744773 0.667318
1498.600000000 10.4775 13.1987 0 0 0 -0.698491 0.715619
1499.800000000 10.5061 12.2952 0 0 0 -0.696299 0.717752
1501.600000000 10.5882 11.2652 0 0 0 -0.48593 0.873998
1503.000000000 11.4081 10.5422 0 0 0 -0.357836 0.933785
1504.400000000 12.1049 9.85276 0 0 0 -0.359766 0.933043
1505.700000000 12.9011 9.14162 0 0 0 -0.373915 0.927463
1507.100000000 13.6497 8.40269 0 0 0 -0.378015 0.9258
1508.400000000 14.2726 7.7772 0 0 0 -0.36807 0.929798
1509.700000000 15.0899 7.08089 0 0 0 -0.343682 0.939086
1511.200000000 15.8342 6.49441 0 0 0 -0.312174 0.950025
1514.700000000 16.6904 5.96995 0 0 0 -0.269171 0.963092
1516.800000000 17.5183 5.42301 0 0 0 -0.291862 0.95646
1518.200000000 18.2769 4.76157 0 0 0 -0.348283 0.93739
1519.500000000 19.06 4.12135 0 0 0 -0.358205 0.933643
1520.700000000 19.7156 3.51025 0 0 0 -0.364863 0.931061
1522.100000000 20.4784 2.7859 0 0 0 -0.371214 0.928547
1523.400000000 21.1842 2.11297 0 0 0 -0.371097 0.928594
1524.700000000 21.8949 1.44638 0 0 0 -0.371163 0.928568
1526.100000000 22.6574 0.721278 0 0 0 -0.371231 0.928541
1527.400000000 23.3585 0.0442069 0 0 0 -0.371323 0.928504
1528.700000000 24.0689 -0.622716 0 0 0 -0.371416 0.928466
1529.900000000 24.7149 -1.2428 0 0 0 -0.371633 0.92838
1537.400000000 25.4155 -1.92811 0 0 0 -0.385227 0.922822
1538.800000000 26.204 -2.58475 0 0 0 -0.281179 0.959655
1540.100000000 27.1255 -2.91541 0 0 0 -0.125051 0.99215
1541.600000000 28.1016 -2.9899 0 0 0 0.0079081 0.999969
1543.000000000 29.0535 -2.78794 0 0 0 0.0386821 0.999252
1544.600000000 30.0516 -3.06448 0 0 0 -0.234605 0.972091
1545.900000000 30.7981 -3.67181 0 0 0 -0.356516 0.934289
1547.300000000 31.6481 -4.29358 0 0 0 -0.264432 0.964404
1548.600000000 32.5661 -4.59376 0 0 0 -0.103184 0.994662
1550.100000000 33.6206 -4.55606 0 0 0 0.0433144 0.999061
1551.400000000 34.4929 -4.46868 0 0 0 0.0701938 0.997533
1552.800000000 35.5483 -4.34977 0 0 0 0.047344 0.998879
1554.100000000 36.5079 -4.29123 0 0 0 -0.00166505 0.999999
1555.500000000 37.5737 -4.30497 0 0 0 0.0382222 0.999269
1556.900000000 38.5292 -3.97698 0 0 0 0.212697 0.977118
1557.900000000 38.9466 -4.0024 0 0 0 -0.0497414 0.998762
1559.200000000 39.2086 -4.25061 0 0 0 -0.408874 0.912591
1561.000000000 39.2568 -4.66298 0 0 0 -0.626242 0.779629
1562.000000000 39.167 -4.67136 0 0 0 -0.797509 0.603306
1563.200000000 39.0628 -4.57573 0 0 0 -0.937406 0.348239
1564.200000000 39.0181 -4.52039 0 0 0 -0.994225 0.107315
1565.400000000 39.0168 -4.38747 0 0 0 0.982547 0.186015
1566.100000000 39.058 -4.31631 0 0 0 0.884411 0.466708
1566.600000000 39.1616 -4.25454 0 0 0 0.744935 0.667137
1567.300000000 39.2874 -4.2893 0 0 0 0.4756 0.879662
1568.000000000 39.3752 -4.33926 0 0 0 0.234869 0.972027
1569.000000000 39.4055 -4.48426 0 0 0 -0.0831374 0.996538
1569.900000000 39.3584 -4.58716 0 0 0 -0.369633 0.929178
1570.700000000 39.2543 -4.64241 0 0 0 -0.614786 0.788694
1571.600000000 39.1371 -4.63424 0 0 0 -0.830779 0.556603
1572.400000000 39.0413 -4.5749 0 0 0 -0.959701 0.281021
1572.900000000 39.0175 -4.50405 0 0 0 -0.997484 0.0708878
1573.900000000 39.0104 -4.32412 0 0 0 0.948258 0.3175
1575.200000000 38.7229 -3.83873 0 0 0 0.830013 0.557744
1577.000000000 38.4606 -2.78581 0 0 0 0.797342 0.603527
1578.500000000 38.2345 -2.40349 0 0 0 0.955067 0.296391
1579.200000000 38.2041 -2.52625 0 0 0 -0.999594 0.0285023
1579.800000000 38.2241 -2.63174 0 0 0 -0.952159 0.305602
1580.400000000 38.1929 -2.80463 0 0 0 -0.860107 0.510113
1581.200000000 38.252 -3.02476 0 0 0 -0.672724 0.739893
1582.800000000 38.7257 -3.86458 0 0 0 -0.542335 0.840162
1584.300000000 38.8755 -4.57664 0 0 0 -0.767296 0.641293
1585.000000000 38.7682 -4.53195 0 0 0 -0.939464 0.342647
1585.600000000 38.7168 -4.43164 0 0 0 -0.998517 0.0544429
1586.200000000 38.5642 -4.30982 0 0 0 0.986251 0.165253
1587.200000000 38.3955 -4.01174 0 0 0 0.876951 0.480579
1588.000000000 38.4224 -3.72736 0 0 0 0.71601 0.69809
1589.600000000 38.4655 -2.7563 0 0 0 0.73294 0.680293
1590.500000000 38.3384 -2.72313 0 0 0 0.900768 0.4343
1591.300000000 38.2331 -2.80953 0 0 0 0.986624 0.163014
1593.100000000 37.1956 -2.831 0 0 0 0.999333 0.0365299
1594.300000000 36.8196 -2.69401 0 0 0 0.945147 0.326645
1594.800000000 36.8667 -2.64901 0 0 0 0.857407 0.514638
1595.700000000 36.9407 -2.61961 0 0 0 0.611951 0.790896
1597.000000000 37.3684 -2.17567 0 0 0 0.417429 0.90871
1598.600000000 37.7901 -1.98643 0 0 0 0.0908842 0.995861
1599.300000000 37.7946 -2.0621 0 0 0 -0.206203 0.978509
1600.100000000 37.7301 -2.18302 0 0 0 -0.530693 0.847564
1600.700000000 37.5909 -2.19946 0 0 0 -0.741606 0.670836
1601.400000000 37.4903 -2.1581 0 0 0 -0.916955 0.39899
1602.200000000 37.2727 -2.13798 0 0 0 -0.992463 0.122546
1603.300000000 36.8709 -2.04434 0 0 0 0.982339 0.187111
1604.500000000 36.4815 -1.59504 0 0 0 0.908575 0.417722
1606.300000000 36.0747 -0.693754 0 0 0 0.796696 0.60438
1607.200000000 36.1118 -0.686293 0 0 0 0.59733 0.801995
1608.000000000 36.237 -0.690549 0 0 0 0.376979 0.926222
1609.000000000 36.3141 -0.801549 0 0 0 0.0916147 0.995795
1610.000000000 36.2947 -0.939665 0 0 0 -0.222558 0.974919
1610.600000000 36.2807 -1.00982 0 0 0 -0.448968 0.893548
1611.400000000 36.1375 -1.05739 0 0 0 -0.706487 0.707726
1612.000000000 36.0523 -1.03686 0 0 0 -0.859253 0.511551
1612.700000000 35.9613 -0.961432 0 0 0 -0.97138 0.237529
1613.500000000 35.9384 -0.836177 0 0 0 0.994966 0.100215
1615.400000000 35.1471 -0.290249 0 0 0 0.93109 0.36479
1617.100000000 35.0194 0.10678 0 0 0 0.752545 0.658541
1618.200000000 35.0245 0.111148 0 0 0 0.525551 0.850762
1620.600000000 35.2938 0.866535 0 0 0 0.787719 0.616034
1621.200000000 35.2381 0.850934 0 0 0 0.911429 0.411457
1622.100000000 34.9769 0.802783 0 0 0 0.990554 0.13712
1623.200000000 34.4143 0.753565 0 0 0 -0.99442 0.105498
1625.700000000 33.718 0.717341 0 0 0 0.982822 0.184556
1626.500000000 33.7544 0.737654 0 0 0 0.8805 0.474046
1627.100000000 33.7914 0.748248 0 0 0 0.747358 0.664422
1627.900000000 33.9947 0.773011 0 0 0 0.512208 0.858861
1629.400000000 34.6102 1.2585 0 0 0 0.292476 0.956273
1630.600000000 34.8333 1.31575 0 0 0 -0.01711 0.999854
1631.400000000 34.8295 1.22975 0 0 0 -0.304218 0.952602
1632.100000000 34.7855 1.16006 0 0 0 -0.536 0.844218
1633.000000000 34.6478 1.13137 0 0 0 -0.787769 0.615971
1633.800000000 34.5356 1.19165 0 0 0 -0.935618 0.353014
1634.400000000 34.4997 1.27636 0 0 0 -0.997837 0.0657403
1635.000000000 34.4839 1.41286 0 0 0 0.974058 0.226299
1635.600000000 34.5342 1.41238 0 0 0 0.866675 0.498874
1637.200000000 34.0932 2.41095 0 0 0 0.870047 0.492968
1638.700000000 33.7308 2.83397 0 0 0 0.966253 0.257596
1639.800000000 33.7799 2.6912 0 0 0 -0.999913 0.0131586
1640.700000000 33.8138 2.58486 0 0 0 -0.959199 0.282733
1641.700000000 33.8927 2.50997 0 0 0 -0.826879 0.56238
1642.400000000 34.0097 2.49754 0 0 0 -0.621441 0.783461
1643.000000000 34.0959 2.55631 0 0 0 -0.372575 0.928002
1643.600000000 34.1474 2.65622 0 0 0 -0.0928645 0.995679
1644.200000000 34.2183 2.79738 0 0 0 0.156038 0.987751
1645.000000000 34.325 2.98601 0 0 0 0.422272 0.906469
1645.800000000 34.3659 3.23931 0 0 0 0.63172 0.775197
1647.900000000 34.3412 4.19733 0 0 0 0.75774 0.652557
1649.000000000 34.2435 4.18227 0 0 0 0.93019 0.367078
1649.800000000 34.1843 4.10959 0 0 0 0.993271 0.115814
1650.500000000 34.1503 3.96595 0 0 0 -0.984047 0.177909
1651.200000000 34.237 3.87801 0 0 0 -0.890105 0.455756
1651.900000000 34.3413 3.83912 0 0 0 -0.719445 0.69455
1652.600000000 34.4401 3.86821 0 0 0 -0.486488 0.873687
1653.400000000 34.5197 3.97244 0 0 0 -0.170791 0.985307
1654.400000000 34.9244 4.13246 0 0 0 0.0602873 0.998181
1656.100000000 35.6434 4.41665 0 0 0 0.330648 0.943754
1657.000000000 35.608 4.42883 0 0 0 0.568823 0.82246
1658.000000000 35.598 4.43519 0 0 0 0.786462 0.617639
1659.700000000 35.2483 5.50794 0 0 0 0.734815 0.678267
1660.700000000 35.3673 5.67627 0 0 0 0.500232 0.865891
1661.500000000 35.4129 5.66079 0 0 0 0.178297 0.983977
1662.400000000 35.6643 5.56288 0 0 0 -0.104846 0.994488
1664.100000000 36.4587 5.07172 0 0 0 -0.381201 0.924492
1664.800000000 36.418 5.00319 0 0 0 -0.595579 0.803296
1665.800000000 36.2683 5.01174 0 0 0 -0.836874 0.547396
1667.500000000 35.4802 4.27226 0 0 0 -0.93088 0.365325
1668.800000000 34.774 3.5999 0 0 0 -0.926398 0.376547
1670.100000000 34.0744 2.91447 0 0 0 -0.923573 0.383422
1671.400000000 33.3881 2.22054 0 0 0 -0.923577 0.383413
1672.700000000 32.6977 1.52972 0 0 0 -0.923543 0.383495
1674.100000000 31.9571 0.787421 0 0 0 -0.923508 0.383578
1675.400000000 31.2677 0.0916979 0 0 0 -0.923488 0.383628
1676.700000000 30.5753 -0.593681 0 0 0 -0.923488 0.383628
1678.100000000 29.8339 -1.32984 0 0 0 -0.930349 0.366676
1679.300000000 29.1155 -1.89984 0 0 0 -0.949483 0.313818
1680.600000000 28.2587 -2.3295 0 0 0 -0.984274 0.17665
1682.200000000 27.2294 -2.44505 0 0 0 -0.999671 0.0256563
1683.800000000 26.1974 -2.36098 0 0 0 0.995951 0.0898996
1685.100000000 25.2592 -2.19386 0 0 0 0.994507 0.10467
1686.700000000 24.36 -2.00495 0 0 0 0.998171 0.060454
1695.800000000 23.3251 -1.91545 0 0 0 0.993871 0.110546
1697.300000000 22.5872 -1.34344 0 0 0 0.928062 0.372426
1698.700000000 21.8838 -0.560689 0 0 0 0.916142 0.400853
1700.000000000 21.1014 0.00387424 0 0 0 0.97002 0.243025
1701.400000000 20.1729 0.197142 0 0 0 0.999465 0.0326973
1703.500000000 19.2332 0.0979104 0 0 0 -0.998865 0.0476214
1708.000000000 18.2584 0.011558 0 0 0 -0.999068 0.0431549
1709.600000000 17.2105 -0.0224477 0 0 0 -0.999999 0.00137221
1711.000000000 16.1581 -0.0121129 0 0 0 0.999988 0.00480178
1712.300000000 15.1845 -0.0119708 0 0 0 1 0.000157034
1713.700000000 14.1307 -0.0120779 0 0 0 1 0.000150339
1715.000000000 13.157 -0.0122231 0 0 0 1 0.000141937
1716.300000000 12.1833 -0.012363 0 0 0 1 0.000125167
1717.600000000 11.2096 -0.0125295 0 0 0 1 0.000121439
1719.200000000 10.0096 -0.0128294 0 0 0 1 0.000120305
1720.500000000 9.03586 -0.0129906 0 0 0 1 0.000122406
1721.800000000 8.06215 -0.0129613 0 0 0 1 0.000127755
1723.100000000 7.08845 -0.0129122 0 0 0 1 0.00013637
1724.400000000 6.10471 -0.012861 0 0 0 1 0.00014829
1725.700000000 5.12849 -0.0113114 0 0 0 -1 0.000229236
1727.000000000 4.15205 -0.0109388 0 0 0 -0.999999 0.00100806
1728.300000000 3.17797 -0.0125495 0 0 0 -0.999999 0.00109246
1729.600000000 2.20539 -0.0142966 0 0 0 -0.999999 0.00119397
1731.000000000 1.15126 -0.0166028 0 0 0 -0.999999 0.00124095
1732.200000000 0.247148 -0.0182102 0 0 0 -0.999999 0.00130825
1733.900000000 -0.57748 -0.129518 0 0 0 -0.962101 0.272694
1734.600000000 -0.516834 -0.206393 0 0 0 -0.826395 0.563091
1735.200000000 -0.355207 -0.216607 0 0 0 -0.642441 0.766335
1736.000000000 -0.213258 -0.201505 0 0 0 -0.324503 0.945885
1736.600000000 -0.131757 -0.129367 0 0 0 -0.0563826 0.998409
1738.300000000 0.88722 0.186949 0 0 0 0.128781 0.991673
1739.700000000 1.28152 0.164914 0 0 0 -0.157278 0.987554
1740.600000000 1.25812 0.0506957 0 0 0 -0.427637 0.903951
1741.700000000 1.22582 -0.205605 0 0 0 -0.671459 0.741042
1742.900000000 1.02445 -0.436052 0 0 0 -0.863634 0.50412
1744.000000000 0.827205 -0.516903 0 0 0 -0.969173 0.246381
1745.000000000 0.613931 -0.515069 0 0 0 0.999988 0.00498745
1746.300000000 0.350988 -0.283337 0 0 0 0.957705 0.28775
1747.400000000 0.280761 -0.0433576 0 0 0 0.850114 0.526599
1748.500000000 0.352613 0.156856 0 0 0 0.677943 0.735114
1749.700000000 0.520459 0.405715 0 0 0 0.456428 0.88976
1751.000000000 0.815455 0.463349 0 0 0 0.180753 0.983529
1752.000000000 0.921963 0.375657 0 0 0 -0.087467 0.996167
1753.400000000 1.15167 0.103927 0 0 0 -0.357094 0.934069
