0.300000000 0.2 0 0 0 0 0 1
9.300000000 0.98659 -0.129157 0 0 0 -0.342872 0.939382
10.000000000 0.887758 -0.203371 0 0 0 -0.644627 0.764498
10.600000000 0.770848 -0.188325 0 0 0 -0.841732 0.539896
11.200000000 0.683091 -0.109898 0 0 0 -0.963673 0.267084
11.700000000 0.655225 -0.015426 0 0 0 -0.999779 0.0210187
12.400000000 0.695609 0.118364 0 0 0 0.946187 0.323621
13.000000000 0.79131 0.194964 0 0 0 0.808633 0.588314
13.600000000 0.898281 0.195486 0 0 0 0.598502 0.801121
14.300000000 1.00621 0.109642 0 0 0 0.286885 0.957965
14.900000000 1.02917 0.00599656 0 0 0 -0.00902268 0.999959
15.400000000 1.01229 -0.0964148 0 0 0 -0.255539 0.966799
18.900000000 1.19899 -0.0890821 0 0 0 0.0900856 0.995934
19.500000000 1.14923 0.0292749 0 0 0 0.379782 0.925076
20.200000000 1.04419 0.0951038 0 0 0 0.674336 0.738425
20.800000000 0.905031 0.127882 0 0 0 0.84461 0.535383
22.400000000 0.15904 0.902594 0 0 0 0.931206 0.364494
23.800000000 -0.593312 1.63555 0 0 0 0.918042 0.396482
25.200000000 -1.2393 2.46366 0 0 0 0.886487 0.462754
26.600000000 -1.75927 3.37123 0 0 0 0.857043 0.515245
27.900000000 -2.15115 4.2734 0 0 0 0.82202 0.569459
29.300000000 -2.53807 5.24521 0 0 0 0.830775 0.556609
30.600000000 -2.85409 6.1669 0 0 0 0.792477 0.609901
32.100000000 -2.74519 7.09516 0 0 0 0.600282 0.799788
33.400000000 -2.37512 7.99541 0 0 0 0.560048 0.82846
35.000000000 -2.10618 8.96369 0 0 0 0.630403 0.776268
37.500000000 -2.01072 9.89378 0 0 0 0.708664 0.705546
39.500000000 -2.09153 10.8564 0 0 0 0.745455 0.666556
40.800000000 -2.19583 11.8071 0 0 0 0.735772 0.677229
43.000000000 -2.2269 12.8326 0 0 0 0.711903 0.702278
46.800000000 -2.20523 13.7842 0 0 0 0.697311 0.716769
51.300000000 -2.1853 14.7451 0 0 0 0.705198 0.709011
55.100000000 -2.18294 15.7951 0 0 0 0.710236 0.703964
56.400000000 -2.23652 16.7742 0 0 0 0.789901 0.613235
57.800000000 -2.72311 17.6347 0 0 0 0.895421 0.445221
59.100000000 -3.39908 18.3566 0 0 0 0.925911 0.377741
60.400000000 -4.08133 19.0218 0 0 0 0.916155 0.400825
61.700000000 -4.38615 19.5208 0 0 0 0.748842 0.662749
62.400000000 -4.29117 19.7625 0 0 0 0.578233 0.815872
64.000000000 -3.56337 20.4804 0 0 0 0.352799 0.935699
65.300000000 -2.87118 21.1554 0 0 0 0.380149 0.924925
66.500000000 -2.2806 21.8726 0 0 0 0.483393 0.875404
67.900000000 -2.00588 22.8064 0 0 0 0.64791 0.761717
69.300000000 -2.06101 23.8383 0 0 0 0.745118 0.666933
70.600000000 -2.16553 24.8305 0 0 0 0.748561 0.663066
72.300000000 -2.23245 25.7671 0 0 0 0.715892 0.698211
76.100000000 -2.2211 26.7582 0 0 0 0.694022 0.719954
79.000000000 -2.19709 27.7316 0 0 0 0.71426 0.69988
80.400000000 -2.31707 28.7564 0 0 0 0.778937 0.627103
81.700000000 -2.68483 29.6422 0 0 0 0.845647 0.533743
83.100000000 -2.97167 30.655 0 0 0 0.765415 0.643537
84.600000000 -2.89483 31.3953 0 0 0 0.508062 0.86132
85.100000000 -2.84816 31.3378 0 0 0 0.28254 0.959255
85.800000000 -2.81738 31.2673 0 0 0 -0.0595015 0.998228
86.400000000 -2.83638 31.1038 0 0 0 -0.34585 0.93829
87.000000000 -2.91117 31.0027 0 0 0 -0.588762 0.808307
87.800000000 -3.01354 30.8826 0 0 0 -0.82195 0.569559
89.000000000 -3.47013 30.3878 0 0 0 -0.942575 0.333995
89.600000000 -3.53783 30.4808 0 0 0 -0.998289 0.0584656
90.200000000 -3.52656 30.5872 0 0 0 0.972082 0.234643
90.800000000 -3.45222 30.6873 0 0 0 0.862574 0.505931
91.400000000 -3.34882 30.7247 0 0 0 0.687636 0.726056
92.100000000 -3.16205 30.9498 0 0 0 0.515782 0.85672
93.600000000 -2.4959 31.7518 0 0 0 0.437656 0.899142
95.000000000 -2.01806 32.6901 0 0 0 0.590442 0.80708
96.400000000 -1.97192 33.6446 0 0 0 0.700303 0.713846
97.800000000 -2.05383 34.6763 0 0 0 0.743827 0.668372
99.700000000 -2.10138 35.6148 0 0 0 0.718417 0.695612
102.500000000 -2.1234 36.5736 0 0 0 0.709624 0.704581
106.400000000 -2.10431 37.5066 0 0 0 0.697183 0.716893
110.500000000 -2.09117 38.5954 0 0 0 0.704834 0.709372
111.900000000 -2.09214 39.6014 0 0 0 0.719774 0.694208
113.300000000 -2.18062 40.6731 0 0 0 0.790633 0.61229
114.600000000 -2.58558 41.5012 0 0 0 0.874984 0.484152
115.900000000 -3.22596 42.2257 0 0 0 0.923284 0.384118
117.200000000 -3.93184 42.8639 0 0 0 0.945066 0.326879
117.900000000 -4.02956 42.8031 0 0 0 0.999869 0.0161606
118.500000000 -3.99817 42.6896 0 0 0 -0.959961 0.280135
119.100000000 -3.90812 42.6035 0 0 0 -0.83615 0.548501
119.600000000 -3.81131 42.5911 0 0 0 -0.673585 0.73911
120.300000000 -3.71308 42.6565 0 0 0 -0.378729 0.925508
120.800000000 -3.71299 42.7253 0 0 0 -0.148239 0.988952
121.600000000 -3.70637 42.7181 0 0 0 0.192331 0.98133
122.700000000 -3.14319 43.305 0 0 0 0.409585 0.912272
124.100000000 -2.40245 44.0488 0 0 0 0.467647 0.883915
125.400000000 -2.02489 45.0398 0 0 0 0.569757 0.821813
126.700000000 -1.89029 45.9963 0 0 0 0.697699 0.716391
128.000000000 -2.01312 46.9692 0 0 0 0.756264 0.654267
129.300000000 -2.11086 47.9299 0 0 0 0.729352 0.684139
130.700000000 -2.11565 48.982 0 0 0 0.701627 0.712544
132.000000000 -2.10324 49.9558 0 0 0 0.703707 0.71049
133.400000000 -2.10545 51.0094 0 0 0 0.706892 0.707322
134.700000000 -2.13767 51.981 0 0 0 0.73693 0.675969
136.100000000 -2.25455 52.9495 0 0 0 0.784524 0.620098
137.400000000 -2.64985 53.9651 0 0 0 0.841059 0.540943
138.800000000 -3.02264 54.941 0 0 0 0.783554 0.621323
140.100000000 -3.04762 55.9095 0 0 0 0.679909 0.733297
140.900000000 -2.89959 55.9858 0 0 0 0.403283 0.915075
141.500000000 -2.84696 55.8748 0 0 0 0.119549 0.992828
142.000000000 -2.83123 55.7294 0 0 0 -0.124463 0.992224
142.700000000 -2.88977 55.6291 0 0 0 -0.448417 0.893824
143.500000000 -2.95604 55.4662 0 0 0 -0.720686 0.693262
144.400000000 -3.18816 55.0577 0 0 0 -0.857431 0.5146
145.900000000 -3.91684 54.2378 0 0 0 -0.931671 0.363303
146.800000000 -4.14426 54.2137 0 0 0 -0.999218 0.0395318
147.400000000 -4.12234 54.3433 0 0 0 0.967714 0.252053
148.100000000 -4.04769 54.4949 0 0 0 0.823889 0.566752
148.700000000 -3.91264 54.4822 0 0 0 0.634053 0.77329
149.800000000 -3.59968 54.9894 0 0 0 0.409024 0.912524
151.100000000 -2.88118 55.6489 0 0 0 0.350426 0.93659
152.500000000 -2.12627 56.3632 0 0 0 0.381161 0.924509
153.700000000 -1.49085 57.0041 0 0 0 0.383743 0.92344
155.100000000 -0.706044 57.6962 0 0 0 0.326028 0.94536
156.400000000 0.15608 58.1217 0 0 0 0.165241 0.986253
158.100000000 1.17507 58.2293 0 0 0 0.00285975 0.999996
161.200000000 2.14141 58.1551 0 0 0 -0.0472797 0.998882
165.700000000 3.10471 58.0714 0 0 0 -0.0390659 0.999237
169.700000000 4.1176 58.0255 0 0 0 -0.0127291 0.999919
171.600000000 5.13515 58.344 0 0 0 0.262619 0.9649
173.200000000 5.81248 59.1665 0 0 0 0.502644 0.864494
174.600000000 6.08468 60.1581 0 0 0 0.650777 0.759269
175.600000000 6.01538 60.5878 0 0 0 0.827774 0.561062
176.200000000 5.92343 60.5135 0 0 0 0.957115 0.289709
176.900000000 5.89111 60.3902 0 0 0 -0.998428 0.0560479
177.500000000 5.93846 60.2819 0 0 0 -0.937271 0.3486
178.200000000 6.04826 60.2151 0 0 0 -0.760913 0.648854
178.900000000 6.20965 60.1085 0 0 0 -0.545496 0.838113
180.400000000 6.88565 59.4194 0 0 0 -0.381201 0.924492
181.700000000 7.6497 58.7008 0 0 0 -0.352757 0.935715
183.000000000 8.41263 58.1446 0 0 0 -0.262202 0.965013
184.500000000 9.43002 57.857 0 0 0 -0.0489387 0.998802
185.800000000 10.3962 57.9329 0 0 0 0.0541186 0.998535
187.100000000 11.3653 58.0206 0 0 0 0.0450642 0.998984
188.800000000 12.2563 58.0863 0 0 0 0.0228936 0.999738
