0.300000000 0.2 0 0 0 0 0 1
5.400000000 1.25069 0.000685605 0 0 0 3.36721e-05 1
6.700000000 2.20483 0.0373149 0 0 0 0.0586426 0.998279
9.200000000 3.06276 0.215957 0 0 0 -0.257973 0.966152
9.800000000 2.97478 0.197732 0 0 0 -0.531239 0.847222
10.400000000 2.85915 0.194366 0 0 0 -0.758117 0.652119
11.000000000 2.74536 0.26549 0 0 0 -0.916882 0.399158
11.700000000 2.6907 0.274441 0 0 0 -0.998213 0.0597545
12.200000000 2.71025 0.395378 0 0 0 0.982178 0.187953
12.800000000 2.78412 0.487673 0 0 0 0.882889 0.469583
13.500000000 2.91332 0.521467 0 0 0 0.667581 0.744537
14.100000000 3.01758 0.475372 0 0 0 0.4173 0.908769
14.600000000 3.08431 0.391129 0 0 0 0.180839 0.983513
17.600000000 3.13003 0.223683 0 0 0 -0.0984663 0.99514
18.200000000 3.08908 0.226231 0 0 0 -0.384219 0.923242
19.000000000 3.06487 0.0204943 0 0 0 -0.640225 0.768187
20.100000000 2.89975 -0.546237 0 0 0 -0.815185 0.579201
21.400000000 2.49018 -1.44339 0 0 0 -0.84157 0.540148
22.900000000 2.2082 -2.42626 0 0 0 -0.780681 0.624929
24.900000000 2.2414 -2.99358 0 0 0 -0.556932 0.830558
25.600000000 2.33916 -2.97231 0 0 0 -0.239359 0.970931
26.200000000 2.36463 -2.83783 0 0 0 0.0586969 0.998276
27.000000000 2.68432 -2.64375 0 0 0 0.269246 0.963072
28.400000000 3.33053 -1.89152 0 0 0 0.456142 0.889907
29.800000000 3.76738 -0.909096 0 0 0 0.597163 0.80212
31.100000000 3.86462 0.0506304 0 0 0 0.706072 0.70814
32.400000000 3.75309 1.00433 0 0 0 0.736858 0.676048
33.800000000 3.70865 2.07531 0 0 0 0.725486 0.688237
35.100000000 3.6774 3.04397 0 0 0 0.707516 0.706697
36.400000000 3.6718 4.01473 0 0 0 0.705156 0.709052
37.700000000 3.69317 4.98963 0 0 0 0.700083 0.714061
38.900000000 3.69841 5.89346 0 0 0 0.703963 0.710237
40.300000000 3.70686 6.94658 0 0 0 0.705128 0.70908
41.700000000 3.73328 7.96308 0 0 0 0.663316 0.74834
43.200000000 4.16627 8.89719 0 0 0 0.504772 0.863252
44.500000000 4.80172 9.62936 0 0 0 0.381014 0.924569
45.800000000 5.54467 10.2585 0 0 0 0.319899 0.947452
47.200000000 6.43763 10.7814 0 0 0 0.180226 0.983625
48.400000000 7.33742 10.8772 0 0 0 0.0265397 0.999648
49.900000000 8.23195 10.5481 0 0 0 -0.197124 0.980379
51.300000000 9.22127 10.1855 0 0 0 -0.171273 0.985224
52.600000000 10.1806 10.0097 0 0 0 -0.0495562 0.998771
53.900000000 11.1363 10.0227 0 0 0 0.0224917 0.999747
55.200000000 11.5221 10.1549 0 0 0 0.344678 0.938721
55.800000000 11.4124 10.2184 0 0 0 0.606696 0.794934
56.400000000 11.3276 10.2801 0 0 0 0.794764 0.606918
57.700000000 10.8433 10.9171 0 0 0 0.917997 0.396587
59.000000000 10.0314 11.5485 0 0 0 0.92927 0.369402
60.200000000 9.39818 12.1811 0 0 0 0.92311 0.384535
61.700000000 8.85329 13.091 0 0 0 0.829939 0.557854
62.900000000 8.69312 13.9769 0 0 0 0.742863 0.669443
64.300000000 8.73667 15.022 0 0 0 0.670404 0.741997
65.500000000 8.88003 15.9185 0 0 0 0.635444 0.772147
66.900000000 9.15602 16.9268 0 0 0 0.59589 0.803066
68.100000000 9.4128 17.8002 0 0 0 0.593666 0.804712
69.400000000 9.82274 18.673 0 0 0 0.507677 0.861548
70.800000000 10.3878 19.5667 0 0 0 0.487985 0.872852
72.000000000 10.7537 20.3723 0 0 0 0.589289 0.807922
73.100000000 10.7515 20.8694 0 0 0 0.80024 0.59968
73.700000000 10.6529 20.7941 0 0 0 0.941715 0.336413
74.300000000 10.6083 20.6946 0 0 0 0.999071 0.0430964
75.000000000 10.6539 20.5796 0 0 0 -0.953085 0.302702
75.600000000 10.7472 20.5116 0 0 0 -0.821374 0.57039
76.300000000 10.887 20.4852 0 0 0 -0.586778 0.809748
77.500000000 11.344 19.9294 0 0 0 -0.390531 0.92059
79.000000000 12.1174 19.1597 0 0 0 -0.431138 0.902286
80.400000000 12.5224 18.2365 0 0 0 -0.598007 0.801491
81.900000000 12.6982 17.2232 0 0 0 -0.600185 0.799861
82.800000000 12.9607 16.9917 0 0 0 -0.358837 0.9334
84.000000000 13.5622 16.826 0 0 0 -0.086611 0.996242
85.600000000 14.5356 16.7979 0 0 0 0.00952911 0.999955
88.200000000 15.4975 16.9874 0 0 0 0.179714 0.983719
89.800000000 16.2663 17.6664 0 0 0 0.356823 0.934172
91.100000000 17.0999 18.1928 0 0 0 0.247463 0.968897
92.300000000 17.9155 18.5931 0 0 0 0.177173 0.98418
93.600000000 18.872 18.7793 0 0 0 0.0830943 0.996542
94.500000000 18.9929 18.9896 0 0 0 0.406194 0.913787
95.100000000 18.9825 19.1005 0 0 0 0.617542 0.786538
96.700000000 18.8904 20.1968 0 0 0 0.742199 0.67018
98.200000000 18.6621 20.8884 0 0 0 0.911648 0.410972
98.900000000 18.596 20.747 0 0 0 0.997757 0.0669466
99.500000000 18.6149 20.6098 0 0 0 -0.973011 0.230758
100.200000000 18.7128 20.5151 0 0 0 -0.83685 0.547432
101.000000000 18.8319 20.4005 0 0 0 -0.604539 0.796576
102.000000000 19.1982 20.04 0 0 0 -0.389561 0.921001
103.400000000 19.9846 19.3683 0 0 0 -0.34344 0.939174
104.700000000 20.6929 18.7001 0 0 0 -0.378268 0.925696
106.000000000 21.3762 18.0132 0 0 0 -0.385637 0.92265
107.300000000 22.0729 17.3353 0 0 0 -0.379046 0.925378
108.600000000 22.7846 16.683 0 0 0 -0.34182 0.939766
110.000000000 23.6407 16.1128 0 0 0 -0.271368 0.962476
111.200000000 24.4736 15.6933 0 0 0 -0.218086 0.97593
112.600000000 25.4503 15.3367 0 0 0 -0.165621 0.986189
114.000000000 26.3905 15.0034 0 0 0 -0.213026 0.977047
115.400000000 27.0369 14.373 0 0 0 -0.467594 0.883943
117.000000000 27.2636 13.3603 0 0 0 -0.691345 0.722525
118.300000000 27.1348 12.406 0 0 0 -0.774548 0.632515
119.800000000 26.6744 11.5383 0 0 0 -0.893785 0.448496
120.400000000 26.5864 11.6173 0 0 0 -0.985682 0.168613
121.100000000 26.6508 11.7335 0 0 0 0.984458 0.175623
121.700000000 26.6725 11.812 0 0 0 0.888321 0.459222
122.300000000 26.8418 11.8986 0 0 0 0.727099 0.686532
123.100000000 26.9258 12.1275 0 0 0 0.51813 0.855302
124.500000000 27.6598 12.7785 0 0 0 0.349359 0.936989
125.800000000 28.3898 13.4338 0 0 0 0.364857 0.931064
127.100000000 29.0687 14.1209 0 0 0 0.38834 0.921516
128.500000000 29.803 14.8714 0 0 0 0.387867 0.921715
129.800000000 30.4883 15.5751 0 0 0 0.382129 0.924109
131.000000000 31.1243 16.208 0 0 0 0.382157 0.924097
132.400000000 31.8705 16.9524 0 0 0 0.382223 0.92407
133.700000000 32.5665 17.6458 0 0 0 0.382312 0.924033
135.000000000 33.2579 18.3347 0 0 0 0.382404 0.923995
136.400000000 34.0028 19.0787 0 0 0 0.382499 0.923956
137.600000000 34.6381 19.712 0 0 0 0.382597 0.923916
138.900000000 35.3235 20.4059 0 0 0 0.382696 0.923874
140.200000000 36.0184 21.09 0 0 0 0.382799 0.923832
141.500000000 36.7035 21.7842 0 0 0 0.382904 0.923788
142.800000000 37.3676 22.4969 0 0 0 0.423259 0.906009
144.200000000 37.8809 23.394 0 0 0 0.557366 0.830267
145.600000000 38.0435 24.4054 0 0 0 0.695361 0.718661
146.900000000 37.9575 25.3698 0 0 0 0.759806 0.65015
148.100000000 37.8414 26.2835 0 0 0 0.744349 0.667791
149.500000000 37.8147 27.3268 0 0 0 0.703236 0.710956
150.900000000 38.1023 28.0715 0 0 0 0.480109 0.877209
152.400000000 38.8686 28.8123 0 0 0 0.362559 0.931961
153.600000000 39.5463 29.4078 0 0 0 0.338519 0.940959
155.000000000 40.3875 30.0243 0 0 0 0.34289 0.939376
156.200000000 40.6548 30.4554 0 0 0 0.620909 0.783882
156.800000000 40.5486 30.4394 0 0 0 0.825471 0.564444
157.400000000 40.4207 30.4081 0 0 0 0.947571 0.319546
158.300000000 40.1523 30.4091 0 0 0 0.999999 0.00143238
159.800000000 39.1659 30.0777 0 0 0 -0.987556 0.157269
161.200000000 38.141 29.8441 0 0 0 -0.997681 0.0680657
162.800000000 37.1839 29.5114 0 0 0 -0.96116 0.275992
164.300000000 36.4301 28.7398 0 0 0 -0.910916 0.412592
165.700000000 35.6977 28.0051 0 0 0 -0.927046 0.374949
166.900000000 34.9952 27.4249 0 0 0 -0.955738 0.294221
168.400000000 33.971 27.0068 0 0 0 -0.992344 0.123503
170.200000000 33.0393 26.907 0 0 0 -0.999662 0.0260005
172.100000000 32.0759 26.9212 0 0 0 0.999717 0.0237854
173.500000000 31.0399 27.025 0 0 0 0.99858 0.0532732
174.900000000 30.0006 27.1748 0 0 0 0.996839 0.0794467
176.200000000 29.055 27.3869 0 0 0 0.991603 0.129316
177.700000000 28.1113 27.888 0 0 0 0.950161 0.311759
179.000000000 27.4197 28.5719 0 0 0 0.921171 0.389159
180.200000000 27.187 28.9917 0 0 0 0.758133 0.6521
180.800000000 27.3032 28.9833 0 0 0 0.53532 0.844649
181.400000000 27.3956 28.9106 0 0 0 0.267771 0.963483
181.900000000 27.4334 28.8187 0 0 0 0.0245704 0.999698
182.500000000 27.4143 28.7122 0 0 0 -0.267504 0.963557
183.200000000 27.317 28.637 0 0 0 -0.577169 0.816625
183.900000000 27.2204 28.4921 0 0 0 -0.77967 0.626191
185.100000000 26.7813 27.9845 0 0 0 -0.91909 0.394048
186.500000000 25.9954 27.2999 0 0 0 -0.944047 0.32981
187.900000000 25.1008 26.7707 0 0 0 -0.977601 0.210466
189.300000000 24.1389 26.577 0 0 0 -0.998793 0.0491258
190.600000000 23.1681 26.6292 0 0 0 0.99844 0.0558294
191.900000000 22.2046 26.7725 0 0 0 0.998316 0.0580101
194.200000000 21.2081 26.8193 0 0 0 0.99999 0.00450514
198.000000000 20.2715 26.7894 0 0 0 -0.999677 0.0253991
201.800000000 19.3169 26.7352 0 0 0 -0.999765 0.0216831
205.700000000 18.3223 26.701 0 0 0 -0.999941 0.0108823
209.400000000 17.3687 26.6868 0 0 0 -0.999969 0.0078494
213.100000000 16.2991 26.7009 0 0 0 0.999824 0.0187771
214.400000000 15.34 26.8042 0 0 0 0.996945 0.07811
215.700000000 14.4398 27.0329 0 0 0 0.976139 0.217145
217.000000000 13.9405 27.5749 0 0 0 0.879322 0.476229
218.400000000 13.8192 28.3715 0 0 0 0.70001 0.714133
219.800000000 14.1559 29.1798 0 0 0 0.491984 0.870604
221.200000000 14.8505 29.911 0 0 0 0.368181 0.929754
222.300000000 15.2014 30.0588 0 0 0 0.0395562 0.999217
222.900000000 15.1858 29.9454 0 0 0 -0.253855 0.967242
223.500000000 15.1075 29.8573 0 0 0 -0.522914 0.852385
224.100000000 15.0042 29.8271 0 0 0 -0.748186 0.663489
225.000000000 14.7544 29.5261 0 0 0 -0.893743 0.44858
226.400000000 13.9965 28.8817 0 0 0 -0.938145 0.346244
227.800000000 13.2521 28.1468 0 0 0 -0.919679 0.392671
229.100000000 12.5706 27.4392 0 0 0 -0.920735 0.390188
230.500000000 11.7887 26.8427 0 0 0 -0.968908 0.24742
232.000000000 10.8468 26.5744 0 0 0 -0.996946 0.078095
234.100000000 9.90849 26.5855 0 0 0 -1 0.000546603
236.100000000 8.85126 26.6182 0 0 0 0.999479 0.0322832
237.600000000 7.83734 26.6878 0 0 0 0.999657 0.0261863
239.800000000 6.88382 26.7031 0 0 0 0.999799 0.0200415
241.100000000 5.92233 26.8374 0 0 0 0.995574 0.0939765
242.500000000 4.93388 27.1418 0 0 0 0.983067 0.183246
243.900000000 4.1219 27.7349 0 0 0 0.934103 0.357003
245.200000000 3.52973 28.5107 0 0 0 0.873072 0.48759
246.300000000 3.43273 28.9872 0 0 0 0.690125 0.72369
247.200000000 3.63465 29.2795 0 0 0 0.46517 0.885222
248.700000000 4.42545 30.0407 0 0 0 0.373001 0.927831
250.100000000 5.17136 30.7825 0 0 0 0.375786 0.926706
251.500000000 5.65477 31.0544 0 0 0 0.0336084 0.999435
252.100000000 5.63759 30.9384 0 0 0 -0.258929 0.965896
252.600000000 5.57845 30.8619 0 0 0 -0.485374 0.874307
253.300000000 5.44968 30.8016 0 0 0 -0.743497 0.668739
254.200000000 5.24779 30.4771 0 0 0 -0.889803 0.456345
255.500000000 4.57629 29.8039 0 0 0 -0.927456 0.373932
256.900000000 3.83281 29.0634 0 0 0 -0.923145 0.384452
258.300000000 3.16642 28.3757 0 0 0 -0.919513 0.393059
260.300000000 2.45738 27.6346 0 0 0 -0.919492 0.393108
263.200000000 1.80699 26.9535 0 0 0 -0.919483 0.393129
265.200000000 1.12114 26.2387 0 0 0 -0.919461 0.393181
268.200000000 0.481579 25.57 0 0 0 -0.91942 0.393278
270.900000000 -0.206809 24.8509 0 0 0 -0.919299 0.393559
274.200000000 -0.888538 24.1378 0 0 0 -0.919175 0.39385
278.000000000 -1.56237 23.4167 0 0 0 -0.913262 0.407373
280.200000000 -2.13036 22.6018 0 0 0 -0.86906 0.494706
281.300000000 -2.25438 22.0899 0 0 0 -0.708657 0.705553
282.300000000 -2.0019 21.7728 0 0 0 -0.463753 0.885965
283.600000000 -1.33864 21.0889 0 0 0 -0.355885 0.93453
285.000000000 -0.562681 20.3789 0 0 0 -0.370744 0.928735
286.200000000 0.1784 19.8393 0 0 0 -0.279627 0.960109
287.200000000 0.568992 19.728 0 0 0 -0.0130323 0.999915
287.900000000 0.526348 19.8508 0 0 0 0.331091 0.943599
288.500000000 0.431213 19.9158 0 0 0 0.595196 0.80358
289.100000000 0.315822 19.9142 0 0 0 0.806139 0.591726
289.900000000 0.0499339 20.1112 0 0 0 0.925907 0.377752
291.300000000 -0.79447 20.4967 0 0 0 0.990158 0.139953
292.700000000 -1.84297 20.5684 0 0 0 -0.999999 0.00118903
294.000000000 -2.8048 20.5935 0 0 0 0.999516 0.03111
295.200000000 -3.7056 20.651 0 0 0 0.999373 0.0354131
296.600000000 -4.75705 20.7242 0 0 0 0.999377 0.0353058
297.900000000 -5.71815 20.7878 0 0 0 0.999434 0.033644
299.200000000 -6.69249 20.9155 0 0 0 0.996307 0.0858581
300.400000000 -7.18157 21.1398 0 0 0 0.93004 0.367459
301.000000000 -7.08677 21.2066 0 0 0 0.782643 0.622471
301.700000000 -6.93856 21.2072 0 0 0 0.526626 0.850097
302.300000000 -6.86045 21.1322 0 0 0 0.256245 0.966612
302.900000000 -6.81701 21.0189 0 0 0 -0.0365645 0.999331
303.800000000 -6.60812 20.7501 0 0 0 -0.326339 0.945253
305.200000000 -6.03515 19.9672 0 0 0 -0.500372 0.865811
306.500000000 -5.93007 19.3004 0 0 0 -0.728245 0.685317
307.800000000 -6.3215 18.6512 0 0 0 -0.885904 0.463869
309.200000000 -6.93882 17.7944 0 0 0 -0.872682 0.488288
310.700000000 -7.23105 16.8443 0 0 0 -0.768051 0.640389
312.100000000 -7.16735 16.3702 0 0 0 -0.559109 0.829094
312.800000000 -7.06523 16.405 0 0 0 -0.236948 0.971522
313.400000000 -7.04796 16.5404 0 0 0 0.0600865 0.998193
314.100000000 -7.09556 16.6468 0 0 0 0.399269 0.916834
314.700000000 -7.13988 16.8018 0 0 0 0.607035 0.794675
315.700000000 -7.30156 17.2084 0 0 0 0.809544 0.587059
317.000000000 -7.72799 18.0431 0 0 0 0.845615 0.533794
318.400000000 -8.05534 19.046 0 0 0 0.773254 0.634097
319.700000000 -8.08858 20.0061 0 0 0 0.699986 0.714157
321.000000000 -8.00665 20.9783 0 0 0 0.661594 0.749862
322.300000000 -7.95113 21.9441 0 0 0 0.68696 0.726695
323.600000000 -7.95683 22.9274 0 0 0 0.727899 0.685684
325.000000000 -8.31155 23.6422 0 0 0 0.895777 0.444505
326.500000000 -9.2625 24.1826 0 0 0 0.972071 0.234686
327.900000000 -10.1294 24.4404 0 0 0 0.998164 0.0605632
329.200000000 -11.1669 24.3774 0 0 0 -0.998489 0.054953
330.500000000 -12.1292 24.223 0 0 0 -0.997899 0.0647959
331.900000000 -13.1123 24.1512 0 0 0 -0.999718 0.0237589
333.100000000 -14.0737 24.1827 0 0 0 0.999499 0.0316496
334.500000000 -15.1146 24.1888 0 0 0 1 0.000800891
335.800000000 -16.0608 24.1505 0 0 0 -0.997238 0.0742721
337.200000000 -16.8363 23.7175 0 0 0 -0.947389 0.320085
338.600000000 -17.5672 22.9626 0 0 0 -0.915484 0.402355
340.200000000 -18.2024 22.2919 0 0 0 -0.917631 0.397433
342.300000000 -18.7025 21.9378 0 0 0 -0.994352 0.106134
342.900000000 -18.7032 22.0454 0 0 0 0.982185 0.187915
343.500000000 -18.6349 22.1446 0 0 0 0.885111 0.465379
344.200000000 -18.5163 22.1929 0 0 0 0.675408 0.737444
344.900000000 -18.4276 22.1375 0 0 0 0.385088 0.92288
345.500000000 -18.3499 22.0227 0 0 0 0.131148 0.991363
346.200000000 -18.2403 21.8952 0 0 0 -0.158082 0.987426
347.200000000 -17.7673 21.5988 0 0 0 -0.376942 0.926237
348.700000000 -17.0742 20.8375 0 0 0 -0.335661 0.941983
349.900000000 -16.2702 20.4386 0 0 0 -0.187271 0.982308
351.200000000 -15.3179 20.247 0 0 0 -0.068702 0.997637
352.300000000 -14.8641 20.3488 0 0 0 0.24025 0.970711
352.900000000 -14.948 20.4211 0 0 0 0.517941 0.855416
353.500000000 -15.0488 20.4413 0 0 0 0.747305 0.664481
354.200000000 -15.1663 20.3731 0 0 0 0.930125 0.367244
354.700000000 -15.2126 20.2864 0 0 0 0.991994 0.126287
355.300000000 -15.2219 20.1664 0 0 0 -0.987049 0.160419
357.000000000 -16.0037 19.2851 0 0 0 -0.909976 0.414662
358.300000000 -16.3151 18.8053 0 0 0 -0.739664 0.672976
358.900000000 -16.2191 18.83 0 0 0 -0.507744 0.861508
359.500000000 -16.1083 18.997 0 0 0 -0.232181 0.972673
360.100000000 -16.0911 19.1133 0 0 0 0.0666572 0.997776
360.800000000 -16.1495 19.2316 0 0 0 0.403476 0.91499
361.400000000 -16.2413 19.3167 0 0 0 0.642203 0.766535
362.100000000 -16.3406 19.4263 0 0 0 0.832318 0.554299
363.600000000 -17.009 20.0677 0 0 0 0.953316 0.301974
364.900000000 -17.7934 20.6459 0 0 0 0.939247 0.343242
366.300000000 -18.5511 21.3716 0 0 0 0.926653 0.375917
367.600000000 -19.2472 22.0504 0 0 0 0.926577 0.376106
368.900000000 -19.9527 22.73 0 0 0 0.926422 0.376487
370.200000000 -20.6243 23.3653 0 0 0 0.949228 0.314589
371.500000000 -21.5544 23.7588 0 0 0 0.988041 0.154194
372.700000000 -22.4476 23.8891 0 0 0 0.999041 0.0437825
374.300000000 -23.2614 23.7928 0 0 0 -0.962673 0.270666
375.000000000 -23.1659 23.6948 0 0 0 -0.811396 0.584497
375.700000000 -23.0751 23.5232 0 0 0 -0.632948 0.774195
376.600000000 -22.8174 23.2454 0 0 0 -0.406544 0.913631
378.000000000 -22.0523 22.6566 0 0 0 -0.365282 0.930897
379.400000000 -21.7628 21.847 0 0 0 -0.625497 0.780227
380.600000000 -21.8556 21.2871 0 0 0 -0.8078 0.589456
382.100000000 -22.4512 20.5247 0 0 0 -0.933419 0.358789
383.500000000 -23.3376 20.0974 0 0 0 -0.987413 0.158165
384.300000000 -23.6147 20.1263 0 0 0 0.994683 0.102983
385.000000000 -23.5595 20.2537 0 0 0 0.901559 0.432656
385.500000000 -23.4811 20.3166 0 0 0 0.775039 0.631914
386.200000000 -23.3646 20.3826 0 0 0 0.546145 0.837691
387.400000000 -22.8492 20.8968 0 0 0 0.336033 0.94185
388.700000000 -22.0444 21.4147 0 0 0 0.294496 0.955653
390.100000000 -21.2734 22.1169 0 0 0 0.386261 0.922389
391.400000000 -20.7078 22.8472 0 0 0 0.428778 0.90341
392.800000000 -20.0683 23.7499 0 0 0 0.539972 0.841683
394.200000000 -19.8859 24.7295 0 0 0 0.691745 0.722142
395.600000000 -20.025 25.764 0 0 0 0.778017 0.628243
396.900000000 -20.1741 26.7013 0 0 0 0.758637 0.651514
398.200000000 -20.2572 27.6888 0 0 0 0.711339 0.70285
399.500000000 -20.1928 28.6575 0 0 0 0.670786 0.741651
400.700000000 -20.3045 29.1002 0 0 0 0.873495 0.486833
401.400000000 -20.5083 29.1309 0 0 0 0.970511 0.241057
403.000000000 -21.5301 29.2248 0 0 0 0.999886 0.0150935
404.200000000 -22.4238 29.2183 0 0 0 -0.999905 0.013767
405.600000000 -23.0057 29.0703 0 0 0 -0.952338 0.305045
406.300000000 -22.9009 28.9691 0 0 0 -0.794956 0.606667
407.000000000 -22.7855 28.8653 0 0 0 -0.581812 0.813323
407.600000000 -22.6584 28.8675 0 0 0 -0.369966 0.929045
409.200000000 -21.7895 28.205 0 0 0 -0.387713 0.92178
410.300000000 -21.6163 27.6692 0 0 0 -0.615497 0.78814
411.600000000 -21.7462 26.9653 0 0 0 -0.815775 0.578369
413.100000000 -22.3565 26.2035 0 0 0 -0.936575 0.350467
414.500000000 -23.2608 25.7939 0 0 0 -0.987977 0.154602
415.800000000 -24.2233 25.6829 0 0 0 -0.999866 0.0163766
417.200000000 -25.2647 25.7769 0 0 0 0.997774 0.0666859
418.400000000 -26.1487 25.9312 0 0 0 0.995596 0.0937496
419.700000000 -27.1023 26.1141 0 0 0 0.995627 0.0934218
421.000000000 -28.0619 26.2964 0 0 0 0.995678 0.0928687
422.400000000 -29.0992 26.4802 0 0 0 0.995896 0.0905089
423.800000000 -30.0345 26.7885 0 0 0 0.970845 0.239709
425.200000000 -30.816 27.4482 0 0 0 0.924377 0.381479
426.500000000 -31.0602 27.981 0 0 0 0.750838 0.660486
427.200000000 -30.9417 28.1543 0 0 0 0.561071 0.827768
428.800000000 -30.2232 28.9652 0 0 0 0.37927 0.925286
430.000000000 -29.5783 29.5871 0 0 0 0.381616 0.924321
431.600000000 -29.1542 30.2174 0 0 0 0.656035 0.754731
432.100000000 -29.2511 30.209 0 0 0 0.823007 0.568032
432.800000000 -29.3538 30.1161 0 0 0 0.967602 0.25248
433.400000000 -29.4348 30.013 0 0 0 -0.999859 0.0167888
434.200000000 -29.6776 29.8435 0 0 0 -0.96162 0.274385
435.600000000 -30.3904 29.1393 0 0 0 -0.915177 0.403052
437.000000000 -31.095 28.3564 0 0 0 -0.914554 0.404463
438.200000000 -31.7126 27.7088 0 0 0 -0.918733 0.394878
439.600000000 -32.4365 26.9619 0 0 0 -0.91581 0.401612
440.800000000 -33.0048 26.227 0 0 0 -0.893231 0.449598
442.100000000 -33.4877 25.4002 0 0 0 -0.860442 0.509549
443.400000000 -33.8758 24.5025 0 0 0 -0.819879 0.572537
444.700000000 -34.1226 23.558 0 0 0 -0.77855 0.627583
446.200000000 -34.2386 22.5012 0 0 0 -0.732819 0.680424
448.800000000 -34.2176 21.5672 0 0 0 -0.687614 0.726077
451.700000000 -34.2202 20.5939 0 0 0 -0.736231 0.67673
453.200000000 -34.5987 19.6161 0 0 0 -0.8666 0.499004
454.500000000 -35.2461 19.0013 0 0 0 -0.949274 0.31445
455.500000000 -35.5867 18.963 0 0 0 0.999988 0.00484497
456.300000000 -35.778 19.1065 0 0 0 0.957673 0.287858
457.700000000 -36.5225 19.8519 0 0 0 0.925038 0.379874
458.900000000 -37.1924 20.4557 0 0 0 0.946092 0.323898
460.300000000 -37.8618 20.7358 0 0 0 0.999649 0.0264825
461.000000000 -37.8217 20.6047 0 0 0 -0.94813 0.317883
461.600000000 -37.726 20.5361 0 0 0 -0.811887 0.583814
462.300000000 -37.6045 20.4645 0 0 0 -0.589225 0.807969
463.800000000 -36.9727 19.6402 0 0 0 -0.403926 0.914792
465.000000000 -36.3141 19.0229 0 0 0 -0.366665 0.930353
466.700000000 -35.5893 18.3689 0 0 0 -0.367907 0.929863
470.200000000 -34.887 17.6962 0 0 0 -0.371213 0.928548
473.700000000 -34.1835 17.0344 0 0 0 -0.370995 0.928635
476.200000000 -33.4097 16.3071 0 0 0 -0.370825 0.928703
477.500000000 -32.699 15.6324 0 0 0 -0.37116 0.928569
478.700000000 -32.4828 15.2122 0 0 0 -0.645303 0.763927
479.400000000 -32.609 15.0514 0 0 0 -0.821684 0.569943
481.000000000 -33.304 14.2833 0 0 0 -0.90527 0.424837
482.400000000 -33.8921 13.3943 0 0 0 -0.881489 0.472205
483.600000000 -34.3237 12.6143 0 0 0 -0.846341 0.532641
484.600000000 -34.4019 12.1945 0 0 0 -0.679326 0.733836
485.600000000 -34.1429 11.8556 0 0 0 -0.446143 0.894962
487.000000000 -33.3469 11.1581 0 0 0 -0.356102 0.934447
488.200000000 -32.7013 10.5218 0 0 0 -0.39387 0.919166
489.600000000 -32.1144 9.55708 0 0 0 -0.546341 0.837563
490.400000000 -32.2172 9.30705 0 0 0 -0.745604 0.666389
491.400000000 -32.474 8.9394 0 0 0 -0.904112 0.427295
492.800000000 -33.28 8.42165 0 0 0 -0.976361 0.216145
494.200000000 -34.28 8.19785 0 0 0 -0.998971 0.0453552
495.600000000 -35.2906 8.33169 0 0 0 0.997477 0.0709867
497.200000000 -36.2927 8.07664 0 0 0 -0.975814 0.218601
498.600000000 -36.9719 7.42428 0 0 0 -0.900365 0.435135
499.400000000 -36.9689 7.23984 0 0 0 -0.724105 0.68969
500.000000000 -36.876 7.27905 0 0 0 -0.484088 0.875019
500.700000000 -36.6629 7.24226 0 0 0 -0.254709 0.967018
501.800000000 -36.0389 7.21716 0 0 0 0.00026836 1
503.200000000 -35.0413 7.30853 0 0 0 0.0460147 0.998941
504.600000000 -34.2564 7.0663 0 0 0 -0.23871 0.971091
505.500000000 -34.1335 6.73154 0 0 0 -0.513793 0.857914
506.900000000 -33.8428 5.73237 0 0 0 -0.648784 0.760973
508.200000000 -33.8446 4.73715 0 0 0 -0.719466 0.694527
509.600000000 -33.9662 3.68869 0 0 0 -0.755122 0.655584
510.700000000 -34.1376 3.40394 0 0 0 -0.934602 0.355696
511.200000000 -34.192 3.49529 0 0 0 -0.993138 0.11695
511.900000000 -34.1868 3.67126 0 0 0 0.97388 0.227064
512.500000000 -34.1153 3.77311 0 0 0 0.865435 0.501022
513.100000000 -34.0235 3.79585 0 0 0 0.683641 0.729818
513.900000000 -33.8308 4.1271 0 0 0 0.510233 0.860036
515.400000000 -33.1096 4.95921 0 0 0 0.353739 0.935344
516.700000000 -32.3666 5.58722 0 0 0 0.363858 0.931454
517.900000000 -31.7286 6.16511 0 0 0 0.393307 0.919407
519.300000000 -30.9915 6.91153 0 0 0 0.387388 0.921917
520.600000000 -30.305 7.6115 0 0 0 0.382699 0.923873
521.900000000 -29.5858 8.28676 0 0 0 0.333349 0.942804
523.400000000 -28.6903 8.73211 0 0 0 0.131015 0.99138
524.700000000 -27.7271 8.82387 0 0 0 -0.0195343 0.999809
526.100000000 -26.6628 8.42413 0 0 0 -0.180013 0.983664
527.400000000 -25.7714 8.08524 0 0 0 -0.15927 0.987235
528.800000000 -24.8026 7.90155 0 0 0 0.00105537 0.999999
530.100000000 -23.7977 8.10604 0 0 0 0.118741 0.992925
533.200000000 -22.8319 8.29712 0 0 0 0.0796514 0.996823
537.200000000 -21.8465 8.38834 0 0 0 0.0305419 0.999533
539.700000000 -20.8288 8.36555 0 0 0 -0.0166277 0.999862
541.200000000 -19.8152 8.34625 0 0 0 -0.0111684 0.999938
543.000000000 -18.8816 8.3595 0 0 0 0.00740807 0.999973
545.100000000 -17.906 8.37942 0 0 0 0.00907847 0.999959
548.500000000 -16.9232 8.39773 0 0 0 0.00909519 0.999959
551.200000000 -15.9478 8.42963 0 0 0 0.0176854 0.999844
554.300000000 -14.9643 8.45972 0 0 0 0.0144428 0.999896
557.600000000 -13.9783 8.48979 0 0 0 0.0144763 0.999895
560.200000000 -13.0151 8.51904 0 0 0 0.0144793 0.999895
563.900000000 -12.0163 8.5499 0 0 0 0.014474 0.999895
565.200000000 -11.0512 8.41849 0 0 0 -0.115778 0.993275
566.700000000 -10.156 7.87392 0 0 0 -0.326295 0.945268
568.100000000 -9.40304 7.13509 0 0 0 -0.382223 0.92407
569.400000000 -8.70016 6.45796 0 0 0 -0.374808 0.927103
571.100000000 -7.80665 5.99867 0 0 0 -0.105909 0.994376
572.500000000 -6.79114 5.94337 0 0 0 -0.00384255 0.999993
573.900000000 -5.89163 5.79329 0 0 0 -0.176692 0.984266
574.500000000 -5.94422 5.68724 0 0 0 -0.449692 0.893184
575.000000000 -6.02144 5.66886 0 0 0 -0.653354 0.757052
576.000000000 -6.24909 5.24206 0 0 0 -0.838961 0.544192
577.400000000 -6.70774 4.32348 0 0 0 -0.821493 0.570219
578.900000000 -6.83 3.3381 0 0 0 -0.731321 0.682033
580.400000000 -6.71429 2.56263 0 0 0 -0.483476 0.875358
581.100000000 -6.61416 2.67929 0 0 0 -0.151764 0.988417
581.700000000 -6.61129 2.80019 0 0 0 0.147535 0.989057
582.300000000 -6.65925 2.91919 0 0 0 0.422218 0.906494
583.100000000 -6.57242 3.24677 0 0 0 0.617869 0.786281
584.500000000 -6.60144 4.21548 0 0 0 0.743045 0.669241
586.800000000 -6.75854 5.21055 0 0 0 0.757985 0.652272
590.200000000 -6.84105 6.1945 0 0 0 0.726863 0.686782
591.600000000 -6.80722 7.19847 0 0 0 0.6929 0.721034
592.900000000 -6.75794 8.18333 0 0 0 0.641761 0.766905
594.500000000 -6.26148 9.04672 0 0 0 0.395135 0.918623
595.300000000 -6.05591 9.05041 0 0 0 0.095846 0.995396
596.600000000 -5.14347 9.06362 0 0 0 -0.00434779 0.999991
598.000000000 -4.08956 8.99054 0 0 0 -0.0458818 0.998947
599.400000000 -3.04541 8.88521 0 0 0 -0.0511406 0.998691
600.700000000 -2.06594 8.77843 0 0 0 -0.0518433 0.998655
602.000000000 -1.09617 8.67852 0 0 0 -0.0563942 0.998409
603.400000000 -0.0468268 8.55885 0 0 0 -0.0508122 0.998708
604.900000000 0.837482 8.27343 0 0 0 -0.27399 0.961733
606.000000000 1.14358 7.78553 0 0 0 -0.519446 0.854504
607.600000000 1.2268 6.77475 0 0 0 -0.740401 0.672165
609.000000000 0.903021 5.83569 0 0 0 -0.82727 0.561805
610.400000000 0.554747 4.87467 0 0 0 -0.791349 0.611365
612.600000000 0.53493 3.84939 0 0 0 -0.68821 0.725512
616.300000000 0.638677 2.89633 0 0 0 -0.660413 0.750903
621.000000000 0.746276 1.958 0 0 0 -0.66848 0.743731
625.700000000 0.807878 1.00354 0 0 0 -0.687885 0.72582
630.400000000 0.83848 0.0756242 0 0 0 -0.695558 0.71847
635.400000000 0.869432 -0.899204 0 0 0 -0.695923 0.718116
640.300000000 0.894889 -1.86472 0 0 0 -0.695683 0.718349
645.200000000 0.918812 -2.82208 0 0 0 -0.695376 0.718647
647.600000000 0.668606 -3.80774 0 0 0 -0.842763 0.538285
648.900000000 0.186536 -4.65931 0 0 0 -0.852138 0.523317
650.300000000 -0.102535 -5.67634 0 0 0 -0.759917 0.65002
651.700000000 -0.0555357 -6.6566 0 0 0 -0.652359 0.75791
653.700000000 0.0557268 -7.65653 0 0 0 -0.681008 0.732276
655.000000000 0.0533244 -8.63621 0 0 0 -0.745042 0.667017
656.500000000 -0.340071 -9.5935 0 0 0 -0.871846 0.489779
657.900000000 -1.06386 -10.2876 0 0 0 -0.953483 0.301447
659.400000000 -1.91837 -10.611 0 0 0 -0.995492 0.0948417
661.100000000 -2.98043 -10.6281 0 0 0 0.999762 0.021802
662.300000000 -3.90297 -10.5746 0 0 0 0.999003 0.0446452
664.400000000 -4.89806 -10.5316 0 0 0 -0.999994 0.00346493
666.200000000 -5.82054 -10.3137 0 0 0 0.976952 0.213459
667.800000000 -6.58806 -9.53113 0 0 0 0.891999 0.452036
669.200000000 -6.8178 -8.76814 0 0 0 0.729468 0.684015
669.900000000 -6.6905 -8.77426 0 0 0 0.454368 0.890814
670.500000000 -6.63022 -8.82114 0 0 0 0.175002 0.984568
671.200000000 -6.63669 -8.89424 0 0 0 -0.167325 0.985902
671.800000000 -6.6937 -9.09821 0 0 0 -0.444874 0.895593
672.400000000 -6.87469 -9.13349 0 0 0 -0.669826 0.742519
673.100000000 -6.99567 -9.27309 0 0 0 -0.849237 0.528012
674.200000000 -7.41743 -9.77482 0 0 0 -0.945013 0.327033
675.300000000 -7.8556 -9.89839 0 0 0 -0.999878 0.0155893
676.000000000 -7.85078 -9.77668 0 0 0 0.945859 0.324579
676.600000000 -7.72807 -9.68465 0 0 0 0.81136 0.584547
677.300000000 -7.60661 -9.66735 0 0 0 0.564044 0.825745
677.800000000 -7.59278 -9.68057 0 0 0 0.366505 0.930416
678.600000000 -7.31286 -9.71408 0 0 0 0.0883184 0.996092
680.000000000 -6.33067 -9.79611 0 0 0 -0.0650673 0.997881
687.600000000 -5.3496 -9.91719 0 0 0 -0.0414245 0.999142
689.500000000 -4.31764 -9.946 0 0 0 0.00935577 0.999956
692.000000000 -3.34769 -9.89975 0 0 0 0.0217455 0.999764
694.600000000 -2.32538 -9.84643 0 0 0 0.0224324 0.999748
697.500000000 -1.33622 -9.82607 0 0 0 0.0277901 0.999614
699.600000000 -0.399543 -9.64638 0 0 0 0.155382 0.987855
701.000000000 0.170839 -9.17673 0 0 0 0.442169 0.896932
702.400000000 0.463051 -8.29566 0 0 0 0.647405 0.762146
703.700000000 0.420389 -7.33971 0 0 0 0.745478 0.66653
705.100000000 0.207861 -6.32002 0 0 0 0.782602 0.622522
706.300000000 0.142232 -5.41436 0 0 0 0.707828 0.706385
707.600000000 0.211076 -4.44001 0 0 0 0.672553 0.740049
709.000000000 0.273392 -3.39298 0 0 0 0.700493 0.71366
710.500000000 0.260806 -2.27205 0 0 0 0.714007 0.700139
711.900000000 0.247567 -1.22118 0 0 0 0.707488 0.706725
713.200000000 0.269046 -0.245349 0 0 0 0.695395 0.718628
714.600000000 0.280664 0.776718 0 0 0 0.706983 0.707231
715.700000000 0.152686 1.03682 0 0 0 0.901019 0.43378
716.200000000 0.0863879 0.962982 0 0 0 0.980394 0.197046
716.900000000 0.0785753 0.832947 0 0 0 -0.988499 0.151229
717.600000000 0.164863 0.729362 0 0 0 -0.877088 0.480329
718.100000000 0.262 0.727539 0 0 0 -0.731411 0.681937
718.800000000 0.37928 0.74164 0 0 0 -0.452038 0.891999
720.500000000 1.12047 -0.074023 0 0 0 -0.495975 0.868337
722.500000000 1.45533 -0.530854 0 0 0 -0.187646 0.982237
723.400000000 1.60523 -0.419643 0 0 0 0.0766716 0.997056
724.600000000 1.99948 -0.133781 0 0 0 0.341898 0.939737
726.500000000 2.62619 0.722253 0 0 0 0.462869 0.886427
727.800000000 2.69804 1.052 0 0 0 0.714962 0.699163
728.500000000 2.59868 1.02843 0 0 0 0.888932 0.458039
729.200000000 2.52467 0.931446 0 0 0 0.984117 0.177521
730.000000000 2.51455 0.78143 0 0 0 -0.98714 0.159855
730.600000000 2.56921 0.772019 0 0 0 -0.914654 0.404238
731.800000000 2.50774 0.27562 0 0 0 -0.771386 0.636368
733.400000000 2.57896 -0.494131 0 0 0 -0.543217 0.839592
733.900000000 2.65552 -0.491957 0 0 0 -0.336833 0.941564
734.600000000 2.70144 -0.357026 0 0 0 -0.0192904 0.999814
735.400000000 2.92061 -0.189433 0 0 0 0.221559 0.975147
736.800000000 3.40167 0.345309 0 0 0 0.46473 0.885453
737.800000000 3.32867 0.430225 0 0 0 0.707087 0.707126
738.600000000 3.23924 0.40692 0 0 0 0.848044 0.529926
739.500000000 3.05599 0.422685 0 0 0 0.959488 0.28175
740.900000000 2.60917 0.464832 0 0 0 0.999795 0.0202596
742.100000000 2.537 0.346841 0 0 0 -0.956726 0.29099
743.100000000 2.57552 0.266241 0 0 0 -0.851468 0.524406
745.500000000 2.44822 -0.616212 0 0 0 -0.667809 0.744333
746.200000000 2.56052 -0.559232 0 0 0 -0.407271 0.913308
746.900000000 2.63115 -0.513259 0 0 0 -0.107301 0.994227
747.500000000 2.65557 -0.399728 0 0 0 0.157714 0.987485
748.200000000 2.65253 -0.255089 0 0 0 0.436776 0.89957
748.900000000 2.58647 -0.13197 0 0 0 0.6699 0.742451
750.300000000 2.62846 0.847207 0 0 0 0.67499 0.737826
751.900000000 2.82882 1.43091 0 0 0 0.382402 0.923996
752.500000000 2.89176 1.3428 0 0 0 0.120187 0.992751
753.100000000 2.89858 1.23348 0 0 0 -0.150953 0.988541
753.800000000 2.94972 1.13786 0 0 0 -0.3911 0.920348
754.600000000 2.95241 0.913451 0 0 0 -0.626175 0.779682
756.400000000 2.78202 -0.117203 0 0 0 -0.775662 0.631149
758.000000000 2.82834 -0.799286 0 0 0 -0.551785 0.833986
759.500000000 3.32363 -1.73951 0 0 0 -0.550108 0.835094
760.700000000 3.57546 -2.60108 0 0 0 -0.607368 0.794421
762.100000000 3.75123 -3.61269 0 0 0 -0.658842 0.752282
764.000000000 3.82771 -4.58225 0 0 0 -0.693213 0.720733
767.600000000 3.80582 -5.55085 0 0 0 -0.716956 0.697118
772.300000000 3.78835 -6.52077 0 0 0 -0.714418 0.699719
776.800000000 3.76779 -7.47351 0 0 0 -0.709031 0.705177
781.500000000 3.79623 -8.49038 0 0 0 -0.693759 0.720207
783.000000000 4.0387 -9.52957 0 0 0 -0.550526 0.834818
784.400000000 4.70933 -10.332 0 0 0 -0.398678 0.917091
785.700000000 5.35217 -11.0507 0 0 0 -0.371462 0.928448
787.000000000 6.02842 -11.7616 0 0 0 -0.400462 0.916313
788.300000000 6.54557 -12.5769 0 0 0 -0.528324 0.849043
789.600000000 6.81773 -13.5057 0 0 0 -0.632911 0.774225
790.700000000 6.74911 -13.885 0 0 0 -0.852128 0.523333
791.300000000 6.6573 -13.8098 0 0 0 -0.968138 0.250417
791.900000000 6.6253 -13.6845 0 0 0 0.99908 0.0428851
792.500000000 6.66082 -13.5736 0 0 0 0.943314 0.3319
793.200000000 6.73281 -13.4992 0 0 0 0.774956 0.632015
793.800000000 6.71182 -13.3877 0 0 0 0.585876 0.810401
794.500000000 7.11577 -13.2503 0 0 0 0.396816 0.917898
796.000000000 7.79758 -12.8557 0 0 0 0.123871 0.992298
797.500000000 8.6646 -12.3446 0 0 0 0.332422 0.943131
798.800000000 9.48351 -11.6776 0 0 0 0.392412 0.919789
800.800000000 10.1725 -10.9768 0 0 0 0.386947 0.922102
802.700000000 10.7788 -10.311 0 0 0 0.28605 0.958215
804.000000000 11.8181 -10.0057 0 0 0 0.116075 0.99324
805.300000000 12.7861 -9.98299 0 0 0 -0.0343257 0.999411
806.700000000 13.6864 -10.083 0 0 0 -0.0463121 0.998927
808.000000000 14.8064 -10.1431 0 0 0 -0.0126021 0.999921
809.400000000 15.851 -10.1316 0 0 0 0.00196009 0.999998
810.700000000 16.8351 -10.1199 0 0 0 0.00107161 0.999999
812.000000000 17.808 -10.1309 0 0 0 -0.00572074 0.999984
813.100000000 18.2577 -9.91429 0 0 0 0.287046 0.957917
814.500000000 18.7057 -9.22258 0 0 0 0.545247 0.838275
815.800000000 18.8496 -8.301 0 0 0 0.680145 0.733077
817.200000000 18.7917 -7.25071 0 0 0 0.744176 0.667984
818.700000000 18.6939 -6.27892 0 0 0 0.675845 0.737044
819.900000000 19.0423 -5.74224 0 0 0 0.444959 0.895551
821.300000000 19.7912 -5.04535 0 0 0 0.353657 0.935375
822.600000000 20.5011 -4.37654 0 0 0 0.378116 0.925758
823.900000000 21.1809 -3.67832 0 0 0 0.393264 0.919425
825.200000000 21.8163 -2.9388 0 0 0 0.431708 0.902014
826.500000000 22.2577 -2.08829 0 0 0 0.566767 0.823878
827.800000000 22.3878 -1.14175 0 0 0 0.695635 0.718395
829.100000000 22.2767 -0.166121 0 0 0 0.762105 0.647453
830.300000000 22.1097 0.705276 0 0 0 0.771008 0.636826
831.700000000 22.1013 1.74443 0 0 0 0.696774 0.717291
833.000000000 22.1495 2.72197 0 0 0 0.672748 0.739872
834.200000000 22.1953 3.615 0 0 0 0.695325 0.718695
835.600000000 22.1967 4.66849 0 0 0 0.714084 0.70006
837.000000000 22.1787 5.72107 0 0 0 0.70825 0.705962
838.400000000 22.1773 6.76538 0 0 0 0.711752 0.702431
839.700000000 22.1247 7.74732 0 0 0 0.730144 0.683293
841.000000000 22.0581 8.69188 0 0 0 0.796763 0.604291
842.400000000 21.5204 9.45956 0 0 0 0.921515 0.388343
843.200000000 21.3483 9.4018 0 0 0 0.997405 0.0719935
844.600000000 20.355 9.35367 0 0 0 -0.999529 0.0306725
845.900000000 19.9338 9.18857 0 0 0 -0.928202 0.372077
846.600000000 20.0372 9.1111 0 0 0 -0.745095 0.666958
847.100000000 20.134 9.13258 0 0 0 -0.555976 0.831198
848.000000000 20.4013 9.03333 0 0 0 -0.263699 0.964605
849.400000000 21.2375 8.96081 0 0 0 -0.0101019 0.999949
850.700000000 22.1795 8.76984 0 0 0 -0.139381 0.990239
852.200000000 22.995 8.17855 0 0 0 -0.374019 0.927421
853.500000000 23.5165 7.39107 0 0 0 -0.516759 0.856131
855.000000000 23.7874 6.36263 0 0 0 -0.651389 0.758744
857.000000000 23.8639 5.46669 0 0 0 -0.71556 0.698552
858.300000000 24.061 4.79293 0 0 0 -0.484857 0.874593
859.500000000 24.597 4.48605 0 0 0 -0.228021 0.973656
860.700000000 25.3057 4.43882 0 0 0 0.0136835 0.999906
862.200000000 26.3047 4.75916 0 0 0 0.189206 0.981937
862.900000000 26.3289 4.89565 0 0 0 0.46956 0.882901
863.400000000 26.236 4.93146 0 0 0 0.672251 0.740323
864.100000000 26.1038 4.89585 0 0 0 0.885268 0.465082
864.800000000 26.0214 4.77955 0 0 0 0.991102 0.133102
865.400000000 25.9678 4.64093 0 0 0 -0.991085 0.133234
866.400000000 25.5927 4.28864 0 0 0 -0.931063 0.364857
867.700000000 24.9426 3.5747 0 0 0 -0.903411 0.428775
869.100000000 24.2748 2.83818 0 0 0 -0.913724 0.406336
870.400000000 23.7364 2.00257 0 0 0 -0.858746 0.512401
871.800000000 23.4445 1.16284 0 0 0 -0.769751 0.638345
874.400000000 23.4598 0.0909915 0 0 0 -0.696509 0.717548
878.200000000 23.5289 -0.876997 0 0 0 -0.679645 0.733541
881.900000000 23.6195 -1.82087 0 0 0 -0.666578 0.745435
883.400000000 23.8034 -2.7509 0 0 0 -0.587985 0.808872
884.500000000 24.2001 -3.18118 0 0 0 -0.361828 0.932245
885.600000000 24.7685 -3.39114 0 0 0 -0.122175 0.992509
887.000000000 25.7923 -3.40132 0 0 0 0.0552178 0.998474
888.100000000 26.1815 -3.19254 0 0 0 0.363857 0.931455
888.700000000 26.0774 -3.13411 0 0 0 0.622815 0.782369
889.300000000 25.9602 -3.11835 0 0 0 0.820315 0.571912
889.900000000 25.8076 -3.0391 0 0 0 0.927825 0.373015
890.900000000 25.4056 -2.98496 0 0 0 0.996366 0.0851695
892.200000000 24.4738 -2.97015 0 0 0 -0.999184 0.0403792
893.800000000 23.4251 -2.75862 0 0 0 0.977279 0.211956
895.100000000 22.6823 -2.16057 0 0 0 0.930098 0.367312
896.600000000 21.9365 -1.37056 0 0 0 0.916595 0.399817
897.900000000 21.2552 -0.667981 0 0 0 0.923412 0.38381
899.100000000 20.6192 -0.0296075 0 0 0 0.924297 0.381674
900.400000000 19.9294 0.65631 0 0 0 0.924296 0.381676
901.800000000 19.1825 1.39609 0 0 0 0.924287 0.381698
903.100000000 18.4922 2.08536 0 0 0 0.924296 0.381677
904.400000000 17.7918 2.76405 0 0 0 0.929883 0.367855
905.800000000 16.9585 3.40667 0 0 0 0.95537 0.295413
907.100000000 16.1045 3.69946 0 0 0 0.99338 0.114873
908.500000000 15.0667 3.70531 0 0 0 -0.999563 0.0295464
909.700000000 14.1689 3.63548 0 0 0 -0.99883 0.048356
911.100000000 13.1163 3.61496 0 0 0 -0.999997 0.00234078
912.600000000 12.1456 3.56008 0 0 0 -0.989608 0.143789
914.000000000 11.4101 3.00206 0 0 0 -0.957706 0.287748
915.400000000 10.4927 2.50995 0 0 0 -0.97345 0.228898
916.700000000 9.98387 2.42976 0 0 0 0.994896 0.100905
917.300000000 10.0112 2.51695 0 0 0 0.921769 0.38774
917.900000000 10.1104 2.57929 0 0 0 0.768995 0.639254
918.500000000 10.2275 2.57627 0 0 0 0.549626 0.835411
919.100000000 10.3218 2.50949 0 0 0 0.282662 0.95922
920.000000000 10.7622 2.54568 0 0 0 0.0563851 0.998409
921.500000000 11.6277 2.27419 0 0 0 -0.233185 0.972432
922.900000000 12.2675 1.61634 0 0 0 -0.455623 0.890173
924.400000000 12.6301 0.601455 0 0 0 -0.629615 0.776907
925.800000000 12.6457 -0.446854 0 0 0 -0.737074 0.675812
927.200000000 12.3704 -1.45168 0 0 0 -0.824855 0.565345
928.500000000 11.8698 -2.29086 0 0 0 -0.889103 0.457708
930.000000000 11.1101 -2.97104 0 0 0 -0.962533 0.271165
931.500000000 10.117 -3.13854 0 0 0 -0.999436 0.0335881
932.800000000 9.49132 -2.9847 0 0 0 0.960427 0.278532
933.400000000 9.5213 -2.88836 0 0 0 0.850086 0.526644
934.000000000 9.64527 -2.85937 0 0 0 0.659973 0.75129
934.600000000 9.75313 -2.91057 0 0 0 0.41238 0.911012
935.200000000 9.82274 -2.99455 0 0 0 0.129487 0.991581
936.000000000 10.0158 -3.11891 0 0 0 -0.167856 0.985812
937.600000000 10.787 -3.83637 0 0 0 -0.387925 0.921691
938.900000000 11.4396 -4.558 0 0 0 -0.408124 0.912926
940.200000000 12.1263 -5.25376 0 0 0 -0.36418 0.931329
941.500000000 12.943 -5.75931 0 0 0 -0.22752 0.973774
942.900000000 13.9481 -5.9775 0 0 0 -0.0497585 0.998761
944.200000000 14.9154 -5.92499 0 0 0 0.0513601 0.99868
945.600000000 15.9503 -5.73743 0 0 0 0.0700626 0.997543
947.000000000 17.0008 -5.74213 0 0 0 -0.0256499 0.999671
948.300000000 17.9638 -5.79052 0 0 0 -0.0429175 0.999079
949.600000000 18.9466 -5.82684 0 0 0 0.00240222 0.999997
950.900000000 19.9202 -5.80513 0 0 0 0.0181472 0.999835
952.200000000 20.9024 -5.79343 0 0 0 -0.000939751 1
953.500000000 21.8755 -5.79684 0 0 0 -0.000882122 1
954.800000000 22.8482 -5.80281 0 0 0 -0.000612516 1
956.200000000 23.8986 -5.81808 0 0 0 0.000163126 1
957.600000000 24.8929 -5.82432 0 0 0 -0.06362 0.997974
958.600000000 25.2845 -6.1111 0 0 0 -0.323 0.946399
960.000000000 25.6351 -6.83339 0 0 0 -0.582775 0.812634
961.300000000 25.6905 -7.74049 0 0 0 -0.727177 0.68645
962.700000000 25.4832 -8.74576 0 0 0 -0.777483 0.628903
964.100000000 25.4354 -9.77322 0 0 0 -0.694205 0.719778
965.500000000 25.6636 -10.3984 0 0 0 -0.416261 0.909245
966.100000000 25.7844 -10.3413 0 0 0 -0.157824 0.987467
967.700000000 26.7941 -10.3943 0 0 0 -0.038125 0.999273
969.000000000 27.777 -10.4332 0 0 0 -0.00657293 0.999978
970.300000000 28.724 -10.4615 0 0 0 -0.0499864 0.99875
971.700000000 29.4965 -10.8356 0 0 0 -0.305189 0.952292
972.500000000 29.6034 -11.0563 0 0 0 -0.567323 0.823495
973.200000000 29.4472 -11.0754 0 0 0 -0.804735 0.593635
974.600000000 28.9101 -11.7817 0 0 0 -0.9218 0.387665
976.000000000 28.1343 -12.4879 0 0 0 -0.928895 0.370344
977.500000000 27.3452 -13.3088 0 0 0 -0.918928 0.394425
978.800000000 26.7445 -14.0756 0 0 0 -0.889379 0.45717
980.100000000 26.3077 -14.9293 0 0 0 -0.812314 0.58322
981.600000000 26.2572 -16.0582 0 0 0 -0.695166 0.718849
982.900000000 26.3259 -16.989 0 0 0 -0.670142 0.742233
984.200000000 26.4002 -17.9605 0 0 0 -0.685942 0.727656
985.500000000 26.4236 -18.9632 0 0 0 -0.709666 0.704538
986.800000000 26.4114 -19.9273 0 0 0 -0.709112 0.705096
988.200000000 26.4071 -20.9714 0 0 0 -0.710183 0.704017
989.500000000 26.3953 -21.9454 0 0 0 -0.710699 0.703496
990.800000000 26.3756 -22.9195 0 0 0 -0.709002 0.705207
992.000000000 26.38 -23.8245 0 0 0 -0.70344 0.710755
993.400000000 26.5441 -24.8528 0 0 0 -0.62208 0.782953
994.700000000 26.7488 -25.8104 0 0 0 -0.637634 0.77034
996.100000000 26.8029 -26.7292 0 0 0 -0.748395 0.663253
996.700000000 26.7735 -26.7306 0 0 0 -0.91151 0.411278
997.300000000 26.6366 -26.616 0 0 0 -0.99112 0.132969
998.000000000 26.6507 -26.4558 0 0 0 0.977846 0.209326
998.600000000 26.7016 -26.3791 0 0 0 0.874545 0.484944
999.200000000 26.832 -26.3399 0 0 0 0.695507 0.71852
1000.100000000 27.0202 -25.9772 0 0 0 0.494173 0.869364
1001.500000000 27.7512 -25.305 0 0 0 0.323189 0.946334
1002.600000000 28.1564 -25.1745 0 0 0 0.000185786 1
1003.100000000 28.1344 -25.2669 0 0 0 -0.242949 0.970039
1003.800000000 28.0473 -25.3656 0 0 0 -0.557514 0.830167
1004.400000000 27.9566 -25.4921 0 0 0 -0.742427 0.669928
1005.400000000 27.6728 -25.8953 0 0 0 -0.886875 0.462009
1006.600000000 27.0217 -26.5416 0 0 0 -0.924759 0.380554
1008.000000000 26.274 -27.2612 0 0 0 -0.930136 0.367214
1009.300000000 25.586 -27.944 0 0 0 -0.923849 0.382758
1010.600000000 24.8766 -28.6106 0 0 0 -0.939782 0.341776
1012.000000000 23.9902 -29.1614 0 0 0 -0.976745 0.214404
1013.400000000 23.1164 -29.3594 0 0 0 0.999938 0.0111043
1014.100000000 23.0411 -29.2045 0 0 0 0.954325 0.298769
1014.800000000 23.1269 -29.1247 0 0 0 0.799607 0.600524
1015.300000000 23.2255 -29.048 0 0 0 0.646186 0.76318
1016.100000000 23.3997 -28.9539 0 0 0 0.389968 0.920828
1016.900000000 23.6564 -28.929 0 0 0 0.115635 0.993292
1018.400000000 24.6225 -28.8656 0 0 0 0.0870161 0.996207
1019.700000000 25.2068 -28.4442 0 0 0 0.368926 0.929459
1020.800000000 25.475 -27.9129 0 0 0 0.582711 0.812679
1022.100000000 25.4085 -27.1853 0 0 0 0.787778 0.615959
1023.700000000 24.6823 -26.3407 0 0 0 0.908526 0.417827
1024.900000000 23.9701 -25.747 0 0 0 0.928346 0.371718
1026.200000000 23.254 -25.0863 0 0 0 0.930547 0.366172
1027.500000000 22.4559 -24.5323 0 0 0 0.967518 0.252802
1029.200000000 21.6288 -24.2167 0 0 0 0.997294 0.0735177
1032.100000000 20.698 -24.2258 0 0 0 -0.99931 0.0371508
1036.100000000 19.6977 -24.3326 0 0 0 -0.998617 0.0525687
1039.900000000 18.7733 -24.4334 0 0 0 -0.999434 0.0336344
1041.500000000 17.7345 -24.3337 0 0 0 0.996236 0.0866776
1043.000000000 16.7979 -23.8443 0 0 0 0.967747 0.251925
1044.300000000 16.0475 -23.2882 0 0 0 0.955683 0.294398
1045.600000000 15.2516 -23.135 0 0 0 0.999524 0.030864
1047.000000000 14.2902 -23.3432 0 0 0 -0.989533 0.144308
1050.300000000 13.3575 -23.5224 0 0 0 0.999644 0.026672
1050.900000000 13.3881 -23.4189 0 0 0 0.948601 0.316476
1051.600000000 13.4768 -23.3427 0 0 0 0.785079 0.619395
1052.100000000 13.5742 -23.3307 0 0 0 0.610248 0.79221
1053.100000000 13.8883 -23.0922 0 0 0 0.346268 0.938136
1054.500000000 14.7887 -22.7003 0 0 0 0.156508 0.987677
1056.000000000 15.8384 -22.5872 0 0 0 -0.040265 0.999189
1056.700000000 15.8865 -22.7172 0 0 0 -0.33471 0.942321
1057.200000000 15.8241 -22.8009 0 0 0 -0.544304 0.838888
1058.000000000 15.7323 -23.007 0 0 0 -0.769094 0.639135
1059.400000000 15.2073 -23.6714 0 0 0 -0.907998 0.418975
1060.700000000 14.662 -24.445 0 0 0 -0.863794 0.503845
1062.100000000 14.4327 -25.3993 0 0 0 -0.74084 0.671682
1063.200000000 14.6453 -25.8475 0 0 0 -0.504654 0.863322
1064.800000000 15.385 -26.5908 0 0 0 -0.396959 0.917836
1066.200000000 15.8442 -27.4684 0 0 0 -0.572344 0.820014
1067.700000000 15.9329 -28.5504 0 0 0 -0.708729 0.705481
1069.200000000 16.1469 -29.313 0 0 0 -0.48181 0.876276
1070.000000000 16.367 -29.3602 0 0 0 -0.201159 0.979559
1070.800000000 16.5247 -29.2398 0 0 0 0.12061 0.9927
1071.600000000 16.5835 -29.0729 0 0 0 0.432133 0.90181
1072.200000000 16.5455 -28.9449 0 0 0 0.641344 0.767254
1072.800000000 16.4381 -28.947 0 0 0 0.8395 0.54336
1073.500000000 16.3495 -29.0387 0 0 0 0.974996 0.222221
1074.200000000 16.3133 -29.1839 0 0 0 -0.993568 0.113238
1075.200000000 15.9032 -29.4813 0 0 0 -0.93689 0.349625
1076.600000000 15.1784 -30.2239 0 0 0 -0.928624 0.371022
1077.900000000 14.3437 -30.7406 0 0 0 -0.975688 0.219162
1079.400000000 13.3607 -30.8315 0 0 0 0.999764 0.0217177
1080.700000000 12.3797 -30.7953 0 0 0 0.999673 0.0255541
1082.100000000 11.361 -30.7131 0 0 0 0.999415 0.0342017
1082.800000000 11.269 -30.8093 0 0 0 -0.96715 0.254204
1083.500000000 11.3736 -30.9105 0 0 0 -0.822343 0.568992
1084.200000000 11.5009 -30.9017 0 0 0 -0.577358 0.816491
1084.900000000 11.6058 -30.8212 0 0 0 -0.261786 0.965126
1085.500000000 11.666 -30.7315 0 0 0 0.0206967 0.999786
1086.000000000 11.6712 -30.5921 0 0 0 0.250388 0.968146
1087.200000000 11.972 -30.0602 0 0 0 0.505889 0.862599
1088.600000000 12.1686 -29.1151 0 0 0 0.677349 0.735662
1090.100000000 11.9509 -28.1797 0 0 0 0.843522 0.537095
1091.700000000 11.2145 -27.502 0 0 0 0.962575 0.271015
1092.500000000 10.9385 -27.5221 0 0 0 0.999998 0.00219649
1093.200000000 10.7908 -27.653 0 0 0 -0.966237 0.257656
1094.100000000 10.7181 -27.9026 0 0 0 -0.863315 0.504666
1095.300000000 10.3768 -28.1748 0 0 0 -0.971063 0.238824
1096.600000000 9.73285 -28.1558 0 0 0 0.999736 0.022975
1098.300000000 8.63996 -28.0729 0 0 0 0.998252 0.059096
1101.500000000 7.70998 -27.9794 0 0 0 0.999614 0.0277748
1103.900000000 6.70134 -27.9947 0 0 0 -0.999259 0.0384817
1105.300000000 5.78253 -28.3089 0 0 0 -0.971452 0.237235
1106.900000000 5.12921 -29.0431 0 0 0 -0.857513 0.514462
1107.800000000 5.12877 -29.456 0 0 0 -0.704677 0.709528
1109.200000000 5.47753 -30.2258 0 0 0 -0.482528 0.875881
1110.600000000 6.18534 -30.9197 0 0 0 -0.372991 0.927835
1111.900000000 6.67181 -31.1787 0 0 0 -0.0821214 0.996622
1112.600000000 6.80129 -31.0569 0 0 0 0.197122 0.980379
1113.400000000 6.79327 -30.9022 0 0 0 0.521991 0.852951
1114.000000000 6.67691 -30.8819 0 0 0 0.750742 0.660595
1114.800000000 6.47595 -30.7502 0 0 0 0.911442 0.411429
1115.600000000 6.14358 -30.6359 0 0 0 0.980777 0.195133
1117.000000000 5.16488 -30.5566 0 0 0 -0.999934 0.0115048
1118.600000000 3.96629 -30.7348 0 0 0 -0.995368 0.0961407
1119.800000000 3.0923 -30.8932 0 0 0 -0.997531 0.0702329
1121.100000000 2.10912 -30.9465 0 0 0 -0.999975 0.00711566
1122.500000000 1.06712 -30.9143 0 0 0 0.999623 0.0274395
1123.800000000 0.650272 -30.7396 0 0 0 0.932804 0.360385
1124.400000000 0.733493 -30.6647 0 0 0 0.792898 0.609355
1124.900000000 0.814435 -30.6241 0 0 0 0.635781 0.77187
1125.700000000 1.00211 -30.5709 0 0 0 0.353348 0.935492
1127.300000000 1.92828 -30.1709 0 0 0 0.251839 0.967769
1128.400000000 2.27499 -29.7098 0 0 0 0.493943 0.869494
1129.700000000 2.32976 -29.0035 0 0 0 0.728997 0.684517
1131.200000000 1.88668 -28.2125 0 0 0 0.895532 0.444998
1132.700000000 1.10089 -27.6758 0 0 0 0.979043 0.203652
1134.100000000 0.155679 -27.4955 0 0 0 0.998459 0.0554964
1136.300000000 -0.903146 -27.5173 0 0 0 -0.999333 0.0365246
1137.600000000 -1.86856 -27.6445 0 0 0 -0.997312 0.0732749
1139.000000000 -2.91149 -27.7908 0 0 0 -0.997139 0.075592
1140.200000000 -3.80687 -27.9196 0 0 0 -0.997848 0.0655719
1141.600000000 -4.84586 -28.0122 0 0 0 -0.998886 0.0471951
1142.900000000 -5.74179 -28.2055 0 0 0 -0.987098 0.160116
1144.300000000 -6.34361 -28.7128 0 0 0 -0.895328 0.445407
1144.900000000 -6.26134 -28.7999 0 0 0 -0.742418 0.669937
1145.500000000 -6.16109 -28.8177 0 0 0 -0.527649 0.849462
1146.100000000 -6.0594 -28.7706 0 0 0 -0.271419 0.962461
1146.800000000 -5.9755 -28.6752 0 0 0 0.0511609 0.99869
1147.300000000 -5.99424 -28.5839 0 0 0 0.289635 0.957137
1148.000000000 -6.06486 -28.4995 0 0 0 0.60082 0.799385
1148.600000000 -6.23814 -28.5097 0 0 0 0.809938 0.586516
1149.300000000 -6.33305 -28.5736 0 0 0 0.961962 0.273183
1150.000000000 -6.35818 -28.7071 0 0 0 -0.997305 0.0733638
1150.700000000 -6.32097 -28.8301 0 0 0 -0.916144 0.400849
1151.400000000 -6.26986 -29.0147 0 0 0 -0.773154 0.634219
1152.900000000 -6.20793 -30.062 0 0 0 -0.622883 0.782315
1154.200000000 -5.79887 -30.8528 0 0 0 -0.457371 0.889276
1155.600000000 -5.11205 -31.3535 0 0 0 -0.201071 0.979577
1156.400000000 -4.98133 -31.2247 0 0 0 0.132943 0.991124
1157.100000000 -4.97478 -31.0949 0 0 0 0.426107 0.904673
1157.700000000 -5.08295 -31.0496 0 0 0 0.673859 0.73886
1158.300000000 -5.1986 -31.0563 0 0 0 0.855868 0.517195
1159.200000000 -5.49462 -30.8333 0 0 0 0.959764 0.280809
1160.700000000 -6.50947 -30.5639 0 0 0 0.998033 0.0626965
1161.900000000 -7.42701 -30.623 0 0 0 -0.998546 0.0539134
1163.300000000 -8.42614 -30.8614 0 0 0 -0.991352 0.13123
1164.800000000 -9.47183 -30.8648 0 0 0 0.999664 0.0259045
1166.100000000 -10.4529 -30.813 0 0 0 0.999759 0.0219377
1167.400000000 -11.3734 -30.798 0 0 0 -0.998943 0.0459568
1168.000000000 -11.3492 -30.9137 0 0 0 -0.945937 0.324351
1168.700000000 -11.2377 -30.9876 0 0 0 -0.777204 0.629249
1169.200000000 -11.1568 -30.9769 0 0 0 -0.597733 0.801695
1169.900000000 -11.055 -30.8965 0 0 0 -0.28496 0.958539
1170.600000000 -10.9877 -30.8076 0 0 0 0.0414949 0.999139
1171.200000000 -10.9727 -30.6848 0 0 0 0.31148 0.950253
1172.700000000 -10.3973 -29.8177 0 0 0 0.512694 0.858571
1180.500000000 -9.8535 -29.0193 0 0 0 0.424683 0.905342
1181.800000000 -9.16267 -28.3271 0 0 0 0.372345 0.928094
1183.100000000 -8.46158 -27.6424 0 0 0 0.379114 0.92535
1184.300000000 -7.82465 -27.0121 0 0 0 0.387471 0.921882
1185.700000000 -7.0827 -26.2663 0 0 0 0.388172 0.921587
1187.000000000 -6.44416 -25.537 0 0 0 0.395566 0.918438
1188.200000000 -5.83448 -24.8599 0 0 0 0.452061 0.891987
1189.500000000 -5.35395 -24.0228 0 0 0 0.519013 0.854767
1190.900000000 -4.97571 -23.0398 0 0 0 0.587361 0.809325
1192.300000000 -4.75135 -22.0182 0 0 0 0.644426 0.764667
1193.500000000 -4.66564 -21.1032 0 0 0 0.692083 0.721818
1194.900000000 -4.68215 -20.0614 0 0 0 0.708012 0.7062
1196.200000000 -4.67505 -19.0859 0 0 0 0.706452 0.707761
1197.600000000 -4.6645 -18.0497 0 0 0 0.705813 0.708399
1198.900000000 -4.66084 -17.072 0 0 0 0.704242 0.70996
1200.200000000 -4.63615 -16.105 0 0 0 0.69923 0.714897
1201.500000000 -4.61095 -15.1294 0 0 0 0.690509 0.723324
1202.900000000 -4.52812 -14.1037 0 0 0 0.591836 0.806059
1204.400000000 -3.94621 -13.2848 0 0 0 0.398839 0.917021
1205.700000000 -3.10671 -12.5997 0 0 0 0.368394 0.92967
1207.000000000 -2.40663 -11.9122 0 0 0 0.386787 0.922169
1208.200000000 -1.77236 -11.2614 0 0 0 0.389445 0.92105
1209.600000000 -1.0439 -10.4987 0 0 0 0.386847 0.922144
1210.800000000 -0.428167 -9.84964 0 0 0 0.400985 0.916084
1212.200000000 0.144497 -9.02244 0 0 0 0.522927 0.852378
1213.600000000 0.36437 -8.0129 0 0 0 0.672135 0.740429
1214.900000000 0.244643 -7.05837 0 0 0 0.784965 0.61954
1216.200000000 0.0674947 -6.09236 0 0 0 0.739799 0.672828
1217.500000000 0.100862 -5.12081 0 0 0 0.681156 0.732138
1218.800000000 0.22413 -4.15743 0 0 0 0.652696 0.75762
1219.900000000 0.39002 -3.91573 0 0 0 0.361451 0.932391
1220.400000000 0.45131 -3.99093 0 0 0 0.130893 0.991396
1221.100000000 0.439015 -4.06657 0 0 0 -0.204394 0.978889
1221.700000000 0.428681 -4.18956 0 0 0 -0.45348 0.891267
1222.400000000 0.35194 -4.31442 0 0 0 -0.70543 0.70878
1222.900000000 0.251293 -4.34518 0 0 0 -0.84361 0.536957
1224.300000000 -0.292538 -5.07251 0 0 0 -0.867993 0.496577
1226.200000000 -0.50664 -5.99948 0 0 0 -0.678226 0.734853
1227.700000000 -0.231281 -6.41815 0 0 0 -0.438751 0.898609
1231.700000000 0.394837 -7.05426 0 0 0 -0.685807 0.727784
1232.500000000 0.27677 -7.09433 0 0 0 -0.85727 0.514866
1233.300000000 0.0791865 -7.14304 0 0 0 -0.956027 0.293277
1234.800000000 -0.245689 -7.66962 0 0 0 -0.816986 0.576657
1236.100000000 -0.183945 -8.28117 0 0 0 -0.630227 0.776411
1238.100000000 0.332569 -9.12227 0 0 0 -0.467421 0.884035
1240.000000000 0.679296 -9.80988 0 0 0 -0.712491 0.701681
1240.700000000 0.5596 -9.76913 0 0 0 -0.907702 0.419616
1241.400000000 0.49569 -9.65137 0 0 0 -0.996213 0.0869415
1242.000000000 0.503453 -9.54097 0 0 0 0.978422 0.206615
1242.700000000 0.559953 -9.45152 0 0 0 0.850639 0.52575
1243.200000000 0.663919 -9.4247 0 0 0 0.697326 0.716754
1244.800000000 0.73515 -8.39492 0 0 0 0.746302 0.665608
1245.800000000 0.573582 -8.20643 0 0 0 0.921081 0.389371
1246.600000000 0.494074 -8.30773 0 0 0 0.998063 0.0622079
1247.400000000 0.498487 -8.43164 0 0 0 -0.962281 0.272058
1249.100000000 -0.196903 -9.22878 0 0 0 -0.899801 0.436301
1250.400000000 -0.22134 -9.45015 0 0 0 -0.742501 0.669845
1253.000000000 0.0189624 -10.4281 0 0 0 -0.724383 0.689397
1253.700000000 -0.0962327 -10.475 0 0 0 -0.887971 0.4599
1254.500000000 -0.138776 -10.3793 0 0 0 -0.994162 0.107901
1255.100000000 -0.170904 -10.2589 0 0 0 0.986046 0.166474
1255.900000000 -0.339926 -10.0259 0 0 0 0.908598 0.417672
1256.800000000 -0.407393 -9.67299 0 0 0 0.765292 0.643683
1258.800000000 -0.229185 -8.69304 0 0 0 0.642891 0.765957
1260.100000000 -0.0333738 -8.32516 0 0 0 0.34019 0.940357
1260.800000000 0.0123498 -8.36794 0 0 0 0.00388608 0.999992
1261.300000000 0.0178309 -8.51824 0 0 0 -0.234481 0.972121
1262.000000000 -0.0220921 -8.61853 0 0 0 -0.542189 0.840257
1262.600000000 -0.145371 -8.65756 0 0 0 -0.759975 0.649952
1263.300000000 -0.266567 -8.62041 0 0 0 -0.933884 0.357576
1263.900000000 -0.337356 -8.50639 0 0 0 -0.99753 0.0702444
1264.500000000 -0.322899 -8.41243 0 0 0 0.974753 0.223286
1265.100000000 -0.242618 -8.33177 0 0 0 0.867984 0.496593
1265.800000000 -0.13506 -8.29574 0 0 0 0.647952 0.761681
1266.400000000 -0.0227509 -8.34056 0 0 0 0.398596 0.917127
1267.100000000 0.0373085 -8.39608 0 0 0 0.0650265 0.997884
1267.700000000 0.0399246 -8.52105 0 0 0 -0.228307 0.973589
1268.200000000 -0.019411 -8.62795 0 0 0 -0.457249 0.889339
1268.800000000 -0.107238 -8.65807 0 0 0 -0.696922 0.717147
1269.700000000 -0.304445 -8.84351 0 0 0 -0.86076 0.50901
1271.000000000 -0.754148 -9.72135 0 0 0 -0.847603 0.53063
1272.300000000 -0.956498 -10.5339 0 0 0 -0.751625 0.65959
1273.700000000 -0.866926 -11.2316 0 0 0 -0.489871 0.871795
1274.200000000 -0.763952 -11.0954 0 0 0 -0.263799 0.964578
1274.900000000 -0.729084 -10.9991 0 0 0 0.0804575 0.996758
1275.500000000 -0.694934 -10.8473 0 0 0 0.324994 0.945716
1276.400000000 -0.599447 -10.5261 0 0 0 0.578366 0.815778
1277.400000000 -0.686519 -10.1568 0 0 0 0.804881 0.593436
1278.500000000 -0.937339 -9.87351 0 0 0 0.930067 0.367389
1279.400000000 -1.16954 -9.8356 0 0 0 0.990912 0.134512
1280.200000000 -1.16022 -9.95353 0 0 0 -0.989493 0.14458
1281.100000000 -1.0958 -10.055 0 0 0 -0.89605 0.443953
1283.100000000 -1.43516 -11.0389 0 0 0 -0.861651 0.507502
1283.900000000 -1.55067 -11.0178 0 0 0 -0.977106 0.212753
1284.600000000 -1.54597 -10.9182 0 0 0 0.995749 0.0921069
1285.200000000 -1.53429 -10.8086 0 0 0 0.939382 0.342872
1287.000000000 -2.35746 -10.1005 0 0 0 0.963024 0.269414
1287.900000000 -2.39613 -10.1832 0 0 0 -0.999876 0.0157612
1288.800000000 -2.36764 -10.3046 0 0 0 -0.939068 0.34373
1289.500000000 -2.32344 -10.3641 0 0 0 -0.820233 0.572029
1291.400000000 -2.7602 -11.1684 0 0 0 -0.955062 0.296406
1292.100000000 -2.82736 -11.0753 0 0 0 0.999693 0.0247734
1292.800000000 -2.83444 -10.9361 0 0 0 0.939805 0.34171
1293.400000000 -2.81424 -10.7928 0 0 0 0.829458 0.558569
1295.300000000 -3.41792 -10.033 0 0 0 0.963773 0.266724
1296.100000000 -3.5645 -10.1198 0 0 0 -0.99995 0.0100176
1297.000000000 -3.68751 -10.2786 0 0 0 -0.946867 0.321625
1298.600000000 -4.32545 -10.9904 0 0 0 -0.943986 0.329986
1299.900000000 -4.79705 -11.1726 0 0 0 -0.999959 0.00910678
1300.600000000 -4.79796 -11.0477 0 0 0 0.958733 0.284306
1301.200000000 -4.77608 -10.9388 0 0 0 0.86919 0.494479
1302.300000000 -4.83291 -10.4718 0 0 0 0.707007 0.707206
1303.400000000 -4.66104 -10.2066 0 0 0 0.450523 0.892765
1304.200000000 -4.58903 -10.3099 0 0 0 0.144719 0.989473
1304.900000000 -4.582 -10.414 0 0 0 -0.136979 0.990574
1305.600000000 -4.62958 -10.5018 0 0 0 -0.441147 0.897435
1306.200000000 -4.77521 -10.5566 0 0 0 -0.682214 0.731153
1306.900000000 -4.8576 -10.5509 0 0 0 -0.88976 0.45643
1307.400000000 -4.95467 -10.5345 0 0 0 -0.966552 0.256471
1308.700000000 -5.68657 -10.619 0 0 0 0.999762 0.0217936
1310.200000000 -6.45801 -10.2417 0 0 0 0.952681 0.303973
1311.900000000 -6.96312 -9.46873 0 0 0 0.83282 0.553545
1313.400000000 -6.99124 -8.82351 0 0 0 0.652844 0.757492
1314.500000000 -6.85857 -8.83531 0 0 0 0.350441 0.936585
1315.300000000 -6.79927 -8.9527 0 0 0 0.0965687 0.995326
1316.000000000 -6.81825 -9.02298 0 0 0 -0.140836 0.990033
1317.100000000 -6.70041 -9.28751 0 0 0 -0.401573 0.915827
1318.000000000 -6.79338 -9.36859 0 0 0 -0.676396 0.736538
1318.800000000 -6.96433 -9.34091 0 0 0 -0.864774 0.502162
1319.500000000 -7.01338 -9.28066 0 0 0 -0.967639 0.252338
1320.100000000 -7.04122 -9.21604 0 0 0 -0.999792 0.0203945
1320.900000000 -7.02221 -9.07146 0 0 0 0.958097 0.286443
1321.700000000 -6.99791 -8.93681 0 0 0 0.838988 0.54415
1322.500000000 -6.87508 -8.84916 0 0 0 0.665155 0.746706
1325.100000000 -6.37629 -7.91787 0 0 0 0.558578 0.829452
1325.900000000 -6.4688 -7.76905 0 0 0 0.786883 0.617102
1326.500000000 -6.57581 -7.79719 0 0 0 0.928415 0.371544
1327.100000000 -6.65038 -7.90994 0 0 0 0.995587 0.0938424
1327.600000000 -6.67772 -8.02067 0 0 0 -0.989757 0.142762
1328.200000000 -6.60637 -8.08882 0 0 0 -0.90295 0.429746
1328.900000000 -6.4787 -8.12288 0 0 0 -0.700241 0.713907
1329.500000000 -6.35864 -8.09336 0 0 0 -0.457997 0.888954
1330.000000000 -6.28438 -8.02299 0 0 0 -0.224705 0.974427
1330.700000000 -6.26725 -7.88325 0 0 0 0.123401 0.992357
1331.200000000 -6.33105 -7.7873 0 0 0 0.36485 0.931066
1331.900000000 -6.44715 -7.7473 0 0 0 0.661614 0.749845
1332.600000000 -6.58317 -7.78975 0 0 0 0.878711 0.477355
1333.200000000 -6.6658 -7.87214 0 0 0 0.980518 0.19643
1333.800000000 -6.67519 -7.98419 0 0 0 -0.994782 0.102024
1334.700000000 -6.57877 -8.10994 0 0 0 -0.850794 0.525499
1335.300000000 -6.45913 -8.1388 0 0 0 -0.672093 0.740467
1336.900000000 -6.38092 -9.19502 0 0 0 -0.700547 0.713606
1338.000000000 -6.50037 -9.59257 0 0 0 -0.884678 0.466202
1338.700000000 -6.59153 -9.49854 0 0 0 -0.989917 0.141651
1339.200000000 -6.60559 -9.40345 0 0 0 0.995837 0.0911471
1339.900000000 -6.58032 -9.29825 0 0 0 0.93142 0.363946
1340.700000000 -6.46213 -9.21745 0 0 0 0.766134 0.642681
1341.400000000 -6.33975 -9.21481 0 0 0 0.551 0.834505
1342.100000000 -6.27277 -9.2748 0 0 0 0.291072 0.956701
1342.800000000 -6.25753 -9.36218 0 0 0 0.00421577 0.999991
1343.300000000 -6.23653 -9.45927 0 0 0 -0.220131 0.97547
1344.000000000 -6.33611 -9.58149 0 0 0 -0.527156 0.849768
1344.600000000 -6.41172 -9.64989 0 0 0 -0.740668 0.671871
1345.300000000 -6.55253 -9.6842 0 0 0 -0.908081 0.418794
1346.900000000 -7.49806 -10.1807 0 0 0 -0.982909 0.18409
1348.400000000 -8.41094 -10.4067 0 0 0 -0.997213 0.0746107
1350.800000000 -9.45365 -10.3817 0 0 0 0.999957 0.00930809
1352.700000000 -10.3663 -10.3741 0 0 0 0.999983 0.00590441
1354.200000000 -11.4136 -10.3751 0 0 0 -0.999992 0.00402112
1355.600000000 -12.5051 -10.3416 0 0 0 0.999195 0.0401235
1356.900000000 -13.3402 -10.0072 0 0 0 0.971677 0.236314
1358.300000000 -14.1386 -9.34828 0 0 0 0.928508 0.371311
1359.500000000 -14.8149 -8.74978 0 0 0 0.939934 0.341356
1360.900000000 -15.674 -8.15862 0 0 0 0.964252 0.264986
1361.700000000 -15.9114 -8.19227 0 0 0 -0.999866 0.0163823
1362.700000000 -16.2565 -8.47458 0 0 0 -0.953165 0.302449
1364.100000000 -16.9644 -9.22303 0 0 0 -0.917374 0.398026
1365.300000000 -17.5889 -9.87515 0 0 0 -0.922058 0.387052
1366.700000000 -18.3337 -10.6109 0 0 0 -0.926108 0.377259
1368.300000000 -18.8856 -11.4778 0 0 0 -0.81763 0.575744
1369.800000000 -18.935 -12.4989 0 0 0 -0.663397 0.748267
1371.100000000 -18.6263 -13.4337 0 0 0 -0.620629 0.784105
1372.500000000 -18.5979 -14.5268 0 0 0 -0.689508 0.724278
1374.000000000 -18.4796 -15.4237 0 0 0 -0.566244 0.824238
1375.500000000 -17.7922 -16.2001 0 0 0 -0.361305 0.932448
1376.700000000 -17.0184 -16.6534 0 0 0 -0.219692 0.975569
1378.100000000 -16.0049 -16.918 0 0 0 -0.0818312 0.996646
1379.200000000 -15.6687 -17.1034 0 0 0 -0.393577 0.919292
1379.800000000 -15.7687 -17.1643 0 0 0 -0.644061 0.764974
1380.400000000 -15.8861 -17.1579 0 0 0 -0.838988 0.54415
1381.000000000 -15.9799 -17.0875 0 0 0 -0.961008 0.27652
1381.800000000 -16.2886 -17.0087 0 0 0 -0.999519 0.0309972
1383.200000000 -17.2472 -16.8152 0 0 0 0.985935 0.167132
1384.600000000 -18.1089 -16.2505 0 0 0 0.94547 0.32571
1385.300000000 -18.0943 -16.1686 0 0 0 0.799165 0.601112
1386.000000000 -17.9585 -16.1763 0 0 0 0.54909 0.835763
1386.700000000 -17.8533 -16.2447 0 0 0 0.234777 0.972049
1387.300000000 -17.8254 -16.3576 0 0 0 -0.0586618 0.998278
1388.000000000 -17.8747 -16.4876 0 0 0 -0.391967 0.919979
1388.600000000 -17.9746 -16.5487 0 0 0 -0.642569 0.766228
1389.100000000 -18.0744 -16.543 0 0 0 -0.810109 0.58628
1389.800000000 -18.1795 -16.4755 0 0 0 -0.960572 0.278032
1390.400000000 -18.2162 -16.3253 0 0 0 -0.999999 0.00132548
1392.300000000 -19.2223 -16.5903 0 0 0 -0.957482 0.288494
1393.700000000 -19.9566 -17.3261 0 0 0 -0.914257 0.405135
1395.000000000 -20.5675 -18.0831 0 0 0 -0.893806 0.448454
1396.300000000 -21.0858 -18.9089 0 0 0 -0.862832 0.505491
1397.800000000 -21.2473 -19.8961 0 0 0 -0.710024 0.704178
1399.100000000 -21.0715 -20.8279 0 0 0 -0.618592 0.785712
1400.500000000 -20.8735 -21.861 0 0 0 -0.656711 0.754143
1401.800000000 -20.8441 -22.8345 0 0 0 -0.717093 0.696978
1403.200000000 -20.9277 -23.8868 0 0 0 -0.736429 0.676515
1404.500000000 -20.9889 -24.8569 0 0 0 -0.732233 0.681055
1405.900000000 -21.0434 -25.9103 0 0 0 -0.71519 0.69893
1407.100000000 -21.047 -26.8049 0 0 0 -0.702444 0.711739
1408.600000000 -20.9091 -27.8059 0 0 0 -0.60036 0.79973
1410.100000000 -20.267 -28.5519 0 0 0 -0.377968 0.925819
1411.400000000 -19.5544 -29.2253 0 0 0 -0.370999 0.928633
1412.700000000 -18.8603 -29.9093 0 0 0 -0.382777 0.923841
1414.000000000 -18.1719 -30.5885 0 0 0 -0.358434 0.933555
1415.700000000 -17.0618 -31.1195 0 0 0 -0.131915 0.991261
1416.600000000 -16.7545 -31.0352 0 0 0 0.158721 0.987323
1417.200000000 -16.7134 -30.8918 0 0 0 0.39588 0.918302
1418.000000000 -16.7697 -30.7093 0 0 0 0.669179 0.743101
1418.700000000 -16.9091 -30.6072 0 0 0 0.851103 0.524999
1419.300000000 -17.0589 -30.573 0 0 0 0.952474 0.304621
1420.700000000 -17.9732 -30.2711 0 0 0 0.988365 0.152102
1422.100000000 -19.0097 -30.011 0 0 0 0.99278 0.11995
1423.600000000 -20.1029 -29.8671 0 0 0 0.999956 0.00933081
1425.000000000 -21.1429 -29.9507 0 0 0 -0.999053 0.0435071
1426.300000000 -22.116 -29.9938 0 0 0 -0.999972 0.0074838
1427.600000000 -23.1 -29.9833 0 0 0 0.99999 0.00440415
1428.900000000 -24.0724 -29.9774 0 0 0 -0.999999 0.0011249
1430.700000000 -24.8828 -29.8607 0 0 0 0.948014 0.318228
1431.200000000 -24.8035 -29.7961 0 0 0 0.842619 0.53851
1432.200000000 -24.76 -29.3585 0 0 0 0.660108 0.75117
1433.800000000 -24.3908 -28.3673 0 0 0 0.618918 0.785455
1435.100000000 -24.5615 -27.6641 0 0 0 0.81449 0.580178
1436.600000000 -25.1354 -26.8587 0 0 0 0.920898 0.389803
1437.800000000 -25.7847 -26.2476 0 0 0 0.928009 0.372558
1439.200000000 -26.5317 -25.4964 0 0 0 0.923681 0.383162
1440.500000000 -27.2246 -24.8099 0 0 0 0.923732 0.38304
1441.800000000 -27.9075 -24.1133 0 0 0 0.923786 0.382908
1443.100000000 -28.3483 -23.3461 0 0 0 0.826882 0.562375
1444.600000000 -28.4815 -22.2866 0 0 0 0.695841 0.718196
1445.900000000 -28.33 -21.3417 0 0 0 0.630268 0.776377
1447.100000000 -28.166 -20.4488 0 0 0 0.649179 0.760636
1448.500000000 -28.0997 -19.4523 0 0 0 0.70957 0.704635
1449.100000000 -28.1976 -19.4319 0 0 0 0.8724 0.488793
1449.700000000 -28.2334 -19.5002 0 0 0 0.978544 0.206038
1450.400000000 -28.2406 -19.6172 0 0 0 -0.9899 0.141768
1451.100000000 -28.1741 -19.7286 0 0 0 -0.881098 0.472933
1451.700000000 -28.1192 -19.839 0 0 0 -0.731829 0.681489
1452.400000000 -27.9725 -19.9606 0 0 0 -0.520005 0.854163
1453.200000000 -27.6963 -20.1528 0 0 0 -0.306475 0.951879
1455.400000000 -26.8326 -20.6139 0 0 0 -0.418989 0.907991
1456.500000000 -26.7149 -21.0992 0 0 0 -0.672037 0.740518
1458.000000000 -26.8435 -22.1353 0 0 0 -0.732639 0.680617
1459.200000000 -26.851 -23.04 0 0 0 -0.696132 0.717914
1460.500000000 -26.7334 -24.0085 0 0 0 -0.658743 0.752368
1462.000000000 -26.392 -25.0092 0 0 0 -0.510707 0.859755
1463.400000000 -25.7224 -25.7949 0 0 0 -0.37989 0.925032
1464.800000000 -24.9883 -26.5414 0 0 0 -0.407604 0.913159
1466.000000000 -24.4183 -27.2807 0 0 0 -0.490961 0.871181
1467.500000000 -24.1911 -28.2842 0 0 0 -0.677417 0.735599
1469.000000000 -24.4149 -29.3142 0 0 0 -0.823545 0.567252
1470.500000000 -25.0523 -30.076 0 0 0 -0.936848 0.349737
1471.900000000 -25.9616 -30.5082 0 0 0 -0.987251 0.159169
1473.500000000 -26.8511 -30.5303 0 0 0 0.985627 0.168937
1474.200000000 -26.9195 -30.3752 0 0 0 0.903675 0.42822
1474.800000000 -26.8186 -30.3209 0 0 0 0.739203 0.673483
1475.300000000 -26.6992 -30.3003 0 0 0 0.56389 0.82585
1476.300000000 -26.389 -30.0976 0 0 0 0.279978 0.960007
1477.800000000 -25.4427 -29.902 0 0 0 0.019663 0.999807
1479.500000000 -24.4734 -29.6342 0 0 0 0.271921 0.96232
1480.700000000 -24.0332 -29.0703 0 0 0 0.499828 0.866124
1481.800000000 -24.0574 -28.5095 0 0 0 0.718433 0.695596
1483.400000000 -24.4625 -27.563 0 0 0 0.883957 0.467569
1484.900000000 -25.274 -26.9448 0 0 0 0.96935 0.245685
1486.200000000 -26.1944 -26.6734 0 0 0 0.99649 0.0837075
1487.500000000 -27.1668 -26.6655 0 0 0 -0.999641 0.0267929
1488.800000000 -28.1382 -26.7983 0 0 0 -0.996213 0.0869475
1490.100000000 -29.0833 -27.0209 0 0 0 -0.990659 0.136359
1491.500000000 -30.1048 -27.2819 0 0 0 -0.993705 0.112027
1493.300000000 -30.9055 -27.6173 0 0 0 -0.905902 0.423487
1494.800000000 -31.3201 -28.6098 0 0 0 -0.79954 0.600612
1496.200000000 -31.4202 -29.6481 0 0 0 -0.71819 0.695847
1497.000000000 -31.3194 -29.8707 0 0 0 -0.503044 0.864261
1497.700000000 -31.2285 -29.7644 0 0 0 -0.17387 0.984769
1498.300000000 -31.2054 -29.6543 0 0 0 0.113691 0.993516
1499.100000000 -31.1091 -29.4652 0 0 0 0.408274 0.912859
1500.200000000 -30.9315 -28.8919 0 0 0 0.622608 0.782534
1501.700000000 -30.8794 -27.7828 0 0 0 0.706977 0.707236
1503.100000000 -30.9086 -26.8229 0 0 0 0.656272 0.754525
1504.200000000 -30.5432 -26.3222 0 0 0 0.45435 0.890823
1505.600000000 -29.8392 -25.5628 0 0 0 0.376722 0.926326
1506.900000000 -29.2111 -24.8203 0 0 0 0.464968 0.885328
1508.300000000 -28.7919 -23.8667 0 0 0 0.597447 0.801908
1509.700000000 -28.7386 -22.8416 0 0 0 0.729563 0.683913
1512.000000000 -28.9068 -21.9524 0 0 0 0.750872 0.660448
1515.600000000 -28.9881 -21.013 0 0 0 0.725805 0.687901
1519.300000000 -29.0228 -20.0706 0 0 0 0.712638 0.701532
1521.300000000 -28.9916 -19.0001 0 0 0 0.687273 0.7264
1523.700000000 -28.9741 -18.0708 0 0 0 0.701353 0.712815
1526.900000000 -28.981 -17.0909 0 0 0 0.720469 0.693488
1529.200000000 -29.1503 -16.1459 0 0 0 0.820055 0.572285
1530.600000000 -29.7264 -15.3219 0 0 0 0.911826 0.410577
1531.900000000 -30.4693 -14.6976 0 0 0 0.951862 0.306528
1532.700000000 -30.6491 -14.7389 0 0 0 -0.999954 0.00964324
1533.200000000 -30.6114 -14.8319 0 0 0 -0.966341 0.257266
1533.900000000 -30.5255 -14.9205 0 0 0 -0.820634 0.571454
1534.600000000 -30.4065 -14.9212 0 0 0 -0.571966 0.820277
1535.300000000 -30.3066 -14.8283 0 0 0 -0.258243 0.96608
1535.900000000 -30.2886 -14.6855 0 0 0 0.0382721 0.999267
1536.800000000 -30.0248 -14.4375 0 0 0 0.315561 0.948905
1538.000000000 -29.7073 -13.8681 0 0 0 0.562734 0.826638
1539.000000000 -29.7471 -13.5336 0 0 0 0.790253 0.61278
1540.100000000 -30.1258 -13.0038 0 0 0 0.909495 0.415716
1541.500000000 -30.8779 -12.2996 0 0 0 0.930272 0.36687
1542.800000000 -31.5854 -11.6076 0 0 0 0.924319 0.381621
1544.000000000 -32.2152 -10.9766 0 0 0 0.921814 0.387633
1545.400000000 -32.9324 -10.1867 0 0 0 0.908989 0.416821
1546.600000000 -33.4859 -9.47469 0 0 0 0.884805 0.465962
1548.000000000 -34.0207 -8.56768 0 0 0 0.86028 0.509822
1549.300000000 -34.4833 -7.68843 0 0 0 0.816658 0.577122
1551.000000000 -34.8374 -6.64318 0 0 0 0.888197 0.459463
1552.300000000 -35.456 -6.29073 0 0 0 0.982548 0.186011
1553.600000000 -36.183 -6.3308 0 0 0 -0.995402 0.0957865
1555.000000000 -36.9306 -6.80024 0 0 0 -0.938924 0.344125
1556.600000000 -37.3953 -7.60417 0 0 0 -0.777768 0.628552
1557.200000000 -37.2874 -7.59559 0 0 0 -0.558 0.829841
1557.800000000 -37.1847 -7.52384 0 0 0 -0.286792 0.957993
1558.500000000 -37.1531 -7.38021 0 0 0 0.0591619 0.998248
1559.200000000 -37.2013 -7.25271 0 0 0 0.398539 0.917151
1559.700000000 -37.306 -7.20842 0 0 0 0.612572 0.790415
1560.400000000 -37.4441 -7.15247 0 0 0 0.828275 0.560322
1561.700000000 -37.9757 -6.63552 0 0 0 0.950724 0.310038
1562.500000000 -38.113 -6.69733 0 0 0 -0.999717 0.0237911
1563.200000000 -38.0619 -6.8287 0 0 0 -0.931377 0.364055
1563.800000000 -37.9578 -6.88857 0 0 0 -0.782213 0.623011
1564.400000000 -37.8391 -6.87998 0 0 0 -0.563199 0.826321
1565.000000000 -37.7562 -6.7994 0 0 0 -0.292773 0.956182
1565.600000000 -37.6426 -6.73151 0 0 0 -0.0365635 0.999331
1566.300000000 -37.5357 -6.59191 0 0 0 0.245129 0.96949
1574.000000000 -36.8128 -5.78113 0 0 0 0.449797 0.893131
1575.400000000 -36.0865 -5.0116 0 0 0 0.383271 0.923636
1576.700000000 -35.3976 -4.32513 0 0 0 0.382748 0.923853
1578.000000000 -34.7139 -3.63931 0 0 0 0.38472 0.923033
1579.400000000 -33.978 -2.89387 0 0 0 0.384759 0.923017
1580.800000000 -33.2424 -2.12413 0 0 0 0.406927 0.91346
1582.200000000 -32.8292 -1.23845 0 0 0 0.591071 0.80662
1583.700000000 -32.7499 -0.118833 0 0 0 0.728229 0.685334
1585.000000000 -32.9321 0.765205 0 0 0 0.766258 0.642533
1586.300000000 -33.0826 1.79827 0 0 0 0.77452 0.632549
1588.500000000 -33.156 2.70634 0 0 0 0.704706 0.7095
1592.200000000 -33.0868 3.64356 0 0 0 0.673722 0.738985
1596.300000000 -33.0132 4.60907 0 0 0 0.680918 0.732359
1601.100000000 -32.9927 5.5534 0 0 0 0.700804 0.713354
1606.000000000 -32.999 6.53625 0 0 0 0.706543 0.70767
1610.800000000 -32.9932 7.50397 0 0 0 0.707623 0.70659
1615.700000000 -32.9919 8.48269 0 0 0 0.707863 0.70635
1619.200000000 -32.9924 9.45055 0 0 0 0.707977 0.706236
1620.700000000 -32.994 10.54 0 0 0 0.707989 0.706223
1622.100000000 -32.996 11.5852 0 0 0 0.70802 0.706193
1623.400000000 -33.0361 12.5599 0 0 0 0.730153 0.683284
1624.700000000 -33.076 13.5326 0 0 0 0.711987 0.702192
1626.000000000 -33.066 14.5021 0 0 0 0.698224 0.715879
1627.200000000 -33.0498 15.4053 0 0 0 0.708825 0.705385
1628.700000000 -33.0703 16.4395 0 0 0 0.71925 0.694751
1630.500000000 -33.056 17.4079 0 0 0 0.684696 0.728829
1631.200000000 -32.9712 17.4679 0 0 0 0.425067 0.905162
1631.800000000 -32.8782 17.3547 0 0 0 0.142571 0.989785
1632.500000000 -32.8528 17.2249 0 0 0 -0.192599 0.981277
1633.200000000 -32.8336 17.0631 0 0 0 -0.465417 0.885092
1634.000000000 -32.9284 16.9338 0 0 0 -0.728329 0.685227
1635.300000000 -33.2019 16.0618 0 0 0 -0.814284 0.580467
1637.200000000 -33.549 15.5014 0 0 0 -0.944529 0.328428
1638.200000000 -33.6156 15.5681 0 0 0 -0.999251 0.038693
1639.700000000 -33.9989 15.7775 0 0 0 0.97953 0.201297
1640.900000000 -34.1403 15.9908 0 0 0 0.877683 0.479241
1641.600000000 -34.0312 16.0291 0 0 0 0.709267 0.70494
1642.400000000 -33.9255 16.0055 0 0 0 0.436393 0.899756
1643.000000000 -33.8457 15.9253 0 0 0 0.189185 0.981941
1643.500000000 -33.8142 15.831 0 0 0 -0.0285364 0.999593
1644.500000000 -33.8955 15.7006 0 0 0 -0.451541 0.892251
1645.700000000 -33.8195 15.0811 0 0 0 -0.646023 0.763318
1647.200000000 -33.9029 14.4746 0 0 0 -0.843004 0.537907
1648.300000000 -34.1548 14.407 0 0 0 -0.966947 0.254979
1649.100000000 -34.3748 14.4702 0 0 0 -0.999861 0.01668
1650.000000000 -34.5469 14.5992 0 0 0 0.968042 0.250789
1650.900000000 -34.5129 14.7144 0 0 0 0.83139 0.55569
1651.600000000 -34.4014 14.7449 0 0 0 0.640107 0.768286
1652.300000000 -34.3013 14.694 0 0 0 0.396537 0.918019
1652.900000000 -34.2699 14.6505 0 0 0 0.108977 0.994044
1653.600000000 -34.247 14.4651 0 0 0 -0.231525 0.972829
1654.200000000 -34.295 14.384 0 0 0 -0.499842 0.866116
1654.800000000 -34.3819 14.2787 0 0 0 -0.710502 0.703695
1655.300000000 -34.4557 14.2547 0 0 0 -0.85001 0.526767
1656.100000000 -34.6336 14.3207 0 0 0 -0.980931 0.194356
1656.700000000 -34.6804 14.4305 0 0 0 0.996079 0.0884672
1657.200000000 -34.6474 14.5027 0 0 0 0.94454 0.328397
1657.800000000 -34.546 14.5727 0 0 0 0.808241 0.588851
1658.400000000 -34.4329 14.589 0 0 0 0.60076 0.799429
1659.100000000 -34.3308 14.51 0 0 0 0.295552 0.955327
1659.800000000 -34.2786 14.4054 0 0 0 -0.0455803 0.998961
1660.400000000 -34.312 14.2714 0 0 0 -0.334562 0.942374
1661.000000000 -34.3911 14.2122 0 0 0 -0.594298 0.804245
1661.800000000 -34.5475 14.2006 0 0 0 -0.857198 0.514987
1662.500000000 -34.6486 14.307 0 0 0 -0.980767 0.195182
1663.100000000 -34.6759 14.4247 0 0 0 0.995226 0.0975935
1663.800000000 -34.6242 14.5442 0 0 0 0.903332 0.428942
1664.300000000 -34.5277 14.5818 0 0 0 0.772362 0.635183
1665.000000000 -34.4075 14.5806 0 0 0 0.511418 0.859332
1665.600000000 -34.3189 14.4978 0 0 0 0.239438 0.970912
1666.300000000 -34.2859 14.3782 0 0 0 -0.10277 0.994705
1666.900000000 -34.3279 14.2577 0 0 0 -0.387769 0.921757
1667.600000000 -34.4272 14.2007 0 0 0 -0.677195 0.735803
1668.200000000 -34.5409 14.2095 0 0 0 -0.862085 0.506764
1668.800000000 -34.6455 14.2997 0 0 0 -0.972055 0.234752
1669.300000000 -34.6755 14.4015 0 0 0 0.999963 0.00857516
1670.100000000 -34.6518 14.5429 0 0 0 0.924608 0.380921
1670.800000000 -34.5325 14.6045 0 0 0 0.741791 0.670632
1671.500000000 -34.4028 14.5792 0 0 0 0.471784 0.881714
1672.100000000 -34.3294 14.4983 0 0 0 0.194849 0.980833
1672.700000000 -34.2946 14.3933 0 0 0 -0.100519 0.994935
1673.200000000 -34.3346 14.2839 0 0 0 -0.339625 0.940561
1673.900000000 -34.4295 14.2233 0 0 0 -0.637508 0.770443
1674.400000000 -34.5366 14.2016 0 0 0 -0.805962 0.591967
1676.500000000 -34.8776 13.2371 0 0 0 -0.771551 0.636168
1677.800000000 -34.8373 12.6282 0 0 0 -0.55596 0.831209
1678.600000000 -34.603 12.5528 0 0 0 -0.286288 0.958144
1679.700000000 -34.1708 12.5714 0 0 0 0.0464079 0.998923
1680.600000000 -33.9794 12.7459 0 0 0 0.361033 0.932553
1681.200000000 -34.0825 12.8097 0 0 0 0.62015 0.784483
1681.800000000 -34.1969 12.8011 0 0 0 0.824314 0.566132
1682.500000000 -34.3306 12.759 0 0 0 0.957996 0.286783
1684.000000000 -34.6482 13.2159 0 0 0 0.827121 0.562023
1685.600000000 -34.67 14.2888 0 0 0 0.696085 0.717959
1687.200000000 -34.4932 15.0886 0 0 0 0.432996 0.901396
1687.800000000 -34.4161 14.9895 0 0 0 0.152083 0.988368
1688.500000000 -34.4012 14.8592 0 0 0 -0.18839 0.982094
1689.100000000 -34.457 14.7522 0 0 0 -0.462124 0.886816
1689.700000000 -34.5539 14.7074 0 0 0 -0.69702 0.717052
1690.200000000 -34.6441 14.6994 0 0 0 -0.849017 0.528366
1690.900000000 -34.7473 14.7868 0 0 0 -0.977422 0.211295
1691.400000000 -34.778 14.9601 0 0 0 0.99919 0.0402431
1692.500000000 -34.666 15.0354 0 0 0 0.840215 0.542253
1693.100000000 -34.5559 15.0844 0 0 0 0.644777 0.764371
1693.800000000 -34.4527 15.035 0 0 0 0.347922 0.937524
1694.300000000 -34.3958 14.955 0 0 0 0.108658 0.994079
1695.000000000 -34.4006 14.812 0 0 0 -0.233099 0.972453
1695.600000000 -34.4714 14.7262 0 0 0 -0.506135 0.862454
1696.200000000 -34.5739 14.6938 0 0 0 -0.735265 0.67778
1697.900000000 -34.6531 13.6246 0 0 0 -0.693704 0.72026
1699.300000000 -34.6151 12.6504 0 0 0 -0.734934 0.678139
1701.000000000 -34.98 11.6501 0 0 0 -0.781563 0.623827
1701.700000000 -34.8518 11.6813 0 0 0 -0.519161 0.854676
1702.300000000 -34.7668 11.7834 0 0 0 -0.243347 0.969939
1702.900000000 -34.7449 11.8969 0 0 0 0.0541667 0.998532
1703.300000000 -34.7833 12.0005 0 0 0 0.251098 0.967962
1705.800000000 -34.071 12.9537 0 0 0 0.617811 0.786327
1707.500000000 -34.0629 13.7915 0 0 0 0.862595 0.505894
1708.100000000 -34.153 13.7215 0 0 0 0.969449 0.245293
1708.700000000 -34.1578 13.6685 0 0 0 -0.998999 0.0447392
1709.200000000 -34.1216 13.5359 0 0 0 -0.956987 0.290132
1709.800000000 -34.0222 13.4603 0 0 0 -0.828585 0.559863
1711.600000000 -33.9217 12.4304 0 0 0 -0.68339 0.730054
1713.500000000 -33.9345 11.4439 0 0 0 -0.7013 0.712866
1715.100000000 -34.0619 11.1501 0 0 0 -0.875105 0.483934
1716.000000000 -34.2217 11.2679 0 0 0 -0.981971 0.189032
1716.700000000 -34.1421 11.349 0 0 0 0.996288 0.0860872
1717.600000000 -34.0411 11.4334 0 0 0 0.900372 0.435121
1718.400000000 -33.886 11.4746 0 0 0 0.717822 0.696226
1719.500000000 -33.6747 11.7661 0 0 0 0.496286 0.868159
1720.600000000 -33.4337 11.9486 0 0 0 0.231082 0.972934
1721.500000000 -33.3084 11.8293 0 0 0 -0.0639738 0.997952
1722.300000000 -33.2759 11.7212 0 0 0 -0.324992 0.945717
1723.600000000 -32.9181 11.0266 0 0 0 -0.54413 0.839001
1725.000000000 -32.6336 10.0469 0 0 0 -0.591038 0.806643
1726.300000000 -32.2977 9.15083 0 0 0 -0.560357 0.828251
1727.500000000 -32.0424 8.84411 0 0 0 -0.225981 0.974132
1728.100000000 -32.007 8.97954 0 0 0 0.0711458 0.997466
1728.800000000 -32.0176 9.08753 0 0 0 0.398482 0.917176
1729.400000000 -32.1412 9.21535 0 0 0 0.637536 0.770421
1730.000000000 -32.2535 9.24468 0 0 0 0.827143 0.561991
1730.700000000 -32.3922 9.20629 0 0 0 0.962015 0.272997
1732.100000000 -33.2431 9.72932 0 0 0 0.93998 0.341229
1732.900000000 -33.2803 9.97697 0 0 0 0.806652 0.591027
1733.800000000 -33.1277 10.1556 0 0 0 0.55114 0.834413
1734.600000000 -32.9242 10.2046 0 0 0 0.279569 0.960126
1736.000000000 -32.0164 10.6437 0 0 0 0.207184 0.978302
1737.000000000 -31.7871 10.5624 0 0 0 -0.0956339 0.995417
1737.600000000 -31.8733 10.5545 0 0 0 -0.343808 0.93904
1738.400000000 -31.9931 10.4594 0 0 0 -0.648378 0.761319
1739.100000000 -32.1384 10.4664 0 0 0 -0.861698 0.507421
1739.700000000 -32.2298 10.537 0 0 0 -0.96962 0.244617
1740.200000000 -32.2798 10.6712 0 0 0 -0.999743 0.0226642
1741.800000000 -33.4893 10.6087 0 0 0 -0.994784 0.102008
1742.800000000 -33.9182 10.5179 0 0 0 -0.926784 0.375595
1743.600000000 -33.76 10.4061 0 0 0 -0.75529 0.655391
1744.300000000 -33.698 10.3951 0 0 0 -0.547795 0.836613
1745.300000000 -32.9659 9.72561 0 0 0 -0.387939 0.921685
1746.900000000 -32.2176 9.36189 0 0 0 -0.0565202 0.998401
1747.600000000 -32.1842 9.52775 0 0 0 0.260221 0.965549
1748.200000000 -32.2619 9.60649 0 0 0 0.513605 0.858026
1748.800000000 -32.404 9.64601 0 0 0 0.739005 0.6737
1749.400000000 -32.7262 9.54163 0 0 0 0.917381 0.39801
1750.300000000 -32.6184 9.41716 0 0 0 -0.999925 0.0122233
1751.900000000 -33.5615 9.1364 0 0 0 -0.992593 0.121485
1753.700000000 -34.3913 9.18687 0 0 0 0.984171 0.177221
1754.700000000 -34.4956 9.42022 0 0 0 0.909943 0.414734
1756.900000000 -35.1033 9.85148 0 0 0 0.99546 0.0951767
1757.900000000 -35.0487 9.68712 0 0 0 -0.953494 0.301413
1758.700000000 -35.0692 9.59982 0 0 0 -0.822832 0.568285
1760.500000000 -35.1349 8.60642 0 0 0 -0.674427 0.738341
1761.700000000 -34.9817 8.47726 0 0 0 -0.357012 0.9341
1762.500000000 -34.9282 8.64539 0 0 0 -0.0441886 0.999023
1763.100000000 -34.9425 8.6889 0 0 0 0.213019 0.977048
1763.900000000 -34.996 8.74896 0 0 0 0.5227 0.852517
1764.600000000 -35.1048 8.77457 0 0 0 0.755689 0.654931
1765.800000000 -35.4948 9.36732 0 0 0 0.886638 0.462464
1767.200000000 -35.9377 9.68622 0 0 0 0.980532 0.196361
1768.200000000 -35.9924 9.55661 0 0 0 -0.993983 0.109531
1769.600000000 -36.5301 9.13497 0 0 0 -0.928536 0.371243
1771.900000000 -37.2982 8.43705 0 0 0 -0.968384 0.249463
1772.700000000 -37.4401 8.47638 0 0 0 0.999995 0.00300291
1773.300000000 -37.3697 8.56708 0 0 0 0.968693 0.248262
1774.200000000 -37.3361 8.68769 0 0 0 0.81299 0.582277
1775.200000000 -37.2591 9.00616 0 0 0 0.627293 0.778783
1776.300000000 -37.0238 9.21731 0 0 0 0.37048 0.928841
1777.100000000 -36.9819 9.13474 0 0 0 0.122815 0.99243
1778.100000000 -36.9702 9.01055 0 0 0 -0.196884 0.980427
1778.700000000 -37.0232 8.92148 0 0 0 -0.421607 0.906779
1779.600000000 -37.1373 8.85798 0 0 0 -0.738516 0.674236
1780.200000000 -37.2057 8.87566 0 0 0 -0.888672 0.458542
