0.300000000 0.2 0 0 0 0 0 1
5.700000000 1.25298 -0.000320467 0 0 0 0.000245154 1
7.000000000 2.20535 0.0209576 0 0 0 0.0464894 0.998919
9.500000000 3.05467 0.199337 0 0 0 -0.263515 0.964655
10.000000000 2.97376 0.179192 0 0 0 -0.493193 0.86992
10.700000000 2.83895 0.170368 0 0 0 -0.761534 0.648125
11.300000000 2.74483 0.220235 0 0 0 -0.919275 0.393616
12.000000000 2.68478 0.256341 0 0 0 -0.998564 0.0535739
12.600000000 2.70692 0.382078 0 0 0 0.969806 0.243877
13.200000000 2.78779 0.46282 0 0 0 0.854137 0.520048
13.800000000 2.90142 0.489041 0 0 0 0.662421 0.749132
14.400000000 3.01003 0.438665 0 0 0 0.411304 0.911498
14.900000000 3.06144 0.355893 0 0 0 0.174182 0.984713
17.900000000 3.11577 0.194398 0 0 0 -0.1487 0.988882
18.500000000 3.05869 0.168735 0 0 0 -0.430045 0.902807
19.200000000 2.93445 0.152222 0 0 0 -0.709248 0.704959
19.800000000 2.8338 0.187596 0 0 0 -0.883906 0.467665
20.300000000 2.75917 0.194352 0 0 0 -0.971392 0.237484
21.000000000 2.72876 0.288327 0 0 0 0.994543 0.104325
21.600000000 2.77743 0.40501 0 0 0 0.920873 0.389862
22.100000000 2.85392 0.464058 0 0 0 0.797728 0.603018
22.800000000 2.9921 0.55978 0 0 0 0.582528 0.812811
23.600000000 3.22913 0.716609 0 0 0 0.352344 0.93587
25.300000000 3.76802 1.54538 0 0 0 0.563796 0.825914
26.800000000 3.80329 2.5629 0 0 0 0.733134 0.680084
28.200000000 3.67683 3.6088 0 0 0 0.742798 0.669516
29.500000000 3.62804 4.58361 0 0 0 0.716984 0.697089
30.800000000 3.64053 5.5585 0 0 0 0.699359 0.71477
32.100000000 3.66299 6.53103 0 0 0 0.684215 0.72928
33.500000000 3.74883 7.58255 0 0 0 0.680872 0.732402
34.900000000 3.95087 8.55521 0 0 0 0.590343 0.807153
36.300000000 4.49242 9.40212 0 0 0 0.434098 0.900865
37.600000000 5.20993 10.0704 0 0 0 0.338574 0.94094
39.000000000 6.12645 10.5665 0 0 0 0.190951 0.9816
40.400000000 7.13435 10.7604 0 0 0 0.0187308 0.999825
41.700000000 8.12179 10.6617 0 0 0 -0.0522263 0.998635
43.000000000 9.06161 10.6246 0 0 0 0.0187394 0.999824
44.400000000 9.95271 10.9241 0 0 0 0.187167 0.982328
45.800000000 10.911 11.2884 0 0 0 0.163723 0.986506
47.100000000 11.8931 11.5012 0 0 0 0.0629267 0.998018
48.500000000 12.8929 11.4947 0 0 0 -0.0409862 0.99916
49.400000000 13.1801 11.2993 0 0 0 -0.318415 0.947951
50.100000000 13.1095 11.2336 0 0 0 -0.621029 0.783788
50.700000000 12.9709 11.2316 0 0 0 -0.822298 0.569057
51.300000000 12.8811 11.2953 0 0 0 -0.952347 0.305018
52.000000000 12.7212 11.3695 0 0 0 -0.999603 0.0281632
52.800000000 12.503 11.5207 0 0 0 0.969512 0.245043
54.700000000 11.8473 12.3025 0 0 0 0.940089 0.34093
56.300000000 10.8357 12.6633 0 0 0 0.996107 0.0881525
58.000000000 9.79094 12.7792 0 0 0 0.990521 0.137361
59.600000000 8.98464 13.4099 0 0 0 0.912049 0.410082
60.300000000 8.95634 13.6245 0 0 0 0.783702 0.621137
62.100000000 9.18638 14.6793 0 0 0 0.64543 0.763819
63.400000000 9.30871 15.6415 0 0 0 0.667855 0.744292
64.800000000 9.38303 16.6916 0 0 0 0.686077 0.727529
66.200000000 9.47859 17.7405 0 0 0 0.660169 0.751117
67.800000000 9.87617 18.6327 0 0 0 0.443043 0.8965
68.900000000 10.3538 18.9645 0 0 0 0.19787 0.980228
70.200000000 11.1078 18.9084 0 0 0 -0.0859338 0.996301
71.500000000 11.9513 18.5448 0 0 0 -0.232054 0.972703
73.000000000 12.852 18.201 0 0 0 -0.144189 0.98955
76.500000000 13.8218 18.1472 0 0 0 0.00755036 0.999971
78.700000000 14.7963 18.1967 0 0 0 0.0246435 0.999696
80.200000000 15.8908 18.269 0 0 0 0.031583 0.999501
82.000000000 16.8889 18.3346 0 0 0 0.0449936 0.998987
83.300000000 17.8791 18.5243 0 0 0 0.13215 0.99123
84.500000000 18.7761 18.7048 0 0 0 0.0872631 0.996185
86.000000000 19.7463 18.5628 0 0 0 -0.154271 0.988029
87.400000000 20.7062 18.1588 0 0 0 -0.200573 0.979679
88.600000000 21.572 17.9334 0 0 0 -0.0752532 0.997164
89.900000000 22.5446 17.9128 0 0 0 0.0141707 0.9999
91.500000000 23.5243 17.9154 0 0 0 -0.134436 0.990922
93.000000000 24.3333 17.3099 0 0 0 -0.358474 0.93354
94.400000000 25.0647 16.5481 0 0 0 -0.391786 0.920056
95.600000000 25.6877 15.9045 0 0 0 -0.388835 0.921308
97.000000000 26.3925 15.1127 0 0 0 -0.446023 0.895022
98.300000000 26.7704 14.2722 0 0 0 -0.59493 0.803777
99.700000000 26.7851 13.3017 0 0 0 -0.75097 0.660337
101.300000000 26.2875 12.4236 0 0 0 -0.909382 0.415962
102.800000000 25.4328 11.9364 0 0 0 -0.984398 0.175958
103.800000000 25.0347 11.9957 0 0 0 0.992143 0.125106
104.400000000 25.0432 12.0654 0 0 0 0.912176 0.409799
105.000000000 25.1751 12.1239 0 0 0 0.75333 0.657642
105.600000000 25.3349 12.1465 0 0 0 0.540979 0.841036
106.600000000 25.6926 12.4835 0 0 0 0.319133 0.94771
108.000000000 26.5993 13.0339 0 0 0 0.269664 0.962954
109.300000000 27.3449 13.6406 0 0 0 0.362437 0.932008
110.600000000 28.0359 14.3452 0 0 0 0.396658 0.917967
111.900000000 28.7179 15.0415 0 0 0 0.381429 0.924398
113.300000000 29.4648 15.7768 0 0 0 0.382901 0.923789
114.700000000 30.2044 16.5237 0 0 0 0.384361 0.923183
115.900000000 30.8366 17.1571 0 0 0 0.381552 0.924347
117.200000000 31.5341 17.8303 0 0 0 0.371774 0.928323
118.600000000 32.3112 18.5437 0 0 0 0.360544 0.932742
119.900000000 33.0192 19.2249 0 0 0 0.373666 0.927563
121.200000000 33.7111 19.9123 0 0 0 0.385577 0.922676
122.500000000 34.3939 20.6087 0 0 0 0.390649 0.92054
123.800000000 35.0845 21.3073 0 0 0 0.384321 0.9232
125.000000000 35.7173 21.9443 0 0 0 0.384413 0.923161
126.400000000 36.4565 22.6877 0 0 0 0.384509 0.923121
127.700000000 37.1272 23.4055 0 0 0 0.402814 0.915282
129.000000000 37.6389 24.2235 0 0 0 0.533443 0.845836
130.500000000 37.8342 25.2832 0 0 0 0.697029 0.717043
131.900000000 37.6934 26.3175 0 0 0 0.76545 0.643496
133.100000000 37.5673 27.2097 0 0 0 0.740028 0.672576
134.800000000 37.7956 28.2081 0 0 0 0.512513 0.85868
136.200000000 38.4749 28.8727 0 0 0 0.351787 0.93608
137.600000000 39.3179 29.5013 0 0 0 0.288703 0.957419
138.900000000 40.1665 29.9328 0 0 0 0.259087 0.965854
139.600000000 40.1367 30.0489 0 0 0 0.54377 0.839235
140.100000000 40.0394 30.0633 0 0 0 0.734084 0.679058
140.800000000 39.8945 30.0685 0 0 0 0.909741 0.415176
141.600000000 39.6715 30.0778 0 0 0 0.992582 0.121578
143.000000000 38.7503 29.9661 0 0 0 -0.996822 0.0796597
144.400000000 37.7172 29.8239 0 0 0 -0.998135 0.0610518
145.700000000 36.7387 29.7576 0 0 0 -0.999995 0.0031741
147.100000000 35.6856 29.8034 0 0 0 0.99967 0.0256931
148.400000000 34.7138 29.8451 0 0 0 0.999857 0.016894
149.600000000 33.8103 29.8605 0 0 0 1 0.000497009
151.100000000 32.8219 29.8157 0 0 0 -0.99615 0.0876691
151.700000000 32.8488 29.7073 0 0 0 -0.930875 0.365338
152.400000000 32.9177 29.5839 0 0 0 -0.767965 0.640492
153.100000000 33.041 29.4117 0 0 0 -0.58654 0.80992
154.700000000 33.5767 28.5801 0 0 0 -0.537992 0.84295
155.900000000 33.5705 27.943 0 0 0 -0.746904 0.664932
157.300000000 33.2483 27.1682 0 0 0 -0.895769 0.444519
158.800000000 32.38 26.6422 0 0 0 -0.978249 0.207434
160.200000000 31.3852 26.4434 0 0 0 -0.998944 0.0459528
161.500000000 30.4285 26.532 0 0 0 0.996148 0.0876823
162.800000000 29.5353 26.8823 0 0 0 0.97872 0.205199
164.300000000 28.5923 26.9414 0 0 0 -0.997769 0.0667626
165.700000000 27.6262 26.642 0 0 0 -0.986921 0.161207
167.200000000 26.6524 26.4072 0 0 0 -0.997028 0.0770377
168.400000000 26.1136 26.483 0 0 0 0.977505 0.210911
169.100000000 26.1993 26.5889 0 0 0 0.848837 0.528655
169.800000000 26.3124 26.7052 0 0 0 0.656048 0.754719
170.900000000 26.6613 27.1251 0 0 0 0.416932 0.908938
172.300000000 27.4154 27.7693 0 0 0 0.376087 0.926584
173.500000000 27.93 28.4754 0 0 0 0.488926 0.872325
174.500000000 27.9933 28.8372 0 0 0 0.733518 0.67967
175.000000000 27.8935 28.804 0 0 0 0.878563 0.477627
175.600000000 27.8044 28.7225 0 0 0 0.978982 0.203945
176.400000000 27.6745 28.5775 0 0 0 -0.99173 0.128338
177.400000000 27.2529 28.2733 0 0 0 -0.938429 0.345472
178.700000000 26.6035 27.5542 0 0 0 -0.911122 0.412136
180.100000000 25.8121 26.8697 0 0 0 -0.951941 0.306281
181.400000000 24.9761 26.571 0 0 0 -0.99379 0.111269
182.700000000 24.0164 26.5724 0 0 0 0.999059 0.0433802
184.100000000 22.9718 26.7135 0 0 0 0.997956 0.063909
185.800000000 22.033 26.7774 0 0 0 0.999924 0.0123124
188.700000000 21.0727 26.761 0 0 0 -0.999817 0.0191194
192.500000000 20.0987 26.7266 0 0 0 -0.999912 0.0132713
195.500000000 19.1464 26.7062 0 0 0 -0.999996 0.00285869
198.500000000 18.1694 26.7003 0 0 0 -0.999996 0.00284957
201.600000000 17.1697 26.6944 0 0 0 -0.999996 0.00283925
204.600000000 16.242 26.6879 0 0 0 -0.999998 0.00199668
207.200000000 15.1895 26.7429 0 0 0 0.998793 0.0491227
208.500000000 14.275 26.9491 0 0 0 0.982765 0.184858
209.800000000 13.8122 27.4675 0 0 0 0.885779 0.464107
210.900000000 13.6613 28.0596 0 0 0 0.746789 0.665061
212.300000000 13.9166 28.8502 0 0 0 0.528593 0.848875
213.700000000 14.5804 29.634 0 0 0 0.365429 0.930839
214.500000000 14.7888 29.6702 0 0 0 0.0742044 0.997243
215.100000000 14.7815 29.5533 0 0 0 -0.217551 0.976049
215.600000000 14.7207 29.4707 0 0 0 -0.449138 0.893462
216.300000000 14.6045 29.4214 0 0 0 -0.724564 0.689207
217.300000000 14.3476 29.0482 0 0 0 -0.887817 0.460198
218.800000000 13.5634 28.3218 0 0 0 -0.932746 0.360533
220.100000000 12.8591 27.6456 0 0 0 -0.926229 0.376962
221.500000000 12.0233 27.0018 0 0 0 -0.960476 0.278361
222.900000000 11.1175 26.6875 0 0 0 -0.993147 0.116873
225.100000000 10.1824 26.6139 0 0 0 -0.999967 0.00812668
227.500000000 9.22037 26.6415 0 0 0 0.999815 0.0192132
228.900000000 8.17228 26.6961 0 0 0 0.999654 0.0262902
230.200000000 7.21073 26.7298 0 0 0 0.999562 0.0295864
231.500000000 6.23154 26.8049 0 0 0 0.999394 0.0348193
232.900000000 5.19322 26.8949 0 0 0 0.997289 0.0735806
234.300000000 4.34469 27.3069 0 0 0 0.954997 0.296615
235.700000000 3.63041 28.0524 0 0 0 0.894969 0.446128
236.900000000 3.25664 28.8686 0 0 0 0.82817 0.560476
238.400000000 3.1503 29.7622 0 0 0 0.636996 0.770867
239.200000000 3.33969 29.8811 0 0 0 0.379383 0.92524
239.900000000 3.54471 29.8772 0 0 0 0.128058 0.991767
240.500000000 3.54755 29.7884 0 0 0 -0.167134 0.985934
241.000000000 3.50597 29.6879 0 0 0 -0.401091 0.916038
241.600000000 3.42586 29.5822 0 0 0 -0.632428 0.774619
242.300000000 3.30427 29.4131 0 0 0 -0.810794 0.585331
243.700000000 2.70526 28.8244 0 0 0 -0.936627 0.350329
245.000000000 1.97611 28.1828 0 0 0 -0.930919 0.365226
246.400000000 1.24379 27.4282 0 0 0 -0.919581 0.392901
247.700000000 0.559938 26.7325 0 0 0 -0.923197 0.384326
249.100000000 -0.180007 25.9949 0 0 0 -0.925261 0.379331
250.300000000 -0.831195 25.3674 0 0 0 -0.925156 0.379588
251.600000000 -1.56746 24.7299 0 0 0 -0.943902 0.330226
252.700000000 -1.94693 24.5888 0 0 0 -0.999972 0.00751995
253.300000000 -1.93316 24.7139 0 0 0 0.958859 0.283883
253.900000000 -1.82972 24.7966 0 0 0 0.834688 0.550723
254.500000000 -1.69475 24.8261 0 0 0 0.639268 0.768984
255.200000000 -1.58681 24.7607 0 0 0 0.342214 0.939622
255.800000000 -1.44654 24.6657 0 0 0 0.0874461 0.996169
256.500000000 -1.29583 24.5573 0 0 0 -0.184423 0.982847
257.700000000 -0.828158 24.091 0 0 0 -0.417642 0.908612
259.100000000 -0.321732 23.1792 0 0 0 -0.527499 0.849556
260.400000000 0.018612 22.2692 0 0 0 -0.602695 0.797972
261.700000000 0.281046 21.34 0 0 0 -0.582531 0.812809
263.000000000 0.760087 20.5459 0 0 0 -0.429869 0.902891
263.700000000 0.915685 20.572 0 0 0 -0.148119 0.988969
264.400000000 0.989017 20.6877 0 0 0 0.159497 0.987198
265.100000000 0.967031 20.8269 0 0 0 0.457684 0.889115
265.600000000 0.875893 20.8658 0 0 0 0.662371 0.749176
266.200000000 0.769603 20.8452 0 0 0 0.855065 0.518521
266.900000000 0.644472 20.7927 0 0 0 0.97703 0.213104
267.400000000 0.591178 20.6954 0 0 0 -0.999952 0.00983526
268.600000000 -0.00430068 20.3741 0 0 0 -0.962674 0.270663
270.000000000 -0.946734 19.9267 0 0 0 -0.986403 0.164345
271.500000000 -1.8928 19.8732 0 0 0 0.994263 0.106959
273.000000000 -2.63638 20.3804 0 0 0 0.955615 0.294619
274.400000000 -3.64988 20.7553 0 0 0 0.992615 0.12131
275.700000000 -4.60339 20.8 0 0 0 -0.999925 0.0122521
277.000000000 -5.58293 20.7359 0 0 0 -0.999799 0.0200626
278.900000000 -6.46871 20.6023 0 0 0 -0.939035 0.343822
279.500000000 -6.36549 20.5474 0 0 0 -0.795565 0.605868
280.400000000 -6.29147 20.0759 0 0 0 -0.650666 0.759364
281.800000000 -6.05621 19.0848 0 0 0 -0.637763 0.770233
283.200000000 -6.00658 18.1648 0 0 0 -0.708439 0.705772
284.600000000 -6.16255 17.7054 0 0 0 -0.904014 0.427502
285.200000000 -6.24223 17.8373 0 0 0 -0.989353 0.145534
286.000000000 -6.44429 17.9531 0 0 0 0.988778 0.149393
287.300000000 -7.05116 18.497 0 0 0 0.92249 0.38602
288.600000000 -7.67278 19.2532 0 0 0 0.899343 0.437243
289.900000000 -8.1431 20.1058 0 0 0 0.839617 0.543179
291.200000000 -8.35554 21.0529 0 0 0 0.745143 0.666905
292.500000000 -8.28477 22.0207 0 0 0 0.652289 0.757971
293.900000000 -8.21805 23.0687 0 0 0 0.681673 0.731657
295.200000000 -8.16283 24.0426 0 0 0 0.711938 0.702243
296.700000000 -8.31655 25.0104 0 0 0 0.825513 0.564383
298.300000000 -9.10681 25.8155 0 0 0 0.928097 0.372339
299.600000000 -9.83183 26.4514 0 0 0 0.943005 0.332777
300.900000000 -10.6665 26.9364 0 0 0 0.979937 0.199309
302.300000000 -11.69 27.1067 0 0 0 0.999699 0.0245397
303.700000000 -12.7374 26.9915 0 0 0 -0.996949 0.0780583
305.000000000 -13.6493 26.8609 0 0 0 -0.998792 0.0491473
306.300000000 -14.6533 26.852 0 0 0 0.999988 0.00491409
307.700000000 -15.6367 27.0471 0 0 0 0.979731 0.200317
309.000000000 -16.3916 27.6106 0 0 0 0.937263 0.348624
310.400000000 -17.1298 28.3506 0 0 0 0.920276 0.391269
311.700000000 -17.8185 29.051 0 0 0 0.923368 0.383917
313.100000000 -18.5649 29.7838 0 0 0 0.925725 0.378198
314.900000000 -19.3163 30.2781 0 0 0 0.997103 0.0760647
315.600000000 -19.4432 30.2017 0 0 0 -0.978325 0.207074
317.100000000 -20.1577 29.4542 0 0 0 -0.918618 0.395146
318.400000000 -20.7771 28.7715 0 0 0 -0.901964 0.431811
319.700000000 -21.3627 27.9936 0 0 0 -0.892577 0.450895
321.100000000 -21.9517 27.1083 0 0 0 -0.877601 0.479391
322.500000000 -22.6118 26.3672 0 0 0 -0.940895 0.338697
323.600000000 -23.1142 26.1678 0 0 0 -0.997603 0.0691988
324.300000000 -23.085 26.2858 0 0 0 0.961937 0.273271
324.900000000 -23.0138 26.3703 0 0 0 0.840724 0.541463
325.500000000 -22.9096 26.395 0 0 0 0.646675 0.762765
326.100000000 -22.7908 26.342 0 0 0 0.398239 0.917282
326.700000000 -22.6907 26.2364 0 0 0 0.125844 0.99205
327.500000000 -22.6779 26.2269 0 0 0 -0.224638 0.974442
328.700000000 -22.1249 25.606 0 0 0 -0.44306 0.896492
330.400000000 -21.7386 24.6769 0 0 0 -0.647312 0.762225
332.200000000 -21.8615 23.7241 0 0 0 -0.728311 0.685247
333.500000000 -21.9775 22.7586 0 0 0 -0.755471 0.655182
334.900000000 -22.0678 21.72 0 0 0 -0.727791 0.685799
336.400000000 -22.4128 20.7616 0 0 0 -0.868166 0.496274
337.500000000 -22.7479 20.5231 0 0 0 -0.983648 0.180103
338.100000000 -22.7656 20.6393 0 0 0 0.993484 0.113974
338.700000000 -22.7126 20.7394 0 0 0 0.916443 0.400164
339.400000000 -22.592 20.8093 0 0 0 0.727605 0.685996
339.900000000 -22.4771 20.8115 0 0 0 0.538203 0.842815
340.600000000 -22.3626 20.7696 0 0 0 0.233483 0.972361
342.200000000 -21.4623 20.8718 0 0 0 -0.0296711 0.99956
343.500000000 -20.3476 20.6575 0 0 0 -0.0916324 0.995793
344.800000000 -19.3809 20.6049 0 0 0 -0.0162996 0.999867
346.100000000 -18.3974 20.6156 0 0 0 0.0133596 0.999911
347.500000000 -17.3453 20.6451 0 0 0 0.0133596 0.999911
348.900000000 -16.3019 20.6689 0 0 0 0.0070275 0.999975
350.200000000 -15.3421 20.6328 0 0 0 -0.0445585 0.999007
350.900000000 -15.3172 20.5132 0 0 0 -0.350838 0.936436
351.600000000 -15.4302 20.438 0 0 0 -0.646544 0.762877
352.300000000 -15.5687 20.4043 0 0 0 -0.866048 0.499961
352.900000000 -15.6699 20.4398 0 0 0 -0.96954 0.244931
353.500000000 -15.7168 20.5913 0 0 0 0.999972 0.0074607
354.900000000 -16.7334 20.8607 0 0 0 0.979864 0.199664
356.100000000 -17.4229 21.3971 0 0 0 0.943971 0.330028
357.500000000 -18.1596 22.127 0 0 0 0.916301 0.400491
358.800000000 -18.896 22.8096 0 0 0 0.921864 0.387512
360.100000000 -19.5836 23.4957 0 0 0 0.923575 0.383417
361.400000000 -20.2767 24.1915 0 0 0 0.923574 0.38342
362.700000000 -20.9915 24.8578 0 0 0 0.937624 0.347652
364.000000000 -21.787 25.426 0 0 0 0.959311 0.282352
365.400000000 -22.7171 25.8909 0 0 0 0.979388 0.201987
366.800000000 -23.7138 26.1964 0 0 0 0.992006 0.126193
368.100000000 -24.6834 26.3688 0 0 0 0.997865 0.0653157
369.500000000 -25.7263 26.4117 0 0 0 -1 0.000234712
370.900000000 -26.7789 26.3951 0 0 0 -0.999987 0.00509562
372.300000000 -27.8321 26.3981 0 0 0 0.999964 0.00851935
373.500000000 -28.7241 26.4209 0 0 0 0.999572 0.0292398
374.900000000 -29.6755 26.6323 0 0 0 0.982161 0.188045
376.400000000 -30.4509 27.3086 0 0 0 0.920262 0.391302
377.700000000 -30.7321 27.8584 0 0 0 0.744977 0.66709
378.300000000 -30.6343 27.9826 0 0 0 0.571386 0.820682
379.900000000 -29.8937 28.7196 0 0 0 0.371119 0.928585
381.200000000 -29.1959 29.3252 0 0 0 0.295945 0.955205
381.800000000 -29.1361 29.2308 0 0 0 0.0165601 0.999863
382.400000000 -29.1472 29.1254 0 0 0 -0.273537 0.961862
383.000000000 -29.2286 29.0509 0 0 0 -0.54167 0.840591
383.600000000 -29.3332 28.9961 0 0 0 -0.75493 0.655806
384.300000000 -29.4841 28.8258 0 0 0 -0.892193 0.451655
385.900000000 -30.3861 28.3501 0 0 0 -0.963044 0.269344
387.300000000 -31.1552 27.6658 0 0 0 -0.918723 0.394902
388.500000000 -31.7833 26.9812 0 0 0 -0.920105 0.391671
389.900000000 -32.5129 26.235 0 0 0 -0.92214 0.386857
391.100000000 -33.092 25.5418 0 0 0 -0.894568 0.446932
392.400000000 -33.5875 24.7129 0 0 0 -0.857203 0.514979
393.800000000 -33.9606 23.7401 0 0 0 -0.811375 0.584526
395.100000000 -34.1937 22.7849 0 0 0 -0.76715 0.641468
396.700000000 -34.2685 21.8235 0 0 0 -0.718216 0.69582
399.200000000 -34.253 20.8478 0 0 0 -0.701537 0.712633
400.600000000 -34.4483 19.8535 0 0 0 -0.814448 0.580237
402.200000000 -35.1148 19.0439 0 0 0 -0.940807 0.338943
403.700000000 -36.0787 18.6766 0 0 0 -0.994307 0.106554
405.000000000 -37.0115 18.7054 0 0 0 0.9979 0.0647804
406.300000000 -37.6165 19.1032 0 0 0 0.938054 0.346489
407.800000000 -38.1043 19.9633 0 0 0 0.821769 0.569821
409.200000000 -38.2213 20.9087 0 0 0 0.71391 0.700237
410.000000000 -38.0854 21.0839 0 0 0 0.44042 0.897792
410.600000000 -37.9997 21.0043 0 0 0 0.165222 0.986256
411.200000000 -37.9087 20.9252 0 0 0 -0.0887303 0.996056
412.500000000 -37.3404 20.4328 0 0 0 -0.367136 0.930167
413.900000000 -36.6168 19.6655 0 0 0 -0.395787 0.918342
415.400000000 -35.9816 19.0208 0 0 0 -0.379641 0.925134
418.800000000 -35.2064 18.2387 0 0 0 -0.39522 0.918586
420.200000000 -34.5766 17.3923 0 0 0 -0.487183 0.8733
421.600000000 -34.2326 16.512 0 0 0 -0.609783 0.792568
424.300000000 -34.1643 15.519 0 0 0 -0.70212 0.712058
426.200000000 -34.2312 14.4902 0 0 0 -0.739868 0.672752
427.400000000 -34.3048 13.5776 0 0 0 -0.760848 0.64893
428.800000000 -34.3806 12.5056 0 0 0 -0.7627 0.646753
430.100000000 -34.7728 11.6931 0 0 0 -0.866638 0.498937
431.600000000 -35.5236 10.894 0 0 0 -0.931276 0.364314
433.000000000 -36.2937 10.1855 0 0 0 -0.931266 0.364341
433.900000000 -36.5514 10.1445 0 0 0 -0.998582 0.0532345
434.700000000 -36.6853 10.3483 0 0 0 0.966016 0.258483
436.000000000 -37.333 10.955 0 0 0 0.918342 0.395788
437.400000000 -38.0147 11.7562 0 0 0 0.900724 0.434391
438.800000000 -38.3404 12.3684 0 0 0 0.743072 0.669212
439.500000000 -38.2061 12.3468 0 0 0 0.47344 0.880826
440.200000000 -38.1135 12.2521 0 0 0 0.148444 0.988921
440.800000000 -37.979 12.1475 0 0 0 -0.0762117 0.997092
442.000000000 -37.4765 11.7526 0 0 0 -0.355309 0.934749
443.300000000 -36.9825 10.9837 0 0 0 -0.52025 0.854014
444.700000000 -36.6196 10.0306 0 0 0 -0.531271 0.847202
446.100000000 -35.9112 9.25776 0 0 0 -0.3836 0.923499
447.400000000 -35.2526 8.63464 0 0 0 -0.362008 0.932175
448.800000000 -34.6427 7.78606 0 0 0 -0.505795 0.862654
450.200000000 -34.2865 6.78765 0 0 0 -0.625438 0.780274
451.400000000 -34.1856 5.89649 0 0 0 -0.688986 0.724774
452.800000000 -34.2152 4.84317 0 0 0 -0.725502 0.68822
454.100000000 -34.285 3.87535 0 0 0 -0.739746 0.672886
455.500000000 -34.3807 2.82795 0 0 0 -0.739745 0.672888
457.400000000 -34.5904 1.94244 0 0 0 -0.911279 0.41179
458.000000000 -34.6957 2.00619 0 0 0 -0.98872 0.149774
458.600000000 -34.7167 2.14709 0 0 0 0.990456 0.13783
459.300000000 -34.6268 2.24424 0 0 0 0.886493 0.462741
460.000000000 -34.5661 2.40507 0 0 0 0.722201 0.691683
460.800000000 -34.4113 2.64097 0 0 0 0.513852 0.857879
462.400000000 -33.629 3.40517 0 0 0 0.345165 0.938542
463.700000000 -32.9714 4.0025 0 0 0 0.378574 0.925571
465.300000000 -32.1998 4.80665 0 0 0 0.386376 0.922341
466.600000000 -31.5187 5.49447 0 0 0 0.385055 0.922894
467.900000000 -30.8382 6.1929 0 0 0 0.385158 0.922851
469.100000000 -30.2076 6.83153 0 0 0 0.385366 0.922764
470.500000000 -29.4676 7.58102 0 0 0 0.3856 0.922666
471.700000000 -28.7899 8.17849 0 0 0 0.333244 0.942841
473.100000000 -27.8754 8.67212 0 0 0 0.178868 0.983873
474.500000000 -26.8764 8.77926 0 0 0 -0.0139154 0.999903
475.900000000 -25.8709 8.59477 0 0 0 -0.115776 0.993275
477.100000000 -24.9311 8.46106 0 0 0 -0.0675671 0.997715
478.900000000 -23.9452 8.44894 0 0 0 0.0196342 0.999807
481.800000000 -22.987 8.49935 0 0 0 0.037272 0.999305
485.600000000 -22.0111 8.57216 0 0 0 0.0274175 0.999624
489.200000000 -21.0506 8.60967 0 0 0 0.00989099 0.999951
492.100000000 -20.0571 8.62062 0 0 0 0.00404506 0.999992
494.000000000 -19.0184 8.62977 0 0 0 0.00411185 0.999992
496.900000000 -18.0405 8.63803 0 0 0 0.00412318 0.999991
500.300000000 -17.0622 8.64624 0 0 0 0.00419312 0.999991
503.300000000 -16.0793 8.65465 0 0 0 0.00416983 0.999991
506.200000000 -15.0527 8.66368 0 0 0 0.00417978 0.999991
507.900000000 -14.1099 8.67213 0 0 0 0.00420229 0.999991
510.000000000 -13.1503 8.68055 0 0 0 0.00420793 0.999991
512.800000000 -12.0169 8.75655 0 0 0 -0.0489567 0.998801
514.200000000 -11.1786 8.32564 0 0 0 -0.250313 0.968165
515.700000000 -10.3785 7.59037 0 0 0 -0.38679 0.922168
517.000000000 -9.68596 6.91574 0 0 0 -0.384547 0.923105
518.300000000 -9.00091 6.17561 0 0 0 -0.342175 0.939636
519.700000000 -8.18589 6.01492 0 0 0 -0.0639858 0.997951
521.300000000 -7.15591 6.19974 0 0 0 0.0733588 0.997306
522.700000000 -6.50714 6.13184 0 0 0 -0.238158 0.971226
523.300000000 -6.59646 6.03787 0 0 0 -0.509455 0.860497
524.100000000 -6.68458 5.84183 0 0 0 -0.750685 0.66066
525.000000000 -6.93067 5.48934 0 0 0 -0.887484 0.460839
526.500000000 -7.72902 4.77318 0 0 0 -0.938329 0.345744
527.800000000 -8.42873 4.09742 0 0 0 -0.921058 0.389425
529.000000000 -8.62392 3.56261 0 0 0 -0.755422 0.655239
529.900000000 -8.47222 3.21809 0 0 0 -0.57212 0.82017
531.300000000 -7.95438 2.3315 0 0 0 -0.494202 0.869347
532.600000000 -7.58486 1.43877 0 0 0 -0.605125 0.796131
534.200000000 -7.59243 0.531679 0 0 0 -0.765908 0.64295
534.900000000 -7.69103 0.543844 0 0 0 -0.938299 0.345825
535.400000000 -7.73698 0.683352 0 0 0 -0.994321 0.106422
536.100000000 -7.73717 0.821139 0 0 0 0.971902 0.235387
536.700000000 -7.69185 0.939506 0 0 0 0.870828 0.491587
537.500000000 -7.61901 1.15447 0 0 0 0.683036 0.730385
539.100000000 -7.19728 2.13909 0 0 0 0.526824 0.849974
540.400000000 -6.80702 3.03264 0 0 0 0.583177 0.812345
542.000000000 -6.75772 4.08898 0 0 0 0.722461 0.691411
544.400000000 -6.85206 4.99407 0 0 0 0.747028 0.664793
548.800000000 -6.93891 5.97874 0 0 0 0.736713 0.676206
550.800000000 -6.97829 6.96123 0 0 0 0.715788 0.698318
552.500000000 -6.93719 8.00011 0 0 0 0.655623 0.755088
554.000000000 -6.46635 8.81572 0 0 0 0.427545 0.903994
555.500000000 -5.60264 9.33713 0 0 0 0.191524 0.981488
557.100000000 -4.49959 9.53258 0 0 0 0.0225985 0.999745
558.400000000 -3.55418 9.43803 0 0 0 -0.060441 0.998172
559.800000000 -2.51965 9.25516 0 0 0 -0.0987201 0.995115
561.100000000 -1.56361 9.06283 0 0 0 -0.0830772 0.996543
562.700000000 -0.469856 8.98505 0 0 0 -0.0394673 0.999221
564.000000000 0.410063 8.68882 0 0 0 -0.187902 0.982188
565.000000000 0.70348 8.37855 0 0 0 -0.458731 0.888575
565.700000000 0.698029 8.17725 0 0 0 -0.65967 0.751556
567.200000000 0.537532 7.1006 0 0 0 -0.804906 0.593403
568.500000000 0.137766 6.19721 0 0 0 -0.831956 0.554841
569.800000000 -0.0592476 5.28379 0 0 0 -0.756671 0.653796
571.900000000 -0.0450233 4.32478 0 0 0 -0.680882 0.732393
576.200000000 0.0420257 3.37211 0 0 0 -0.678393 0.734699
581.100000000 0.0976329 2.3999 0 0 0 -0.689847 0.723955
585.800000000 0.124725 1.4711 0 0 0 -0.700167 0.713979
590.800000000 0.143183 0.475575 0 0 0 -0.703306 0.710887
595.600000000 0.151019 -0.485519 0 0 0 -0.702464 0.711719
600.600000000 0.162829 -1.46656 0 0 0 -0.702701 0.711485
605.500000000 0.174769 -2.42989 0 0 0 -0.70281 0.711378
610.400000000 0.184623 -3.40645 0 0 0 -0.702712 0.711474
614.500000000 0.153527 -4.39208 0 0 0 -0.72956 0.683917
615.900000000 0.0395916 -5.44124 0 0 0 -0.74551 0.666495
617.200000000 -0.0262752 -6.41656 0 0 0 -0.72639 0.687282
618.500000000 -0.0556922 -7.4021 0 0 0 -0.706803 0.707411
619.700000000 -0.0438997 -8.3083 0 0 0 -0.706628 0.707586
621.200000000 -0.173768 -9.38026 0 0 0 -0.794643 0.607077
622.700000000 -0.727161 -10.2364 0 0 0 -0.914943 0.403583
623.800000000 -1.19618 -10.4836 0 0 0 -0.99173 0.128339
624.500000000 -1.26738 -10.3531 0 0 0 0.982752 0.184926
625.200000000 -1.29479 -10.1723 0 0 0 0.89788 0.440241
625.900000000 -1.28652 -9.97011 0 0 0 0.750581 0.660779
626.500000000 -1.21102 -9.8728 0 0 0 0.576737 0.81693
627.300000000 -0.974528 -9.77423 0 0 0 0.307096 0.951679
628.800000000 -0.100813 -9.39646 0 0 0 0.214299 0.976768
630.300000000 0.774729 -8.74638 0 0 0 0.379843 0.925051
631.500000000 1.30791 -8.02323 0 0 0 0.451717 0.892161
638.700000000 1.74822 -7.11141 0 0 0 0.606187 0.795322
640.200000000 1.64834 -6.13049 0 0 0 0.765565 0.643359
641.500000000 1.45006 -5.18681 0 0 0 0.768245 0.640156
642.700000000 1.36102 -4.29034 0 0 0 0.726404 0.687267
644.100000000 1.45405 -3.23263 0 0 0 0.663187 0.748454
645.500000000 1.47741 -2.19842 0 0 0 0.725756 0.687952
646.900000000 1.30839 -1.15979 0 0 0 0.767126 0.641497
648.200000000 1.16586 -0.198496 0 0 0 0.754399 0.656416
649.800000000 1.12106 0.776101 0 0 0 0.710809 0.703385
651.000000000 1.23884 1.21441 0 0 0 0.488197 0.872734
651.700000000 1.33303 1.11393 0 0 0 0.163516 0.986541
652.300000000 1.37131 1.01656 0 0 0 -0.118741 0.992925
653.500000000 1.88961 0.597631 0 0 0 -0.377192 0.926135
655.100000000 2.38771 -0.236451 0 0 0 -0.529966 0.848019
656.600000000 2.50859 -0.853836 0 0 0 -0.734579 0.678523
657.300000000 2.39345 -0.851909 0 0 0 -0.920915 0.389764
657.900000000 2.32499 -0.762175 0 0 0 -0.994557 0.104196
658.500000000 2.32586 -0.642389 0 0 0 0.981757 0.190139
659.100000000 2.39321 -0.543866 0 0 0 0.884069 0.467356
659.700000000 2.50224 -0.498674 0 0 0 0.709547 0.704658
660.300000000 2.6273 -0.463617 0 0 0 0.501379 0.865228
661.700000000 3.20269 0.306604 0 0 0 0.489041 0.872261
663.100000000 3.29708 0.743488 0 0 0 0.725691 0.688021
663.900000000 3.20769 0.714613 0 0 0 0.890436 0.455109
664.500000000 3.14708 0.64259 0 0 0 0.971497 0.23705
665.500000000 2.89531 0.576415 0 0 0 -0.998739 0.0502128
666.700000000 2.59284 0.322198 0 0 0 -0.947089 0.320971
668.600000000 2.20084 -0.234681 0 0 0 -0.817709 0.575632
669.300000000 2.30378 -0.234636 0 0 0 -0.636903 0.770944
670.100000000 2.40777 -0.2117 0 0 0 -0.375692 0.926745
670.900000000 2.53032 -0.152457 0 0 0 -0.11739 0.993086
671.900000000 2.70825 -0.0440248 0 0 0 0.169002 0.985616
672.500000000 2.6836 0.060041 0 0 0 0.414499 0.91005
673.200000000 2.55417 0.109399 0 0 0 0.701103 0.71306
673.800000000 2.44456 0.0788996 0 0 0 0.881071 0.472984
674.400000000 2.36896 -0.0112509 0 0 0 0.981429 0.191825
675.100000000 2.36035 -0.151169 0 0 0 -0.987615 0.156897
675.700000000 2.43112 -0.216829 0 0 0 -0.897178 0.44167
676.300000000 2.53469 -0.236207 0 0 0 -0.726287 0.687391
676.900000000 2.66454 -0.367145 0 0 0 -0.551493 0.83418
677.900000000 2.9892 -0.585554 0 0 0 -0.274708 0.961528
679.600000000 3.69869 -1.19002 0 0 0 -0.455517 0.890227
681.000000000 3.85486 -1.97292 0 0 0 -0.687522 0.726163
682.700000000 3.83194 -2.88924 0 0 0 -0.720538 0.693416
686.700000000 3.80722 -3.88443 0 0 0 -0.710018 0.704184
691.500000000 3.80626 -4.85018 0 0 0 -0.709012 0.705196
696.300000000 3.79622 -5.82355 0 0 0 -0.708968 0.70524
701.200000000 3.80546 -6.80976 0 0 0 -0.708972 0.705237
705.900000000 3.80482 -7.79617 0 0 0 -0.708982 0.705227
709.000000000 3.83708 -8.7817 0 0 0 -0.671979 0.74057
710.500000000 4.1595 -9.78439 0 0 0 -0.513075 0.858344
711.900000000 4.88847 -10.5314 0 0 0 -0.388035 0.921645
713.200000000 5.5339 -11.2333 0 0 0 -0.375413 0.926858
714.400000000 6.18899 -11.8551 0 0 0 -0.408078 0.912947
715.800000000 6.70149 -12.7643 0 0 0 -0.55302 0.833168
717.100000000 6.93202 -13.7156 0 0 0 -0.650393 0.759598
718.000000000 6.84039 -13.9925 0 0 0 -0.842896 0.538076
718.700000000 6.70562 -13.9568 0 0 0 -0.969126 0.246565
719.300000000 6.67274 -13.8629 0 0 0 0.998913 0.0466191
719.900000000 6.71717 -13.7506 0 0 0 0.942073 0.335407
720.600000000 6.78609 -13.6312 0 0 0 0.786157 0.618027
721.400000000 6.92365 -13.4638 0 0 0 0.563415 0.826174
723.000000000 7.65247 -12.6919 0 0 0 0.378971 0.925409
724.700000000 8.37771 -12.0104 0 0 0 0.365635 0.930758
726.900000000 9.14337 -11.2487 0 0 0 0.380641 0.924723
729.500000000 9.7969 -10.622 0 0 0 0.369579 0.929199
731.200000000 10.5972 -10.017 0 0 0 0.260368 0.965509
732.600000000 11.5769 -9.5034 0 0 0 0.205447 0.978668
733.900000000 12.3893 -8.97329 0 0 0 0.328095 0.944645
735.200000000 13.0676 -8.34397 0 0 0 0.391708 0.92009
736.400000000 13.683 -7.68289 0 0 0 0.397171 0.917745
737.800000000 14.413 -6.93531 0 0 0 0.383309 0.92362
739.000000000 15.0462 -6.29736 0 0 0 0.382817 0.923824
740.400000000 15.7898 -5.55318 0 0 0 0.383157 0.923683
741.700000000 16.4783 -4.86272 0 0 0 0.383297 0.923625
743.000000000 16.7132 -4.44257 0 0 0 0.676144 0.736769
743.600000000 16.5961 -4.46677 0 0 0 0.863843 0.503761
744.200000000 16.5115 -4.54943 0 0 0 0.974131 0.225983
744.900000000 16.28 -4.63437 0 0 0 -0.999874 0.0159006
746.500000000 15.3826 -5.07789 0 0 0 -0.962822 0.270137
747.800000000 14.4537 -5.51618 0 0 0 -0.988952 0.148235
749.000000000 13.8092 -5.46779 0 0 0 0.99389 0.110376
750.400000000 13.1809 -4.91272 0 0 0 0.921759 0.387763
751.600000000 12.6687 -4.19705 0 0 0 0.880833 0.473426
753.000000000 12.2111 -3.18189 0 0 0 0.823685 0.567048
754.300000000 11.9566 -2.29648 0 0 0 0.771219 0.63657
755.500000000 11.8993 -1.35268 0 0 0 0.705349 0.70886
756.900000000 11.9747 -0.314863 0 0 0 0.675332 0.737514
758.300000000 12.0369 0.698055 0 0 0 0.704232 0.70997
759.800000000 11.8654 1.80984 0 0 0 0.791314 0.611411
761.200000000 11.4088 2.67167 0 0 0 0.89326 0.449541
762.600000000 10.6723 3.44607 0 0 0 0.932997 0.359883
763.800000000 9.91621 3.89404 0 0 0 0.969928 0.243392
764.900000000 9.51844 3.95711 0 0 0 -0.996194 0.0871604
765.500000000 9.49563 3.84843 0 0 0 -0.937877 0.346967
766.500000000 9.32034 3.39992 0 0 0 -0.816951 0.576707
767.700000000 9.38691 2.91098 0 0 0 -0.568406 0.822748
768.200000000 9.47054 2.97431 0 0 0 -0.348877 0.937169
768.900000000 9.66454 3.02518 0 0 0 -0.0841433 0.996454
770.400000000 10.5508 3.25658 0 0 0 0.194535 0.980896
771.700000000 11.4836 3.5344 0 0 0 0.110283 0.9939
773.000000000 12.4546 3.61281 0 0 0 0.00647128 0.999979
774.300000000 13.433 3.58351 0 0 0 -0.045715 0.998955
775.600000000 14.4046 3.55021 0 0 0 -0.00646322 0.999979
776.900000000 15.3778 3.52553 0 0 0 0.00769573 0.99997
778.100000000 16.2791 3.53824 0 0 0 0.00283001 0.999996
779.500000000 17.328 3.52945 0 0 0 -0.00488566 0.999988
780.800000000 18.3018 3.52896 0 0 0 0.0029059 0.999996
782.100000000 19.2754 3.53529 0 0 0 0.0029205 0.999996
783.400000000 20.2491 3.54168 0 0 0 0.00293072 0.999996
784.700000000 21.2315 3.54869 0 0 0 0.00293333 0.999996
786.100000000 22.2752 3.55495 0 0 0 0.0029338 0.999996
787.400000000 23.2489 3.5611 0 0 0 0.00293038 0.999996
788.700000000 24.2312 3.56773 0 0 0 0.00291979 0.999996
790.100000000 25.2737 3.57431 0 0 0 0.00290274 0.999996
791.200000000 25.7651 3.75805 0 0 0 0.269694 0.962946
792.200000000 25.9199 4.10656 0 0 0 0.5537 0.832716
792.800000000 25.8421 4.21262 0 0 0 0.743284 0.668976
793.400000000 25.7434 4.15626 0 0 0 0.90851 0.417863
794.100000000 25.6814 4.05458 0 0 0 0.996754 0.0805037
794.600000000 25.6179 3.94445 0 0 0 -0.990852 0.134955
796.200000000 24.8937 3.28518 0 0 0 -0.918742 0.394858
797.500000000 24.2353 2.56791 0 0 0 -0.916967 0.398963
799.100000000 23.5796 1.72536 0 0 0 -0.867037 0.498243
800.800000000 23.3454 0.818842 0 0 0 -0.72959 0.683885
803.300000000 23.4116 -0.205281 0 0 0 -0.675654 0.737218
806.500000000 23.5162 -1.1527 0 0 0 -0.668622 0.743603
809.100000000 23.765 -2.14408 0 0 0 -0.64245 0.766327
810.400000000 23.9111 -3.03649 0 0 0 -0.574653 0.818397
811.700000000 24.4761 -3.48777 0 0 0 -0.307401 0.95158
812.700000000 24.7842 -3.57018 0 0 0 -0.00461715 0.999989
813.400000000 24.8991 -3.42966 0 0 0 0.268509 0.963277
814.100000000 24.9138 -3.2526 0 0 0 0.522995 0.852336
814.700000000 24.8324 -3.19063 0 0 0 0.736489 0.67645
815.200000000 24.7282 -3.22721 0 0 0 0.881381 0.472406
815.900000000 24.6544 -3.3219 0 0 0 0.990005 0.141036
816.500000000 24.647 -3.45119 0 0 0 -0.987475 0.157776
817.100000000 24.7265 -3.54737 0 0 0 -0.896756 0.442525
817.700000000 24.8123 -3.65964 0 0 0 -0.748379 0.663272
818.700000000 24.9916 -4.10987 0 0 0 -0.554876 0.831933
820.000000000 25.4818 -4.94956 0 0 0 -0.465113 0.885251
821.500000000 25.7903 -5.86497 0 0 0 -0.655413 0.755271
823.000000000 25.6894 -6.91477 0 0 0 -0.773325 0.63401
824.300000000 25.4856 -7.85552 0 0 0 -0.75677 0.653681
826.100000000 25.4249 -8.8058 0 0 0 -0.708039 0.706173
827.400000000 25.5278 -9.73986 0 0 0 -0.622928 0.782279
829.000000000 26.101 -10.6231 0 0 0 -0.394429 0.918926
830.100000000 26.5015 -10.7642 0 0 0 -0.0708206 0.997489
831.900000000 27.5347 -10.5106 0 0 0 0.0713791 0.997449
833.300000000 28.5409 -10.4797 0 0 0 -0.0555628 0.998455
834.600000000 29.0719 -10.7666 0 0 0 -0.383306 0.923621
835.300000000 28.9738 -10.8508 0 0 0 -0.673851 0.738867
836.000000000 28.8327 -11.0305 0 0 0 -0.836172 0.548467
837.300000000 28.2144 -11.4963 0 0 0 -0.941635 0.336635
838.700000000 27.444 -12.1971 0 0 0 -0.925562 0.378596
840.100000000 26.7534 -12.9786 0 0 0 -0.902397 0.430906
841.600000000 26.3079 -13.96 0 0 0 -0.791707 0.610901
842.900000000 26.2617 -14.9304 0 0 0 -0.699404 0.714726
844.200000000 26.3676 -15.8918 0 0 0 -0.653753 0.756708
845.500000000 26.4937 -16.8624 0 0 0 -0.674252 0.738502
846.900000000 26.5165 -17.9142 0 0 0 -0.716188 0.697907
848.200000000 26.4382 -18.8838 0 0 0 -0.73722 0.675653
849.600000000 26.3853 -19.9338 0 0 0 -0.711051 0.70314
851.000000000 26.3905 -20.9764 0 0 0 -0.705716 0.708495
852.300000000 26.3958 -21.949 0 0 0 -0.70567 0.708541
853.600000000 26.3993 -22.9236 0 0 0 -0.705732 0.708479
854.900000000 26.3746 -23.8853 0 0 0 -0.664527 0.747264
856.200000000 26.6359 -24.8515 0 0 0 -0.602468 0.798143
857.500000000 26.8262 -25.7789 0 0 0 -0.650264 0.759708
859.000000000 26.8078 -26.5526 0 0 0 -0.854704 0.519116
859.600000000 26.7174 -26.4806 0 0 0 -0.968789 0.247889
860.200000000 26.6949 -26.3605 0 0 0 0.998996 0.0448037
860.800000000 26.7326 -26.2558 0 0 0 0.942753 0.333492
861.400000000 26.8072 -26.1918 0 0 0 0.805069 0.593181
862.100000000 26.8914 -26.0106 0 0 0 0.621844 0.783141
863.100000000 27.2333 -25.6298 0 0 0 0.408104 0.912935
864.500000000 27.8613 -25.2869 0 0 0 0.0872763 0.996184
865.100000000 27.8541 -25.4023 0 0 0 -0.206362 0.978476
865.700000000 27.7692 -25.4686 0 0 0 -0.480948 0.876749
866.400000000 27.6591 -25.5286 0 0 0 -0.749707 0.66177
867.100000000 27.4548 -25.734 0 0 0 -0.8721 0.489327
868.700000000 26.6788 -26.4798 0 0 0 -0.936071 0.351812
870.100000000 25.9339 -27.2228 0 0 0 -0.919894 0.392167
871.500000000 25.2697 -28.0388 0 0 0 -0.893685 0.448695
872.700000000 24.7086 -28.7419 0 0 0 -0.912046 0.410088
874.100000000 23.8515 -29.3584 0 0 0 -0.968248 0.249993
874.800000000 23.7088 -29.3112 0 0 0 0.999455 0.0330092
875.500000000 23.7513 -29.178 0 0 0 0.929678 0.368374
876.100000000 23.8465 -29.1061 0 0 0 0.781949 0.623343
876.800000000 23.9681 -29.0262 0 0 0 0.560182 0.82837
877.600000000 24.2186 -28.9052 0 0 0 0.328442 0.944524
879.000000000 25.0427 -28.3751 0 0 0 0.339664 0.940547
880.300000000 25.38 -27.6592 0 0 0 0.579536 0.814947
881.500000000 25.3658 -26.9712 0 0 0 0.765812 0.643064
882.900000000 24.9231 -26.2714 0 0 0 0.91468 0.40418
884.500000000 24.0208 -25.831 0 0 0 0.991075 0.133302
886.500000000 23.0251 -25.7996 0 0 0 -0.999923 0.0123814
888.400000000 22.0577 -25.9077 0 0 0 -0.997263 0.0739388
889.700000000 21.1134 -26.071 0 0 0 -0.996278 0.086204
891.000000000 20.1407 -26.2357 0 0 0 -0.997313 0.0732551
892.400000000 19.1926 -26.3522 0 0 0 -0.998406 0.0564431
895.700000000 18.2728 -26.4049 0 0 0 -0.999837 0.0180366
899.900000000 17.2788 -26.4545 0 0 0 -0.999407 0.0344305
901.400000000 16.2413 -26.6851 0 0 0 -0.980889 0.194569
902.800000000 15.4614 -27.2901 0 0 0 -0.93323 0.35928
904.100000000 14.7454 -27.9252 0 0 0 -0.943665 0.330902
905.500000000 13.8529 -28.2489 0 0 0 -0.99473 0.102534
907.000000000 12.7583 -28.2473 0 0 0 0.99865 0.0519498
908.300000000 11.7985 -28.0879 0 0 0 0.99654 0.0831173
911.300000000 10.824 -27.9626 0 0 0 0.999151 0.0411987
914.800000000 9.85059 -27.9371 0 0 0 -0.99998 0.00636058
916.900000000 8.82958 -27.9766 0 0 0 -0.999704 0.0243098
918.600000000 7.91545 -28.0114 0 0 0 -0.999738 0.0228735
919.900000000 6.86973 -28.1256 0 0 0 -0.996685 0.08136
921.300000000 5.89254 -28.3814 0 0 0 -0.983255 0.182237
922.800000000 5.24443 -28.949 0 0 0 -0.87966 0.475603
923.400000000 5.26637 -29.1002 0 0 0 -0.742999 0.669292
924.900000000 5.58181 -29.9609 0 0 0 -0.520165 0.854066
926.200000000 6.18951 -30.6605 0 0 0 -0.401789 0.915732
927.900000000 6.75973 -31.1331 0 0 0 -0.0748458 0.997195
928.400000000 6.75052 -31.0363 0 0 0 0.17377 0.984786
929.100000000 6.65998 -30.9306 0 0 0 0.499957 0.86605
929.700000000 6.54549 -30.9119 0 0 0 0.73359 0.679592
930.300000000 6.42383 -30.951 0 0 0 0.901342 0.433109
931.200000000 6.09661 -30.8924 0 0 0 0.986743 0.162292
932.500000000 5.18695 -30.7919 0 0 0 0.999938 0.0111604
933.800000000 4.21313 -30.8666 0 0 0 -0.999495 0.0317641
935.200000000 3.15968 -30.8663 0 0 0 0.999958 0.00918825
936.600000000 2.10514 -30.8373 0 0 0 0.999882 0.0153746
937.800000000 1.21068 -30.8198 0 0 0 0.999921 0.0125862
939.400000000 0.198028 -31.0568 0 0 0 -0.977117 0.212703
940.000000000 0.217959 -31.1511 0 0 0 -0.88246 0.470387
940.700000000 0.340868 -31.1853 0 0 0 -0.667199 0.744879
941.300000000 0.448598 -31.1391 0 0 0 -0.417205 0.908812
941.900000000 0.562695 -31.1008 0 0 0 -0.160018 0.987114
942.600000000 0.675488 -30.9646 0 0 0 0.129453 0.991586
944.000000000 1.57455 -30.518 0 0 0 0.250985 0.967991
945.300000000 2.37271 -29.9585 0 0 0 0.32833 0.944563
946.700000000 3.13088 -29.2396 0 0 0 0.385932 0.922527
948.000000000 3.7879 -28.658 0 0 0 0.353982 0.935252
949.300000000 4.60984 -28.095 0 0 0 0.236795 0.97156
950.500000000 5.5575 -27.8436 0 0 0 0.111116 0.993807
951.900000000 6.58085 -27.7446 0 0 0 0.00787928 0.999969
953.100000000 7.45377 -27.7688 0 0 0 -0.0353763 0.999374
954.500000000 8.48955 -27.8485 0 0 0 -0.0524029 0.998626
955.800000000 9.46534 -27.9583 0 0 0 -0.0484323 0.998826
957.200000000 10.5064 -28.0283 0 0 0 -0.0302377 0.999543
958.500000000 11.4884 -28.0982 0 0 0 -0.0372122 0.999307
959.900000000 12.4117 -28.4192 0 0 0 -0.241188 0.970478
961.300000000 13.2182 -29.0908 0 0 0 -0.384249 0.92323
962.900000000 13.6184 -29.8067 0 0 0 -0.658328 0.752731
963.500000000 13.502 -29.8441 0 0 0 -0.837558 0.546349
964.300000000 13.2358 -30.0508 0 0 0 -0.942732 0.333551
965.800000000 12.2783 -30.457 0 0 0 -0.984665 0.174455
967.100000000 11.4159 -30.8772 0 0 0 -0.958625 0.284671
968.800000000 10.8678 -31.1274 0 0 0 0.997198 0.0748109
969.300000000 10.899 -31.0281 0 0 0 0.948876 0.31565
970.000000000 11.0062 -30.9525 0 0 0 0.786726 0.617303
970.600000000 11.142 -30.9195 0 0 0 0.582933 0.81252
971.500000000 11.4139 -30.6536 0 0 0 0.356513 0.93429
972.500000000 11.9185 -30.5324 0 0 0 0.111836 0.993727
973.900000000 12.7885 -30.0415 0 0 0 0.296054 0.955171
975.000000000 13.0344 -29.6774 0 0 0 0.568072 0.822979
975.900000000 12.9408 -29.2911 0 0 0 0.758183 0.652042
977.400000000 12.5092 -28.4407 0 0 0 0.900067 0.435751
978.900000000 11.6631 -27.8784 0 0 0 0.977613 0.210412
980.400000000 10.7196 -27.6703 0 0 0 0.998433 0.0559686
981.800000000 9.7185 -27.6613 0 0 0 -0.999741 0.0227738
983.000000000 8.81902 -27.735 0 0 0 -0.998249 0.0591498
984.400000000 7.76363 -27.9287 0 0 0 -0.995885 0.090621
985.700000000 6.81755 -28.0504 0 0 0 -0.997092 0.0762062
987.100000000 5.86071 -28.1498 0 0 0 -0.999427 0.0338448
989.000000000 4.88894 -28.1832 0 0 0 -0.999998 0.00188377
992.500000000 3.78818 -28.1424 0 0 0 0.99788 0.0650764
993.700000000 2.94298 -27.8644 0 0 0 0.985322 0.170709
995.100000000 1.93561 -27.5715 0 0 0 0.992141 0.125125
997.000000000 1.06116 -27.4468 0 0 0 0.999634 0.0270444
998.700000000 -0.0536937 -27.523 0 0 0 -0.998343 0.0575514
1000.000000000 -1.0014 -27.6717 0 0 0 -0.996112 0.0880982
1001.400000000 -2.02908 -27.8533 0 0 0 -0.996246 0.0865686
1002.700000000 -2.98172 -27.9842 0 0 0 -0.997662 0.0683444
1003.900000000 -3.87771 -28.1028 0 0 0 -0.998282 0.0585917
1005.200000000 -4.84431 -28.1796 0 0 0 -0.998264 0.0588918
1006.700000000 -5.84429 -28.4789 0 0 0 -0.97398 0.226635
1008.100000000 -6.61519 -29.1168 0 0 0 -0.933959 0.357379
1009.500000000 -7.32971 -29.8215 0 0 0 -0.901775 0.432205
1010.200000000 -7.22198 -29.9162 0 0 0 -0.717781 0.696269
1010.800000000 -7.08818 -30.032 0 0 0 -0.542094 0.840318
1012.200000000 -6.4546 -30.7957 0 0 0 -0.387851 0.921722
1013.500000000 -5.69468 -31.3754 0 0 0 -0.267794 0.963476
1014.400000000 -5.41368 -31.3408 0 0 0 0.0434079 0.999057
1015.100000000 -5.28224 -31.1857 0 0 0 0.298683 0.954352
1015.700000000 -5.34657 -31.0976 0 0 0 0.555554 0.83148
1016.400000000 -5.48364 -31.1025 0 0 0 0.806976 0.590584
1017.400000000 -5.7866 -30.8248 0 0 0 0.948934 0.315475
1018.700000000 -6.56292 -30.6488 0 0 0 0.997641 0.0686526
1020.000000000 -7.53771 -30.6951 0 0 0 -0.99807 0.0620979
1021.300000000 -8.48392 -30.9199 0 0 0 -0.990896 0.134631
1022.600000000 -9.451 -31.0774 0 0 0 -0.998766 0.0496657
1023.900000000 -10.4235 -31.1015 0 0 0 0.999978 0.00658257
1025.300000000 -11.4731 -31.0172 0 0 0 0.997711 0.0676222
1026.200000000 -11.6228 -30.8658 0 0 0 0.930379 0.3666
1026.800000000 -11.5261 -30.789 0 0 0 0.783383 0.621539
1027.500000000 -11.397 -30.8071 0 0 0 0.526193 0.850365
1028.300000000 -11.1726 -30.7467 0 0 0 0.264556 0.96437
1029.800000000 -10.2394 -30.3929 0 0 0 0.220606 0.975363
1031.300000000 -9.50802 -29.7053 0 0 0 0.446098 0.894984
1032.700000000 -8.8344 -28.8975 0 0 0 0.396776 0.917915
1034.000000000 -8.13886 -28.2134 0 0 0 0.375299 0.926904
1035.400000000 -7.38667 -27.497 0 0 0 0.381001 0.924575
1036.600000000 -6.74674 -26.8681 0 0 0 0.382413 0.923991
1044.000000000 -6.02662 -26.0218 0 0 0 0.419232 0.907879
1045.200000000 -5.43156 -25.2967 0 0 0 0.48509 0.874464
1046.500000000 -5.03224 -24.4329 0 0 0 0.552792 0.833319
1047.900000000 -4.73659 -23.445 0 0 0 0.614384 0.789007
1049.100000000 -4.55339 -22.4938 0 0 0 0.660082 0.751193
1050.500000000 -4.55886 -21.5216 0 0 0 0.720712 0.693234
1051.700000000 -4.60301 -20.5764 0 0 0 0.731476 0.681867
1053.100000000 -4.63989 -19.5226 0 0 0 0.710828 0.703366
1054.500000000 -4.63598 -18.4786 0 0 0 0.705746 0.708465
1055.900000000 -4.6312 -17.4229 0 0 0 0.705751 0.70846
1057.100000000 -4.62568 -16.5289 0 0 0 0.705761 0.70845
1058.500000000 -4.61961 -15.5241 0 0 0 0.705778 0.708433
1059.800000000 -4.49215 -14.5401 0 0 0 0.599081 0.800688
1061.200000000 -4.04705 -13.7257 0 0 0 0.411555 0.911385
1062.500000000 -3.25441 -13.0918 0 0 0 0.373507 0.927627
1063.800000000 -2.56737 -12.4112 0 0 0 0.382732 0.92386
1065.100000000 -1.9078 -11.6526 0 0 0 0.415137 0.909759
1066.300000000 -1.32929 -10.9909 0 0 0 0.440037 0.897979
1067.900000000 -1.21481 -10.3735 0 0 0 0.682338 0.731037
1069.000000000 -1.2624 -10.1634 0 0 0 0.843614 0.536949
1070.200000000 -1.27117 -10.2101 0 0 0 0.958302 0.285759
1072.300000000 -2.31944 -9.94167 0 0 0 0.993828 0.110933
1073.200000000 -2.4566 -10.0279 0 0 0 -0.979088 0.203439
1073.900000000 -2.45139 -10.0416 0 0 0 -0.858804 0.512304
1074.400000000 -2.30344 -10.1345 0 0 0 -0.71828 0.695755
1075.100000000 -2.25846 -10.1147 0 0 0 -0.468806 0.883301
1075.700000000 -2.05896 -10.1673 0 0 0 -0.226391 0.974037
1076.300000000 -1.97663 -10.0719 0 0 0 0.0428325 0.999082
1078.200000000 -1.03445 -9.74439 0 0 0 0.0195592 0.999809
1079.400000000 -0.7521 -9.95318 0 0 0 -0.263474 0.964667
1080.400000000 -0.756363 -10.1417 0 0 0 -0.542037 0.840355
1081.200000000 -0.820385 -10.1645 0 0 0 -0.79184 0.610728
1082.000000000 -0.920647 -10.0894 0 0 0 -0.950124 0.311873
1082.800000000 -0.948184 -9.95384 0 0 0 0.999749 0.0223917
1083.500000000 -0.934936 -9.81036 0 0 0 0.949432 0.313972
1084.300000000 -0.892155 -9.73406 0 0 0 0.787774 0.615964
1085.000000000 -0.761722 -9.65857 0 0 0 0.598146 0.801387
1085.800000000 -0.623376 -9.64757 0 0 0 0.34047 0.940255
1086.700000000 -0.326854 -9.65297 0 0 0 0.118741 0.992925
1088.500000000 0.631855 -9.65439 0 0 0 0.0018639 0.999998
1089.400000000 0.778094 -9.47569 0 0 0 0.278528 0.960428
1090.200000000 0.797144 -9.28517 0 0 0 0.516001 0.856588
1090.800000000 0.721507 -9.21875 0 0 0 0.70909 0.705118
1091.500000000 0.619029 -9.26392 0 0 0 0.908441 0.418012
1092.100000000 0.554042 -9.3825 0 0 0 0.991386 0.130973
1092.600000000 0.534541 -9.50012 0 0 0 -0.994418 0.105512
1094.100000000 -0.258309 -10.0331 0 0 0 -0.948468 0.316872
1095.500000000 -1.15528 -10.5785 0 0 0 -0.977258 0.212054
1097.200000000 -2.13839 -10.767 0 0 0 -0.998978 0.045193
1098.800000000 -3.13852 -10.7209 0 0 0 0.998403 0.0564935
1100.100000000 -4.09792 -10.5407 0 0 0 0.996405 0.0847151
1101.400000000 -5.09337 -10.4331 0 0 0 0.999027 0.0441027
1103.100000000 -6.03712 -10.3911 0 0 0 -0.999997 0.00258556
1106.200000000 -6.95829 -10.4286 0 0 0 -0.99963 0.0271981
1110.400000000 -7.94385 -10.48 0 0 0 -0.99985 0.0173371
1114.100000000 -8.90066 -10.493 0 0 0 -0.999979 0.00644126
1117.800000000 -9.85744 -10.4959 0 0 0 -0.999999 0.00155922
1120.700000000 -10.8819 -10.4978 0 0 0 -0.999999 0.00156709
1121.900000000 -11.7865 -10.4998 0 0 0 -0.999999 0.00158096
1123.300000000 -12.835 -10.454 0 0 0 0.994586 0.103919
1124.700000000 -13.6308 -9.95917 0 0 0 0.947505 0.319742
1126.100000000 -14.3573 -9.21862 0 0 0 0.912552 0.40896
1127.300000000 -15.0214 -8.59727 0 0 0 0.920453 0.390854
1128.700000000 -15.7602 -7.85824 0 0 0 0.925702 0.378254
1130.000000000 -16.4293 -7.16958 0 0 0 0.924526 0.381118
1131.300000000 -17.1289 -6.48141 0 0 0 0.922747 0.385406
1132.600000000 -17.7892 -5.82001 0 0 0 0.94517 0.326578
1133.200000000 -17.8674 -5.93393 0 0 0 0.998681 0.0513367
1133.800000000 -17.9733 -6.00561 0 0 0 -0.9816 0.190948
1135.000000000 -18.4458 -6.53448 0 0 0 -0.904383 0.426721
1136.300000000 -18.9172 -7.40096 0 0 0 -0.83085 0.556497
1137.800000000 -19.0467 -8.37314 0 0 0 -0.735642 0.67737
1140.200000000 -19.0624 -9.35446 0 0 0 -0.714871 0.699256
1141.700000000 -19.1336 -10.4003 0 0 0 -0.733789 0.679377
1143.000000000 -19.1823 -11.3729 0 0 0 -0.721884 0.692015
1144.200000000 -19.2097 -12.2762 0 0 0 -0.68293 0.730483
1145.500000000 -18.9455 -13.2146 0 0 0 -0.574226 0.818697
1146.900000000 -18.7386 -14.2297 0 0 0 -0.639414 0.768863
1148.200000000 -18.6434 -15.2035 0 0 0 -0.705809 0.708402
1149.500000000 -18.6418 -16.185 0 0 0 -0.712888 0.701278
1150.800000000 -18.6373 -17.1515 0 0 0 -0.69721 0.716867
1151.600000000 -18.5358 -17.23 0 0 0 -0.42163 0.906768
1152.200000000 -18.4437 -17.1649 0 0 0 -0.153408 0.988163
1152.900000000 -18.1546 -17.0625 0 0 0 0.0614126 0.998112
1154.400000000 -17.1659 -16.776 0 0 0 0.127227 0.991874
1155.700000000 -16.1914 -16.6306 0 0 0 0.0395088 0.999219
1157.200000000 -15.4853 -16.7785 0 0 0 -0.306886 0.951746
1157.700000000 -15.573 -16.8181 0 0 0 -0.528373 0.849012
1158.400000000 -15.6849 -16.8672 0 0 0 -0.785214 0.619224
1159.200000000 -15.8853 -16.8625 0 0 0 -0.946255 0.323422
1160.000000000 -16.2018 -16.9516 0 0 0 -0.996451 0.0841703
1161.400000000 -17.1869 -16.8226 0 0 0 0.997062 0.076603
1162.800000000 -18.1978 -16.5297 0 0 0 0.991402 0.130851
1164.200000000 -19.2183 -16.5263 0 0 0 -0.998348 0.0574585
1165.500000000 -20.1555 -16.7699 0 0 0 -0.992906 0.118898
1166.800000000 -21.1218 -16.8969 0 0 0 -0.998706 0.050865
1168.200000000 -22.1823 -16.9476 0 0 0 -0.999959 0.00904704
1169.600000000 -22.9802 -17.2065 0 0 0 -0.961176 0.275936
1170.300000000 -22.8919 -17.3017 0 0 0 -0.808319 0.588745
1170.900000000 -22.7799 -17.4135 0 0 0 -0.647573 0.762004
1172.000000000 -22.418 -17.8727 0 0 0 -0.427799 0.903874
1173.400000000 -21.6532 -18.585 0 0 0 -0.367064 0.930196
1174.900000000 -20.9641 -19.4525 0 0 0 -0.47668 0.879077
1176.200000000 -20.6043 -20.3102 0 0 0 -0.609951 0.792439
1177.700000000 -20.6279 -21.3679 0 0 0 -0.755398 0.655266
1179.000000000 -20.7397 -22.3419 0 0 0 -0.739069 0.673629
1180.200000000 -20.7733 -23.2392 0 0 0 -0.714936 0.69919
1181.600000000 -20.7484 -24.2927 0 0 0 -0.702064 0.712114
1182.900000000 -20.8799 -25.2568 0 0 0 -0.769585 0.638545
1184.300000000 -21.0827 -26.299 0 0 0 -0.762867 0.646556
1185.600000000 -21.145 -27.2604 0 0 0 -0.711417 0.70277
1186.900000000 -21.1273 -28.2337 0 0 0 -0.697323 0.716757
1188.500000000 -20.8676 -29.1628 0 0 0 -0.492232 0.870464
1189.900000000 -20.155 -29.9095 0 0 0 -0.369435 0.929257
1191.100000000 -19.492 -30.5131 0 0 0 -0.356863 0.934157
1192.400000000 -18.7014 -31.0738 0 0 0 -0.263082 0.964773
1193.900000000 -17.7868 -31.3677 0 0 0 -0.0241523 0.999708
1194.600000000 -17.826 -31.2423 0 0 0 0.322428 0.946594
1195.200000000 -17.922 -31.1724 0 0 0 0.587797 0.809009
1195.800000000 -18.0402 -31.0787 0 0 0 0.772443 0.635084
1196.500000000 -18.2052 -30.9041 0 0 0 0.899279 0.437376
1198.100000000 -19.1334 -30.32 0 0 0 0.980533 0.196355
1199.400000000 -20.0764 -30.1514 0 0 0 0.999335 0.036467
1200.700000000 -21.0612 -30.1746 0 0 0 -0.999981 0.00622684
1202.100000000 -22.1158 -30.1734 0 0 0 -1 0.000449122
1203.300000000 -23.0105 -30.1736 0 0 0 -0.999995 0.00325782
1204.700000000 -24.0598 -30.1833 0 0 0 -0.999988 0.00480523
1206.000000000 -25.0323 -30.1939 0 0 0 -0.999988 0.00480682
1207.400000000 -26.086 -30.2037 0 0 0 -0.999988 0.00480813
1208.800000000 -26.9959 -30.3675 0 0 0 -0.982429 0.186636
1209.400000000 -26.938 -30.4581 0 0 0 -0.887144 0.461493
1210.000000000 -26.8255 -30.4943 0 0 0 -0.71114 0.703051
1210.600000000 -26.7122 -30.4807 0 0 0 -0.477756 0.878492
1211.300000000 -26.5614 -30.4584 0 0 0 -0.197606 0.980282
1212.400000000 -25.9362 -30.3871 0 0 0 0.0404889 0.99918
1213.700000000 -24.9777 -30.1479 0 0 0 0.160121 0.987097
1215.300000000 -24.1722 -29.5919 0 0 0 0.422233 0.906488
1216.500000000 -23.9735 -28.9527 0 0 0 0.646336 0.763053
1218.000000000 -24.2032 -28.0687 0 0 0 0.838146 0.545446
1219.300000000 -24.7829 -27.3498 0 0 0 0.919801 0.392385
1220.700000000 -25.5963 -26.6881 0 0 0 0.945691 0.325068
1221.900000000 -26.2667 -26.0991 0 0 0 0.925803 0.378007
1223.300000000 -26.9965 -25.3338 0 0 0 0.920608 0.390487
1224.500000000 -27.6247 -24.6973 0 0 0 0.925923 0.377711
1225.900000000 -28.4689 -24.0719 0 0 0 0.96013 0.279555
1226.900000000 -28.8872 -23.9944 0 0 0 0.999979 0.00647943
1227.800000000 -29.1471 -24.2002 0 0 0 -0.959551 0.281535
1229.100000000 -29.7822 -24.855 0 0 0 -0.917656 0.397376
1230.500000000 -30.5047 -25.6197 0 0 0 -0.921335 0.388769
1231.800000000 -31.1911 -26.3112 0 0 0 -0.92548 0.378796
1233.000000000 -31.5672 -26.4796 0 0 0 -0.999187 0.0403189
1233.600000000 -31.5519 -26.3633 0 0 0 0.967658 0.252265
1234.200000000 -31.4752 -26.2754 0 0 0 0.852331 0.523003
1234.800000000 -31.3853 -26.1393 0 0 0 0.704303 0.7099
1235.700000000 -31.1777 -25.8764 0 0 0 0.471817 0.881697
1237.100000000 -30.4645 -25.1811 0 0 0 0.363543 0.931577
1238.400000000 -29.7463 -24.5299 0 0 0 0.354153 0.935188
1239.600000000 -29.1643 -23.8494 0 0 0 0.454304 0.890847
1241.100000000 -28.7703 -22.8336 0 0 0 0.625018 0.78061
1242.800000000 -28.7494 -21.7993 0 0 0 0.72278 0.691078
1245.900000000 -28.8194 -20.8721 0 0 0 0.731118 0.682251
1250.100000000 -28.8764 -19.9046 0 0 0 0.724436 0.689342
1253.700000000 -28.9061 -18.934 0 0 0 0.711084 0.703107
1257.200000000 -28.9076 -17.9355 0 0 0 0.706874 0.707339
1261.100000000 -28.9639 -17.005 0 0 0 0.743903 0.668288
1262.600000000 -29.2467 -16.0728 0 0 0 0.840104 0.542426
1263.900000000 -29.8466 -15.1977 0 0 0 0.905614 0.424102
1265.200000000 -30.5403 -14.5125 0 0 0 0.927283 0.37436
1266.600000000 -31.2441 -13.833 0 0 0 0.898902 0.438149
1267.900000000 -31.6694 -12.8472 0 0 0 0.821935 0.569582
1269.000000000 -31.6213 -12.3635 0 0 0 0.618376 0.785882
1270.300000000 -31.1305 -11.7574 0 0 0 0.398476 0.917179
1271.600000000 -30.4627 -11.0894 0 0 0 0.399517 0.916726
1272.900000000 -29.8541 -10.3068 0 0 0 0.470587 0.882354
1274.200000000 -29.3891 -9.32842 0 0 0 0.540932 0.841066
1275.500000000 -29.0799 -8.4149 0 0 0 0.604378 0.796697
1276.800000000 -28.9206 -7.46494 0 0 0 0.662222 0.749308
1278.200000000 -28.8529 -6.51946 0 0 0 0.693153 0.72079
1280.400000000 -28.863 -5.53986 0 0 0 0.707129 0.707085
1283.300000000 -28.8515 -4.57206 0 0 0 0.710704 0.703491
1286.400000000 -28.8593 -3.57474 0 0 0 0.710035 0.704167
1289.400000000 -28.8696 -2.59106 0 0 0 0.709951 0.704251
1292.700000000 -28.8676 -1.60483 0 0 0 0.706277 0.707936
1296.400000000 -28.9953 -0.719257 0 0 0 0.8977 0.440607
1296.900000000 -29.053 -0.850752 0 0 0 0.978653 0.20552
1297.500000000 -29.0658 -0.965348 0 0 0 -0.995697 0.0926735
1299.000000000 -29.8192 -1.52104 0 0 0 -0.936689 0.350163
1300.400000000 -30.5417 -2.27782 0 0 0 -0.918902 0.394485
1301.800000000 -31.2593 -3.04701 0 0 0 -0.918342 0.395789
1303.100000000 -31.9406 -3.74346 0 0 0 -0.924291 0.381689
1304.400000000 -32.6418 -4.42997 0 0 0 -0.925098 0.379728
1305.700000000 -33.3402 -5.10883 0 0 0 -0.926419 0.376493
1306.900000000 -34.0127 -5.70915 0 0 0 -0.942502 0.334199
1308.200000000 -34.81 -6.26808 0 0 0 -0.957086 0.289802
1309.500000000 -35.6826 -6.69795 0 0 0 -0.982599 0.185739
1310.800000000 -36.5599 -7.07154 0 0 0 -0.971246 0.238077
1312.300000000 -37.2549 -7.80076 0 0 0 -0.884819 0.465935
1313.900000000 -37.5209 -8.71937 0 0 0 -0.697522 0.716564
1314.700000000 -37.3858 -8.75557 0 0 0 -0.404224 0.91466
1315.300000000 -37.3157 -8.65402 0 0 0 -0.115872 0.993264
1315.800000000 -37.3144 -8.57139 0 0 0 0.132827 0.991139
1316.500000000 -37.4001 -8.47431 0 0 0 0.465249 0.88518
1317.000000000 -37.4927 -8.43686 0 0 0 0.669317 0.742977
1317.700000000 -37.6639 -8.34672 0 0 0 0.852587 0.522586
1319.200000000 -38.3683 -7.60349 0 0 0 0.932013 0.362425
1320.500000000 -39.0885 -7.04496 0 0 0 0.964949 0.262439
1321.200000000 -39.1353 -7.15605 0 0 0 -0.997218 0.0745457
1321.800000000 -39.0837 -7.26236 0 0 0 -0.931287 0.364287
1322.400000000 -38.9811 -7.32148 0 0 0 -0.78204 0.623229
1323.000000000 -38.863 -7.3124 0 0 0 -0.562939 0.826498
1323.600000000 -38.7702 -7.23804 0 0 0 -0.291882 0.956454
1324.200000000 -38.7352 -7.1343 0 0 0 0.00379072 0.999993
1324.800000000 -38.6603 -6.99733 0 0 0 0.240539 0.97064
1326.100000000 -38.2369 -6.49295 0 0 0 0.487998 0.872845
1334.100000000 -37.6088 -5.7578 0 0 0 0.39735 0.917667
1335.500000000 -36.8564 -5.03162 0 0 0 0.373593 0.927593
1336.700000000 -36.2158 -4.39337 0 0 0 0.382472 0.923967
1338.100000000 -35.4886 -3.64213 0 0 0 0.392771 0.919636
1339.400000000 -34.8251 -2.92851 0 0 0 0.411551 0.911387
1340.800000000 -34.3052 -2.01735 0 0 0 0.556724 0.830698
1342.600000000 -34.1414 -1.03499 0 0 0 0.674535 0.738243
1345.200000000 -34.1632 -0.0138473 0 0 0 0.724994 0.688756
1346.600000000 -34.24 1.01887 0 0 0 0.737652 0.675182
1347.900000000 -34.3204 1.99362 0 0 0 0.730323 0.683102
1349.500000000 -34.348 2.88556 0 0 0 0.717915 0.69613
1352.600000000 -34.3509 3.88583 0 0 0 0.708225 0.705987
1356.400000000 -34.3522 4.85705 0 0 0 0.708242 0.70597
1359.400000000 -34.3594 5.84205 0 0 0 0.708157 0.706055
1362.500000000 -34.3643 6.85665 0 0 0 0.707924 0.706289
1365.500000000 -34.3668 7.84395 0 0 0 0.707901 0.706312
1368.400000000 -34.369 8.79668 0 0 0 0.707881 0.706332
1370.100000000 -34.3712 9.87483 0 0 0 0.707872 0.706341
1371.400000000 -34.3736 10.8473 0 0 0 0.707864 0.706349
1373.000000000 -34.3761 12.0485 0 0 0 0.707856 0.706357
1374.400000000 -34.3782 13.0069 0 0 0 0.707849 0.706363
1375.900000000 -34.3976 13.9228 0 0 0 0.748974 0.662599
1376.500000000 -34.505 13.9407 0 0 0 0.905146 0.425102
1377.200000000 -34.5741 13.8121 0 0 0 0.996024 0.0890864
1377.900000000 -34.6093 13.6779 0 0 0 -0.972843 0.231466
1378.800000000 -34.5552 13.4413 0 0 0 -0.813406 0.581696
1379.400000000 -34.5122 13.4174 0 0 0 -0.642694 0.766123
1380.800000000 -34.3569 12.3937 0 0 0 -0.703395 0.710799
1382.300000000 -34.5448 11.3874 0 0 0 -0.822879 0.568216
1384.200000000 -35.2131 10.7073 0 0 0 -0.948362 0.31719
1385.500000000 -35.8481 10.5124 0 0 0 -0.999491 0.0318864
1386.100000000 -35.8185 10.605 0 0 0 0.965801 0.259286
1386.700000000 -35.7499 10.7122 0 0 0 0.848485 0.529219
1387.200000000 -35.6374 10.721 0 0 0 0.694911 0.719096
1387.900000000 -35.5283 10.6847 0 0 0 0.409715 0.912214
1388.500000000 -35.4597 10.6006 0 0 0 0.12639 0.991981
1389.100000000 -35.4468 10.6493 0 0 0 -0.126425 0.991976
1389.800000000 -35.2026 10.3084 0 0 0 -0.369401 0.92927
1391.300000000 -34.7666 9.42191 0 0 0 -0.581231 0.813739
1394.200000000 -34.6044 8.46132 0 0 0 -0.658297 0.752759
1396.700000000 -34.5692 7.4464 0 0 0 -0.69756 0.716526
1398.400000000 -34.4253 6.54527 0 0 0 -0.595236 0.803551
1400.000000000 -33.9428 5.71598 0 0 0 -0.508548 0.861034
1401.900000000 -33.6446 4.70251 0 0 0 -0.603285 0.797526
1403.200000000 -33.1774 3.86873 0 0 0 -0.457868 0.88902
