0.300000000 0.2 0 0 0 0 0 1
8.700000000 0.982735 -0.1292 0 0 0 -0.34292 0.939365
9.400000000 0.863171 -0.203225 0 0 0 -0.644719 0.76442
10.000000000 0.745947 -0.187944 0 0 0 -0.841838 0.53973
10.600000000 0.657857 -0.10919 0 0 0 -0.963746 0.266821
11.200000000 0.629677 0.00551845 0 0 0 0.999552 0.0299267
11.800000000 0.674322 0.121345 0 0 0 0.946256 0.323417
12.400000000 0.771282 0.190843 0 0 0 0.80856 0.588414
13.100000000 0.908426 0.185303 0 0 0 0.557714 0.830033
13.800000000 0.999638 0.0899935 0 0 0 0.238666 0.971102
14.400000000 1.02101 -0.0163146 0 0 0 -0.0589817 0.998259
18.700000000 1.17525 0.0336225 0 0 0 0.331423 0.943482
19.200000000 1.05754 0.0899679 0 0 0 0.554015 0.832507
19.900000000 0.988609 0.206209 0 0 0 0.771757 0.635917
21.000000000 0.590052 0.584684 0 0 0 0.921196 0.389099
22.400000000 -0.20018 1.2587 0 0 0 0.937316 0.348481
23.700000000 -0.877506 1.94944 0 0 0 0.910655 0.413167
25.000000000 -1.44586 2.74659 0 0 0 0.879282 0.476302
26.300000000 -1.91091 3.60598 0 0 0 0.842688 0.538402
27.600000000 -2.21801 4.52972 0 0 0 0.812668 0.582727
29.000000000 -2.63121 5.49095 0 0 0 0.838103 0.545512
30.200000000 -2.89431 6.35706 0 0 0 0.784139 0.620585
31.200000000 -2.8506 6.64603 0 0 0 0.532912 0.846171
31.800000000 -2.75578 6.55833 0 0 0 0.264871 0.964284
32.400000000 -2.7183 6.46745 0 0 0 -0.0272814 0.999628
33.100000000 -2.74048 6.32827 0 0 0 -0.363359 0.931649
33.800000000 -2.84624 6.26072 0 0 0 -0.656449 0.754371
34.400000000 -2.96315 6.26948 0 0 0 -0.847609 0.530622
35.000000000 -3.05536 6.3419 0 0 0 -0.965362 0.260915
35.600000000 -3.09102 6.4532 0 0 0 0.999496 0.0317481
36.200000000 -3.05904 6.56492 0 0 0 0.946973 0.321313
36.900000000 -3.00065 6.66477 0 0 0 0.797741 0.603001
37.600000000 -2.90284 6.86731 0 0 0 0.627696 0.778458
39.100000000 -2.43495 7.77675 0 0 0 0.511461 0.859307
40.500000000 -2.02671 8.71312 0 0 0 0.620132 0.784497
42.000000000 -2.04073 9.67992 0 0 0 0.729875 0.683581
43.300000000 -2.20428 10.6493 0 0 0 0.76493 0.644113
45.000000000 -2.26641 11.654 0 0 0 0.718437 0.695592
48.200000000 -2.25473 12.5915 0 0 0 0.692498 0.72142
52.400000000 -2.20161 13.5437 0 0 0 0.691966 0.72193
57.000000000 -2.18082 14.5348 0 0 0 0.701703 0.71247
60.600000000 -2.17566 15.4745 0 0 0 0.706359 0.707854
62.400000000 -2.21135 16.5552 0 0 0 0.751309 0.659951
63.800000000 -2.57959 17.4868 0 0 0 0.840548 0.541738
65.100000000 -2.93316 17.9838 0 0 0 0.959458 0.281853
65.800000000 -3.0477 17.8764 0 0 0 -0.999687 0.0250153
66.400000000 -3.08841 17.7606 0 0 0 -0.958915 0.283695
67.000000000 -3.00163 17.6769 0 0 0 -0.833227 0.552931
67.500000000 -2.90395 17.6853 0 0 0 -0.66969 0.742641
68.100000000 -2.80521 17.7218 0 0 0 -0.420315 0.907378
68.800000000 -2.73736 17.8413 0 0 0 -0.0836972 0.996491
69.400000000 -2.69203 17.97 0 0 0 0.181877 0.983321
71.100000000 -1.93155 18.7492 0 0 0 0.425111 0.905141
72.500000000 -1.26863 19.4548 0 0 0 0.395709 0.918376
73.400000000 -1.11538 19.8417 0 0 0 0.645834 0.763478
74.300000000 -1.29839 20.152 0 0 0 0.825577 0.564289
75.700000000 -1.85046 21.04 0 0 0 0.878127 0.478428
77.100000000 -2.26064 21.9947 0 0 0 0.79678 0.604269
78.600000000 -2.3047 22.9433 0 0 0 0.702918 0.711271
81.100000000 -2.27533 23.8747 0 0 0 0.684046 0.729439
85.600000000 -2.20741 24.8699 0 0 0 0.684154 0.729337
89.900000000 -2.18016 25.805 0 0 0 0.700126 0.714019
94.200000000 -2.17356 26.7904 0 0 0 0.704949 0.709258
96.400000000 -2.20188 27.7646 0 0 0 0.727211 0.686414
97.800000000 -2.33174 28.781 0 0 0 0.764101 0.645097
99.200000000 -2.71083 29.7413 0 0 0 0.839778 0.54293
100.400000000 -2.93866 30.626 0 0 0 0.779333 0.626611
102.100000000 -2.89928 31.4514 0 0 0 0.521988 0.852953
102.700000000 -2.83677 31.3949 0 0 0 0.249543 0.968364
103.300000000 -2.79298 31.2609 0 0 0 -0.0416305 0.999133
103.900000000 -2.8373 31.1868 0 0 0 -0.332275 0.943183
104.500000000 -2.90597 31.0945 0 0 0 -0.584311 0.81153
105.100000000 -2.98376 31.0453 0 0 0 -0.782132 0.623112
106.100000000 -3.31788 30.6745 0 0 0 -0.916154 0.400826
107.000000000 -3.59713 30.5852 0 0 0 -0.993979 0.109574
107.700000000 -3.59703 30.7103 0 0 0 0.972723 0.23197
108.300000000 -3.53142 30.7794 0 0 0 0.864268 0.503031
108.900000000 -3.42693 30.8526 0 0 0 0.686899 0.726753
109.900000000 -3.13103 31.2072 0 0 0 0.457778 0.889067
111.300000000 -2.48033 31.98 0 0 0 0.446825 0.894621
112.800000000 -2.03947 32.9513 0 0 0 0.612758 0.79027
114.100000000 -2.03162 33.9184 0 0 0 0.721383 0.692536
115.400000000 -2.15303 34.8835 0 0 0 0.750064 0.661366
116.900000000 -2.22326 35.8902 0 0 0 0.722532 0.691338
119.400000000 -2.22441 36.8153 0 0 0 0.703034 0.711156
123.400000000 -2.19076 37.7654 0 0 0 0.688371 0.725359
126.700000000 -2.11623 38.7817 0 0 0 0.682287 0.731085
127.900000000 -2.10825 39.6841 0 0 0 0.722482 0.69139
129.300000000 -2.23472 40.7221 0 0 0 0.806761 0.590878
130.600000000 -2.67444 41.5888 0 0 0 0.874432 0.485148
131.500000000 -2.91528 41.6666 0 0 0 0.984673 0.174409
132.100000000 -3.01893 41.5727 0 0 0 -0.997057 0.0766603
132.900000000 -3.02897 41.4163 0 0 0 -0.907219 0.420658
133.600000000 -3.00192 41.3902 0 0 0 -0.708759 0.705451
134.100000000 -2.89948 41.4146 0 0 0 -0.512713 0.85856
134.700000000 -2.82702 41.4789 0 0 0 -0.236085 0.971733
135.400000000 -2.71028 41.6253 0 0 0 0.0700609 0.997543
136.300000000 -2.50119 41.826 0 0 0 0.370858 0.92869
137.800000000 -2.0642 42.7278 0 0 0 0.587749 0.809043
139.200000000 -1.89712 43.7767 0 0 0 0.707788 0.706425
140.500000000 -1.99431 44.7619 0 0 0 0.747612 0.664136
141.800000000 -2.12768 45.7275 0 0 0 0.747605 0.664144
143.200000000 -2.15454 46.7762 0 0 0 0.704174 0.710027
144.500000000 -2.10448 47.7464 0 0 0 0.668837 0.743409
145.700000000 -2.05265 48.6469 0 0 0 0.694914 0.719093
147.100000000 -2.05626 49.6994 0 0 0 0.711819 0.702363
148.500000000 -2.06006 50.7526 0 0 0 0.706894 0.707319
149.900000000 -2.10156 51.7982 0 0 0 0.741596 0.670846
151.200000000 -2.24431 52.7448 0 0 0 0.799538 0.600616
152.600000000 -2.63599 53.7227 0 0 0 0.832271 0.554369
153.900000000 -2.92304 54.6366 0 0 0 0.783086 0.621914
155.100000000 -3.06627 55.5574 0 0 0 0.713119 0.701043
156.300000000 -2.91141 55.97 0 0 0 0.429022 0.903294
156.900000000 -2.84793 55.8755 0 0 0 0.147509 0.989061
157.600000000 -2.83268 55.7328 0 0 0 -0.194935 0.980816
158.200000000 -2.89796 55.6354 0 0 0 -0.471977 0.881611
158.700000000 -2.94442 55.6022 0 0 0 -0.672769 0.739853
159.400000000 -3.09465 55.4964 0 0 0 -0.852855 0.522147
160.900000000 -3.82438 54.795 0 0 0 -0.93903 0.343835
162.300000000 -4.35423 54.5533 0 0 0 -0.99998 0.00626551
162.900000000 -4.33038 54.6597 0 0 0 0.958576 0.284838
163.600000000 -4.2468 54.751 0 0 0 0.805224 0.592971
164.200000000 -4.12998 54.7538 0 0 0 0.59753 0.801846
165.400000000 -3.68593 55.2254 0 0 0 0.36579 0.930697
166.700000000 -2.99337 55.889 0 0 0 0.365705 0.930731
168.000000000 -2.30695 56.5845 0 0 0 0.393427 0.919356
169.300000000 -1.63212 57.2794 0 0 0 0.381146 0.924515
170.600000000 -0.8493 57.8622 0 0 0 0.27103 0.962571
172.000000000 0.107985 58.1637 0 0 0 0.0856862 0.996322
173.900000000 1.07403 58.1559 0 0 0 -0.0309092 0.999522
177.800000000 2.05058 58.0883 0 0 0 -0.0360448 0.99935
182.300000000 3.02198 58.03 0 0 0 -0.0203253 0.999793
185.800000000 3.95852 58.0123 0 0 0 -0.00653206 0.999979
189.100000000 4.91299 58.0062 0 0 0 -0.00311476 0.999995
192.400000000 5.74548 58.1361 0 0 0 0.3267 0.945128
193.000000000 5.71602 58.2625 0 0 0 0.560907 0.827879
194.600000000 5.65161 59.2723 0 0 0 0.730933 0.682449
195.400000000 5.53092 59.3218 0 0 0 0.917768 0.397117
196.000000000 5.4725 59.219 0 0 0 0.993944 0.109886
196.600000000 5.47188 59.1012 0 0 0 -0.982023 0.188763
197.200000000 5.54613 59.0092 0 0 0 -0.882372 0.470553
197.800000000 5.67936 58.9758 0 0 0 -0.704328 0.709875
198.600000000 5.8417 58.7889 0 0 0 -0.473996 0.880527
200.100000000 6.67697 58.2991 0 0 0 -0.249949 0.968259
201.400000000 7.56067 57.9718 0 0 0 -0.119137 0.992878
203.700000000 8.57851 57.86 0 0 0 -0.0202198 0.999796
205.100000000 9.62389 57.9359 0 0 0 0.0718061 0.997419
206.400000000 10.5442 58.039 0 0 0 0.0494224 0.998778
208.300000000 11.4507 58.0811 0 0 0 0.0138237 0.999904
212.500000000 12.4256 58.0676 0 0 0 -0.0171881 0.999852
217.100000000 13.3885 58.0592 0 0 0 -0.00617711 0.999981
221.900000000 14.3404 58.0532 0 0 0 -0.00290356 0.999996
226.200000000 15.3316 58.0473 0 0 0 -0.00290333 0.999996
229.800000000 16.3013 58.0415 0 0 0 -0.00290317 0.999996
233.400000000 17.2421 58.0357 0 0 0 -0.00290304 0.999996
237.000000000 18.2281 58.086 0 0 0 0.0958618 0.995395
237.500000000 18.2045 58.1641 0 0 0 0.338734 0.940882
238.100000000 18.1057 58.2289 0 0 0 0.601654 0.798757
239.000000000 17.9745 58.5172 0 0 0 0.812398 0.583103
240.500000000 17.5557 59.4258 0 0 0 0.819216 0.573485
241.500000000 17.5637 59.7374 0 0 0 0.584426 0.811447
242.200000000 17.6848 59.6575 0 0 0 0.276302 0.961071
242.800000000 17.7029 59.5599 0 0 0 -0.0116636 0.999932
243.300000000 17.713 59.4542 0 0 0 -0.239588 0.970875
244.900000000 18.4184 58.6594 0 0 0 -0.427584 0.903976
246.200000000 19.083 57.9378 0 0 0 -0.385593 0.922669
247.800000000 19.7841 57.2893 0 0 0 -0.368883 0.929476
251.000000000 20.4967 56.594 0 0 0 -0.379119 0.925348
254.800000000 21.1525 55.9004 0 0 0 -0.413675 0.910424
257.300000000 21.7414 54.9296 0 0 0 -0.536934 0.843624
259.000000000 21.9638 54.0495 0 0 0 -0.649912 0.76001
262.700000000 21.9767 53.1183 0 0 0 -0.718456 0.695573
267.100000000 21.9048 52.1412 0 0 0 -0.734035 0.679111
271.000000000 21.8471 51.2122 0 0 0 -0.708072 0.70614
272.100000000 22.0939 50.7275 0 0 0 -0.485939 0.873993
273.600000000 22.8309 49.9823 0 0 0 -0.36725 0.930122
275.700000000 23.4941 49.3457 0 0 0 -0.377518 0.926002
277.500000000 23.7044 48.9307 0 0 0 -0.649632 0.760249
278.300000000 23.6946 48.9319 0 0 0 -0.854436 0.519557
279.800000000 22.8143 48.0707 0 0 0 -0.925436 0.378903
281.000000000 22.1826 47.4051 0 0 0 -0.927346 0.374204
282.400000000 21.4461 46.6538 0 0 0 -0.923538 0.383508
283.600000000 20.8073 46.0148 0 0 0 -0.922645 0.38565
285.000000000 20.0727 45.2702 0 0 0 -0.922645 0.38565
286.300000000 19.3835 44.5717 0 0 0 -0.922645 0.38565
287.600000000 18.7259 43.8629 0 0 0 -0.923794 0.38289
289.100000000 17.8652 43.2431 0 0 0 -0.966502 0.256659
290.400000000 16.9291 42.9691 0 0 0 -0.995225 0.0976063
291.700000000 15.9463 42.9243 0 0 0 -0.99982 0.0189659
293.200000000 14.8869 42.7496 0 0 0 -0.986356 0.164627
294.600000000 14.05 42.1731 0 0 0 -0.935838 0.35243
295.900000000 13.4184 41.508 0 0 0 -0.920082 0.391726
298.500000000 12.7333 40.8101 0 0 0 -0.922858 0.385139
301.600000000 12.3192 40.1219 0 0 0 -0.758769 0.65136
302.400000000 12.4496 39.8257 0 0 0 -0.580749 0.814083
304.000000000 13.0626 38.9957 0 0 0 -0.409547 0.912289
306.800000000 13.7627 38.2952 0 0 0 -0.381755 0.924264
311.600000000 14.4506 37.6101 0 0 0 -0.381755 0.924264
316.400000000 15.1322 36.9315 0 0 0 -0.381755 0.924264
321.200000000 15.8126 36.254 0 0 0 -0.381755 0.924264
326.100000000 16.5105 35.559 0 0 0 -0.381755 0.924264
330.900000000 17.1943 34.8802 0 0 0 -0.378749 0.925499
331.600000000 17.1887 34.8745 0 0 0 -0.114011 0.993479
332.300000000 17.19 34.8643 0 0 0 0.205668 0.978622
333.300000000 17.4174 35.2163 0 0 0 0.472706 0.88122
334.800000000 17.6325 36.1644 0 0 0 0.67096 0.741494
336.300000000 17.5396 36.9209 0 0 0 0.86629 0.499542
336.900000000 17.4593 36.8341 0 0 0 0.975223 0.221225
337.400000000 17.4521 36.7372 0 0 0 -0.999654 0.0263122
338.100000000 17.4959 36.611 0 0 0 -0.930025 0.367496
338.700000000 17.5886 36.5524 0 0 0 -0.779884 0.625924
339.400000000 17.7394 36.5001 0 0 0 -0.546168 0.837675
341.000000000 18.5541 35.7861 0 0 0 -0.353989 0.93525
342.200000000 19.1615 35.1992 0 0 0 -0.359729 0.933057
344.300000000 19.9467 34.515 0 0 0 -0.359714 0.933063
348.500000000 20.7318 33.9785 0 0 0 -0.267465 0.963567
350.400000000 21.6178 33.6141 0 0 0 -0.151605 0.988441
352.300000000 22.563 33.517 0 0 0 -0.0262103 0.999656
356.300000000 23.5469 33.5048 0 0 0 0.0217232 0.999764
361.200000000 24.5196 33.5652 0 0 0 0.0322329 0.99948
366.100000000 25.4877 33.618 0 0 0 0.0165473 0.999863
371.000000000 26.449 33.6336 0 0 0 0.00554975 0.999985
373.000000000 27.2093 33.3491 0 0 0 -0.280431 0.959874
374.400000000 27.959 32.6832 0 0 0 -0.398474 0.917179
378.500000000 28.6471 31.9639 0 0 0 -0.388821 0.921313
382.000000000 29.318 31.2743 0 0 0 -0.385369 0.922763
385.800000000 30.0101 30.5737 0 0 0 -0.385369 0.922763
390.200000000 30.701 29.8844 0 0 0 -0.385369 0.922763
394.200000000 31.3782 29.1988 0 0 0 -0.385369 0.922763
398.200000000 32.0544 28.5144 0 0 0 -0.385369 0.922763
402.500000000 32.7253 27.835 0 0 0 -0.385369 0.922763
405.800000000 33.3706 27.1156 0 0 0 -0.411389 0.91146
407.000000000 33.9872 26.3542 0 0 0 -0.467726 0.883873
408.400000000 34.4295 25.446 0 0 0 -0.561916 0.827195
410.200000000 34.5204 24.4562 0 0 0 -0.690162 0.723655
414.100000000 34.5011 23.4881 0 0 0 -0.725191 0.688548
415.600000000 34.0157 22.7198 0 0 0 -0.884863 0.465852
416.800000000 33.5686 21.96 0 0 0 -0.873136 0.487477
418.300000000 33.277 21.0342 0 0 0 -0.788181 0.615443
420.300000000 33.2142 20.0764 0 0 0 -0.578923 0.815382
421.000000000 33.2193 20.0866 0 0 0 -0.26027 0.965536
421.600000000 33.2259 20.0918 0 0 0 0.0454088 0.998968
422.200000000 33.1809 20.1911 0 0 0 0.338596 0.940932
422.700000000 33.172 20.1958 0 0 0 0.56468 0.82531
423.400000000 33.1309 20.1804 0 0 0 0.782886 0.622166
424.500000000 32.7504 20.6099 0 0 0 0.919834 0.392307
425.900000000 31.8788 21.173 0 0 0 0.974212 0.225635
427.600000000 30.8963 21.4312 0 0 0 0.996545 0.0830507
431.000000000 29.9257 21.4612 0 0 0 -1 0.000664362
435.700000000 28.9693 21.4287 0 0 0 -0.999666 0.0258499
438.700000000 27.9815 21.1773 0 0 0 -0.973224 0.229859
440.300000000 27.2528 20.538 0 0 0 -0.92287 0.385111
443.200000000 26.584 19.8488 0 0 0 -0.923328 0.384011
448.000000000 25.9027 19.1671 0 0 0 -0.923755 0.382983
452.300000000 25.2154 18.4788 0 0 0 -0.923755 0.382983
456.600000000 24.5368 17.8093 0 0 0 -0.923755 0.382983
460.900000000 23.8634 17.125 0 0 0 -0.923755 0.382983
465.400000000 23.1574 16.4281 0 0 0 -0.923755 0.382983
469.600000000 22.4914 15.7611 0 0 0 -0.923755 0.382983
474.300000000 21.8016 15.0704 0 0 0 -0.923755 0.382983
478.800000000 21.1232 14.391 0 0 0 -0.923755 0.382983
482.000000000 20.4246 13.6915 0 0 0 -0.923755 0.382983
485.100000000 19.7648 13.0308 0 0 0 -0.923755 0.382983
488.600000000 19.0727 12.3377 0 0 0 -0.923755 0.382983
492.000000000 18.3633 11.6174 0 0 0 -0.923755 0.382983
495.800000000 17.6326 10.9337 0 0 0 -0.929432 0.368992
499.500000000 16.9139 10.2425 0 0 0 -0.927438 0.373977
502.600000000 16.1706 9.56204 0 0 0 -0.945449 0.32577
503.900000000 15.3123 9.0545 0 0 0 -0.963762 0.266762
505.300000000 14.5204 8.38726 0 0 0 -0.924932 0.380133
506.700000000 13.8055 7.64442 0 0 0 -0.919849 0.392272
507.900000000 13.1686 7.00266 0 0 0 -0.924812 0.380426
509.200000000 12.4786 6.31611 0 0 0 -0.92568 0.378308
510.600000000 11.7255 5.58082 0 0 0 -0.923907 0.382616
512.000000000 11.0162 4.80429 0 0 0 -0.906008 0.423261
513.400000000 10.5109 3.89213 0 0 0 -0.829383 0.558681
514.700000000 10.3531 2.94324 0 0 0 -0.726749 0.686903
516.000000000 10.4608 1.9913 0 0 0 -0.667514 0.744597
517.000000000 10.2001 1.56944 0 0 0 -0.845487 0.533995
518.500000000 9.47628 0.8145 0 0 0 -0.927359 0.374173
519.800000000 8.7666 0.126582 0 0 0 -0.925567 0.378584
521.100000000 8.06703 -0.562045 0 0 0 -0.923311 0.384053
528.700000000 7.36205 -1.0239 0 0 0 -0.997335 0.0729608
529.600000000 6.99114 -0.859833 0 0 0 0.984449 0.17567
531.000000000 6.15504 -0.350164 0 0 0 0.967623 0.252401
532.300000000 5.25413 0.000964306 0 0 0 0.990465 0.137766
533.600000000 4.28749 0.0839623 0 0 0 -0.999999 0.00138169
534.800000000 3.3929 0.00356612 0 0 0 -0.999253 0.0386453
536.100000000 2.42143 -0.0501774 0 0 0 -0.999929 0.0118828
537.500000000 1.37888 -0.030373 0 0 0 0.999741 0.0227413
538.700000000 0.475212 -0.00763916 0 0 0 -0.999989 0.00478834
540.200000000 -0.488275 -0.0193761 0 0 0 -0.999993 0.00362125
541.700000000 -0.95218 0.0968659 0 0 0 0.949064 0.315084
542.200000000 -0.883369 0.174113 0 0 0 0.843477 0.537165
542.900000000 -0.784207 0.181514 0 0 0 0.611338 0.79137
543.600000000 -0.597586 0.226181 0 0 0 0.369218 0.929343
544.300000000 -0.384531 0.252595 0 0 0 0.120575 0.992704
545.100000000 -0.17724 0.136185 0 0 0 -0.162271 0.986746
546.600000000 0.833345 -0.301733 0 0 0 -0.213088 0.977033
548.100000000 1.21278 -0.347439 0 0 0 0.111824 0.993728
548.900000000 1.18114 -0.273616 0 0 0 0.367535 0.93001
550.000000000 1.12751 -0.0737398 0 0 0 0.598676 0.800991
551.200000000 1.02538 0.0568399 0 0 0 0.821039 0.570872
552.000000000 0.944428 -0.0101169 0 0 0 0.949687 0.3132
552.800000000 0.906794 -0.106026 0 0 0 0.999542 0.0302633
554.800000000 -0.128783 -0.337148 0 0 0 -0.996757 0.0804695
555.900000000 -0.37192 -0.270986 0 0 0 0.970682 0.240367
556.500000000 -0.314714 -0.187194 0 0 0 0.871672 0.49009
557.100000000 -0.219302 -0.14918 0 0 0 0.702301 0.71188
558.000000000 -0.0163619 0.0435453 0 0 0 0.445597 0.895233
558.800000000 0.218965 0.0868904 0 0 0 0.179398 0.983777
560.600000000 1.21494 0.0704804 0 0 0 -0.0326195 0.999468
561.800000000 1.39469 -0.0499405 0 0 0 -0.336716 0.941606
562.500000000 1.30614 -0.117465 0 0 0 -0.571969 0.820275
563.100000000 1.19768 -0.159952 0 0 0 -0.741474 0.670982
565.000000000 1.40076 -1.12276 0 0 0 -0.504442 0.863445
566.300000000 2.0329 -1.76537 0 0 0 -0.337132 0.941457
567.700000000 2.94027 -2.26534 0 0 0 -0.187398 0.982284
569.200000000 3.91712 -2.4119 0 0 0 -0.0250474 0.999686
571.700000000 4.89244 -2.39078 0 0 0 0.0223716 0.99975
575.900000000 5.87302 -2.32786 0 0 0 0.0326585 0.999467
580.400000000 6.85215 -2.28196 0 0 0 0.0149882 0.999888
584.900000000 7.82484 -2.27011 0 0 0 0.00389817 0.999992
589.100000000 8.82909 -2.26865 0 0 0 0.000690876 1
593.000000000 9.77758 -2.26725 0 0 0 0.000690876 1
597.700000000 10.7156 -2.26585 0 0 0 0.000690876 1
601.400000000 11.7006 -2.26445 0 0 0 0.000690875 1
606.300000000 12.6808 -2.26304 0 0 0 0.000690875 1
610.200000000 13.6398 -2.26162 0 0 0 0.000690875 1
615.100000000 14.6118 -2.26021 0 0 0 0.000690875 1
619.300000000 15.6048 -2.25877 0 0 0 0.000690875 1
623.100000000 16.5946 -2.24737 0 0 0 0.000690875 1
626.600000000 17.5308 -2.24598 0 0 0 0.000690875 1
630.000000000 18.4301 -2.12115 0 0 0 0.335233 0.942135
630.700000000 18.4179 -1.92684 0 0 0 0.574459 0.818534
631.700000000 18.3345 -1.42542 0 0 0 0.76188 0.647718
633.100000000 18.0641 -0.44312 0 0 0 0.78254 0.622601
634.400000000 17.9762 0.512332 0 0 0 0.711013 0.703179
636.000000000 18.2786 1.42197 0 0 0 0.491543 0.870853
637.500000000 19.0252 2.19604 0 0 0 0.361375 0.932421
639.100000000 19.7054 2.81508 0 0 0 0.364376 0.931252
642.600000000 20.3843 3.46385 0 0 0 0.375713 0.926736
646.900000000 21.0493 4.11939 0 0 0 0.380028 0.924975
651.600000000 21.7486 4.82019 0 0 0 0.380028 0.924975
656.400000000 22.4441 5.49746 0 0 0 0.380028 0.924975
661.300000000 23.1384 6.19334 0 0 0 0.380028 0.924975
666.200000000 23.8452 6.88168 0 0 0 0.380028 0.924975
670.900000000 24.5507 7.58895 0 0 0 0.380028 0.924975
675.300000000 25.2555 8.2515 0 0 0 0.358028 0.933711
677.500000000 26.1901 8.79814 0 0 0 0.262784 0.964855
679.200000000 27.0574 9.13979 0 0 0 0.0983961 0.995147
682.500000000 28.1583 9.17564 0 0 0 -0.0228947 0.999738
684.200000000 29.0926 9.05206 0 0 0 -0.0608218 0.998149
688.100000000 30.0277 9.00372 0 0 0 -0.0248405 0.999691
690.300000000 30.884 8.65544 0 0 0 -0.316396 0.948627
691.500000000 31.5044 7.99773 0 0 0 -0.406393 0.913698
692.800000000 32.1672 7.28349 0 0 0 -0.389033 0.921224
694.200000000 32.9188 6.54605 0 0 0 -0.382093 0.924124
695.600000000 33.636 5.78578 0 0 0 -0.415613 0.909542
697.000000000 34.1821 4.88707 0 0 0 -0.53693 0.843627
698.500000000 34.3825 3.8115 0 0 0 -0.688171 0.725549
699.800000000 34.2913 2.84254 0 0 0 -0.750807 0.660522
701.100000000 34.1179 1.88725 0 0 0 -0.772888 0.634543
702.200000000 34.2092 1.4525 0 0 0 -0.536346 0.843998
703.700000000 35.0199 0.64996 0 0 0 -0.379068 0.925369
704.900000000 35.633 0.0361221 0 0 0 -0.372891 0.927875
706.200000000 36.3085 -0.656786 0 0 0 -0.384278 0.923217
707.600000000 37.0486 -1.4074 0 0 0 -0.373211 0.927747
709.000000000 37.8925 -2.01568 0 0 0 -0.25609 0.966653
710.400000000 38.8765 -2.28597 0 0 0 -0.0759722 0.99711
711.900000000 39.889 -2.31706 0 0 0 0.0215537 0.999768
713.100000000 40.7997 -2.1759 0 0 0 0.0892054 0.996013
714.500000000 41.8306 -2.15665 0 0 0 -0.0260186 0.999661
715.900000000 42.8801 -2.26186 0 0 0 -0.0460907 0.998937
717.100000000 43.7839 -2.29786 0 0 0 -0.00355891 0.999994
718.500000000 44.8297 -2.27136 0 0 0 0.0100617 0.999949
719.800000000 45.2923 -2.14408 0 0 0 0.356763 0.934195
720.400000000 45.1899 -2.09279 0 0 0 0.616892 0.787048
720.900000000 45.0911 -2.08007 0 0 0 0.792053 0.610452
721.600000000 44.9657 -2.15875 0 0 0 0.953353 0.301857
722.200000000 44.9391 -2.26124 0 0 0 0.999978 0.00664896
723.200000000 44.619 -2.48756 0 0 0 -0.955664 0.294458
724.600000000 43.9028 -3.25101 0 0 0 -0.893198 0.449665
725.800000000 43.7048 -3.78698 0 0 0 -0.716476 0.697612
726.400000000 43.8156 -3.75458 0 0 0 -0.47831 0.878191
727.000000000 43.8794 -3.66527 0 0 0 -0.198013 0.980199
727.900000000 44.1735 -3.55802 0 0 0 0.117888 0.993027
729.100000000 44.6878 -3.11525 0 0 0 0.370384 0.928879
730.400000000 45.3626 -2.42377 0 0 0 0.386706 0.922203
731.900000000 46.1651 -1.84987 0 0 0 0.201778 0.979431
733.400000000 47.1332 -1.81872 0 0 0 -0.0524919 0.998621
734.700000000 48.0843 -2.00864 0 0 0 -0.10122 0.994864
736.000000000 49.0482 -2.15257 0 0 0 -0.0476354 0.998865
737.400000000 50.0996 -2.14904 0 0 0 0.0247358 0.999694
738.600000000 50.9947 -2.08955 0 0 0 0.0266886 0.999644
740.000000000 52.0438 -2.10978 0 0 0 -0.0368168 0.999322
741.200000000 52.9284 -2.16523 0 0 0 -0.0833948 0.996517
742.600000000 53.966 -2.26515 0 0 0 -0.0333435 0.999444
743.600000000 54.2829 -2.2237 0 0 0 0.282449 0.959282
744.200000000 54.1927 -2.15868 0 0 0 0.553407 0.832911
744.800000000 54.085 -2.14775 0 0 0 0.774849 0.632147
745.400000000 53.9909 -2.195 0 0 0 0.927055 0.374925
746.000000000 53.9363 -2.2805 0 0 0 0.996447 0.0842256
746.700000000 53.7456 -2.39654 0 0 0 -0.985766 0.168124
747.700000000 53.4577 -2.72808 0 0 0 -0.898501 0.438971
749.000000000 53.2706 -3.45794 0 0 0 -0.76215 0.647401
750.400000000 53.3031 -4.46791 0 0 0 -0.646739 0.762712
751.500000000 53.5125 -4.83582 0 0 0 -0.362202 0.9321
752.100000000 53.5458 -4.7196 0 0 0 -0.0711508 0.997466
753.000000000 53.8807 -4.61794 0 0 0 0.220499 0.975387
754.400000000 54.5644 -3.89557 0 0 0 0.397388 0.917651
755.700000000 55.2507 -3.22167 0 0 0 0.392893 0.919584
757.100000000 55.9965 -2.48771 0 0 0 0.370197 0.928953
758.400000000 56.6966 -1.81144 0 0 0 0.383454 0.92356
759.800000000 57.4094 -1.02133 0 0 0 0.429826 0.902912
761.200000000 57.8524 -0.114788 0 0 0 0.583565 0.812067
762.700000000 57.9662 0.789037 0 0 0 0.697296 0.716783
765.900000000 57.907 1.77197 0 0 0 0.732855 0.680385
770.600000000 57.8322 2.7072 0 0 0 0.732855 0.680385
775.400000000 57.7926 3.68734 0 0 0 0.71628 0.697813
780.000000000 57.7803 4.64052 0 0 0 0.709938 0.704264
781.900000000 57.9967 5.2087 0 0 0 0.455663 0.890152
783.300000000 58.7857 5.67139 0 0 0 0.229922 0.973209
784.500000000 59.6336 5.95749 0 0 0 0.107888 0.994163
785.900000000 60.694 6.04786 0 0 0 0.0159939 0.999872
787.200000000 61.601 6.14489 0 0 0 0.123512 0.992343
788.400000000 62.0459 6.4556 0 0 0 0.428737 0.903429
789.000000000 61.9464 6.49995 0 0 0 0.67657 0.736378
789.700000000 61.7927 6.67595 0 0 0 0.832382 0.554202
791.200000000 61.1053 7.39494 0 0 0 0.930613 0.366005
792.600000000 60.346 8.1431 0 0 0 0.925672 0.378327
793.900000000 59.6665 8.83106 0 0 0 0.918689 0.394981
795.200000000 58.987 9.52923 0 0 0 0.925565 0.378589
796.500000000 58.2952 10.2152 0 0 0 0.9246 0.38094
797.800000000 57.6069 10.9047 0 0 0 0.922225 0.386653
799.100000000 56.9193 11.6048 0 0 0 0.922225 0.386653
800.400000000 56.2364 12.301 0 0 0 0.922225 0.386653
801.800000000 55.4971 13.0294 0 0 0 0.925217 0.37944
803.100000000 54.8535 13.7685 0 0 0 0.892133 0.451773
804.300000000 54.4694 14.6147 0 0 0 0.824537 0.565808
805.900000000 54.3387 15.6025 0 0 0 0.728241 0.685322
807.600000000 54.2619 16.5515 0 0 0 0.730687 0.682713
809.100000000 53.9871 17.5041 0 0 0 0.83998 0.542618
811.400000000 53.4125 18.2949 0 0 0 0.907288 0.420511
815.100000000 52.7752 18.9704 0 0 0 0.920544 0.390639
824.800000000 52.121 19.6343 0 0 0 0.92291 0.385016
829.000000000 51.4272 20.3455 0 0 0 0.92291 0.385016
832.500000000 50.6611 21.0928 0 0 0 0.931104 0.364754
833.800000000 49.8827 21.6723 0 0 0 0.960692 0.277617
835.600000000 48.9694 22.0229 0 0 0 0.991054 0.133463
839.800000000 47.9913 22.0791 0 0 0 0.999972 0.00751241
844.600000000 47.0189 22.0447 0 0 0 -0.999419 0.0340862
849.400000000 46.0493 21.975 0 0 0 -0.999419 0.0340862
854.400000000 45.0638 21.9362 0 0 0 -0.999886 0.015087
859.200000000 44.1037 21.9225 0 0 0 -0.99999 0.00446926
864.200000000 43.1152 21.9173 0 0 0 -0.999996 0.00275433
869.000000000 42.1549 21.9116 0 0 0 -0.999996 0.00275431
874.000000000 41.1689 21.9059 0 0 0 -0.999996 0.0027543
878.900000000 40.1952 21.9003 0 0 0 -0.999996 0.0027543
883.800000000 39.225 21.8947 0 0 0 -0.999996 0.00275429
888.400000000 38.2565 21.8891 0 0 0 -0.999996 0.00275428
893.300000000 37.2915 21.8835 0 0 0 -0.999996 0.00275428
898.200000000 36.3183 21.8779 0 0 0 -0.999996 0.00275427
903.200000000 35.3315 21.8723 0 0 0 -0.999996 0.00275427
908.000000000 34.3656 21.8666 0 0 0 -0.999996 0.00275427
912.200000000 33.3866 21.715 0 0 0 -0.967095 0.254415
913.200000000 33.184 21.3372 0 0 0 -0.861307 0.508085
915.000000000 33.0913 20.4537 0 0 0 -0.686619 0.727017
917.000000000 33.2659 19.5125 0 0 0 -0.621642 0.783302
917.900000000 33.3846 19.5156 0 0 0 -0.371023 0.928624
918.700000000 33.4142 19.6368 0 0 0 -0.0808701 0.996725
919.500000000 33.4162 19.6156 0 0 0 0.206015 0.978549
920.400000000 33.3724 19.8278 0 0 0 0.462429 0.886656
921.400000000 33.3869 19.8284 0 0 0 0.70178 0.712394
923.300000000 33.1528 20.7496 0 0 0 0.841082 0.540908
924.100000000 33.1684 20.7543 0 0 0 0.949881 0.312612
925.000000000 33.1707 20.7487 0 0 0 0.999921 0.0125625
925.600000000 33.1628 20.7449 0 0 0 -0.957978 0.286841
926.100000000 33.174 20.7398 0 0 0 -0.853936 0.520379
926.700000000 33.2804 20.729 0 0 0 -0.662013 0.749492
927.400000000 33.3042 20.7373 0 0 0 -0.387293 0.921957
928.000000000 33.4522 20.6749 0 0 0 -0.143166 0.989699
929.000000000 33.93 20.792 0 0 0 0.126716 0.991939
930.500000000 34.9154 21.2891 0 0 0 0.233309 0.972403
932.200000000 35.7523 21.6153 0 0 0 0.138909 0.990305
935.900000000 36.7022 21.615 0 0 0 -0.0398311 0.999206
938.900000000 37.7026 21.4538 0 0 0 -0.0788204 0.996889
943.100000000 38.6843 21.3336 0 0 0 -0.0542039 0.99853
944.700000000 39.7107 21.2849 0 0 0 -0.00457861 0.99999
946.100000000 40.7643 21.307 0 0 0 0.0102188 0.999948
947.400000000 41.738 21.3152 0 0 0 0.00171252 0.999999
948.600000000 42.6317 21.3187 0 0 0 0.00171255 0.999999
950.200000000 43.5026 21.608 0 0 0 0.289074 0.957307
951.500000000 44.2086 22.2988 0 0 0 0.398279 0.917264
952.700000000 44.8183 22.9358 0 0 0 0.391505 0.920176
954.000000000 45.5135 23.6284 0 0 0 0.382485 0.923962
955.400000000 46.2577 24.3719 0 0 0 0.382484 0.923962
956.700000000 46.9558 25.0315 0 0 0 0.369631 0.929179
957.900000000 47.6541 25.6392 0 0 0 0.311409 0.950276
959.500000000 48.3869 26.4112 0 0 0 0.490567 0.871403
961.000000000 48.5868 27.3554 0 0 0 0.688033 0.72568
962.800000000 48.5471 28.4017 0 0 0 0.713119 0.701043
964.300000000 48.7738 29.4248 0 0 0 0.564168 0.82566
965.600000000 49.316 30.2152 0 0 0 0.427137 0.904187
967.000000000 50.0927 30.901 0 0 0 0.308722 0.951152
968.300000000 50.8497 31.5221 0 0 0 0.367764 0.929919
969.600000000 51.5438 32.1756 0 0 0 0.387049 0.922059
970.900000000 52.2233 32.9153 0 0 0 0.382767 0.923845
972.200000000 52.9933 33.5172 0 0 0 0.282546 0.959254
973.600000000 53.6824 33.7689 0 0 0 -0.0309295 0.999522
974.200000000 53.649 33.6198 0 0 0 -0.319219 0.947681
974.800000000 53.5598 33.5535 0 0 0 -0.58125 0.813725
975.500000000 53.3843 33.4094 0 0 0 -0.785757 0.618535
977.000000000 52.8218 32.5554 0 0 0 -0.892142 0.451755
978.400000000 52.4343 31.6765 0 0 0 -0.815368 0.578943
979.600000000 52.4035 31.0253 0 0 0 -0.631671 0.775237
980.300000000 52.5102 31.0975 0 0 0 -0.327549 0.944834
981.000000000 52.553 31.2279 0 0 0 0.0162897 0.999867
981.700000000 52.5043 31.3199 0 0 0 0.358726 0.933443
982.200000000 52.4127 31.4008 0 0 0 0.578008 0.816031
983.100000000 52.2769 31.6353 0 0 0 0.812262 0.583292
984.500000000 51.746 32.2759 0 0 0 0.937571 0.347794
985.900000000 50.8617 32.7972 0 0 0 0.950957 0.309324
987.400000000 50.0857 33.448 0 0 0 0.928104 0.372321
989.200000000 49.4814 34.1193 0 0 0 0.924312 0.381639
993.200000000 48.7822 34.8151 0 0 0 0.924312 0.381639
997.500000000 48.0966 35.4975 0 0 0 0.924312 0.381639
1001.600000000 47.4062 36.1926 0 0 0 0.920305 0.391201
1005.000000000 46.8267 36.9815 0 0 0 0.879308 0.476254
1006.400000000 46.4235 37.9397 0 0 0 0.799859 0.600189
1008.400000000 46.3298 38.9088 0 0 0 0.706486 0.707727
1009.800000000 46.4626 39.9526 0 0 0 0.66584 0.746094
1011.200000000 46.4938 40.9953 0 0 0 0.706238 0.707974
1012.500000000 46.5541 41.9889 0 0 0 0.711854 0.702328
1013.800000000 46.5251 42.9611 0 0 0 0.719932 0.694044
1015.200000000 46.3524 43.9676 0 0 0 0.701116 0.713047
1016.200000000 46.6778 44.3779 0 0 0 0.488856 0.872364
1017.600000000 47.3899 45.1297 0 0 0 0.37269 0.927956
1018.900000000 48.1628 45.734 0 0 0 0.286843 0.957978
1020.200000000 49.0664 46.0896 0 0 0 0.132026 0.991246
1021.600000000 50.0849 46.1314 0 0 0 -0.0155166 0.99988
1022.800000000 51.0033 46.083 0 0 0 -0.0495205 0.998773
1024.200000000 52.0435 45.9981 0 0 0 -0.0340821 0.999419
1025.500000000 53.0272 45.9689 0 0 0 0.00225029 0.999997
1026.800000000 54.001 45.9836 0 0 0 0.00224448 0.999997
1028.100000000 54.6628 46.2336 0 0 0 0.274507 0.961585
1029.600000000 55.4421 47.0024 0 0 0 0.398431 0.917198
1031.000000000 56.1681 47.7642 0 0 0 0.384483 0.923132
1032.200000000 56.8097 48.3916 0 0 0 0.37985 0.925048
1033.600000000 57.5075 49.1519 0 0 0 0.444898 0.895581
1034.900000000 57.867 50.0071 0 0 0 0.600282 0.799788
1036.300000000 57.945 51.0409 0 0 0 0.705387 0.708823
1037.600000000 57.8917 52.0224 0 0 0 0.733369 0.67983
1038.800000000 57.8118 52.9112 0 0 0 0.733401 0.679796
1040.200000000 58.0239 53.7326 0 0 0 0.533967 0.845506
1041.700000000 58.7185 54.4085 0 0 0 0.296582 0.955007
1042.700000000 59.0276 54.437 0 0 0 -0.0386286 0.999254
1043.400000000 58.9824 54.3147 0 0 0 -0.373616 0.927583
1044.000000000 58.8837 54.2442 0 0 0 -0.627711 0.778446
1044.700000000 58.7915 54.2649 0 0 0 -0.853535 0.521036
1045.300000000 58.6461 54.3291 0 0 0 -0.968238 0.250029
1045.900000000 58.6301 54.4216 0 0 0 0.999015 0.0443768
1046.500000000 58.5604 54.5802 0 0 0 0.961756 0.273908
1047.800000000 58.1023 55.2071 0 0 0 0.857955 0.513726
1049.100000000 57.5598 56.0091 0 0 0 0.905951 0.423383
1050.500000000 56.8134 56.7475 0 0 0 0.930376 0.366606
1051.800000000 56.0851 57.4011 0 0 0 0.936906 0.34958
1053.100000000 55.272 57.933 0 0 0 0.972588 0.232533
1054.600000000 54.2706 58.1937 0 0 0 0.998407 0.0564268
1056.700000000 53.2866 58.1216 0 0 0 -0.999059 0.0433643
1060.700000000 52.3445 58.0561 0 0 0 -0.999252 0.0386786
1064.500000000 51.359 58.0129 0 0 0 -0.999938 0.0111278
1068.300000000 50.3728 57.9962 0 0 0 -0.999997 0.00259104
1071.600000000 49.3685 57.9909 0 0 0 -0.999997 0.00259104
1074.500000000 48.4341 57.9857 0 0 0 -0.999997 0.00259104
1078.200000000 47.4743 57.9804 0 0 0 -0.999997 0.00259104
1082.700000000 46.5076 57.9752 0 0 0 -0.999997 0.00259104
1086.000000000 45.5116 57.9698 0 0 0 -0.999997 0.00259104
1089.800000000 44.5601 57.9645 0 0 0 -0.999997 0.00259104
1092.800000000 43.5946 57.9932 0 0 0 0.999859 0.0168041
1096.600000000 42.5669 58.0064 0 0 0 0.999995 0.00300394
1100.400000000 41.6122 58.0088 0 0 0 0.999999 0.00127593
1104.600000000 40.5964 58.0115 0 0 0 0.999999 0.00127593
1106.800000000 39.6102 58.014 0 0 0 0.999999 0.00127593
1109.000000000 38.5798 58.2254 0 0 0 0.979534 0.201279
1110.100000000 38.2888 58.5434 0 0 0 0.863733 0.50395
1111.700000000 38.1328 59.6096 0 0 0 0.748826 0.662766
1113.100000000 38.1914 60.183 0 0 0 0.493969 0.869479
1113.700000000 38.2972 60.1029 0 0 0 0.22119 0.975231
1114.300000000 38.3242 59.9888 0 0 0 -0.0722628 0.997386
1114.900000000 38.2731 59.8889 0 0 0 -0.359457 0.933162
1115.500000000 38.1827 59.8123 0 0 0 -0.610638 0.79191
1116.100000000 38.0878 59.7902 0 0 0 -0.809899 0.58657
1117.400000000 37.5449 59.274 0 0 0 -0.941986 0.335651
1124.600000000 36.7015 58.8108 0 0 0 -0.958084 0.286486
1126.000000000 35.9541 58.1028 0 0 0 -0.920734 0.39019
1127.400000000 35.2111 57.3482 0 0 0 -0.922446 0.386126
1128.700000000 34.5243 56.6572 0 0 0 -0.924817 0.380412
1130.000000000 33.8368 55.9668 0 0 0 -0.924817 0.380412
1131.300000000 33.1434 55.2911 0 0 0 -0.924817 0.380412
1132.700000000 32.3933 54.5521 0 0 0 -0.922017 0.387149
1134.000000000 31.7558 53.8368 0 0 0 -0.908295 0.41833
1135.800000000 31.127 53.0445 0 0 0 -0.897044 0.44194
1138.700000000 30.6708 52.1254 0 0 0 -0.810788 0.58534
1140.100000000 30.54 51.1322 0 0 0 -0.731196 0.682168
1141.700000000 30.2819 50.2779 0 0 0 -0.843756 0.536726
1145.000000000 29.6805 49.4999 0 0 0 -0.906159 0.422937
1149.300000000 29.0342 48.8116 0 0 0 -0.918319 0.395841
1153.100000000 28.3615 48.1238 0 0 0 -0.922748 0.385404
1156.600000000 27.6681 47.4426 0 0 0 -0.931128 0.364694
1158.000000000 26.8159 46.8223 0 0 0 -0.964677 0.263436
1159.600000000 25.8777 46.6235 0 0 0 -0.994256 0.107026
1162.300000000 24.9018 46.4296 0 0 0 -0.999863 0.0165444
1165.900000000 23.8144 46.504 0 0 0 0.998179 0.0603256
1168.900000000 22.8529 46.6114 0 0 0 0.999042 0.0437644
1173.500000000 21.8779 46.6443 0 0 0 0.999945 0.0105221
1177.200000000 20.8607 46.5234 0 0 0 -0.984012 0.1781
1178.500000000 20.3448 45.9945 0 0 0 -0.900938 0.433948
1179.900000000 19.9089 45.064 0 0 0 -0.805562 0.592512
1181.700000000 19.4347 44.1679 0 0 0 -0.908815 0.4172
1183.200000000 18.6129 43.6346 0 0 0 -0.972362 0.233479
1184.900000000 17.6585 43.3285 0 0 0 -0.983998 0.17818
