0.100000000 0.2 0 0 0 0 0 1
5.400000000 0.992225 -0.122896 0 0 0 -0.343459 0.939168
5.900000000 0.903493 -0.186879 0 0 0 -0.564602 0.825363
6.600000000 0.786044 -0.185482 0 0 0 -0.813719 0.581259
7.200000000 0.690792 -0.115773 0 0 0 -0.949135 0.31487
7.700000000 0.651668 -0.0244819 0 0 0 -0.997482 0.0709198
8.400000000 0.680578 0.112041 0 0 0 0.961166 0.275972
9.000000000 0.770359 0.179118 0 0 0 0.836708 0.54765
9.600000000 0.874978 0.193052 0 0 0 0.637315 0.770603
10.200000000 0.979112 0.147771 0 0 0 0.381067 0.924547
10.800000000 1.03413 0.0428676 0 0 0 0.0908348 0.995866
11.400000000 1.02041 -0.0745391 0 0 0 -0.207514 0.978232
15.100000000 1.15375 -0.0479492 0 0 0 0.158155 0.987414
15.600000000 1.11505 0.0584301 0 0 0 0.396939 0.917845
16.200000000 1.01463 0.122423 0 0 0 0.645765 0.763536
16.800000000 0.897606 0.178456 0 0 0 0.82442 0.565979
18.400000000 0.193794 0.888815 0 0 0 0.935462 0.353427
19.800000000 -0.583601 1.59151 0 0 0 0.926596 0.376058
21.200000000 -1.24806 2.41549 0 0 0 0.891055 0.453894
22.500000000 -1.74309 3.25022 0 0 0 0.859153 0.511719
23.800000000 -2.12621 4.15046 0 0 0 0.823016 0.568018
25.200000000 -2.53424 5.11796 0 0 0 0.833005 0.553265
26.500000000 -2.85549 6.05585 0 0 0 0.806267 0.591552
27.600000000 -2.84888 6.48871 0 0 0 0.598055 0.801455
28.500000000 -2.59515 6.71363 0 0 0 0.353083 0.935592
29.900000000 -1.76253 6.99398 0 0 0 0.0883572 0.996089
31.100000000 -0.880033 6.93478 0 0 0 -0.0374792 0.999297
32.500000000 0.175296 6.82301 0 0 0 -0.0508702 0.998705
34.000000000 0.934651 6.99965 0 0 0 0.217698 0.976016
35.400000000 1.66961 7.64014 0 0 0 0.382548 0.923936
37.300000000 2.33913 8.37512 0 0 0 0.39702 0.91781
39.800000000 2.83448 8.70528 0 0 0 0.0809841 0.996715
40.500000000 2.82895 8.55775 0 0 0 -0.260131 0.965573
41.000000000 2.71199 8.50095 0 0 0 -0.486347 0.873765
41.700000000 2.64155 8.45166 0 0 0 -0.753836 0.657063
42.200000000 2.54154 8.4919 0 0 0 -0.891377 0.453263
42.900000000 2.44394 8.61945 0 0 0 -0.990676 0.136238
43.600000000 2.3048 8.69769 0 0 0 0.989168 0.146791
44.700000000 1.83271 9.05766 0 0 0 0.925708 0.378238
46.100000000 1.20612 9.87511 0 0 0 0.910326 0.413891
47.500000000 0.459802 10.6164 0 0 0 0.926889 0.375335
48.800000000 -0.225884 11.3008 0 0 0 0.924454 0.381293
50.100000000 -0.918362 11.9907 0 0 0 0.924462 0.381274
51.400000000 -1.60227 12.6959 0 0 0 0.915828 0.401571
52.600000000 -2.10282 13.4379 0 0 0 0.857002 0.515312
54.100000000 -2.36023 14.4787 0 0 0 0.746158 0.665769
56.300000000 -2.29038 15.4797 0 0 0 0.669991 0.74237
58.400000000 -2.24112 16.4585 0 0 0 0.722744 0.691116
59.900000000 -2.58473 17.3962 0 0 0 0.86377 0.503887
61.300000000 -3.27779 18.1504 0 0 0 0.922803 0.385273
62.700000000 -3.81209 18.5175 0 0 0 0.996221 0.0868513
63.300000000 -3.79706 18.4005 0 0 0 -0.977391 0.211441
63.900000000 -3.72846 18.3122 0 0 0 -0.871252 0.490836
64.500000000 -3.61361 18.2837 0 0 0 -0.687289 0.726384
65.100000000 -3.51244 18.3249 0 0 0 -0.441932 0.897048
65.700000000 -3.44384 18.4116 0 0 0 -0.1571 0.987583
66.400000000 -3.26567 18.5585 0 0 0 0.107769 0.994176
67.400000000 -2.90083 18.8693 0 0 0 0.357048 0.934086
68.800000000 -2.27135 19.7 0 0 0 0.51177 0.859122
70.200000000 -2.07067 20.6384 0 0 0 0.65327 0.757125
71.600000000 -2.07963 21.6878 0 0 0 0.733355 0.679846
73.000000000 -2.16311 22.6909 0 0 0 0.736466 0.676474
75.100000000 -2.20141 23.7208 0 0 0 0.712692 0.701477
78.300000000 -2.20403 24.6232 0 0 0 0.709113 0.705095
82.200000000 -2.20991 25.6594 0 0 0 0.709111 0.705097
86.100000000 -2.21567 26.6145 0 0 0 0.709109 0.705099
89.900000000 -2.21167 27.6364 0 0 0 0.709106 0.705102
91.700000000 -2.35575 28.6961 0 0 0 0.753105 0.6579
93.000000000 -2.62173 29.6272 0 0 0 0.811709 0.584063
94.800000000 -2.76369 30.5304 0 0 0 0.576113 0.81737
95.400000000 -2.63346 30.4635 0 0 0 0.314569 0.949234
96.100000000 -2.61068 30.3608 0 0 0 -0.0259451 0.999663
96.700000000 -2.61032 30.3618 0 0 0 -0.314112 0.949386
97.100000000 -2.63829 30.3038 0 0 0 -0.495897 0.868381
97.900000000 -2.81782 30.1749 0 0 0 -0.764686 0.644403
98.700000000 -3.02093 29.9478 0 0 0 -0.898533 0.438907
99.500000000 -3.19762 29.9427 0 0 0 -0.993723 0.111869
100.100000000 -3.179 30.03 0 0 0 0.983573 0.180511
100.700000000 -3.12883 30.1013 0 0 0 0.892085 0.451867
101.400000000 -3.08158 30.2199 0 0 0 0.730557 0.682852
102.400000000 -2.79598 30.5887 0 0 0 0.510762 0.859722
103.800000000 -2.24759 31.3999 0 0 0 0.490919 0.871205
105.300000000 -2.03363 32.3806 0 0 0 0.683746 0.72972
106.600000000 -2.11804 33.3286 0 0 0 0.764444 0.64469
107.900000000 -2.28113 34.2855 0 0 0 0.740933 0.671579
109.900000000 -2.30307 35.2393 0 0 0 0.698126 0.715974
113.800000000 -2.24492 36.2049 0 0 0 0.686218 0.727396
118.000000000 -2.20112 37.1443 0 0 0 0.692592 0.721329
122.200000000 -2.1829 38.0939 0 0 0 0.702461 0.711723
124.800000000 -2.17065 39.1468 0 0 0 0.707535 0.706678
126.200000000 -2.19915 40.2002 0 0 0 0.733117 0.680103
127.500000000 -2.45142 41.1448 0 0 0 0.814056 0.580786
128.700000000 -2.81156 41.9673 0 0 0 0.832195 0.554483
129.900000000 -3.12989 42.3187 0 0 0 0.96253 0.271174
130.600000000 -3.32213 42.272 0 0 0 0.999946 0.0104386
131.400000000 -3.52512 42.1075 0 0 0 -0.963724 0.2669
132.100000000 -3.60283 41.9102 0 0 0 -0.86569 0.500581
132.700000000 -3.47864 41.8826 0 0 0 -0.679656 0.733531
133.400000000 -3.37901 41.946 0 0 0 -0.386345 0.922354
134.000000000 -3.31072 42.0128 0 0 0 -0.104961 0.994476
134.500000000 -3.29209 42.129 0 0 0 0.132084 0.991239
135.500000000 -2.98287 42.4719 0 0 0 0.412789 0.910827
136.900000000 -2.3535 43.2979 0 0 0 0.507421 0.861698
138.100000000 -2.11263 44.1873 0 0 0 0.601888 0.79858
139.500000000 -2.04909 45.2201 0 0 0 0.720176 0.693791
140.900000000 -2.14006 46.2701 0 0 0 0.736497 0.676441
142.100000000 -2.1928 47.1712 0 0 0 0.721397 0.692522
143.400000000 -2.19635 48.1448 0 0 0 0.704283 0.70992
144.700000000 -2.18637 49.1185 0 0 0 0.704833 0.709373
146.100000000 -2.1859 50.171 0 0 0 0.709738 0.704466
147.500000000 -2.19448 51.2245 0 0 0 0.709732 0.704472
148.800000000 -2.23837 52.1973 0 0 0 0.730326 0.683099
150.100000000 -2.47571 53.1164 0 0 0 0.826862 0.562405
151.700000000 -3.19339 53.8458 0 0 0 0.951358 0.308087
152.700000000 -3.46809 53.8703 0 0 0 -0.998971 0.0453556
153.300000000 -3.42253 53.7711 0 0 0 -0.94095 0.338547
153.800000000 -3.34275 53.7164 0 0 0 -0.828306 0.560276
154.500000000 -3.19928 53.6964 0 0 0 -0.585516 0.810661
155.100000000 -3.11276 53.7652 0 0 0 -0.319808 0.947482
155.700000000 -3.07119 53.8663 0 0 0 -0.0255402 0.999674
156.400000000 -2.84746 54.0138 0 0 0 0.19711 0.980381
158.000000000 -2.08865 54.79 0 0 0 0.4533 0.891358
159.300000000 -1.48909 55.5273 0 0 0 0.398495 0.917171
160.700000000 -0.739903 56.2651 0 0 0 0.379242 0.925297
161.900000000 -0.110363 56.9031 0 0 0 0.384772 0.923012
163.300000000 0.652248 57.6271 0 0 0 0.34221 0.939624
164.700000000 1.55404 58.108 0 0 0 0.175676 0.984448
166.200000000 2.53771 58.2043 0 0 0 0.0119856 0.999928
168.800000000 3.41323 58.1516 0 0 0 -0.0473805 0.998877
172.500000000 4.3643 58.0573 0 0 0 -0.039883 0.999204
176.300000000 5.39011 58.0481 0 0 0 0.0664719 0.997788
177.100000000 5.52485 58.239 0 0 0 0.365423 0.930842
177.800000000 5.53128 58.4247 0 0 0 0.599234 0.800574
179.300000000 5.59567 59.3995 0 0 0 0.744692 0.667409
180.000000000 5.46636 59.3511 0 0 0 0.924965 0.380053
180.600000000 5.40175 59.2462 0 0 0 0.995967 0.0897249
181.100000000 5.41579 59.1389 0 0 0 -0.987299 0.158875
181.800000000 5.48422 59.0427 0 0 0 -0.872657 0.488334
182.300000000 5.59859 59.0231 0 0 0 -0.725118 0.688625
182.900000000 5.7072 59.029 0 0 0 -0.505919 0.862581
184.500000000 6.56798 58.3449 0 0 0 -0.24982 0.968292
185.700000000 7.38397 58.0879 0 0 0 -0.16499 0.986295
187.700000000 8.37735 57.9357 0 0 0 -0.0414409 0.999141
191.100000000 9.36713 57.92 0 0 0 0.0109273 0.99994
193.800000000 10.3629 57.9357 0 0 0 0.00529219 0.999986
197.900000000 11.3421 57.9502 0 0 0 0.00645196 0.999979
200.300000000 12.3427 57.9947 0 0 0 0.0317668 0.999495
202.500000000 13.2616 58.0393 0 0 0 0.0167233 0.99986
206.900000000 14.2192 58.0527 0 0 0 0.00395704 0.999992
210.300000000 15.2435 58.0576 0 0 0 0.00253012 0.999997
213.200000000 16.1979 58.0627 0 0 0 0.00253012 0.999997
215.900000000 17.1412 58.1873 0 0 0 0.263001 0.964795
216.500000000 17.1158 58.3267 0 0 0 0.50405 0.863674
218.200000000 17.2162 59.323 0 0 0 0.648813 0.760948
219.500000000 17.4229 60.2793 0 0 0 0.641801 0.766871
220.600000000 17.6068 60.5499 0 0 0 0.329712 0.944082
221.200000000 17.682 60.4602 0 0 0 0.0573983 0.998351
221.900000000 17.8227 60.343 0 0 0 -0.213119 0.977026
223.500000000 18.598 59.6098 0 0 0 -0.408193 0.912896
225.000000000 19.295 58.8126 0 0 0 -0.3968 0.917905
227.700000000 20.0263 58.0002 0 0 0 -0.393033 0.919524
229.000000000 20.716 57.3122 0 0 0 -0.376239 0.926522
231.200000000 21.3958 56.5892 0 0 0 -0.427332 0.904095
232.800000000 21.905 55.7037 0 0 0 -0.584245 0.811577
234.900000000 21.9617 54.7188 0 0 0 -0.693029 0.72091
239.200000000 21.9571 53.8245 0 0 0 -0.726734 0.686919
244.000000000 21.887 52.8427 0 0 0 -0.734364 0.678756
248.700000000 21.8303 51.894 0 0 0 -0.724714 0.68905
251.300000000 21.4808 50.9258 0 0 0 -0.881311 0.472537
252.900000000 20.7975 50.2647 0 0 0 -0.931676 0.363291
256.100000000 20.0986 49.5882 0 0 0 -0.925891 0.377791
260.800000000 19.4095 48.9168 0 0 0 -0.924938 0.380117
265.100000000 18.7391 48.2543 0 0 0 -0.924938 0.380117
269.600000000 18.0312 47.5545 0 0 0 -0.924938 0.380117
274.100000000 17.347 46.8783 0 0 0 -0.924938 0.380117
278.900000000 16.6654 46.1947 0 0 0 -0.924938 0.380117
283.600000000 15.9836 45.5309 0 0 0 -0.924938 0.380117
288.200000000 15.282 44.8274 0 0 0 -0.924938 0.380117
292.100000000 14.5753 44.1387 0 0 0 -0.924938 0.380117
295.300000000 13.8986 43.4599 0 0 0 -0.924938 0.380117
298.900000000 13.2094 42.7886 0 0 0 -0.924938 0.380117
302.700000000 12.5277 42.1147 0 0 0 -0.924938 0.380117
306.400000000 11.8435 41.4385 0 0 0 -0.924938 0.380117
309.300000000 11.1825 40.7193 0 0 0 -0.906479 0.422251
310.500000000 10.6956 39.8889 0 0 0 -0.862104 0.506732
312.200000000 10.294 38.91 0 0 0 -0.759607 0.650382
314.000000000 10.4517 37.8791 0 0 0 -0.65508 0.75556
315.300000000 10.5694 36.9297 0 0 0 -0.632817 0.774301
317.000000000 10.8941 35.9648 0 0 0 -0.506472 0.862256
318.500000000 11.618 35.1446 0 0 0 -0.38463 0.923071
320.100000000 12.317 34.4762 0 0 0 -0.367572 0.929995
324.000000000 13.0985 33.8882 0 0 0 -0.275684 0.961248
328.300000000 14.0198 33.5586 0 0 0 -0.119545 0.992829
333.000000000 15.0061 33.4739 0 0 0 -0.0160468 0.999871
337.800000000 15.962 33.4993 0 0 0 0.0184876 0.999829
342.400000000 16.9284 33.5453 0 0 0 0.0301373 0.999546
346.500000000 17.8183 33.6999 0 0 0 -0.0976492 0.995221
347.700000000 18.4363 33.1715 0 0 0 -0.352406 0.935847
349.200000000 18.9626 32.2838 0 0 0 -0.563899 0.825844
350.700000000 19.0697 31.3252 0 0 0 -0.698103 0.715997
352.500000000 18.9406 30.4832 0 0 0 -0.840234 0.542224
353.200000000 18.8764 30.4731 0 0 0 -0.976626 0.214944
353.900000000 18.8633 30.6072 0 0 0 0.991825 0.127603
354.500000000 18.8963 30.6718 0 0 0 0.911015 0.412373
355.200000000 18.9752 30.7478 0 0 0 0.727224 0.6864
356.000000000 19.2021 30.9467 0 0 0 0.492571 0.870272
357.400000000 19.8983 31.5741 0 0 0 0.356112 0.934443
358.700000000 20.6064 32.2417 0 0 0 0.365552 0.930791
360.100000000 21.3925 32.9634 0 0 0 0.37608 0.926587
361.400000000 22.2398 33.4578 0 0 0 0.262588 0.964908
362.900000000 23.26 33.7209 0 0 0 0.0983289 0.995154
365.600000000 24.2191 33.766 0 0 0 -0.00141017 0.999999
370.500000000 25.1893 33.7263 0 0 0 -0.0243667 0.999703
375.200000000 26.1677 33.6648 0 0 0 -0.0323099 0.999478
379.700000000 27.1366 33.6227 0 0 0 -0.0175174 0.999847
383.100000000 28.1639 33.8362 0 0 0 0.230743 0.973015
384.600000000 28.8526 34.5651 0 0 0 0.414986 0.909828
387.300000000 29.3968 35.2323 0 0 0 0.396037 0.918235
391.900000000 30.0849 35.9346 0 0 0 0.385668 0.922637
396.100000000 30.7496 36.6028 0 0 0 0.384001 0.923333
400.600000000 31.4354 37.2927 0 0 0 0.384001 0.923333
405.000000000 32.1146 37.9761 0 0 0 0.384001 0.923333
409.600000000 32.8003 38.6658 0 0 0 0.384001 0.923333
413.900000000 33.542 39.5428 0 0 0 0.429876 0.902888
415.200000000 34.0588 40.4683 0 0 0 0.519752 0.854317
416.600000000 34.3347 41.4707 0 0 0 0.654836 0.755771
418.000000000 34.2054 42.4318 0 0 0 0.757287 0.653082
419.300000000 34.3955 43.1017 0 0 0 0.530214 0.847864
420.800000000 35.2285 43.8953 0 0 0 0.349357 0.93699
422.100000000 35.9422 44.558 0 0 0 0.371475 0.928443
423.400000000 36.664 45.244 0 0 0 0.382373 0.924008
424.800000000 36.9913 45.74 0 0 0 0.652239 0.758013
425.500000000 36.8307 45.9025 0 0 0 0.824917 0.565253
426.900000000 36.2229 46.5379 0 0 0 0.930678 0.36584
428.200000000 35.5108 47.2124 0 0 0 0.928703 0.370824
429.500000000 34.8296 47.9087 0 0 0 0.917452 0.397847
430.700000000 34.3025 48.631 0 0 0 0.867724 0.497047
432.200000000 34.0618 49.5808 0 0 0 0.756564 0.65392
433.400000000 34.0512 50.5834 0 0 0 0.674339 0.738422
434.800000000 34.2228 51.621 0 0 0 0.645533 0.763732
436.200000000 34.239 52.5738 0 0 0 0.728247 0.685315
437.600000000 33.9595 53.4458 0 0 0 0.87744 0.479686
439.000000000 33.2391 54.1723 0 0 0 0.93073 0.365708
440.300000000 32.5375 54.8491 0 0 0 0.927348 0.3742
441.700000000 31.7907 55.5915 0 0 0 0.922085 0.386986
449.200000000 31.0535 56.342 0 0 0 0.925412 0.378963
450.400000000 30.383 56.9118 0 0 0 0.946778 0.321887
451.800000000 29.4493 57.3845 0 0 0 0.984907 0.173087
453.400000000 28.5145 57.475 0 0 0 0.999574 0.0291869
455.000000000 27.5031 57.3822 0 0 0 -0.99786 0.0653935
457.400000000 26.5355 57.29 0 0 0 -0.999506 0.0314146
461.800000000 25.5631 57.263 0 0 0 -0.999956 0.0094061
466.600000000 24.6107 57.2829 0 0 0 0.999828 0.0185678
471.200000000 23.6464 57.3007 0 0 0 0.999982 0.00607756
475.800000000 22.6954 57.3041 0 0 0 0.999999 0.00107682
480.500000000 21.7304 57.3063 0 0 0 0.999999 0.00107682
484.800000000 20.9448 57.1826 0 0 0 -0.949557 0.313595
485.500000000 21.0198 57.0809 0 0 0 -0.813895 0.581012
486.400000000 21.1498 56.8259 0 0 0 -0.626922 0.779082
488.300000000 21.6813 55.9891 0 0 0 -0.445627 0.895219
489.800000000 22.3248 55.2389 0 0 0 -0.399191 0.916868
491.300000000 22.5334 54.777 0 0 0 -0.662968 0.748648
492.100000000 22.5054 54.7765 0 0 0 -0.834877 0.550436
493.600000000 21.9032 53.8734 0 0 0 -0.88169 0.471828
495.200000000 21.5927 53.0429 0 0 0 -0.761789 0.647826
496.400000000 21.7059 52.5742 0 0 0 -0.537908 0.843004
497.000000000 21.7936 52.6334 0 0 0 -0.264758 0.964315
497.700000000 21.8213 52.7284 0 0 0 0.0825673 0.996585
498.600000000 22.0983 52.9152 0 0 0 0.325303 0.94561
499.800000000 22.7009 53.5888 0 0 0 0.43978 0.898106
501.300000000 23.4908 54.4249 0 0 0 0.383738 0.923442
502.600000000 24.1493 55.0925 0 0 0 0.368131 0.929774
503.900000000 24.8531 55.7766 0 0 0 0.384799 0.923
505.200000000 25.6537 56.4338 0 0 0 0.370254 0.928931
506.500000000 26.3548 57.1183 0 0 0 0.413745 0.910393
507.900000000 27.1522 57.8546 0 0 0 0.304897 0.952385
509.400000000 27.9821 58.1638 0 0 0 0.0727424 0.997351
510.800000000 28.9021 58.1035 0 0 0 -0.0703046 0.997526
514.100000000 29.8361 57.979 0 0 0 -0.0622183 0.998063
517.800000000 30.7585 57.9025 0 0 0 -0.0270764 0.999633
521.700000000 31.7798 57.8901 0 0 0 -0.00774299 0.99997
525.200000000 32.7578 57.8846 0 0 0 -0.00145937 0.999999
527.800000000 33.681 57.8816 0 0 0 -0.00145937 0.999999
531.800000000 34.6565 57.8786 0 0 0 -0.00145937 0.999999
