0.200000000 0.2 0 0 0 0 0 1
5.600000000 1.25385 0.0021156 0 0 0 -1.55431e-05 1
6.900000000 2.20755 0.0387709 0 0 0 0.0585456 0.998285
9.300000000 3.06566 0.221443 0 0 0 -0.207827 0.978166
10.000000000 2.97911 0.179361 0 0 0 -0.530933 0.847414
10.600000000 2.85183 0.177158 0 0 0 -0.757299 0.653068
11.200000000 2.74606 0.205604 0 0 0 -0.916535 0.399955
11.800000000 2.6869 0.327536 0 0 0 -0.993832 0.110892
12.500000000 2.70542 0.452311 0 0 0 0.971446 0.237259
13.000000000 2.77119 0.527961 0 0 0 0.882806 0.469738
13.600000000 2.88686 0.544584 0 0 0 0.704528 0.709676
14.200000000 3.00261 0.514052 0 0 0 0.463257 0.886224
14.900000000 3.08547 0.410876 0 0 0 0.130599 0.991435
19.600000000 3.77531 0.7482 0 0 0 0.460368 0.887728
20.600000000 3.85387 1.26342 0 0 0 0.674445 0.738325
22.000000000 3.75153 2.24708 0 0 0 0.736469 0.676471
23.200000000 3.70672 3.14994 0 0 0 0.716907 0.697169
24.600000000 3.70269 4.19349 0 0 0 0.705541 0.70867
25.900000000 3.71014 5.16687 0 0 0 0.700635 0.713519
27.100000000 3.71481 6.0701 0 0 0 0.697355 0.716726
28.500000000 3.755 7.11296 0 0 0 0.692051 0.721848
29.800000000 3.79485 8.09422 0 0 0 0.676332 0.736597
31.400000000 4.09414 9.06903 0 0 0 0.491033 0.871141
32.700000000 4.67263 9.81426 0 0 0 0.385013 0.922911
33.900000000 5.35449 10.4373 0 0 0 0.341416 0.939912
35.200000000 6.17649 10.9491 0 0 0 0.233492 0.972359
36.600000000 7.20495 11.2317 0 0 0 0.0615695 0.998103
37.300000000 7.29927 11.1026 0 0 0 -0.220432 0.975402
38.000000000 7.2274 10.9993 0 0 0 -0.536685 0.843782
38.600000000 7.07395 10.9754 0 0 0 -0.758178 0.652047
39.300000000 7.07865 11.0303 0 0 0 -0.933229 0.359283
40.000000000 6.91021 11.1422 0 0 0 -0.999803 0.0198638
40.500000000 6.90645 11.2566 0 0 0 0.977065 0.212941
41.700000000 6.46877 11.7696 0 0 0 0.888737 0.458417
43.200000000 6.1811 12.5776 0 0 0 0.715629 0.698481
44.100000000 6.39856 12.8568 0 0 0 0.519026 0.854758
45.600000000 7.12339 13.6727 0 0 0 0.347877 0.93754
46.800000000 7.7784 14.2698 0 0 0 0.385933 0.922527
48.100000000 8.38349 15.0356 0 0 0 0.461908 0.886928
49.400000000 8.85375 15.8889 0 0 0 0.530044 0.84797
50.800000000 9.20378 16.8696 0 0 0 0.596438 0.802659
52.100000000 9.43413 17.8262 0 0 0 0.602685 0.797979
53.300000000 9.79889 18.64 0 0 0 0.495096 0.868838
54.700000000 10.3554 19.5319 0 0 0 0.474971 0.880002
55.500000000 10.5238 19.5481 0 0 0 0.164816 0.986324
56.200000000 10.6242 19.449 0 0 0 -0.132606 0.991169
57.300000000 11.1012 19.0016 0 0 0 -0.363823 0.931468
58.600000000 11.8138 18.3185 0 0 0 -0.35858 0.933499
59.900000000 12.6389 17.8482 0 0 0 -0.20235 0.979313
61.600000000 13.6791 17.7351 0 0 0 0.0441219 0.999026
63.000000000 14.6703 18.0236 0 0 0 0.135117 0.99083
64.300000000 15.6096 18.1953 0 0 0 0.0689893 0.997617
65.700000000 16.56 18.2632 0 0 0 0.0239472 0.999713
68.300000000 17.4956 18.2816 0 0 0 -0.00464159 0.999989
70.000000000 18.4743 18.6525 0 0 0 0.278203 0.960522
71.500000000 19.264 19.4143 0 0 0 0.397632 0.917545
72.700000000 19.8778 20.0677 0 0 0 0.38707 0.92205
73.500000000 20.0826 20.0689 0 0 0 0.0887756 0.996052
74.200000000 20.2746 19.9615 0 0 0 -0.163993 0.986461
75.800000000 20.9618 19.2267 0 0 0 -0.412651 0.910889
77.100000000 21.6244 18.5118 0 0 0 -0.390781 0.920484
78.400000000 22.3145 17.8339 0 0 0 -0.379945 0.925009
79.800000000 23.063 17.0943 0 0 0 -0.379922 0.925019
81.100000000 23.7833 16.4379 0 0 0 -0.350127 0.936702
82.400000000 24.5421 15.83 0 0 0 -0.316815 0.948488
83.700000000 25.3488 15.3067 0 0 0 -0.263901 0.96455
84.900000000 26.1848 14.8834 0 0 0 -0.228586 0.973524
86.400000000 26.7707 14.2293 0 0 0 -0.501153 0.865359
87.700000000 26.8762 13.4629 0 0 0 -0.710285 0.703914
89.100000000 26.5532 12.6476 0 0 0 -0.867865 0.496799
90.700000000 25.7427 12.0246 0 0 0 -0.971356 0.237628
92.100000000 24.8245 11.7998 0 0 0 -0.997273 0.0738045
93.600000000 23.8629 11.7865 0 0 0 0.999659 0.0261104
95.000000000 22.8397 11.9204 0 0 0 0.997204 0.0747315
96.400000000 21.7913 12.0871 0 0 0 0.996912 0.0785301
97.800000000 20.7572 12.2281 0 0 0 0.998057 0.0623053
99.100000000 19.7598 12.3176 0 0 0 0.998918 0.0465154
100.500000000 19.2155 12.2679 0 0 0 -0.971013 0.239027
101.200000000 19.3276 12.1758 0 0 0 -0.830154 0.557535
101.900000000 19.4649 12.1708 0 0 0 -0.588613 0.808415
102.600000000 19.5535 12.2308 0 0 0 -0.285503 0.958378
103.200000000 19.6771 12.3257 0 0 0 -0.019947 0.999801
105.000000000 20.7117 12.5 0 0 0 0.012728 0.999919
106.300000000 21.6732 12.3867 0 0 0 -0.0534224 0.998572
107.700000000 22.7271 12.3491 0 0 0 -0.0189063 0.999821
109.000000000 23.7108 12.3386 0 0 0 -0.00383367 0.999993
110.300000000 24.6946 12.329 0 0 0 6.86502e-05 1
111.600000000 25.6458 12.4015 0 0 0 0.0412791 0.999148
113.000000000 26.6111 12.7027 0 0 0 0.234608 0.97209
114.400000000 27.41 13.3731 0 0 0 0.395232 0.918581
115.700000000 28.0316 14.0751 0 0 0 0.389755 0.920919
117.000000000 28.7317 14.7634 0 0 0 0.38034 0.924847
118.300000000 29.435 15.4532 0 0 0 0.380939 0.9246
119.600000000 30.1322 16.1346 0 0 0 0.380917 0.924609
120.900000000 30.8202 16.826 0 0 0 0.380876 0.924626
122.200000000 31.5183 17.5082 0 0 0 0.380816 0.924651
123.400000000 32.157 18.1405 0 0 0 0.380763 0.924673
124.700000000 32.8442 18.8312 0 0 0 0.380764 0.924672
126.100000000 33.5913 19.5721 0 0 0 0.380768 0.92467
127.300000000 34.2286 20.2028 0 0 0 0.380776 0.924667
128.700000000 34.9786 20.9419 0 0 0 0.386345 0.922355
130.000000000 35.6408 21.666 0 0 0 0.40284 0.91527
131.400000000 36.3639 22.4204 0 0 0 0.383042 0.923731
132.600000000 37.0024 23.0595 0 0 0 0.397084 0.917782
134.000000000 37.5889 23.9221 0 0 0 0.506772 0.86208
135.200000000 37.8578 24.7773 0 0 0 0.625774 0.780005
136.600000000 37.8465 25.8073 0 0 0 0.727977 0.685602
137.900000000 37.7744 26.7819 0 0 0 0.754488 0.656314
139.200000000 37.7087 27.7534 0 0 0 0.713742 0.700409
140.400000000 37.6998 28.6572 0 0 0 0.6993 0.714829
141.800000000 37.9379 29.334 0 0 0 0.459823 0.888011
142.700000000 38.3125 29.5294 0 0 0 0.235936 0.971769
144.300000000 39.3903 29.6825 0 0 0 0.0370036 0.999315
145.400000000 39.8447 29.5891 0 0 0 -0.239127 0.970988
146.000000000 39.7699 29.5002 0 0 0 -0.511399 0.859343
146.600000000 39.6587 29.4705 0 0 0 -0.739361 0.673309
147.300000000 39.5323 29.5287 0 0 0 -0.923313 0.384049
148.300000000 39.0845 29.4355 0 0 0 -0.993419 0.114535
149.800000000 37.9967 29.4953 0 0 0 0.998286 0.0585319
151.200000000 37.0869 29.5593 0 0 0 -0.999794 0.0202771
152.400000000 36.5201 29.2678 0 0 0 -0.952232 0.305375
153.700000000 35.8426 28.5667 0 0 0 -0.915403 0.402538
155.000000000 35.1682 27.8612 0 0 0 -0.920531 0.390669
156.300000000 34.4192 27.2441 0 0 0 -0.956494 0.291753
157.800000000 33.4394 26.836 0 0 0 -0.993711 0.111977
159.700000000 32.4513 26.7526 0 0 0 -0.999807 0.0196492
162.000000000 31.4182 26.7858 0 0 0 0.999751 0.0223217
163.300000000 30.4483 26.8659 0 0 0 0.998677 0.0514213
164.600000000 29.449 26.95 0 0 0 0.997198 0.0748009
166.000000000 28.5319 27.3349 0 0 0 0.970869 0.239611
167.300000000 27.775 27.9352 0 0 0 0.926561 0.376145
168.600000000 27.149 28.6783 0 0 0 0.91701 0.398864
169.500000000 27.043 28.9129 0 0 0 0.755181 0.655517
170.100000000 27.1598 28.9046 0 0 0 0.531626 0.84698
170.800000000 27.2626 28.8161 0 0 0 0.215945 0.976405
171.400000000 27.2877 28.7043 0 0 0 -0.0775002 0.996992
172.000000000 27.2458 28.6175 0 0 0 -0.363994 0.931401
172.700000000 27.152 28.5082 0 0 0 -0.644231 0.764831
173.300000000 27.0376 28.4461 0 0 0 -0.818341 0.574733
174.600000000 26.5044 27.9483 0 0 0 -0.946502 0.322699
176.000000000 25.6737 27.3259 0 0 0 -0.942874 0.33315
177.300000000 24.8852 26.7421 0 0 0 -0.959064 0.283189
178.800000000 23.8978 26.4221 0 0 0 -0.995601 0.0936911
180.300000000 22.844 26.4426 0 0 0 0.998828 0.0483976
181.600000000 21.8572 26.6011 0 0 0 0.996963 0.0778793
183.000000000 20.8718 26.684 0 0 0 0.999592 0.0285537
185.000000000 19.947 26.7079 0 0 0 0.999993 0.00379588
188.600000000 18.9693 26.6989 0 0 0 -1 0.000285004
192.400000000 17.9946 26.6987 0 0 0 -1 0.000380431
196.200000000 17.0057 26.6982 0 0 0 -1 0.000477507
199.900000000 16.0466 26.6901 0 0 0 0.999993 0.0036415
203.400000000 15.0153 26.7208 0 0 0 0.999961 0.00887229
205.000000000 14.0328 26.8935 0 0 0 0.975384 0.220513
206.000000000 13.7305 27.275 0 0 0 0.885285 0.465049
207.200000000 13.5937 27.9333 0 0 0 0.733427 0.679768
208.500000000 13.8162 28.6528 0 0 0 0.522036 0.852923
209.800000000 14.4256 29.3004 0 0 0 0.341384 0.939924
211.300000000 15.4178 29.7354 0 0 0 0.14175 0.989903
212.200000000 15.6424 29.6558 0 0 0 -0.190245 0.981737
212.800000000 15.5767 29.5585 0 0 0 -0.464764 0.885435
213.400000000 15.4787 29.5133 0 0 0 -0.703548 0.710648
214.100000000 15.3473 29.3339 0 0 0 -0.855903 0.517136
215.000000000 15.0069 29.1432 0 0 0 -0.958795 0.284099
216.400000000 14.1154 28.7682 0 0 0 -0.971418 0.237376
217.700000000 13.3708 28.151 0 0 0 -0.919396 0.393333
219.000000000 12.7262 27.4143 0 0 0 -0.918401 0.395652
220.400000000 11.9053 26.7971 0 0 0 -0.967359 0.25341
222.100000000 10.9018 26.5711 0 0 0 -0.997748 0.0670765
224.800000000 9.96387 26.5405 0 0 0 0.999966 0.00821574
226.500000000 8.89293 26.5931 0 0 0 0.999606 0.0280606
227.700000000 8.00191 26.6372 0 0 0 0.999543 0.0302197
229.100000000 6.95082 26.6898 0 0 0 0.999549 0.0300321
230.400000000 5.99586 26.7774 0 0 0 0.999324 0.0367729
231.700000000 5.07435 27.0354 0 0 0 0.990915 0.134491
233.100000000 4.20676 27.5426 0 0 0 0.945833 0.324653
234.400000000 3.55427 28.2685 0 0 0 0.896922 0.442189
235.700000000 3.14871 29.1277 0 0 0 0.810378 0.585907
236.500000000 3.23494 29.3875 0 0 0 0.624379 0.781122
238.000000000 3.79552 30.1646 0 0 0 0.395316 0.918545
239.400000000 4.64357 30.6845 0 0 0 0.204482 0.97887
240.500000000 5.03207 30.6827 0 0 0 -0.139974 0.990155
241.100000000 4.97622 30.5794 0 0 0 -0.422182 0.906511
241.600000000 4.91239 30.5069 0 0 0 -0.619784 0.784772
242.300000000 4.7943 30.4081 0 0 0 -0.820654 0.571426
243.900000000 4.07644 29.6532 0 0 0 -0.930375 0.366609
245.100000000 3.42863 29.0244 0 0 0 -0.926883 0.375352
246.500000000 2.68733 28.2348 0 0 0 -0.920251 0.39133
247.800000000 2.01119 27.5318 0 0 0 -0.922934 0.384959
249.200000000 1.27091 26.7843 0 0 0 -0.922901 0.385038
250.500000000 0.580368 26.0969 0 0 0 -0.922867 0.385118
251.700000000 -0.0503543 25.4598 0 0 0 -0.922842 0.385179
253.100000000 -0.789983 24.7019 0 0 0 -0.922159 0.386812
254.300000000 -1.39835 24.0534 0 0 0 -0.914356 0.404912
256.400000000 -2.05376 23.2762 0 0 0 -0.899771 0.436363
257.800000000 -2.49982 22.3518 0 0 0 -0.814665 0.579932
258.700000000 -2.359 22.0506 0 0 0 -0.61489 0.788613
259.800000000 -2.01509 21.5508 0 0 0 -0.412106 0.911136
261.200000000 -1.24147 20.8374 0 0 0 -0.367541 0.930007
262.400000000 -0.55633 20.2613 0 0 0 -0.32346 0.946242
263.700000000 0.316191 19.8207 0 0 0 -0.182639 0.98318
264.500000000 0.439133 19.9141 0 0 0 0.149959 0.988692
265.100000000 0.376896 20.0132 0 0 0 0.434926 0.900466
265.800000000 0.267364 20.0563 0 0 0 0.717808 0.696241
266.300000000 0.135875 20.0282 0 0 0 0.867514 0.497413
267.300000000 -0.237896 20.2136 0 0 0 0.976232 0.216726
268.700000000 -1.19363 20.3042 0 0 0 0.999769 0.021515
270.100000000 -2.26349 20.2654 0 0 0 -0.99907 0.0431099
271.300000000 -3.14606 20.2469 0 0 0 0.999572 0.0292392
272.700000000 -4.20281 20.3647 0 0 0 0.99789 0.0649237
274.000000000 -5.14397 20.5026 0 0 0 0.996724 0.0808787
275.400000000 -6.08798 20.6207 0 0 0 -0.999525 0.030803
276.300000000 -6.4423 20.4265 0 0 0 -0.963778 0.266704
277.700000000 -7.20138 19.7157 0 0 0 -0.919913 0.392122
278.900000000 -7.81827 19.0556 0 0 0 -0.918512 0.395394
280.300000000 -8.56837 18.3079 0 0 0 -0.923889 0.382662
281.600000000 -8.98897 18.0415 0 0 0 -0.999191 0.0402151
282.200000000 -8.97448 18.1882 0 0 0 0.968082 0.250635
282.800000000 -8.90593 18.2852 0 0 0 0.857121 0.515114
283.400000000 -8.79974 18.335 0 0 0 0.676578 0.736371
284.600000000 -8.46034 18.9788 0 0 0 0.503553 0.863965
285.900000000 -8.07441 19.8776 0 0 0 0.578367 0.815777
287.400000000 -8.016 20.7937 0 0 0 0.770509 0.637429
288.700000000 -8.38989 21.476 0 0 0 0.901772 0.432212
290.000000000 -9.15119 22.1456 0 0 0 0.927836 0.372987
291.300000000 -9.84108 22.8237 0 0 0 0.926988 0.37509
292.600000000 -10.5451 23.4977 0 0 0 0.926429 0.376469
293.900000000 -11.2499 24.1808 0 0 0 0.926446 0.376428
295.200000000 -11.9479 24.8558 0 0 0 0.926355 0.376651
296.500000000 -12.6961 25.5168 0 0 0 0.943279 0.332
297.800000000 -13.4855 26.0583 0 0 0 0.959922 0.280266
299.100000000 -14.347 26.5291 0 0 0 0.971957 0.235159
300.400000000 -15.2333 26.9291 0 0 0 0.980272 0.197652
301.700000000 -16.0614 27.4126 0 0 0 0.95046 0.310848
303.000000000 -16.7792 28.0829 0 0 0 0.919972 0.391985
304.200000000 -17.3841 28.7456 0 0 0 0.923663 0.383206
305.700000000 -18.2216 29.3109 0 0 0 0.978512 0.20619
307.200000000 -19.2231 29.4044 0 0 0 -0.999302 0.0373492
308.500000000 -20.1905 29.2131 0 0 0 -0.996324 0.0856676
309.800000000 -21.1566 29.0924 0 0 0 -0.999159 0.0410044
311.700000000 -22.0936 28.9521 0 0 0 -0.949691 0.313188
312.400000000 -22.0572 28.7914 0 0 0 -0.811069 0.58495
313.500000000 -22.0166 28.1838 0 0 0 -0.65746 0.753489
314.900000000 -21.8462 27.2297 0 0 0 -0.690927 0.722924
316.300000000 -22.1474 26.4818 0 0 0 -0.865077 0.501639
317.900000000 -22.9212 25.8423 0 0 0 -0.97385 0.22719
318.700000000 -23.1452 25.921 0 0 0 0.997697 0.0678214
319.300000000 -23.129 26.0259 0 0 0 0.938697 0.344742
319.900000000 -23.049 26.1031 0 0 0 0.798666 0.601775
320.500000000 -22.934 26.112 0 0 0 0.588692 0.808358
321.100000000 -22.8269 26.045 0 0 0 0.327343 0.944906
321.800000000 -22.7044 25.9424 0 0 0 0.0216756 0.999765
322.600000000 -22.5518 25.7811 0 0 0 -0.274761 0.961512
324.100000000 -21.8862 25.0471 0 0 0 -0.381167 0.924506
325.800000000 -21.3116 24.2889 0 0 0 -0.601622 0.798781
326.700000000 -21.3741 23.8886 0 0 0 -0.787773 0.615965
328.200000000 -21.8662 23.0732 0 0 0 -0.853476 0.521132
329.600000000 -22.1272 22.075 0 0 0 -0.771065 0.636757
330.900000000 -22.2814 21.115 0 0 0 -0.757925 0.652342
331.900000000 -22.4969 20.7538 0 0 0 -0.911555 0.411177
332.600000000 -22.6091 20.8195 0 0 0 -0.994334 0.106301
333.300000000 -22.6414 20.9601 0 0 0 0.975728 0.218986
334.000000000 -22.5517 21.0626 0 0 0 0.845208 0.534438
334.700000000 -22.4126 21.0882 0 0 0 0.614879 0.788621
335.400000000 -22.3261 21.0366 0 0 0 0.310914 0.950438
336.200000000 -22.0151 21.0322 0 0 0 0.0581065 0.99831
337.700000000 -21.0255 20.8131 0 0 0 -0.141696 0.98991
338.900000000 -20.1716 20.5905 0 0 0 -0.0829464 0.996554
339.600000000 -20.1237 20.7191 0 0 0 0.232834 0.972517
340.200000000 -20.2057 20.8137 0 0 0 0.508443 0.861095
340.900000000 -20.3327 20.8397 0 0 0 0.773369 0.633956
341.500000000 -20.4405 20.7932 0 0 0 0.921594 0.388156
342.400000000 -20.8008 20.8936 0 0 0 0.992649 0.121027
343.900000000 -21.8127 20.8009 0 0 0 -0.99782 0.0659919
345.200000000 -22.7995 20.6174 0 0 0 -0.995111 0.098758
346.500000000 -23.7562 20.5139 0 0 0 -0.999686 0.0250693
347.800000000 -24.7005 20.4844 0 0 0 -0.9985 0.0547532
348.500000000 -24.7596 20.3823 0 0 0 -0.953682 0.300817
349.100000000 -24.666 20.2999 0 0 0 -0.79229 0.610144
349.700000000 -24.5282 20.3132 0 0 0 -0.577025 0.816726
350.400000000 -24.4455 20.3937 0 0 0 -0.261279 0.965263
351.400000000 -23.8728 20.3419 0 0 0 -0.04778 0.998858
352.900000000 -22.7936 20.5141 0 0 0 0.114666 0.993404
354.300000000 -21.7694 20.7514 0 0 0 0.092267 0.995734
355.600000000 -20.7972 20.7892 0 0 0 -0.00870605 0.999962
356.900000000 -19.8282 20.712 0 0 0 -0.031803 0.999494
358.300000000 -18.7741 20.7096 0 0 0 0.00372417 0.999993
359.500000000 -17.8809 20.7162 0 0 0 0.00295863 0.999996
360.900000000 -16.8274 20.7112 0 0 0 0.00145295 0.999999
362.200000000 -15.8455 20.7065 0 0 0 0.000646375 1
363.700000000 -14.8023 20.5748 0 0 0 -0.147202 0.989106
365.100000000 -14.281 20.5253 0 0 0 0.135747 0.990744
365.800000000 -14.2792 20.6772 0 0 0 0.428291 0.903641
366.400000000 -14.3744 20.725 0 0 0 0.670293 0.742096
367.000000000 -14.48 20.7019 0 0 0 0.860546 0.509373
367.600000000 -14.6466 20.7023 0 0 0 0.9576 0.288101
368.600000000 -15.1414 20.7763 0 0 0 0.999355 0.0359066
370.000000000 -16.1433 20.6477 0 0 0 0.999996 0.00265605
371.400000000 -17.0613 20.973 0 0 0 0.976963 0.213407
372.900000000 -17.8701 21.664 0 0 0 0.92667 0.375876
374.200000000 -18.5389 22.3637 0 0 0 0.920758 0.390135
375.500000000 -19.2314 23.0494 0 0 0 0.923968 0.38247
376.800000000 -19.9203 23.74 0 0 0 0.923966 0.382475
378.100000000 -20.6132 24.426 0 0 0 0.923966 0.382474
379.500000000 -21.4019 25.1183 0 0 0 0.945416 0.325865
380.800000000 -22.2207 25.6391 0 0 0 0.967118 0.25433
382.100000000 -23.1188 26.0406 0 0 0 0.984158 0.177294
383.400000000 -24.0596 26.2764 0 0 0 0.994107 0.108401
384.800000000 -25.0917 26.411 0 0 0 0.998773 0.0495208
386.100000000 -26.0685 26.4557 0 0 0 0.999975 0.00703849
387.400000000 -27.039 26.3992 0 0 0 -0.998951 0.0457866
388.700000000 -28.0193 26.3759 0 0 0 0.999985 0.00550153
390.000000000 -28.9882 26.4402 0 0 0 0.998437 0.0558951
391.400000000 -29.974 26.7375 0 0 0 0.978114 0.208071
392.800000000 -30.7442 27.3629 0 0 0 0.927754 0.373192
394.200000000 -31.369 28.1145 0 0 0 0.873531 0.486769
394.900000000 -31.2928 28.2565 0 0 0 0.69789 0.716205
395.800000000 -31.0578 28.5157 0 0 0 0.465874 0.884851
397.100000000 -30.3825 29.1745 0 0 0 0.364534 0.93119
398.600000000 -29.7858 29.5363 0 0 0 0.0560433 0.998428
399.200000000 -29.7975 29.4097 0 0 0 -0.237064 0.971494
399.800000000 -29.8725 29.3191 0 0 0 -0.50957 0.860429
400.400000000 -30.0055 29.2853 0 0 0 -0.729607 0.683867
401.400000000 -30.2317 28.8684 0 0 0 -0.884569 0.46641
402.700000000 -30.9047 28.1739 0 0 0 -0.929287 0.369359
404.100000000 -31.6576 27.4391 0 0 0 -0.924634 0.380858
405.400000000 -32.3371 26.7435 0 0 0 -0.919946 0.392046
406.600000000 -32.9175 26.0595 0 0 0 -0.89792 0.440159
408.000000000 -33.458 25.1533 0 0 0 -0.862608 0.505874
409.300000000 -33.8603 24.2636 0 0 0 -0.822299 0.569055
410.600000000 -34.1128 23.3353 0 0 0 -0.781243 0.624227
412.000000000 -34.2305 22.3837 0 0 0 -0.732109 0.681188
414.000000000 -34.2519 21.4612 0 0 0 -0.706645 0.707568
415.700000000 -34.3189 20.3639 0 0 0 -0.73186 0.681455
417.200000000 -34.6249 19.4256 0 0 0 -0.867377 0.497652
418.500000000 -35.25 18.9029 0 0 0 -0.962054 0.27286
420.000000000 -36.2825 18.6332 0 0 0 -0.998085 0.0618597
421.300000000 -37.0149 18.7609 0 0 0 0.979005 0.203837
422.100000000 -37.0142 18.9524 0 0 0 0.859936 0.510402
422.800000000 -36.9882 19.1754 0 0 0 0.709869 0.704334
424.800000000 -36.7812 20.2053 0 0 0 0.723428 0.690399
425.500000000 -36.8843 20.3594 0 0 0 0.876067 0.482189
426.200000000 -36.9706 20.2495 0 0 0 0.988417 0.151766
426.800000000 -36.9705 20.1316 0 0 0 -0.989092 0.147299
427.400000000 -36.9037 20.0338 0 0 0 -0.901323 0.433147
428.000000000 -36.7932 19.9899 0 0 0 -0.73345 0.679743
428.600000000 -36.6595 19.9466 0 0 0 -0.528356 0.849023
430.200000000 -35.8915 19.1802 0 0 0 -0.34616 0.938176
431.500000000 -35.1452 18.5762 0 0 0 -0.348821 0.937189
433.700000000 -34.4082 17.8785 0 0 0 -0.374169 0.92736
436.400000000 -33.7287 17.228 0 0 0 -0.375917 0.926653
437.900000000 -32.968 16.4888 0 0 0 -0.375934 0.926646
439.100000000 -32.3248 15.8644 0 0 0 -0.375949 0.92664
440.500000000 -31.6557 15.0552 0 0 0 -0.472319 0.881428
441.900000000 -31.296 14.0868 0 0 0 -0.638019 0.770021
443.700000000 -31.3942 13.097 0 0 0 -0.7214 0.692519
447.700000000 -31.3531 12.1105 0 0 0 -0.683199 0.730232
450.000000000 -31.541 11.2674 0 0 0 -0.850067 0.526674
451.400000000 -32.2006 10.5302 0 0 0 -0.924972 0.380035
452.800000000 -32.9429 9.78471 0 0 0 -0.925306 0.37922
454.100000000 -33.664 9.26345 0 0 0 -0.951713 0.306989
455.400000000 -34.5426 8.84851 0 0 0 -0.986674 0.162707
456.900000000 -35.6306 8.79628 0 0 0 0.999997 0.00246762
458.100000000 -36.5295 8.83349 0 0 0 0.998935 0.0461458
459.400000000 -37.5 8.91449 0 0 0 0.999447 0.0332406
460.700000000 -38.0389 8.82209 0 0 0 -0.962033 0.272932
461.400000000 -37.9398 8.74444 0 0 0 -0.809757 0.586765
462.100000000 -37.8593 8.53164 0 0 0 -0.643468 0.765473
463.300000000 -37.4373 7.96606 0 0 0 -0.42926 0.903181
464.700000000 -36.9496 7.11048 0 0 0 -0.561459 0.827505
465.600000000 -36.9956 6.86176 0 0 0 -0.790489 0.612476
466.200000000 -37.1005 6.91445 0 0 0 -0.934542 0.355854
466.700000000 -37.1583 7.01657 0 0 0 -0.992918 0.118799
467.400000000 -37.1513 7.13392 0 0 0 0.974369 0.224955
468.000000000 -37.0622 7.22654 0 0 0 0.866517 0.499148
468.800000000 -36.9587 7.39992 0 0 0 0.658401 0.752667
469.400000000 -36.9539 7.43784 0 0 0 0.453225 0.891396
471.000000000 -36.0528 8.03996 0 0 0 0.22957 0.973292
472.500000000 -35.2028 8.38646 0 0 0 0.16642 0.986055
474.400000000 -34.2419 8.59049 0 0 0 0.0727499 0.99735
478.300000000 -33.2603 8.64845 0 0 0 0.0155409 0.999879
479.800000000 -32.3062 8.65226 0 0 0 -0.0237098 0.999719
483.300000000 -31.3158 8.65086 0 0 0 0.000486812 1
486.900000000 -30.3823 8.65732 0 0 0 0.00771734 0.99997
490.700000000 -29.3739 8.68774 0 0 0 0.00799349 0.999968
493.700000000 -28.4207 8.70725 0 0 0 0.00826504 0.999966
496.500000000 -27.3694 8.70897 0 0 0 -0.0144385 0.999896
497.900000000 -26.4574 8.67419 0 0 0 -0.0208793 0.999782
500.700000000 -25.4759 8.67539 0 0 0 0.0004786 1
504.500000000 -24.4832 8.67874 0 0 0 0.00924156 0.999957
507.600000000 -23.4708 8.69735 0 0 0 0.0093149 0.999957
511.300000000 -22.5184 8.71471 0 0 0 0.00938863 0.999956
515.000000000 -21.5377 8.74257 0 0 0 0.0180611 0.999837
519.000000000 -20.5731 8.76953 0 0 0 0.0135211 0.999909
522.600000000 -19.5997 8.7959 0 0 0 0.0135226 0.999909
525.900000000 -18.6198 8.82241 0 0 0 0.0135256 0.999909
529.600000000 -17.6604 8.84837 0 0 0 0.0135296 0.999908
532.500000000 -16.7081 8.87429 0 0 0 0.0135379 0.999908
536.200000000 -15.7385 8.90076 0 0 0 0.0136144 0.999907
538.500000000 -14.6899 8.88998 0 0 0 -0.0185511 0.999828
539.900000000 -13.7301 8.87051 0 0 0 -0.0214768 0.999769
542.800000000 -12.7918 8.81955 0 0 0 0.00575835 0.999983
544.200000000 -11.7549 8.79106 0 0 0 -0.117679 0.993052
545.500000000 -10.9839 8.21098 0 0 0 -0.290292 0.956938
546.900000000 -10.2037 7.50492 0 0 0 -0.372155 0.928171
548.200000000 -9.50147 6.84878 0 0 0 -0.37453 0.927215
549.500000000 -8.76033 6.22656 0 0 0 -0.295144 0.955453
550.900000000 -7.76886 5.90163 0 0 0 -0.142436 0.989804
552.200000000 -6.80231 5.75695 0 0 0 -0.0339527 0.999423
553.600000000 -6.02474 5.86438 0 0 0 0.228717 0.973493
554.300000000 -6.12705 5.95051 0 0 0 0.546527 0.837441
554.900000000 -6.24495 5.97443 0 0 0 0.769598 0.638528
555.500000000 -6.33971 5.91946 0 0 0 0.923908 0.382614
556.000000000 -6.38599 5.84495 0 0 0 0.990001 0.141061
556.600000000 -6.45671 5.7775 0 0 0 -0.992157 0.125001
558.000000000 -7.10163 5.24603 0 0 0 -0.926174 0.377097
559.400000000 -7.75279 4.42972 0 0 0 -0.897484 0.441047
560.700000000 -8.39176 3.66485 0 0 0 -0.909793 0.415063
562.000000000 -8.94304 2.86426 0 0 0 -0.865176 0.501469
563.300000000 -9.23753 1.95442 0 0 0 -0.775741 0.631051
564.800000000 -9.19993 0.959477 0 0 0 -0.657543 0.753417
566.300000000 -8.7921 -0.054289 0 0 0 -0.499206 0.866483
567.700000000 -8.31781 -0.994304 0 0 0 -0.568247 0.822858
569.400000000 -8.14356 -1.94313 0 0 0 -0.669719 0.742614
571.600000000 -8.23302 -2.6204 0 0 0 -0.86651 0.49916
572.100000000 -8.31794 -2.62084 0 0 0 -0.96164 0.274313
572.700000000 -8.35734 -2.51012 0 0 0 0.999847 0.0174864
573.400000000 -8.32199 -2.32445 0 0 0 0.935259 0.353964
574.000000000 -8.23072 -2.28198 0 0 0 0.791373 0.611333
574.600000000 -8.11441 -2.22456 0 0 0 0.605998 0.795466
576.300000000 -7.41487 -1.43453 0 0 0 0.374086 0.927394
577.500000000 -6.83459 -0.801257 0 0 0 0.413237 0.910624
578.900000000 -6.53061 0.00290432 0 0 0 0.642487 0.766297
580.400000000 -6.56929 0.995167 0 0 0 0.754357 0.656465
583.700000000 -6.71611 1.94563 0 0 0 0.759674 0.650304
587.900000000 -6.82905 2.9304 0 0 0 0.73657 0.676361
589.400000000 -6.85617 4.00872 0 0 0 0.709522 0.704684
592.400000000 -6.86588 4.91767 0 0 0 0.714477 0.699659
594.400000000 -6.88599 5.88396 0 0 0 0.714496 0.69964
597.900000000 -6.90581 6.85181 0 0 0 0.714553 0.699582
599.500000000 -6.77222 7.91243 0 0 0 0.696184 0.717863
601.000000000 -6.54322 8.88728 0 0 0 0.490102 0.871665
602.500000000 -5.77607 9.47632 0 0 0 0.244272 0.969707
603.900000000 -4.77184 9.70987 0 0 0 0.0591598 0.998249
605.200000000 -3.78992 9.67714 0 0 0 -0.0583083 0.998299
606.400000000 -2.8682 9.51583 0 0 0 -0.113699 0.993515
607.800000000 -1.86072 9.22089 0 0 0 -0.155047 0.987907
609.200000000 -0.875357 8.86912 0 0 0 -0.165339 0.986237
610.400000000 -0.02241 8.55893 0 0 0 -0.155254 0.987875
611.900000000 0.76067 8.01352 0 0 0 -0.407803 0.91307
613.200000000 0.932987 7.3614 0 0 0 -0.653738 0.756721
614.700000000 0.74619 6.39806 0 0 0 -0.813568 0.58147
615.900000000 0.460396 5.53329 0 0 0 -0.801489 0.59801
617.500000000 0.331718 4.52615 0 0 0 -0.735516 0.677508
620.600000000 0.324754 3.59257 0 0 0 -0.680357 0.732881
625.300000000 0.415907 2.64568 0 0 0 -0.673384 0.739293
630.200000000 0.459352 1.66612 0 0 0 -0.702302 0.711879
635.100000000 0.456097 0.687143 0 0 0 -0.703632 0.710564
640.000000000 0.477888 -0.272262 0 0 0 -0.698631 0.715482
644.900000000 0.493751 -1.24717 0 0 0 -0.706699 0.707514
649.700000000 0.465338 -2.19312 0 0 0 -0.71834 0.695692
654.600000000 0.455054 -3.16654 0 0 0 -0.70569 0.708521
659.500000000 0.471295 -4.13889 0 0 0 -0.699318 0.71481
661.600000000 0.401159 -5.15682 0 0 0 -0.770183 0.637823
662.900000000 0.0875936 -6.07867 0 0 0 -0.811212 0.584753
664.300000000 -0.0747156 -7.13074 0 0 0 -0.73656 0.676372
665.700000000 -0.0412892 -8.11311 0 0 0 -0.692369 0.721543
667.400000000 -0.00929693 -9.06726 0 0 0 -0.719999 0.693975
669.000000000 -0.426103 -10.0135 0 0 0 -0.883393 0.468632
670.400000000 -1.21074 -10.7557 0 0 0 -0.923054 0.384669
671.700000000 -1.83009 -11.4611 0 0 0 -0.919164 0.393874
673.000000000 -2.08157 -11.8754 0 0 0 -0.726454 0.687216
673.500000000 -1.92541 -11.8444 0 0 0 -0.534419 0.84522
674.200000000 -1.84909 -11.7661 0 0 0 -0.211564 0.977364
674.800000000 -1.74982 -11.6443 0 0 0 0.0363472 0.999339
675.700000000 -1.47616 -11.4204 0 0 0 0.315528 0.948916
677.100000000 -0.765049 -10.6763 0 0 0 0.405018 0.914309
684.500000000 -0.0930939 -9.91113 0 0 0 0.413498 0.910505
685.800000000 0.516556 -9.19535 0 0 0 0.425368 0.90502
687.200000000 1.01236 -8.30593 0 0 0 0.567985 0.823039
688.700000000 1.10978 -7.21826 0 0 0 0.709937 0.704265
690.000000000 1.02265 -6.22496 0 0 0 0.762423 0.647079
691.300000000 0.869735 -5.2811 0 0 0 0.743803 0.668399
692.700000000 0.817647 -4.23537 0 0 0 0.716482 0.697606
694.000000000 0.823904 -3.25762 0 0 0 0.702107 0.712072
695.400000000 0.702751 -2.27677 0 0 0 0.792576 0.609773
696.600000000 0.361174 -1.7249 0 0 0 0.927151 0.374688
697.300000000 0.302811 -1.84674 0 0 0 0.999431 0.033726
697.900000000 0.336343 -1.96062 0 0 0 -0.964582 0.263785
698.600000000 0.432352 -2.04845 0 0 0 -0.818419 0.574622
699.300000000 0.55496 -2.08237 0 0 0 -0.584539 0.811365
700.300000000 0.938198 -2.44286 0 0 0 -0.366835 0.930286
701.700000000 1.72417 -3.11697 0 0 0 -0.355587 0.934643
702.900000000 2.348 -3.76797 0 0 0 -0.410505 0.911858
704.200000000 2.91411 -4.56796 0 0 0 -0.482015 0.876163
705.600000000 3.36325 -5.51651 0 0 0 -0.557478 0.830192
707.000000000 3.64747 -6.53046 0 0 0 -0.623445 0.781867
708.600000000 3.78322 -7.54543 0 0 0 -0.669918 0.742435
711.500000000 3.87555 -8.47249 0 0 0 -0.683308 0.73013
714.300000000 3.96368 -9.5095 0 0 0 -0.625848 0.779945
715.800000000 4.48723 -10.3939 0 0 0 -0.422528 0.90635
717.000000000 5.22999 -10.9377 0 0 0 -0.368294 0.92971
718.400000000 5.96273 -11.6725 0 0 0 -0.384028 0.923321
719.700000000 6.6619 -12.3711 0 0 0 -0.383832 0.923403
721.100000000 6.99107 -12.9695 0 0 0 -0.649009 0.76078
721.800000000 6.86858 -13.1139 0 0 0 -0.829292 0.558816
722.500000000 6.71584 -13.1229 0 0 0 -0.957697 0.287779
723.100000000 6.68337 -13.0232 0 0 0 0.999994 0.00347758
723.800000000 6.70806 -12.8987 0 0 0 0.939552 0.342405
724.400000000 6.77708 -12.8279 0 0 0 0.799151 0.601131
725.100000000 6.89144 -12.6216 0 0 0 0.628848 0.777528
726.100000000 7.2239 -12.1868 0 0 0 0.434983 0.900438
727.400000000 7.91195 -11.5166 0 0 0 0.36589 0.930658
728.800000000 8.74242 -10.8736 0 0 0 0.296635 0.954991
730.100000000 9.59167 -10.3764 0 0 0 0.241933 0.970293
731.500000000 10.5586 -9.98541 0 0 0 0.171628 0.985162
732.800000000 11.486 -9.69769 0 0 0 0.180866 0.983508
734.000000000 12.2259 -9.1971 0 0 0 0.3311 0.943596
735.400000000 12.9396 -8.45325 0 0 0 0.39977 0.916616
736.600000000 13.6076 -7.81509 0 0 0 0.386166 0.922429
738.000000000 14.3547 -7.08559 0 0 0 0.380337 0.924848
739.300000000 15.043 -6.39319 0 0 0 0.380217 0.924898
740.600000000 15.7401 -5.70479 0 0 0 0.380068 0.924959
741.900000000 16.4285 -5.02462 0 0 0 0.380112 0.924941
743.200000000 17.1229 -4.33916 0 0 0 0.380163 0.924919
744.500000000 17.8193 -3.64697 0 0 0 0.384816 0.922993
745.900000000 18.4819 -2.82527 0 0 0 0.455761 0.890102
746.900000000 18.5456 -2.5224 0 0 0 0.716536 0.69755
747.500000000 18.4343 -2.56076 0 0 0 0.89068 0.45463
748.100000000 18.3633 -2.64458 0 0 0 0.985273 0.170988
748.700000000 18.2574 -2.76358 0 0 0 -0.996912 0.078526
749.700000000 17.9008 -3.05838 0 0 0 -0.93959 0.342301
751.100000000 17.1792 -3.81417 0 0 0 -0.920399 0.39098
752.700000000 16.5185 -4.29298 0 0 0 -0.995712 0.0925031
753.400000000 16.4234 -4.1546 0 0 0 0.98018 0.198111
755.000000000 15.654 -3.40196 0 0 0 0.912836 0.408326
756.300000000 14.9944 -2.70118 0 0 0 0.919997 0.391924
757.600000000 14.3072 -2.0116 0 0 0 0.924859 0.380311
758.900000000 13.6166 -1.32355 0 0 0 0.921008 0.389545
760.200000000 12.9935 -0.573623 0 0 0 0.895668 0.444723
761.400000000 12.5017 0.182841 0 0 0 0.873531 0.486769
762.700000000 12.0231 1.03249 0 0 0 0.852833 0.522183
764.100000000 11.6592 2.00153 0 0 0 0.832874 0.553463
765.400000000 11.1535 2.55835 0 0 0 0.950633 0.310317
766.600000000 10.6306 2.64974 0 0 0 -0.999915 0.01303
767.300000000 10.5297 2.50656 0 0 0 -0.957026 0.290002
768.000000000 10.5152 2.33062 0 0 0 -0.839546 0.543289
768.500000000 10.5773 2.28429 0 0 0 -0.693521 0.720437
769.200000000 10.6854 2.33596 0 0 0 -0.404486 0.914544
769.900000000 10.7958 2.41816 0 0 0 -0.0867092 0.996234
770.500000000 10.882 2.56038 0 0 0 0.158666 0.987332
771.900000000 11.6359 3.10419 0 0 0 0.321631 0.946865
773.200000000 12.4802 3.57581 0 0 0 0.199389 0.97992
774.600000000 13.4939 3.73848 0 0 0 0.0203414 0.999793
776.000000000 14.5407 3.60685 0 0 0 -0.0743865 0.997229
777.300000000 15.5054 3.49524 0 0 0 -0.0513536 0.998681
778.600000000 16.4782 3.45548 0 0 0 0.00485852 0.999988
780.000000000 17.5269 3.56538 0 0 0 0.0644532 0.997921
781.300000000 18.4955 3.61393 0 0 0 0.00896545 0.99996
782.700000000 19.5465 3.55534 0 0 0 -0.0405082 0.999179
784.000000000 20.5163 3.49479 0 0 0 -0.016373 0.999866
785.400000000 21.5687 3.50951 0 0 0 0.00861917 0.999963
786.700000000 22.5421 3.53116 0 0 0 0.00784663 0.999969
788.000000000 23.5157 3.53218 0 0 0 -0.00220548 0.999998
789.400000000 24.568 3.52005 0 0 0 -0.00529853 0.999986
791.000000000 25.5627 3.61136 0 0 0 0.177957 0.984038
792.200000000 26.0561 4.1174 0 0 0 0.414613 0.909998
793.500000000 26.3281 4.73971 0 0 0 0.667033 0.745028
794.000000000 26.2318 4.72743 0 0 0 0.831242 0.55591
794.700000000 26.1307 4.63504 0 0 0 0.971051 0.238872
795.400000000 26.1128 4.50947 0 0 0 -0.994089 0.10857
797.000000000 25.3636 3.877 0 0 0 -0.930475 0.366356
798.400000000 24.621 3.13348 0 0 0 -0.92271 0.385494
800.000000000 23.9177 2.33776 0 0 0 -0.893309 0.449444
801.500000000 23.4911 1.4362 0 0 0 -0.790925 0.611913
803.600000000 23.4628 0.35768 0 0 0 -0.708699 0.705511
807.500000000 23.5135 -0.549959 0 0 0 -0.68021 0.733017
811.800000000 23.5761 -1.47881 0 0 0 -0.682395 0.730983
814.300000000 23.7301 -2.57365 0 0 0 -0.615775 0.787922
815.600000000 24.185 -3.11923 0 0 0 -0.37718 0.92614
816.800000000 24.7888 -3.39886 0 0 0 -0.112299 0.993675
818.100000000 25.7495 -3.39156 0 0 0 0.0500668 0.998746
819.100000000 26.1724 -3.2014 0 0 0 0.30828 0.951296
819.800000000 26.0787 -3.11011 0 0 0 0.604631 0.796506
820.400000000 25.9683 -3.11336 0 0 0 0.813075 0.582159
821.000000000 25.8704 -3.18066 0 0 0 0.948803 0.31587
821.500000000 25.8276 -3.27991 0 0 0 0.997408 0.0719486
822.200000000 25.8671 -3.39548 0 0 0 -0.961431 0.275047
822.800000000 25.9552 -3.47033 0 0 0 -0.837231 0.546849
823.400000000 26.0621 -3.51494 0 0 0 -0.647639 0.761947
824.500000000 26.3786 -3.93995 0 0 0 -0.40901 0.91253
825.500000000 26.66 -4.01051 0 0 0 -0.0669887 0.997754
826.000000000 26.6507 -3.91971 0 0 0 0.182789 0.983152
826.700000000 26.5585 -3.81759 0 0 0 0.508239 0.861216
827.200000000 26.4632 -3.79405 0 0 0 0.705063 0.709145
827.900000000 26.3439 -3.84064 0 0 0 0.905734 0.423846
828.500000000 26.2687 -3.92668 0 0 0 0.989975 0.141243
829.100000000 26.2415 -4.03109 0 0 0 -0.989549 0.144197
829.900000000 26.0365 -4.2996 0 0 0 -0.925661 0.378353
831.400000000 25.6953 -5.16507 0 0 0 -0.78547 0.6189
832.700000000 25.5138 -6.11956 0 0 0 -0.757896 0.652375
834.300000000 25.4371 -7.0704 0 0 0 -0.722442 0.691432
837.200000000 25.46 -8.04195 0 0 0 -0.698085 0.716015
840.900000000 25.5373 -9.08423 0 0 0 -0.684785 0.728745
842.300000000 25.7079 -10.048 0 0 0 -0.558691 0.829376
843.800000000 26.2587 -10.6983 0 0 0 -0.271162 0.962534
844.400000000 26.351 -10.6435 0 0 0 -0.0113384 0.999936
845.000000000 26.4177 -10.5012 0 0 0 0.24648 0.969148
845.600000000 26.3572 -10.416 0 0 0 0.511614 0.859216
846.300000000 26.2608 -10.3929 0 0 0 0.775603 0.631221
846.900000000 26.1471 -10.45 0 0 0 0.927499 0.373827
847.500000000 26.1137 -10.5552 0 0 0 0.994361 0.106046
848.200000000 25.9276 -10.6426 0 0 0 -0.983906 0.178689
849.400000000 25.5046 -11.1442 0 0 0 -0.896049 0.443956
850.800000000 25.0721 -12.0959 0 0 0 -0.806738 0.59091
852.000000000 25.1265 -12.6704 0 0 0 -0.584925 0.811087
853.400000000 25.7366 -13.3401 0 0 0 -0.377257 0.926108
854.800000000 26.3629 -14.1448 0 0 0 -0.491672 0.87078
856.300000000 26.6477 -15.194 0 0 0 -0.658044 0.75298
857.600000000 26.6051 -16.1703 0 0 0 -0.74085 0.671671
859.000000000 26.5008 -17.2092 0 0 0 -0.737446 0.675406
860.300000000 26.4574 -18.1805 0 0 0 -0.710108 0.704093
861.700000000 26.4657 -19.2345 0 0 0 -0.703988 0.710211
863.000000000 26.4697 -20.2082 0 0 0 -0.711095 0.703096
864.300000000 26.4648 -21.1819 0 0 0 -0.707825 0.706388
865.500000000 26.4746 -22.0857 0 0 0 -0.707279 0.706934
866.900000000 26.4807 -23.1379 0 0 0 -0.693786 0.720181
868.300000000 26.6426 -24.1939 0 0 0 -0.644971 0.764207
869.600000000 26.8646 -25.1463 0 0 0 -0.632109 0.77488
870.900000000 26.8578 -26.0979 0 0 0 -0.715707 0.6984
872.300000000 26.7613 -27.1455 0 0 0 -0.739678 0.672961
873.700000000 26.7331 -28.1973 0 0 0 -0.708246 0.705966
875.000000000 26.7379 -29.171 0 0 0 -0.709997 0.704205
875.800000000 26.6039 -29.2763 0 0 0 -0.897183 0.441658
876.300000000 26.5382 -29.2067 0 0 0 -0.977831 0.209394
877.400000000 26.0124 -29.1256 0 0 0 0.996833 0.079521
878.800000000 24.9743 -28.9834 0 0 0 0.998713 0.0507209
880.100000000 24.0019 -28.9234 0 0 0 0.999833 0.0182603
881.100000000 23.7716 -29.0563 0 0 0 -0.943933 0.330138
881.700000000 23.8693 -29.1229 0 0 0 -0.805247 0.592939
882.300000000 23.9875 -29.123 0 0 0 -0.594057 0.804423
882.900000000 24.1051 -29.0664 0 0 0 -0.331449 0.943473
883.500000000 24.2037 -28.984 0 0 0 -0.0692452 0.9976
884.700000000 24.8706 -28.7645 0 0 0 0.180929 0.983496
886.100000000 25.4956 -28.2047 0 0 0 0.438969 0.898502
887.400000000 25.6421 -27.5036 0 0 0 0.679263 0.733895
888.700000000 25.4353 -26.8149 0 0 0 0.851199 0.524843
890.200000000 24.7322 -26.1688 0 0 0 0.959925 0.280257
891.800000000 23.7225 -25.9295 0 0 0 0.997947 0.0640475
894.400000000 22.8635 -25.9561 0 0 0 -0.999155 0.0410895
895.800000000 21.8537 -26.0562 0 0 0 -0.998015 0.0629772
897.200000000 20.9077 -26.1693 0 0 0 -0.998114 0.0613879
899.700000000 19.9931 -26.2662 0 0 0 -0.998959 0.0456246
903.700000000 19.0075 -26.3474 0 0 0 -0.999313 0.0370654
907.600000000 18.0427 -26.3735 0 0 0 -0.999921 0.0125506
911.100000000 16.9706 -26.4749 0 0 0 -0.996823 0.079654
912.600000000 15.9611 -26.8727 0 0 0 -0.96064 0.277798
913.900000000 15.2189 -27.507 0 0 0 -0.940341 0.340235
915.300000000 14.3556 -28.0101 0 0 0 -0.984278 0.176624
916.800000000 13.3425 -28.1156 0 0 0 -0.999987 0.00516838
919.000000000 12.3529 -28.0377 0 0 0 0.998592 0.0530446
922.500000000 11.4109 -27.9295 0 0 0 0.999235 0.0391154
925.600000000 10.4055 -27.9372 0 0 0 -0.999946 0.0104186
927.100000000 9.45597 -27.9742 0 0 0 -0.999686 0.0250404
928.400000000 8.48514 -28.0297 0 0 0 -0.999488 0.031988
930.100000000 7.39485 -28.077 0 0 0 -0.999585 0.028812
931.400000000 6.42071 -28.1995 0 0 0 -0.995796 0.0916036
932.900000000 5.49204 -28.6766 0 0 0 -0.952294 0.305181
934.300000000 4.85194 -29.4459 0 0 0 -0.872422 0.488753
935.100000000 4.92812 -29.6423 0 0 0 -0.68085 0.732423
936.000000000 5.16446 -29.9803 0 0 0 -0.480629 0.876924
937.400000000 5.88385 -30.7014 0 0 0 -0.362608 0.931942
939.000000000 6.58084 -31.1059 0 0 0 -0.0651944 0.997873
939.700000000 6.701 -30.979 0 0 0 0.21532 0.976543
940.400000000 6.72087 -30.8281 0 0 0 0.489266 0.872135
941.000000000 6.59873 -30.8083 0 0 0 0.724582 0.689189
941.600000000 6.47634 -30.7858 0 0 0 0.883093 0.469198
942.400000000 6.20605 -30.6932 0 0 0 0.974807 0.223049
943.900000000 5.19666 -30.5902 0 0 0 -0.999973 0.00738467
945.300000000 4.1574 -30.6972 0 0 0 -0.998864 0.0476519
946.500000000 3.25501 -30.7704 0 0 0 -0.999291 0.0376545
947.900000000 2.21132 -30.8261 0 0 0 -0.99984 0.0178703
949.200000000 1.23801 -30.8399 0 0 0 0.999995 0.00330812
950.800000000 0.268299 -31.0005 0 0 0 -0.973147 0.230185
951.300000000 0.334981 -31.0725 0 0 0 -0.887033 0.461706
951.900000000 0.447251 -31.1088 0 0 0 -0.710962 0.70323
952.600000000 0.580219 -31.0655 0 0 0 -0.426105 0.904674
953.200000000 0.634805 -30.9487 0 0 0 -0.140212 0.990122
954.400000000 1.23482 -30.772 0 0 0 0.152593 0.988289
955.800000000 2.03377 -30.2298 0 0 0 0.356387 0.934338
957.100000000 2.37693 -29.5415 0 0 0 0.589837 0.807522
958.500000000 2.27883 -28.7327 0 0 0 0.797237 0.603666
959.900000000 1.77697 -28.0359 0 0 0 0.924195 0.38192
961.100000000 1.2127 -27.8445 0 0 0 0.99771 0.0676386
961.800000000 1.16169 -27.9634 0 0 0 -0.97539 0.220486
962.300000000 1.23765 -28.0366 0 0 0 -0.890562 0.454861
963.000000000 1.37131 -28.0732 0 0 0 -0.680599 0.732656
963.700000000 1.524 -28.0699 0 0 0 -0.41798 0.908456
964.400000000 1.70737 -28.0881 0 0 0 -0.159277 0.987234
965.900000000 2.67641 -28.0338 0 0 0 0.0589708 0.99826
967.600000000 3.71531 -27.8748 0 0 0 0.0455226 0.998963
969.100000000 4.83998 -27.8654 0 0 0 -0.00384513 0.999993
970.400000000 5.81298 -27.9131 0 0 0 -0.0254641 0.999676
971.800000000 6.85629 -27.9164 0 0 0 -0.000336405 1
973.100000000 7.83999 -27.9117 0 0 0 -0.000468176 1
974.400000000 8.81265 -27.9294 0 0 0 -0.0134023 0.99991
975.700000000 9.78412 -27.9797 0 0 0 -0.027002 0.999635
976.900000000 10.6844 -28.0233 0 0 0 -0.0208779 0.999782
978.200000000 11.6532 -28.0902 0 0 0 -0.058598 0.998282
979.800000000 12.5974 -28.5293 0 0 0 -0.310643 0.950527
980.900000000 12.8549 -28.9582 0 0 0 -0.574925 0.818206
981.900000000 12.7173 -29.3891 0 0 0 -0.782414 0.622759
983.400000000 12.2309 -30.3478 0 0 0 -0.871702 0.490036
984.900000000 11.7504 -30.8538 0 0 0 -0.980371 0.197161
985.600000000 11.6937 -30.7335 0 0 0 0.991634 0.129078
986.200000000 11.7475 -30.6296 0 0 0 0.910397 0.413736
986.800000000 11.8063 -30.5055 0 0 0 0.776271 0.630399
987.400000000 11.8936 -30.3705 0 0 0 0.606137 0.79536
988.800000000 12.3952 -29.5203 0 0 0 0.496305 0.868148
990.400000000 12.6351 -28.5307 0 0 0 0.704007 0.710193
991.700000000 12.3769 -27.9809 0 0 0 0.898096 0.4398
992.400000000 12.2329 -27.9306 0 0 0 0.982213 0.187772
993.700000000 11.2581 -27.77 0 0 0 0.998051 0.0623962
995.500000000 10.2793 -27.7405 0 0 0 -0.999992 0.00388555
997.200000000 9.22117 -27.8026 0 0 0 -0.999279 0.0379749
998.500000000 8.25442 -27.8943 0 0 0 -0.998276 0.0587027
999.700000000 7.35373 -27.9748 0 0 0 -0.999259 0.0384891
1001.100000000 6.30961 -28.0525 0 0 0 -0.999454 0.0330502
1002.400000000 5.33731 -28.1114 0 0 0 -0.999454 0.0330453
1003.900000000 4.30181 -28.177 0 0 0 -0.999652 0.0263725
1006.700000000 3.37334 -28.1675 0 0 0 0.999891 0.0147572
1010.800000000 2.38413 -28.1243 0 0 0 0.999571 0.0293009
1014.400000000 1.46074 -28.0963 0 0 0 0.999952 0.00975618
1018.200000000 0.470139 -28.0776 0 0 0 0.999993 0.00381214
1022.000000000 -0.48729 -28.0705 0 0 0 -0.999998 0.00198576
1023.500000000 -1.5613 -28.1001 0 0 0 -0.999832 0.0183245
1024.800000000 -2.54453 -28.1369 0 0 0 -0.999807 0.0196278
1026.100000000 -3.50867 -28.1675 0 0 0 -0.999755 0.0221284
1027.300000000 -4.40167 -28.2038 0 0 0 -0.999599 0.0283147
1028.800000000 -5.46677 -28.3623 0 0 0 -0.995469 0.0950901
1030.200000000 -6.22238 -28.8181 0 0 0 -0.938609 0.344983
1031.500000000 -6.88334 -29.5147 0 0 0 -0.91994 0.392058
1032.900000000 -7.70161 -30.1737 0 0 0 -0.953075 0.302733
1033.700000000 -7.87302 -30.1234 0 0 0 0.999986 0.00529832
1034.200000000 -7.85499 -30.029 0 0 0 0.968464 0.249154
1034.800000000 -7.77673 -29.9803 0 0 0 0.853081 0.521779
1035.500000000 -7.68215 -29.9499 0 0 0 0.62681 0.779173
1036.100000000 -7.57547 -29.998 0 0 0 0.372792 0.927915
1036.600000000 -7.50049 -30.0691 0 0 0 0.146694 0.989182
1037.300000000 -7.41167 -30.164 0 0 0 -0.154235 0.988034
1038.700000000 -6.79802 -30.7585 0 0 0 -0.419517 0.907748
1040.000000000 -6.57886 -31.3228 0 0 0 -0.700883 0.713276
1040.600000000 -6.66726 -31.2997 0 0 0 -0.878157 0.478373
1041.200000000 -6.75165 -31.2168 0 0 0 -0.979381 0.202022
1041.800000000 -6.77413 -31.1011 0 0 0 0.995777 0.0918086
1042.400000000 -6.73706 -30.9919 0 0 0 0.925935 0.377683
1043.000000000 -6.65711 -30.9354 0 0 0 0.775931 0.630818
1043.500000000 -6.57223 -30.9136 0 0 0 0.605759 0.795648
1044.300000000 -6.38248 -30.8391 0 0 0 0.329896 0.944017
1045.000000000 -6.20468 -30.8757 0 0 0 0.0609626 0.99814
1045.700000000 -6.15906 -30.9902 0 0 0 -0.251183 0.96794
1046.400000000 -6.2554 -31.0885 0 0 0 -0.561682 0.827353
1046.900000000 -6.32925 -31.1076 0 0 0 -0.746589 0.665286
1047.600000000 -6.45124 -31.1002 0 0 0 -0.918373 0.395717
1048.300000000 -6.6697 -31.1136 0 0 0 -0.989433 0.14499
1050.000000000 -7.73474 -30.9468 0 0 0 0.995137 0.0985051
1051.300000000 -8.6988 -30.7804 0 0 0 0.996442 0.084276
1052.600000000 -9.67037 -30.7513 0 0 0 -0.999415 0.0342104
1053.900000000 -10.6399 -30.8653 0 0 0 -0.998789 0.0491979
1055.200000000 -11.5206 -31.0947 0 0 0 -0.980114 0.198433
1056.700000000 -12.1451 -31.1833 0 0 0 0.991902 0.127007
1057.200000000 -12.1085 -31.0787 0 0 0 0.93284 0.360292
1057.900000000 -12.0121 -31.0109 0 0 0 0.756557 0.653927
1058.500000000 -11.8948 -31.0095 0 0 0 0.543762 0.83924
1059.400000000 -11.6207 -30.826 0 0 0 0.285033 0.958518
1060.300000000 -11.2427 -30.8287 0 0 0 0.0215889 0.999767
1061.700000000 -10.2621 -30.6209 0 0 0 0.167657 0.985845
1069.200000000 -9.40639 -30.0499 0 0 0 0.344875 0.938648
1070.600000000 -8.66899 -29.2932 0 0 0 0.399503 0.916732
1071.800000000 -8.04784 -28.6494 0 0 0 0.379522 0.925183
1073.100000000 -7.34529 -27.9539 0 0 0 0.379492 0.925195
1074.500000000 -6.59562 -27.2156 0 0 0 0.386607 0.922245
1075.700000000 -5.96543 -26.5779 0 0 0 0.372697 0.927953
1077.100000000 -5.207 -25.8499 0 0 0 0.413082 0.910694
1078.500000000 -4.6856 -24.9409 0 0 0 0.550018 0.835153
1079.900000000 -4.44657 -23.8752 0 0 0 0.672238 0.740335
1081.300000000 -4.5106 -22.9086 0 0 0 0.736277 0.67668
1082.700000000 -4.58511 -21.8763 0 0 0 0.726094 0.687595
1084.100000000 -4.60664 -20.8307 0 0 0 0.711514 0.702672
1085.400000000 -4.61533 -19.8476 0 0 0 0.705051 0.709157
1086.800000000 -4.6076 -18.8045 0 0 0 0.704578 0.709627
1088.200000000 -4.60056 -17.7516 0 0 0 0.704606 0.709598
1089.500000000 -4.59403 -16.7773 0 0 0 0.70463 0.709574
1090.900000000 -4.5878 -15.7243 0 0 0 0.704649 0.709556
1092.200000000 -4.5689 -14.7511 0 0 0 0.681819 0.731521
1093.800000000 -4.18172 -13.8011 0 0 0 0.459496 0.88818
1095.100000000 -3.42657 -13.1082 0 0 0 0.371902 0.928272
1096.500000000 -2.68942 -12.379 0 0 0 0.379924 0.925018
1097.800000000 -2.00253 -11.6789 0 0 0 0.389153 0.921173
1099.100000000 -1.32389 -10.9906 0 0 0 0.381066 0.924548
1100.300000000 -0.681719 -10.3457 0 0 0 0.380525 0.924771
1101.700000000 -0.0644629 -9.509 0 0 0 0.491115 0.871095
1103.100000000 0.118596 -8.8776 0 0 0 0.753095 0.657912
1103.700000000 0.0116901 -8.91529 0 0 0 0.913937 0.405855
1104.200000000 -0.0561019 -9.01109 0 0 0 0.985839 0.167692
1105.000000000 -0.226186 -9.15729 0 0 0 -0.989857 0.142064
1105.900000000 -0.478319 -9.45944 0 0 0 -0.921554 0.388249
1107.300000000 -1.14473 -10.2422 0 0 0 -0.909718 0.415227
1108.700000000 -1.92965 -10.852 0 0 0 -0.968654 0.248415
1110.000000000 -2.64808 -10.9076 0 0 0 1 0.00071543
1111.300000000 -3.61013 -10.8439 0 0 0 0.995428 0.0955161
1112.600000000 -4.62579 -10.6654 0 0 0 0.993213 0.116311
1113.900000000 -5.58227 -10.4373 0 0 0 0.994414 0.105551
1115.400000000 -6.60416 -10.3617 0 0 0 0.999729 0.023276
1117.700000000 -7.44613 -10.3032 0 0 0 -0.999571 0.0292741
1122.000000000 -8.38856 -10.3806 0 0 0 -0.999027 0.044113
1126.200000000 -9.33292 -10.4389 0 0 0 -0.999711 0.0240256
1130.000000000 -10.3189 -10.46 0 0 0 -0.999975 0.00710616
1132.000000000 -11.3409 -10.4629 0 0 0 0.999999 0.00109164
1133.300000000 -12.3139 -10.4261 0 0 0 0.999539 0.0303752
1134.700000000 -13.2469 -10.1859 0 0 0 0.975308 0.220851
1136.100000000 -14.0003 -9.53322 0 0 0 0.926778 0.37561
1137.400000000 -14.7131 -8.87068 0 0 0 0.939954 0.3413
1139.000000000 -15.4849 -8.53575 0 0 0 0.999789 0.0205172
1139.700000000 -15.6164 -8.63763 0 0 0 -0.973965 0.2267
1141.200000000 -16.3693 -9.35977 0 0 0 -0.913559 0.406707
1142.500000000 -17.0082 -10.0882 0 0 0 -0.918504 0.395412
1143.800000000 -17.7072 -10.7707 0 0 0 -0.929701 0.368315
1145.200000000 -18.4346 -11.5299 0 0 0 -0.900982 0.433856
1146.700000000 -18.8676 -12.505 0 0 0 -0.78674 0.617285
1148.100000000 -18.9192 -13.4935 0 0 0 -0.674105 0.738636
1149.400000000 -18.6981 -14.4795 0 0 0 -0.645486 0.763772
1150.800000000 -18.4748 -15.4915 0 0 0 -0.585462 0.8107
1152.200000000 -17.9129 -16.3046 0 0 0 -0.411731 0.911305
1153.600000000 -17.0671 -16.8704 0 0 0 -0.228789 0.973476
1155.000000000 -16.055 -17.1397 0 0 0 -0.0805733 0.996749
1156.300000000 -15.5875 -17.3098 0 0 0 -0.393015 0.919532
1156.900000000 -15.6876 -17.3547 0 0 0 -0.642661 0.766151
1157.600000000 -15.8145 -17.3902 0 0 0 -0.865304 0.501247
1158.200000000 -15.8913 -17.2741 0 0 0 -0.973424 0.22901
1159.300000000 -16.4369 -17.2168 0 0 0 0.998721 0.0505648
1160.500000000 -17.385 -16.8623 0 0 0 0.984038 0.177958
1162.700000000 -18.3837 -16.6199 0 0 0 -0.995935 0.0900778
1163.800000000 -18.8792 -17.02 0 0 0 -0.946231 0.323492
1165.100000000 -19.5595 -17.7072 0 0 0 -0.917391 0.397987
1166.400000000 -20.2026 -18.4484 0 0 0 -0.906195 0.422861
1167.800000000 -20.8028 -19.2728 0 0 0 -0.867581 0.497296
1169.200000000 -21.0299 -20.2121 0 0 0 -0.739826 0.672798
1170.500000000 -20.9402 -21.1711 0 0 0 -0.646314 0.763072
1171.800000000 -20.7881 -22.138 0 0 0 -0.655449 0.75524
1173.100000000 -20.7221 -23.1096 0 0 0 -0.702807 0.711381
1174.400000000 -20.7615 -24.0829 0 0 0 -0.735715 0.677291
1175.700000000 -20.9372 -25.0374 0 0 0 -0.77798 0.628289
1176.900000000 -21.1087 -25.9231 0 0 0 -0.76199 0.647589
1178.300000000 -21.1611 -26.9663 0 0 0 -0.710566 0.70363
1179.700000000 -21.0385 -27.8873 0 0 0 -0.587373 0.809316
1180.300000000 -21.0061 -27.8162 0 0 0 -0.322574 0.946544
1180.900000000 -20.9208 -27.7056 0 0 0 -0.0284696 0.999595
1181.500000000 -20.9626 -27.574 0 0 0 0.267591 0.963533
1182.200000000 -21.0617 -27.5147 0 0 0 0.582248 0.813011
1182.800000000 -21.1546 -27.3663 0 0 0 0.752625 0.658449
1184.000000000 -21.5357 -26.861 0 0 0 0.907861 0.419271
1185.300000000 -22.2123 -26.4258 0 0 0 0.982369 0.18695
1186.200000000 -22.4577 -26.5384 0 0 0 -0.990203 0.139634
1187.500000000 -23.081 -27.0391 0 0 0 -0.929218 0.369531
1188.700000000 -23.6554 -27.7274 0 0 0 -0.89397 0.448128
1190.100000000 -24.1543 -28.6513 0 0 0 -0.839786 0.542918
1191.400000000 -24.4136 -29.5912 0 0 0 -0.775873 0.630889
1193.000000000 -24.9744 -30.4501 0 0 0 -0.920463 0.390829
1194.100000000 -25.4267 -30.6473 0 0 0 -0.994405 0.105632
1194.800000000 -25.5544 -30.5321 0 0 0 0.984645 0.174566
1195.500000000 -25.614 -30.3807 0 0 0 0.899248 0.43744
1196.100000000 -25.5093 -30.3304 0 0 0 0.733115 0.680105
1196.600000000 -25.4119 -30.3267 0 0 0 0.544981 0.838449
1197.300000000 -25.3553 -30.3964 0 0 0 0.22832 0.973586
1198.000000000 -25.0224 -30.4466 0 0 0 0.0178743 0.99984
1199.500000000 -24.0384 -30.6716 0 0 0 -0.122811 0.99243
1200.800000000 -23.0752 -30.8259 0 0 0 -0.0584588 0.99829
1202.100000000 -22.0649 -30.8794 0 0 0 -0.00654025 0.999979
1203.500000000 -21.0122 -30.825 0 0 0 0.0394958 0.99922
1204.700000000 -20.121 -30.7624 0 0 0 0.0285613 0.999592
1206.100000000 -19.0703 -30.7589 0 0 0 -0.00248659 0.999997
1207.500000000 -18.0559 -30.7784 0 0 0 -0.0264996 0.999649
1208.300000000 -17.9439 -30.919 0 0 0 -0.351682 0.936119
1208.900000000 -18.0364 -30.9792 0 0 0 -0.608944 0.793213
1209.500000000 -18.1518 -30.9803 0 0 0 -0.813659 0.581343
1210.100000000 -18.252 -30.9214 0 0 0 -0.94764 0.319341
1210.700000000 -18.3621 -30.854 0 0 0 -0.997911 0.0645987
1211.500000000 -18.5787 -30.7482 0 0 0 0.974262 0.225417
1212.900000000 -19.1253 -30.0464 0 0 0 0.881766 0.471688
1214.200000000 -19.5826 -29.271 0 0 0 0.882264 0.470756
1215.600000000 -20.2916 -28.5009 0 0 0 0.928113 0.3723
1216.900000000 -21.007 -27.8254 0 0 0 0.927158 0.37467
1218.200000000 -21.6981 -27.141 0 0 0 0.92588 0.377818
1219.500000000 -22.4544 -26.5189 0 0 0 0.949327 0.31429
1220.900000000 -23.3536 -26.0086 0 0 0 0.972865 0.231373
1222.200000000 -24.2681 -25.6253 0 0 0 0.98686 0.161579
1223.500000000 -25.2133 -25.3958 0 0 0 0.994807 0.101777
1224.900000000 -26.2525 -25.2194 0 0 0 0.996557 0.0829122
1226.400000000 -27.1392 -24.8384 0 0 0 0.953926 0.300042
1227.800000000 -27.8889 -24.1104 0 0 0 0.920464 0.390827
1229.100000000 -28.5649 -23.4017 0 0 0 0.920858 0.389899
1230.300000000 -29.1366 -22.7163 0 0 0 0.892637 0.450777
1231.800000000 -29.4322 -22.0287 0 0 0 0.705501 0.708709
1232.400000000 -29.3185 -22.0514 0 0 0 0.468618 0.883401
1233.000000000 -29.2374 -22.1361 0 0 0 0.191188 0.981554
1233.600000000 -29.2185 -22.2522 0 0 0 -0.102822 0.9947
1234.200000000 -29.2679 -22.3601 0 0 0 -0.387906 0.921699
1234.800000000 -29.3378 -22.4438 0 0 0 -0.627488 0.778626
1235.400000000 -29.4461 -22.512 0 0 0 -0.806229 0.591604
1236.700000000 -29.9309 -23.0554 0 0 0 -0.939673 0.342073
1238.400000000 -30.8204 -23.544 0 0 0 -0.940123 0.340835
1239.400000000 -31.0122 -23.9812 0 0 0 -0.817581 0.575814
1240.900000000 -31.0375 -25.0163 0 0 0 -0.680059 0.733157
1242.200000000 -30.8951 -25.9789 0 0 0 -0.657366 0.753572
1243.500000000 -30.8216 -26.9269 0 0 0 -0.706909 0.707305
1244.100000000 -30.9314 -26.971 0 0 0 -0.867778 0.496952
1244.800000000 -31.0269 -26.8745 0 0 0 -0.98464 0.174596
1245.500000000 -31.0333 -26.7486 0 0 0 0.985798 0.167933
1246.100000000 -30.9824 -26.6492 0 0 0 0.894229 0.44761
1246.800000000 -30.8931 -26.4883 0 0 0 0.734527 0.67858
1247.600000000 -30.7374 -26.214 0 0 0 0.54239 0.840127
1249.100000000 -30.0685 -25.5825 0 0 0 0.283427 0.958994
1250.500000000 -29.2501 -25.0027 0 0 0 0.365143 0.930951
1252.100000000 -28.789 -24.0646 0 0 0 0.600506 0.79962
1253.500000000 -28.7594 -23.0613 0 0 0 0.731305 0.68205
1256.300000000 -28.8634 -22.1152 0 0 0 0.742635 0.669697
1260.300000000 -28.9269 -21.1262 0 0 0 0.720852 0.693089
1263.600000000 -28.9445 -20.14 0 0 0 0.71121 0.702979
1266.600000000 -28.9534 -19.2087 0 0 0 0.708127 0.706085
1270.100000000 -28.9609 -18.2533 0 0 0 0.708096 0.706116
1272.000000000 -28.9209 -17.2855 0 0 0 0.697848 0.716246
1275.100000000 -29.1226 -16.278 0 0 0 0.816419 0.577461
1276.600000000 -29.7616 -15.4112 0 0 0 0.910617 0.413252
1277.800000000 -30.3733 -14.7553 0 0 0 0.926045 0.377413
1279.200000000 -31.1555 -14.0405 0 0 0 0.929786 0.368101
1280.200000000 -31.3964 -13.9705 0 0 0 0.999699 0.0245395
1280.800000000 -31.3668 -14.085 0 0 0 -0.962308 0.271963
1281.400000000 -31.2751 -14.1642 0 0 0 -0.838963 0.544188
1282.000000000 -31.1549 -14.1743 0 0 0 -0.641102 0.767456
1282.600000000 -31.0485 -14.1193 0 0 0 -0.385654 0.922643
1283.200000000 -31.0009 -14.0116 0 0 0 -0.0956704 0.995413
1284.000000000 -30.7936 -13.8716 0 0 0 0.190403 0.981706
1285.000000000 -30.5046 -13.6095 0 0 0 0.471424 0.881907
1286.400000000 -29.8959 -12.7786 0 0 0 0.426996 0.904254
1287.700000000 -29.3286 -11.979 0 0 0 0.416723 0.909034
1288.900000000 -28.9333 -11.1749 0 0 0 0.550622 0.834755
1290.400000000 -28.7323 -10.1708 0 0 0 0.689451 0.724332
1292.300000000 -28.8658 -9.21738 0 0 0 0.765464 0.643479
1296.200000000 -28.9218 -8.20535 0 0 0 0.713161 0.701001
1299.000000000 -28.9111 -7.18347 0 0 0 0.702866 0.711323
1301.300000000 -28.8885 -6.18641 0 0 0 0.69751 0.716575
1303.100000000 -28.8671 -5.21254 0 0 0 0.702164 0.712015
1305.500000000 -28.8426 -4.22985 0 0 0 0.699115 0.715009
1308.800000000 -28.8387 -3.22461 0 0 0 0.707995 0.706217
1312.300000000 -28.8454 -2.25474 0 0 0 0.709221 0.704986
1315.200000000 -28.9641 -1.60134 0 0 0 0.874456 0.485105
1315.900000000 -29.0519 -1.67058 0 0 0 0.987866 0.155311
1316.500000000 -29.0718 -1.8304 0 0 0 -0.9914 0.130867
1318.100000000 -29.9726 -2.455 0 0 0 -0.929121 0.369777
1319.400000000 -30.6091 -3.19696 0 0 0 -0.925428 0.378924
1320.800000000 -31.3663 -3.89842 0 0 0 -0.928903 0.370322
1322.200000000 -32.1032 -4.63925 0 0 0 -0.923703 0.38311
1323.500000000 -32.8357 -5.32426 0 0 0 -0.926329 0.376716
1324.800000000 -33.5998 -5.93715 0 0 0 -0.95149 0.307681
1326.000000000 -34.3483 -6.38519 0 0 0 -0.969914 0.243449
1327.300000000 -35.2347 -6.75459 0 0 0 -0.984628 0.174664
1328.600000000 -36.1887 -6.99949 0 0 0 -0.99292 0.118783
1330.000000000 -37.1237 -7.45559 0 0 0 -0.959885 0.280393
1330.900000000 -37.295 -7.74184 0 0 0 -0.843811 0.536641
1331.600000000 -37.2017 -7.83334 0 0 0 -0.641098 0.767459
1332.500000000 -37.0015 -7.83754 0 0 0 -0.296148 0.955142
1333.100000000 -36.9492 -7.75871 0 0 0 -0.0148558 0.99989
1333.700000000 -36.9805 -7.63366 0 0 0 0.281315 0.959616
1334.300000000 -37.0898 -7.56625 0 0 0 0.551849 0.833944
1335.000000000 -37.1757 -7.42753 0 0 0 0.76317 0.646198
1336.100000000 -37.54 -7.04113 0 0 0 0.916934 0.399039
1337.400000000 -38.2607 -6.41411 0 0 0 0.933699 0.35806
1339.200000000 -38.8644 -5.70388 0 0 0 0.776201 0.630485
1339.800000000 -38.7362 -5.54706 0 0 0 0.621152 0.78369
1341.300000000 -38.1385 -4.81676 0 0 0 0.385556 0.922685
1342.600000000 -37.4405 -4.14227 0 0 0 0.370786 0.928718
1344.000000000 -36.7097 -3.38479 0 0 0 0.389015 0.921231
1351.600000000 -36.0173 -2.69282 0 0 0 0.384096 0.923293
1352.800000000 -35.3847 -2.05251 0 0 0 0.384058 0.923309
1354.200000000 -34.6422 -1.30955 0 0 0 0.384129 0.92328
1355.400000000 -34.0067 -0.655728 0 0 0 0.38412 0.923283
1356.800000000 -33.2653 0.0785175 0 0 0 0.384115 0.923285
1358.000000000 -32.6338 0.709572 0 0 0 0.384111 0.923287
1359.400000000 -31.9692 1.51608 0 0 0 0.460418 0.887702
1360.800000000 -31.6239 2.46988 0 0 0 0.615395 0.788219
1362.700000000 -31.5495 3.50291 0 0 0 0.710926 0.703266
1367.100000000 -31.6008 4.47539 0 0 0 0.72674 0.686913
1371.500000000 -31.6671 5.4575 0 0 0 0.728859 0.684663
1376.400000000 -31.698 6.42933 0 0 0 0.714446 0.699691
1381.300000000 -31.7058 7.38986 0 0 0 0.709148 0.705059
1386.100000000 -31.7086 8.34758 0 0 0 0.708995 0.705214
1389.600000000 -31.7152 9.41693 0 0 0 0.708958 0.705251
1391.000000000 -31.7212 10.471 0 0 0 0.708912 0.705297
1392.300000000 -31.727 11.4451 0 0 0 0.708856 0.705353
1394.100000000 -31.8606 12.2773 0 0 0 0.906996 0.421139
1394.700000000 -31.9237 12.1779 0 0 0 0.990939 0.134312
1395.300000000 -31.9192 12.0605 0 0 0 -0.986375 0.16451
1396.000000000 -31.9381 11.6991 0 0 0 -0.923568 0.383434
1397.100000000 -32.2573 11.2138 0 0 0 -0.794503 0.607261
1398.700000000 -32.4492 10.0576 0 0 0 -0.761527 0.648133
1400.400000000 -32.4355 9.35002 0 0 0 -0.503748 0.86385
1401.100000000 -32.3435 9.34986 0 0 0 -0.176327 0.984332
1401.700000000 -32.3401 9.63231 0 0 0 0.123558 0.992337
1402.400000000 -32.4168 9.75559 0 0 0 0.456301 0.889826
1403.100000000 -32.5294 9.79377 0 0 0 0.734048 0.679097
1403.700000000 -32.6556 9.81713 0 0 0 0.887107 0.461565
1405.300000000 -33.099 10.7384 0 0 0 0.773543 0.633743
1406.300000000 -32.9712 11.0541 0 0 0 0.547913 0.836536
1406.900000000 -32.8953 11.0098 0 0 0 0.308548 0.951209
1407.500000000 -32.7598 10.9919 0 0 0 0.0425122 0.999096
1409.200000000 -31.8316 10.6331 0 0 0 -0.177761 0.984074
1409.900000000 -31.7031 10.3737 0 0 0 -0.454213 0.890893
1410.700000000 -31.8509 10.3445 0 0 0 -0.762145 0.647406
1411.300000000 -31.9617 10.3775 0 0 0 -0.917471 0.397804
1412.100000000 -32.3122 10.3338 0 0 0 -0.984118 0.177513
1413.600000000 -33.3356 10.2585 0 0 0 0.999305 0.0372636
1414.800000000 -33.9304 10.044 0 0 0 -0.970585 0.240759
1416.300000000 -34.6522 9.31695 0 0 0 -0.913076 0.407789
1418.100000000 -35.0846 8.61485 0 0 0 -0.737341 0.675521
1418.800000000 -34.9436 8.6366 0 0 0 -0.523445 0.85206
1419.400000000 -34.9523 8.69341 0 0 0 -0.299371 0.954137
1420.900000000 -34.397 8.79915 0 0 0 0.0376621 0.999291
