0.300000000 0.2 0 0 0 0 0 1
5.300000000 1.2521 0.000564444 0 0 0 0.000294507 1
6.700000000 2.26817 0.0538366 0 0 0 0.078328 0.996928
9.000000000 3.06691 0.244326 0 0 0 -0.20666 0.978413
9.600000000 2.99062 0.217448 0 0 0 -0.486059 0.873926
10.300000000 2.86819 0.192873 0 0 0 -0.756821 0.653623
10.900000000 2.74743 0.212431 0 0 0 -0.916013 0.401149
11.500000000 2.68595 0.293036 0 0 0 -0.99365 0.112512
12.100000000 2.69219 0.409526 0 0 0 0.982518 0.186167
12.700000000 2.76704 0.492673 0 0 0 0.883609 0.468225
13.400000000 2.89745 0.514036 0 0 0 0.669125 0.74315
13.900000000 2.99316 0.485778 0 0 0 0.46472 0.885458
14.500000000 3.0688 0.422359 0 0 0 0.181903 0.983316
17.500000000 3.12783 0.238781 0 0 0 -0.141699 0.98991
18.100000000 3.06067 0.224741 0 0 0 -0.422679 0.906279
18.700000000 2.95946 0.186815 0 0 0 -0.668455 0.743753
19.300000000 2.85691 0.18699 0 0 0 -0.856113 0.516788
20.000000000 2.74582 0.227741 0 0 0 -0.980299 0.197519
20.500000000 2.72919 0.325389 0 0 0 0.998871 0.0475117
21.100000000 2.76396 0.425118 0 0 0 0.941764 0.336276
21.700000000 2.85422 0.507951 0 0 0 0.803011 0.595964
22.400000000 2.98898 0.590164 0 0 0 0.58977 0.807571
23.100000000 3.18079 0.735097 0 0 0 0.381911 0.924199
24.700000000 3.72046 1.49344 0 0 0 0.535759 0.844371
26.200000000 3.81819 2.46373 0 0 0 0.705776 0.708435
27.500000000 3.79456 3.50169 0 0 0 0.724247 0.68954
28.800000000 3.77522 4.47456 0 0 0 0.711711 0.702472
30.100000000 3.77273 5.45059 0 0 0 0.704593 0.709612
31.500000000 3.73818 6.47936 0 0 0 0.716432 0.697657
32.800000000 3.68894 7.47906 0 0 0 0.720581 0.693371
34.200000000 3.87194 8.42059 0 0 0 0.575204 0.81801
35.700000000 4.47175 9.32459 0 0 0 0.44028 0.897861
37.000000000 5.15796 10.014 0 0 0 0.347646 0.937626
38.500000000 6.11014 10.5267 0 0 0 0.154199 0.98804
39.700000000 7.04902 10.5969 0 0 0 0.0190923 0.999818
41.100000000 8.09047 10.5198 0 0 0 -0.0467304 0.998908
42.400000000 9.06871 10.4489 0 0 0 -0.0267413 0.999642
44.000000000 10.1084 10.7802 0 0 0 0.186855 0.982387
45.300000000 10.9771 11.1456 0 0 0 0.198384 0.980124
46.600000000 11.9048 11.4188 0 0 0 0.105744 0.994393
48.000000000 12.9075 11.4195 0 0 0 -0.0261723 0.999657
48.900000000 13.3244 11.3552 0 0 0 -0.28134 0.959608
49.600000000 13.2139 11.2435 0 0 0 -0.587582 0.809164
50.300000000 13.1178 11.2314 0 0 0 -0.826226 0.563339
50.900000000 12.9649 11.2955 0 0 0 -0.95397 0.299901
51.600000000 12.7986 11.3568 0 0 0 -0.999671 0.0256551
52.200000000 12.6555 11.4663 0 0 0 0.980821 0.194913
53.200000000 12.4001 11.8012 0 0 0 0.88916 0.457597
54.700000000 11.584 12.4072 0 0 0 0.965586 0.260083
56.100000000 10.6997 12.6637 0 0 0 0.998138 0.0609964
57.700000000 9.71438 12.7725 0 0 0 0.985288 0.170902
59.300000000 9.01275 13.4454 0 0 0 0.888681 0.458526
60.000000000 9.05062 13.6302 0 0 0 0.728621 0.684917
61.800000000 9.34349 14.674 0 0 0 0.63706 0.770814
63.000000000 9.45597 15.5775 0 0 0 0.682896 0.730516
64.400000000 9.45811 16.631 0 0 0 0.709986 0.704215
65.700000000 9.47528 17.601 0 0 0 0.683055 0.730367
67.200000000 9.7499 18.5957 0 0 0 0.531873 0.846824
68.600000000 10.4059 19.346 0 0 0 0.385958 0.922516
70.000000000 11.2002 20.0361 0 0 0 0.3408 0.940136
71.300000000 12.0421 20.4946 0 0 0 0.222818 0.97486
72.300000000 12.4323 20.4563 0 0 0 -0.0772226 0.997014
73.200000000 12.7457 20.2344 0 0 0 -0.32491 0.945745
74.500000000 13.2872 19.5008 0 0 0 -0.501725 0.865027
75.900000000 13.4318 18.8202 0 0 0 -0.763277 0.646072
76.500000000 13.3229 18.8639 0 0 0 -0.918975 0.394315
77.100000000 13.2571 18.9613 0 0 0 -0.993961 0.109729
77.600000000 13.2463 19.08 0 0 0 0.990688 0.136151
78.300000000 13.3014 19.1876 0 0 0 0.885819 0.46403
78.800000000 13.4117 19.2459 0 0 0 0.747188 0.664612
79.600000000 13.5939 19.3996 0 0 0 0.526691 0.850057
81.100000000 14.2542 20.1658 0 0 0 0.422215 0.906496
82.400000000 14.8138 20.9599 0 0 0 0.483198 0.875511
83.800000000 15.2647 21.8996 0 0 0 0.548058 0.83644
85.100000000 15.5714 22.8211 0 0 0 0.595047 0.803691
86.400000000 15.754 23.7715 0 0 0 0.628756 0.777602
87.600000000 16.1594 24.5999 0 0 0 0.532057 0.846708
89.000000000 16.7115 25.4315 0 0 0 0.387395 0.921914
90.200000000 17.4932 25.9702 0 0 0 0.303911 0.9527
91.500000000 18.3459 26.4412 0 0 0 0.21967 0.975574
92.900000000 19.3303 26.8132 0 0 0 0.166316 0.986072
94.400000000 20.2803 27.2092 0 0 0 0.279753 0.960072
95.300000000 20.3143 27.4488 0 0 0 0.579306 0.81511
95.800000000 20.2339 27.5353 0 0 0 0.741139 0.671352
98.000000000 20.0381 28.5445 0 0 0 0.701951 0.712225
99.300000000 20.1245 29.5133 0 0 0 0.660792 0.750569
101.100000000 20.3971 30.3965 0 0 0 0.387707 0.921783
101.600000000 20.4618 30.2986 0 0 0 0.152738 0.988267
102.300000000 20.5376 30.1655 0 0 0 -0.15797 0.987444
103.700000000 21.2987 29.5991 0 0 0 -0.355783 0.934569
105.100000000 22.0194 28.8407 0 0 0 -0.392016 0.919959
106.400000000 22.7181 28.1504 0 0 0 -0.384217 0.923243
107.700000000 23.401 27.4545 0 0 0 -0.38427 0.923221
109.000000000 24.0939 26.7683 0 0 0 -0.384336 0.923193
110.300000000 24.8028 26.0987 0 0 0 -0.347575 0.937652
111.700000000 25.6475 25.5086 0 0 0 -0.272824 0.962064
113.000000000 26.5387 25.0839 0 0 0 -0.19456 0.980891
114.300000000 27.4665 24.7917 0 0 0 -0.120367 0.99273
115.700000000 28.5108 24.6651 0 0 0 -0.029653 0.99956
117.100000000 29.5525 24.7124 0 0 0 0.0407659 0.999169
118.400000000 30.5098 24.7485 0 0 0 0.00334286 0.999994
119.700000000 31.4899 24.6915 0 0 0 -0.0436459 0.999047
121.100000000 32.4383 24.3584 0 0 0 -0.21615 0.97636
122.500000000 33.2249 23.7129 0 0 0 -0.372785 0.927918
123.900000000 33.9551 22.9678 0 0 0 -0.37277 0.927924
125.100000000 34.3808 22.7841 0 0 0 -0.0620537 0.998073
125.900000000 34.6273 22.9267 0 0 0 0.20504 0.978754
127.400000000 35.4135 23.6357 0 0 0 0.379994 0.924989
128.600000000 36.0399 24.2828 0 0 0 0.391412 0.920216
129.900000000 36.7202 24.9827 0 0 0 0.382157 0.924097
131.300000000 37.4685 25.7216 0 0 0 0.378605 0.925558
132.500000000 38.1145 26.3509 0 0 0 0.378638 0.925545
133.900000000 38.8256 27.1285 0 0 0 0.416597 0.909091
135.300000000 39.4686 27.9412 0 0 0 0.449709 0.893175
136.500000000 39.9613 28.7028 0 0 0 0.484476 0.874804
137.800000000 40.4682 29.5344 0 0 0 0.491772 0.870724
139.200000000 40.7082 30.1799 0 0 0 0.709732 0.704471
139.900000000 40.5974 30.1429 0 0 0 0.909242 0.416268
140.700000000 40.2826 30.1631 0 0 0 0.983229 0.182373
142.100000000 39.3108 30.3076 0 0 0 0.99813 0.0611229
143.400000000 38.3267 30.4644 0 0 0 0.999047 0.0436553
144.800000000 37.3658 30.4066 0 0 0 -0.994743 0.102407
146.300000000 36.603 29.8535 0 0 0 -0.9337 0.358056
147.700000000 35.877 29.0972 0 0 0 -0.920113 0.391653
149.000000000 35.1908 28.3997 0 0 0 -0.925436 0.378904
150.300000000 34.4993 27.7234 0 0 0 -0.925407 0.378975
151.500000000 33.8501 27.0951 0 0 0 -0.925429 0.378922
152.800000000 33.1909 26.3746 0 0 0 -0.89818 0.439628
154.300000000 32.7536 25.3686 0 0 0 -0.796636 0.604459
155.600000000 32.6714 24.3966 0 0 0 -0.706815 0.707398
157.000000000 32.7468 23.2882 0 0 0 -0.682449 0.730933
158.300000000 32.7704 22.3405 0 0 0 -0.705374 0.708835
159.600000000 32.7513 21.3452 0 0 0 -0.714925 0.699201
160.900000000 32.7329 20.3919 0 0 0 -0.710004 0.704198
162.100000000 32.7343 19.4886 0 0 0 -0.708035 0.706177
163.500000000 32.5662 18.5207 0 0 0 -0.814764 0.579793
165.000000000 31.9219 17.6989 0 0 0 -0.919412 0.393295
166.300000000 31.1383 17.1056 0 0 0 -0.962002 0.273041
167.500000000 30.3082 16.8401 0 0 0 -0.99135 0.131242
169.000000000 29.4647 16.8988 0 0 0 0.982054 0.1886
169.800000000 29.3313 17.1043 0 0 0 0.892487 0.451073
170.900000000 29.3312 17.617 0 0 0 0.714703 0.699428
171.700000000 29.4438 17.8537 0 0 0 0.511965 0.859006
172.400000000 29.5327 17.7667 0 0 0 0.188628 0.982049
173.000000000 29.5588 17.604 0 0 0 -0.104045 0.994573
173.600000000 29.5116 17.4974 0 0 0 -0.389076 0.921206
174.300000000 29.402 17.395 0 0 0 -0.661587 0.749868
174.900000000 29.3063 17.2628 0 0 0 -0.814706 0.579874
176.500000000 28.583 16.5867 0 0 0 -0.930533 0.366209
178.000000000 27.8574 16.0845 0 0 0 -0.993758 0.111554
178.800000000 27.6209 16.2424 0 0 0 0.985898 0.167348
180.200000000 27.0351 16.8609 0 0 0 0.908041 0.418881
181.500000000 26.3707 17.579 0 0 0 0.928773 0.370648
182.800000000 25.5644 18.1042 0 0 0 0.973131 0.230252
184.200000000 24.5622 18.3272 0 0 0 0.998795 0.0490773
185.600000000 23.5164 18.2588 0 0 0 -0.99803 0.0627336
186.900000000 22.5499 18.117 0 0 0 -0.99863 0.0523311
188.200000000 21.5774 18.101 0 0 0 0.999968 0.00803848
189.500000000 20.603 18.1579 0 0 0 0.999043 0.0437393
190.800000000 19.6308 18.1986 0 0 0 -0.999999 0.0012673
192.100000000 18.657 18.1834 0 0 0 -0.999995 0.00330982
193.500000000 17.6031 18.1883 0 0 0 0.999985 0.00539793
194.700000000 16.6992 18.2063 0 0 0 0.999977 0.00672859
196.300000000 15.6747 18.5164 0 0 0 0.966999 0.25478
197.700000000 14.9473 19.2586 0 0 0 0.919416 0.393286
198.900000000 14.3439 19.8904 0 0 0 0.911829 0.410571
200.300000000 13.7955 20.7719 0 0 0 0.842777 0.538263
201.600000000 13.6307 21.7309 0 0 0 0.739569 0.673081
203.000000000 13.7015 22.7733 0 0 0 0.673104 0.739548
204.300000000 13.881 23.7295 0 0 0 0.679585 0.733597
205.600000000 13.8867 24.703 0 0 0 0.717815 0.696234
206.900000000 13.8246 25.6734 0 0 0 0.734188 0.678946
208.200000000 13.7477 26.6425 0 0 0 0.729212 0.684288
209.500000000 13.7352 27.6163 0 0 0 0.703627 0.710569
210.900000000 13.7558 28.6686 0 0 0 0.700321 0.713828
212.400000000 13.9597 29.3531 0 0 0 0.444062 0.895996
213.100000000 14.1548 29.3858 0 0 0 0.197963 0.980209
213.800000000 14.2416 29.2946 0 0 0 -0.110144 0.993916
214.500000000 14.1621 29.1884 0 0 0 -0.445376 0.895344
215.100000000 14.0555 29.139 0 0 0 -0.686737 0.726906
215.900000000 13.9088 28.8905 0 0 0 -0.850841 0.525423
217.400000000 13.159 28.1842 0 0 0 -0.934599 0.355704
218.700000000 12.4255 27.5237 0 0 0 -0.940333 0.340256
220.000000000 11.6204 26.9859 0 0 0 -0.968802 0.247836
221.600000000 10.6356 26.7383 0 0 0 -0.996526 0.0832817
223.800000000 9.66451 26.6541 0 0 0 -0.999994 0.00346518
226.700000000 8.65604 26.7056 0 0 0 0.999943 0.0107105
228.500000000 7.65869 26.7315 0 0 0 0.999886 0.0150916
231.500000000 6.72119 26.7419 0 0 0 0.99992 0.01267
234.800000000 5.71609 26.7589 0 0 0 0.999559 0.0296883
236.300000000 4.72709 27.0436 0 0 0 0.973704 0.227815
237.600000000 4.16262 27.5995 0 0 0 0.887439 0.460925
238.400000000 4.26708 27.777 0 0 0 0.694856 0.719149
239.000000000 4.37989 27.8471 0 0 0 0.495505 0.868605
240.800000000 4.96409 28.7286 0 0 0 0.493276 0.869873
242.100000000 5.55107 29.5041 0 0 0 0.410836 0.911709
243.200000000 5.96317 29.7315 0 0 0 0.122512 0.992467
244.000000000 6.09067 29.608 0 0 0 -0.203669 0.97904
244.700000000 6.09904 29.4619 0 0 0 -0.482737 0.875765
245.200000000 6.01751 29.3853 0 0 0 -0.667799 0.744341
245.900000000 5.87813 29.2873 0 0 0 -0.848707 0.528863
246.800000000 5.61627 29.1592 0 0 0 -0.970434 0.241367
248.400000000 4.58966 28.9837 0 0 0 -0.991164 0.132638
249.800000000 3.80364 28.4735 0 0 0 -0.942025 0.335544
251.100000000 3.13255 27.7597 0 0 0 -0.91387 0.406008
252.500000000 2.48681 27.0959 0 0 0 -0.923907 0.382616
255.300000000 1.80302 26.4073 0 0 0 -0.924689 0.380723
258.800000000 1.09578 25.7164 0 0 0 -0.924692 0.380716
262.300000000 0.421436 25.0373 0 0 0 -0.924689 0.380723
266.200000000 -0.261519 24.3697 0 0 0 -0.924687 0.380729
269.400000000 -0.758396 23.6136 0 0 0 -0.772182 0.635402
270.300000000 -0.614371 23.2817 0 0 0 -0.570897 0.821022
272.000000000 -0.000354049 22.5244 0 0 0 -0.482133 0.876098
273.500000000 0.229964 21.5539 0 0 0 -0.68197 0.73138
275.200000000 0.440991 20.6454 0 0 0 -0.45147 0.892286
275.900000000 0.563029 20.6869 0 0 0 -0.154332 0.988019
276.500000000 0.622198 20.7936 0 0 0 0.118322 0.992975
277.200000000 0.55155 20.9055 0 0 0 0.452159 0.891937
277.700000000 0.439277 20.9443 0 0 0 0.658288 0.752766
278.400000000 0.321678 20.9152 0 0 0 0.876783 0.480886
279.000000000 0.24605 20.8355 0 0 0 0.97973 0.200321
279.900000000 -0.182758 20.7585 0 0 0 -0.999225 0.0393575
281.300000000 -1.19186 20.5683 0 0 0 -0.992684 0.120745
282.600000000 -2.16234 20.4049 0 0 0 -0.998006 0.0631261
283.800000000 -3.0461 20.3623 0 0 0 -1 0.000802348
285.100000000 -4.02868 20.4025 0 0 0 0.999536 0.0304626
286.400000000 -4.99795 20.468 0 0 0 0.998547 0.0538854
287.800000000 -6.0406 20.6092 0 0 0 0.996904 0.0786275
289.100000000 -6.99052 20.8594 0 0 0 0.987266 0.159077
290.200000000 -7.32464 21.1277 0 0 0 0.887846 0.460141
290.800000000 -7.22614 21.175 0 0 0 0.715382 0.698733
291.400000000 -7.10057 21.1534 0 0 0 0.481038 0.8767
292.100000000 -7.01249 21.0569 0 0 0 0.160052 0.987109
292.800000000 -6.93396 20.9534 0 0 0 -0.160148 0.987093
293.600000000 -6.71321 20.6458 0 0 0 -0.368025 0.929816
295.000000000 -6.09359 19.7945 0 0 0 -0.470985 0.882141
296.200000000 -5.90059 19.3302 0 0 0 -0.705199 0.709009
296.900000000 -6.03516 19.3533 0 0 0 -0.902344 0.431017
297.500000000 -6.10832 19.4415 0 0 0 -0.988731 0.149705
298.100000000 -6.14912 19.56 0 0 0 0.99111 0.133043
299.000000000 -6.38358 19.8052 0 0 0 0.916808 0.399329
300.500000000 -6.99431 20.658 0 0 0 0.903237 0.429141
301.800000000 -7.6709 21.361 0 0 0 0.917746 0.397167
303.100000000 -8.22756 22.1467 0 0 0 0.835169 0.549994
304.500000000 -8.33866 23.127 0 0 0 0.709533 0.704672
305.800000000 -8.18866 24.0978 0 0 0 0.639894 0.768463
307.100000000 -8.04469 25.0618 0 0 0 0.67537 0.737479
308.400000000 -8.14634 25.5725 0 0 0 0.883644 0.468159
309.100000000 -8.20739 25.4614 0 0 0 0.990718 0.135933
310.200000000 -8.74975 25.3497 0 0 0 -0.990538 0.137242
311.600000000 -9.67458 25.0706 0 0 0 -0.988499 0.151229
313.100000000 -10.691 24.8894 0 0 0 -0.999773 0.0212853
314.400000000 -11.6661 24.9693 0 0 0 0.998789 0.0492071
315.800000000 -12.7099 25.0591 0 0 0 0.999078 0.0429346
317.200000000 -13.7615 25.0931 0 0 0 0.999981 0.00615385
318.400000000 -14.668 25.0909 0 0 0 -1 0.000132505
319.900000000 -15.6593 25.0797 0 0 0 -0.993717 0.111921
321.400000000 -16.5673 24.4908 0 0 0 -0.945436 0.325808
322.700000000 -17.2817 23.8048 0 0 0 -0.922738 0.385429
324.000000000 -17.9555 23.1096 0 0 0 -0.924618 0.380896
325.400000000 -18.7097 22.385 0 0 0 -0.928687 0.370864
326.400000000 -18.9671 22.3034 0 0 0 -0.999477 0.0323296
327.000000000 -18.9587 22.4488 0 0 0 0.965593 0.26006
327.600000000 -18.8793 22.539 0 0 0 0.848148 0.529759
328.100000000 -18.7517 22.5617 0 0 0 0.694247 0.719737
328.700000000 -18.6884 22.5337 0 0 0 0.452704 0.891661
329.300000000 -18.597 22.4472 0 0 0 0.175495 0.98448
330.000000000 -18.5722 22.3039 0 0 0 -0.160285 0.987071
331.100000000 -18.192 21.8789 0 0 0 -0.417185 0.908822
332.700000000 -17.6383 20.9585 0 0 0 -0.433841 0.900989
334.000000000 -16.8967 20.4276 0 0 0 -0.254972 0.966948
335.100000000 -16.4239 20.3336 0 0 0 0.0446458 0.999003
335.800000000 -16.4795 20.463 0 0 0 0.383324 0.923614
336.300000000 -16.5735 20.5064 0 0 0 0.599398 0.800451
337.000000000 -16.6986 20.5043 0 0 0 0.838286 0.54523
337.800000000 -16.9579 20.6344 0 0 0 0.95237 0.304944
339.100000000 -17.71 20.7653 0 0 0 0.999094 0.0425674
340.500000000 -18.7317 20.6784 0 0 0 -0.999009 0.0445065
341.700000000 -19.6639 20.6596 0 0 0 -0.999625 0.0273781
343.100000000 -20.7078 20.6508 0 0 0 0.999982 0.00591607
344.400000000 -21.687 20.6686 0 0 0 0.999931 0.0117703
345.600000000 -22.5803 20.6923 0 0 0 0.999931 0.011735
347.500000000 -23.4859 20.579 0 0 0 -0.943834 0.330421
348.100000000 -23.3901 20.5236 0 0 0 -0.804028 0.594591
348.700000000 -23.2822 20.5154 0 0 0 -0.592391 0.805651
349.300000000 -23.1729 20.5682 0 0 0 -0.336395 0.941721
350.000000000 -23.1066 20.6134 0 0 0 -0.0176761 0.999844
351.000000000 -22.581 20.9074 0 0 0 0.209029 0.977909
352.600000000 -21.8535 21.6326 0 0 0 0.468436 0.883497
353.800000000 -21.7121 22.2824 0 0 0 0.684189 0.729305
355.300000000 -22.0306 23.1281 0 0 0 0.865693 0.500575
356.900000000 -22.7787 23.7321 0 0 0 0.977755 0.20975
357.600000000 -22.9164 23.6548 0 0 0 -0.997161 0.0752964
358.300000000 -22.9888 23.5029 0 0 0 -0.935976 0.352063
358.900000000 -22.9409 23.4301 0 0 0 -0.795731 0.60565
359.600000000 -22.8018 23.4254 0 0 0 -0.540782 0.841163
360.200000000 -22.693 23.5138 0 0 0 -0.268661 0.963235
360.900000000 -22.6628 23.6509 0 0 0 0.0779283 0.996959
361.900000000 -22.37 23.9762 0 0 0 0.362768 0.931879
363.200000000 -21.7603 24.7047 0 0 0 0.422706 0.906267
364.600000000 -21.0428 25.4605 0 0 0 0.38151 0.924365
365.800000000 -20.4841 26.1692 0 0 0 0.478988 0.877821
367.300000000 -20.1258 27.1948 0 0 0 0.642766 0.766062
368.600000000 -20.133 28.1668 0 0 0 0.718859 0.695156
369.900000000 -20.2063 29.1434 0 0 0 0.732251 0.681035
371.100000000 -20.3571 29.6395 0 0 0 0.891716 0.452596
371.900000000 -20.5388 29.5834 0 0 0 0.990054 0.140688
372.800000000 -20.9555 29.498 0 0 0 -0.994736 0.102467
374.100000000 -21.853 29.2431 0 0 0 -0.992667 0.120879
375.400000000 -22.3439 28.9856 0 0 0 -0.92412 0.382102
376.200000000 -22.3124 28.8065 0 0 0 -0.752361 0.658751
377.000000000 -22.1677 28.5313 0 0 0 -0.563172 0.82634
378.700000000 -21.6884 27.626 0 0 0 -0.56821 0.822883
380.100000000 -21.7257 26.8833 0 0 0 -0.774253 0.632876
381.700000000 -22.2835 26.0435 0 0 0 -0.923156 0.384425
382.800000000 -22.7265 25.8721 0 0 0 -0.996348 0.0853898
384.400000000 -23.7026 26.0819 0 0 0 0.996597 0.0824282
385.700000000 -24.668 26.2109 0 0 0 0.997986 0.0634293
387.000000000 -25.6409 26.3039 0 0 0 0.999058 0.0434034
388.300000000 -26.6129 26.3625 0 0 0 0.999738 0.0228778
389.700000000 -27.665 26.3748 0 0 0 0.999992 0.00405388
391.100000000 -28.7088 26.3733 0 0 0 0.999992 0.00405617
392.400000000 -29.671 26.4427 0 0 0 0.993571 0.113212
393.900000000 -30.5373 26.9639 0 0 0 0.939812 0.341693
395.300000000 -31.2497 27.7244 0 0 0 0.908676 0.417502
396.700000000 -31.8453 28.5584 0 0 0 0.871691 0.490056
397.600000000 -31.7866 28.8328 0 0 0 0.67554 0.737323
398.500000000 -31.5438 29.2079 0 0 0 0.485125 0.874445
400.100000000 -30.6984 29.8404 0 0 0 0.234928 0.972013
401.100000000 -30.3103 29.8667 0 0 0 -0.0635143 0.997981
401.800000000 -30.3697 29.7463 0 0 0 -0.398175 0.917309
402.400000000 -30.437 29.679 0 0 0 -0.634614 0.772829
403.000000000 -30.5337 29.6511 0 0 0 -0.816085 0.577932
404.600000000 -31.2505 28.8824 0 0 0 -0.923284 0.384118
406.000000000 -32.0305 28.1803 0 0 0 -0.93057 0.366115
407.200000000 -32.6634 27.454 0 0 0 -0.913718 0.406349
408.600000000 -33.2819 26.6357 0 0 0 -0.877233 0.480065
410.000000000 -33.7355 25.7071 0 0 0 -0.83202 0.554746
411.400000000 -34.0344 24.7332 0 0 0 -0.783193 0.621778
412.800000000 -34.1561 23.7597 0 0 0 -0.734647 0.678449
414.900000000 -34.1628 22.7673 0 0 0 -0.705319 0.70889
418.500000000 -34.1544 21.8255 0 0 0 -0.708152 0.70606
421.600000000 -34.1996 20.8073 0 0 0 -0.729513 0.683967
422.900000000 -34.3836 19.8165 0 0 0 -0.819737 0.572741
424.400000000 -35.0074 18.9747 0 0 0 -0.925976 0.377582
425.200000000 -35.2683 18.9378 0 0 0 -0.992593 0.121488
426.000000000 -35.4753 19.051 0 0 0 0.985514 0.169595
427.600000000 -36.3854 19.6456 0 0 0 0.958475 0.285178
428.900000000 -37.2721 20.0329 0 0 0 0.987607 0.156949
430.100000000 -38.1607 20.135 0 0 0 0.999946 0.0104103
431.300000000 -38.6125 20.0154 0 0 0 -0.942928 0.332997
431.800000000 -38.5431 19.9398 0 0 0 -0.832522 0.553992
432.600000000 -38.4318 19.7423 0 0 0 -0.629959 0.776628
433.600000000 -38.1033 19.345 0 0 0 -0.423135 0.906067
434.800000000 -37.4559 18.7605 0 0 0 -0.354987 0.934871
436.300000000 -36.7254 18.0717 0 0 0 -0.376978 0.926222
438.700000000 -35.9416 17.4315 0 0 0 -0.27467 0.961538
440.100000000 -35.0248 16.9748 0 0 0 -0.156964 0.987604
443.000000000 -34.186 16.6132 0 0 0 -0.299641 0.954052
444.200000000 -33.8633 16.1144 0 0 0 -0.567888 0.823106
445.600000000 -33.7398 15.1084 0 0 0 -0.690038 0.723773
446.900000000 -33.8238 14.1425 0 0 0 -0.757688 0.652617
448.100000000 -34.0373 13.2047 0 0 0 -0.811547 0.584287
449.500000000 -34.4259 12.2739 0 0 0 -0.793622 0.608411
451.000000000 -34.5451 11.3643 0 0 0 -0.705967 0.708245
453.700000000 -34.4916 10.472 0 0 0 -0.666323 0.745663
455.900000000 -34.0353 9.53335 0 0 0 -0.43817 0.898892
457.300000000 -33.234 8.76303 0 0 0 -0.379006 0.925394
458.600000000 -32.7538 8.03412 0 0 0 -0.516406 0.856344
459.900000000 -32.5265 7.03124 0 0 0 -0.656075 0.754696
461.100000000 -32.6049 6.47907 0 0 0 -0.857323 0.514778
461.700000000 -32.6917 6.57455 0 0 0 -0.970176 0.242401
462.300000000 -32.7788 6.70166 0 0 0 0.999784 0.020789
463.200000000 -33.039 6.81803 0 0 0 0.951146 0.308742
464.600000000 -33.7624 7.67364 0 0 0 0.914953 0.403561
465.900000000 -34.4387 8.38201 0 0 0 0.921232 0.389015
467.200000000 -35.1288 9.07153 0 0 0 0.927571 0.373648
468.600000000 -35.9863 9.68122 0 0 0 0.967591 0.252523
469.900000000 -36.9151 9.94285 0 0 0 0.995618 0.0935167
471.300000000 -37.9178 9.90877 0 0 0 -0.999338 0.0363704
472.200000000 -38.2988 9.81643 0 0 0 -0.956447 0.291906
472.800000000 -38.2069 9.74225 0 0 0 -0.828399 0.560138
473.500000000 -38.093 9.60253 0 0 0 -0.639895 0.768462
474.800000000 -37.6459 9.02539 0 0 0 -0.412906 0.910774
476.200000000 -36.997 8.18638 0 0 0 -0.513365 0.858171
477.400000000 -36.7728 7.34095 0 0 0 -0.640967 0.767569
478.300000000 -36.875 7.16569 0 0 0 -0.864516 0.502605
478.900000000 -36.9634 7.24267 0 0 0 -0.972996 0.23082
479.500000000 -36.9916 7.35531 0 0 0 0.998021 0.0628852
480.200000000 -36.9173 7.45374 0 0 0 0.91602 0.401132
480.700000000 -36.8547 7.52641 0 0 0 0.79385 0.608113
481.400000000 -36.7321 7.63374 0 0 0 0.588886 0.808216
482.700000000 -36.1666 8.20009 0 0 0 0.363684 0.931522
484.200000000 -35.2019 8.68404 0 0 0 0.156689 0.987648
485.600000000 -34.2209 8.69775 0 0 0 0.0022307 0.999998
486.900000000 -33.2431 8.73107 0 0 0 -0.0293752 0.999568
488.600000000 -32.1493 8.67049 0 0 0 -0.0268174 0.99964
490.100000000 -31.1231 8.60294 0 0 0 -0.0348073 0.999394
492.400000000 -30.1812 8.5521 0 0 0 -0.00467864 0.999989
495.600000000 -29.2259 8.58809 0 0 0 0.0219191 0.99976
499.200000000 -28.2468 8.60318 0 0 0 0.0068512 0.999977
502.200000000 -27.2561 8.60595 0 0 0 -0.000883451 1
505.300000000 -26.2474 8.60417 0 0 0 -0.000835104 1
508.300000000 -25.2618 8.60263 0 0 0 -0.000784427 1
511.400000000 -24.2531 8.60095 0 0 0 -0.000730635 1
514.500000000 -23.3183 8.59959 0 0 0 -0.000673055 1
517.300000000 -22.3036 8.59803 0 0 0 -0.000613621 1
519.900000000 -21.3398 8.59683 0 0 0 -0.00059216 1
523.000000000 -20.3242 8.59556 0 0 0 -0.000569659 1
525.100000000 -19.3033 8.59422 0 0 0 -0.000537442 1
526.900000000 -18.3219 8.59292 0 0 0 -0.000461017 1
528.800000000 -17.2762 8.59162 0 0 0 -0.000390678 1
530.600000000 -16.2927 8.59115 0 0 0 -0.000427857 1
532.400000000 -15.3141 8.59026 0 0 0 -0.000432518 1
534.200000000 -14.3319 8.58935 0 0 0 -0.000434564 1
535.900000000 -13.4073 8.5886 0 0 0 -0.000433969 1
537.700000000 -12.4148 8.58763 0 0 0 -0.000429665 1
539.100000000 -11.46 8.49502 0 0 0 -0.0900371 0.995938
540.700000000 -10.5121 7.99689 0 0 0 -0.338467 0.940978
542.000000000 -9.86042 7.165 0 0 0 -0.393068 0.919509
543.300000000 -9.16223 6.54551 0 0 0 -0.389362 0.921085
544.700000000 -8.45786 6.00006 0 0 0 -0.218505 0.975836
546.000000000 -7.72757 6.00478 0 0 0 0.0686542 0.997641
547.300000000 -6.79811 6.14353 0 0 0 0.0572341 0.998361
548.400000000 -6.29503 6.06919 0 0 0 -0.203475 0.97908
549.000000000 -6.36292 5.98308 0 0 0 -0.479803 0.877376
549.700000000 -6.40564 5.96884 0 0 0 -0.732927 0.680308
550.400000000 -6.63231 5.80168 0 0 0 -0.880858 0.47338
551.700000000 -7.29849 5.16126 0 0 0 -0.932694 0.360669
553.100000000 -8.04024 4.38796 0 0 0 -0.912514 0.409045
554.500000000 -8.4004 3.74411 0 0 0 -0.766359 0.642412
555.200000000 -8.27375 3.61541 0 0 0 -0.558688 0.829378
556.700000000 -7.62483 2.8813 0 0 0 -0.401257 0.915966
558.000000000 -7.04919 2.10269 0 0 0 -0.493573 0.869704
559.400000000 -6.79482 1.16694 0 0 0 -0.666064 0.745894
560.500000000 -6.90847 0.742498 0 0 0 -0.868057 0.496464
561.200000000 -6.99455 0.810426 0 0 0 -0.984912 0.173056
561.800000000 -7.02047 0.947917 0 0 0 0.992646 0.121057
562.400000000 -7.03719 1.08336 0 0 0 0.930623 0.36598
563.200000000 -7.09415 1.37548 0 0 0 0.80815 0.588976
564.700000000 -7.07187 2.39285 0 0 0 0.659146 0.752015
566.000000000 -6.82551 3.33146 0 0 0 0.601692 0.798729
567.500000000 -6.72303 4.36871 0 0 0 0.698259 0.715846
569.500000000 -6.7694 5.29391 0 0 0 0.735651 0.677361
573.300000000 -6.84528 6.26189 0 0 0 0.732168 0.681124
576.400000000 -6.86788 7.25532 0 0 0 0.714625 0.699507
577.700000000 -6.86647 8.22298 0 0 0 0.673827 0.738889
579.000000000 -6.51546 8.88521 0 0 0 0.448453 0.893806
580.500000000 -5.69098 9.42927 0 0 0 0.210567 0.977579
582.000000000 -4.5951 9.64427 0 0 0 0.0272491 0.999629
583.300000000 -3.65681 9.54216 0 0 0 -0.0666656 0.997775
584.700000000 -2.63426 9.33658 0 0 0 -0.110546 0.993871
586.000000000 -1.69366 9.07669 0 0 0 -0.145636 0.989338
587.400000000 -0.67631 8.81175 0 0 0 -0.13898 0.990295
589.000000000 0.206744 8.23279 0 0 0 -0.372681 0.927959
590.300000000 0.501338 7.56705 0 0 0 -0.609892 0.792484
591.600000000 0.433426 6.79102 0 0 0 -0.791111 0.611673
592.900000000 0.0283035 5.94213 0 0 0 -0.849949 0.526865
594.300000000 -0.285374 4.96843 0 0 0 -0.774984 0.631981
596.300000000 -0.290002 3.92286 0 0 0 -0.685351 0.728213
599.900000000 -0.205033 2.9983 0 0 0 -0.671065 0.741398
604.600000000 -0.126217 2.05583 0 0 0 -0.681635 0.731693
609.200000000 -0.0963514 1.10625 0 0 0 -0.698805 0.715312
614.100000000 -0.088802 0.12307 0 0 0 -0.705201 0.709008
618.800000000 -0.0455537 -0.819782 0 0 0 -0.685234 0.728323
623.700000000 -0.00395007 -1.78694 0 0 0 -0.696572 0.717487
628.600000000 0.0047595 -2.74035 0 0 0 -0.704588 0.709617
633.600000000 0.0108735 -3.72172 0 0 0 -0.705209 0.709
636.700000000 0.0176625 -4.79008 0 0 0 -0.705253 0.708956
638.000000000 0.0230447 -5.764 0 0 0 -0.705167 0.709042
639.400000000 0.0275447 -6.81654 0 0 0 -0.705072 0.709136
640.700000000 0.0333758 -7.79 0 0 0 -0.705117 0.709091
642.000000000 0.0490966 -8.76341 0 0 0 -0.705176 0.709032
643.400000000 -0.200085 -9.66818 0 0 0 -0.839894 0.54275
644.800000000 -0.816307 -10.2361 0 0 0 -0.96265 0.270748
646.300000000 -1.71696 -10.3432 0 0 0 -0.998885 0.0472186
648.100000000 -2.667 -10.3383 0 0 0 0.999645 0.0266408
649.500000000 -3.71377 -10.2284 0 0 0 0.997933 0.0642657
650.500000000 -3.91031 -10.0453 0 0 0 0.915731 0.401792
651.100000000 -3.78978 -9.99537 0 0 0 0.759854 0.650094
651.700000000 -3.67345 -9.99307 0 0 0 0.53921 0.842171
652.400000000 -3.52976 -9.94122 0 0 0 0.315384 0.948964
653.700000000 -2.71227 -9.75063 0 0 0 0.0447829 0.998997
654.900000000 -1.8232 -9.79085 0 0 0 -0.0434844 0.999054
662.400000000 -0.83393 -9.82885 0 0 0 0.0610161 0.998137
663.900000000 0.0420347 -9.38355 0 0 0 0.311531 0.950236
665.300000000 0.744427 -8.64628 0 0 0 0.419451 0.907778
666.600000000 1.25796 -7.82755 0 0 0 0.530015 0.847988
667.900000000 1.48496 -6.88565 0 0 0 0.658137 0.752898
669.200000000 1.42885 -5.91784 0 0 0 0.756903 0.653528
670.600000000 1.29007 -4.87585 0 0 0 0.748912 0.66267
671.900000000 1.24108 -3.90411 0 0 0 0.710499 0.703698
673.100000000 1.24939 -3.0056 0 0 0 0.700877 0.713282
674.500000000 1.27762 -1.95373 0 0 0 0.702275 0.711906
675.900000000 1.26223 -0.904099 0 0 0 0.715138 0.698983
677.100000000 1.25099 -0.00219127 0 0 0 0.710053 0.704148
678.800000000 1.38889 0.744565 0 0 0 0.421736 0.906718
679.300000000 1.45543 0.683697 0 0 0 0.187735 0.98222
680.000000000 1.57776 0.574497 0 0 0 -0.10278 0.994704
681.300000000 2.40022 0.179474 0 0 0 -0.28058 0.959831
683.400000000 3.15963 -0.218417 0 0 0 0.0337879 0.999429
684.200000000 3.23264 -0.109754 0 0 0 0.289203 0.957268
685.100000000 3.20934 0.0382812 0 0 0 0.555179 0.831731
686.000000000 3.11591 0.165971 0 0 0 0.774161 0.632989
688.000000000 2.64072 0.899248 0 0 0 0.90697 0.421195
688.800000000 2.55657 0.839149 0 0 0 0.987651 0.156672
689.600000000 2.55536 0.719253 0 0 0 -0.989969 0.141287
690.400000000 2.49266 0.605633 0 0 0 -0.933478 0.358635
691.700000000 2.44606 0.255191 0 0 0 -0.785387 0.619005
692.600000000 2.53581 0.00902768 0 0 0 -0.605255 0.796032
694.200000000 3.1047 -0.848306 0 0 0 -0.501142 0.865365
695.600000000 3.49394 -1.76768 0 0 0 -0.582742 0.812657
696.800000000 3.70536 -2.69806 0 0 0 -0.636662 0.771143
698.300000000 3.80663 -3.686 0 0 0 -0.677848 0.735202
701.200000000 3.82959 -4.65728 0 0 0 -0.702179 0.712
705.900000000 3.83549 -5.5908 0 0 0 -0.705619 0.708591
710.800000000 3.83983 -6.57436 0 0 0 -0.705622 0.708588
715.800000000 3.81493 -7.56341 0 0 0 -0.718378 0.695653
720.700000000 3.83751 -8.53251 0 0 0 -0.687531 0.726155
723.300000000 3.99322 -9.5248 0 0 0 -0.596288 0.802771
724.700000000 4.54131 -10.3132 0 0 0 -0.419229 0.90788
726.100000000 5.29852 -11.0451 0 0 0 -0.371992 0.928236
727.500000000 6.03827 -11.7828 0 0 0 -0.38131 0.924447
728.700000000 6.5747 -12.4996 0 0 0 -0.494515 0.869169
730.000000000 6.89743 -13.4225 0 0 0 -0.617799 0.786336
731.400000000 7.11801 -14.4129 0 0 0 -0.582764 0.812642
732.600000000 7.43959 -14.8094 0 0 0 -0.281221 0.959643
733.200000000 7.52636 -14.7201 0 0 0 -0.0147863 0.999891
734.100000000 7.82094 -14.5349 0 0 0 0.261504 0.965202
735.600000000 8.60573 -13.7806 0 0 0 0.397355 0.917665
737.100000000 9.32742 -13.0337 0 0 0 0.384573 0.923095
738.800000000 10.0474 -12.3235 0 0 0 0.376954 0.926232
741.500000000 10.7131 -11.6739 0 0 0 0.38067 0.924711
744.400000000 11.4116 -10.9706 0 0 0 0.380947 0.924597
746.300000000 12.1475 -10.2427 0 0 0 0.38105 0.924554
747.600000000 12.8375 -9.56775 0 0 0 0.381145 0.924515
748.800000000 13.4746 -8.93677 0 0 0 0.380988 0.92458
750.200000000 14.2216 -8.19566 0 0 0 0.38096 0.924591
751.500000000 14.9144 -7.50902 0 0 0 0.38094 0.9246
752.900000000 15.6614 -6.76764 0 0 0 0.380928 0.924605
754.200000000 16.3486 -6.07798 0 0 0 0.380915 0.92461
755.500000000 17.0452 -5.39749 0 0 0 0.380931 0.924604
756.900000000 17.5746 -4.6157 0 0 0 0.547748 0.836643
758.400000000 17.635 -3.62362 0 0 0 0.732833 0.680409
759.700000000 17.4578 -2.65929 0 0 0 0.768922 0.639343
761.100000000 17.332 -1.62451 0 0 0 0.732527 0.680737
762.800000000 17.6033 -0.632872 0 0 0 0.51053 0.85986
764.200000000 18.2302 0.0980188 0 0 0 0.36539 0.930855
765.500000000 18.9409 0.763862 0 0 0 0.372166 0.928166
766.800000000 19.6331 1.44932 0 0 0 0.386328 0.922361
768.100000000 20.3139 2.15603 0 0 0 0.388286 0.921539
769.400000000 21.0264 2.8309 0 0 0 0.361258 0.932466
770.600000000 21.745 3.37546 0 0 0 0.270805 0.962634
771.900000000 22.6506 3.6963 0 0 0 0.11567 0.993288
773.200000000 23.6298 3.68636 0 0 0 -0.0367693 0.999324
774.700000000 24.417 3.32985 0 0 0 -0.33506 0.942197
776.100000000 24.9703 2.63484 0 0 0 -0.413205 0.910638
777.500000000 25.5201 2.249 0 0 0 -0.103895 0.994588
778.100000000 25.5294 2.38677 0 0 0 0.180961 0.98349
779.100000000 25.8595 2.74256 0 0 0 0.428059 0.903751
780.500000000 26.3295 3.6681 0 0 0 0.577293 0.816537
781.800000000 26.4924 4.61837 0 0 0 0.673279 0.739388
782.500000000 26.3787 4.69324 0 0 0 0.862015 0.506882
783.100000000 26.299 4.59969 0 0 0 0.973196 0.229979
783.800000000 26.1066 4.53829 0 0 0 -0.999555 0.0298333
785.100000000 25.4651 4.15589 0 0 0 -0.951782 0.306776
786.400000000 24.6588 3.64671 0 0 0 -0.972237 0.233997
787.800000000 23.6671 3.42922 0 0 0 -0.998983 0.0450865
789.100000000 22.6932 3.45301 0 0 0 0.999502 0.0315471
790.500000000 21.6528 3.52245 0 0 0 0.999018 0.044303
791.800000000 20.6721 3.59224 0 0 0 0.999911 0.0133529
793.100000000 19.6983 3.58317 0 0 0 -0.999981 0.00608292
794.400000000 18.7247 3.56227 0 0 0 -0.999965 0.00841036
795.800000000 17.6709 3.55559 0 0 0 -0.999995 0.00300735
797.100000000 16.6971 3.54925 0 0 0 -0.999995 0.00301453
798.400000000 15.7234 3.54306 0 0 0 -0.999995 0.00301581
799.700000000 14.7497 3.53687 0 0 0 -0.999995 0.00301628
801.000000000 13.7659 3.53063 0 0 0 -0.999995 0.0030159
802.200000000 12.8621 3.52448 0 0 0 -0.999995 0.00301476
803.600000000 11.8184 3.51825 0 0 0 -0.999995 0.00300876
805.000000000 11.1353 3.31456 0 0 0 -0.956729 0.29098
806.200000000 10.4937 2.72265 0 0 0 -0.943186 0.332265
807.600000000 9.93913 2.47039 0 0 0 -0.999918 0.0128079
808.300000000 9.97098 2.60558 0 0 0 0.945579 0.325393
808.800000000 10.0411 2.66039 0 0 0 0.838547 0.544829
809.500000000 10.1658 2.69412 0 0 0 0.604096 0.796912
810.100000000 10.2695 2.63836 0 0 0 0.345942 0.938256
810.700000000 10.4131 2.57933 0 0 0 0.102463 0.994737
811.800000000 10.8669 2.39214 0 0 0 -0.176482 0.984304
813.100000000 11.7331 1.93662 0 0 0 -0.260379 0.965506
814.500000000 12.4929 1.30475 0 0 0 -0.345665 0.938358
816.600000000 13.2245 0.63702 0 0 0 -0.377764 0.925902
819.700000000 13.8984 -0.0363336 0 0 0 -0.383079 0.923716
821.500000000 14.595 -0.734388 0 0 0 -0.383082 0.923714
822.900000000 15.3388 -1.4795 0 0 0 -0.383084 0.923714
824.100000000 15.9715 -2.11387 0 0 0 -0.383089 0.923712
825.400000000 16.6641 -2.80781 0 0 0 -0.383098 0.923708
826.800000000 17.4014 -3.54677 0 0 0 -0.383129 0.923695
828.100000000 18.092 -4.23756 0 0 0 -0.383051 0.923727
829.500000000 18.8388 -4.97998 0 0 0 -0.375877 0.92667
830.700000000 19.4972 -5.59214 0 0 0 -0.350428 0.93659
832.200000000 20.4408 -6.03828 0 0 0 -0.13335 0.991069
833.500000000 21.3478 -6.03847 0 0 0 0.0431803 0.999067
834.800000000 22.3079 -5.8801 0 0 0 0.0793036 0.996851
836.100000000 23.2753 -5.77122 0 0 0 0.0405775 0.999176
837.500000000 24.2309 -5.6872 0 0 0 0.109619 0.993974
839.100000000 25.063 -5.05364 0 0 0 0.36885 0.929489
840.400000000 25.7118 -4.32193 0 0 0 0.443315 0.896366
841.700000000 26.153 -3.44963 0 0 0 0.552118 0.833766
842.600000000 26.3953 -3.19385 0 0 0 0.312012 0.950078
843.300000000 26.4432 -3.31908 0 0 0 -0.02764 0.999618
843.900000000 26.412 -3.43187 0 0 0 -0.317377 0.948299
844.400000000 26.3508 -3.50325 0 0 0 -0.525953 0.850514
845.100000000 26.2485 -3.59287 0 0 0 -0.760807 0.648978
846.700000000 25.7192 -4.48667 0 0 0 -0.873676 0.486509
848.000000000 25.301 -5.34783 0 0 0 -0.817075 0.576531
849.500000000 25.2302 -6.33187 0 0 0 -0.702336 0.711845
851.800000000 25.3026 -7.31212 0 0 0 -0.677508 0.735516
854.900000000 25.402 -8.28881 0 0 0 -0.674569 0.738212
857.700000000 25.5022 -9.3512 0 0 0 -0.665472 0.746423
859.000000000 25.7564 -10.1846 0 0 0 -0.529236 0.848475
860.500000000 26.3669 -10.7224 0 0 0 -0.223908 0.97461
861.100000000 26.4283 -10.6709 0 0 0 0.0430309 0.999074
861.800000000 26.4602 -10.514 0 0 0 0.347358 0.937732
862.400000000 26.3615 -10.4599 0 0 0 0.608376 0.793649
863.000000000 26.2432 -10.4643 0 0 0 0.815759 0.578392
863.600000000 26.1581 -10.5346 0 0 0 0.950261 0.311455
864.100000000 26.1191 -10.6263 0 0 0 0.997736 0.0672528
864.700000000 26.1383 -10.743 0 0 0 -0.97304 0.230635
865.400000000 26.1463 -10.915 0 0 0 -0.863931 0.50361
866.700000000 26.1053 -11.6498 0 0 0 -0.691197 0.722667
868.000000000 26.3672 -12.605 0 0 0 -0.592466 0.805595
869.200000000 26.4927 -13.4926 0 0 0 -0.679428 0.733742
870.600000000 26.4256 -14.5317 0 0 0 -0.739503 0.673154
872.000000000 26.3714 -15.5889 0 0 0 -0.715137 0.698985
873.300000000 26.3575 -16.5592 0 0 0 -0.703647 0.71055
874.600000000 26.3745 -17.5332 0 0 0 -0.703791 0.710407
875.800000000 26.3747 -18.4382 0 0 0 -0.707082 0.707132
877.100000000 26.3744 -19.4137 0 0 0 -0.707083 0.70713
878.500000000 26.3756 -20.4565 0 0 0 -0.707102 0.707111
879.800000000 26.3699 -21.4387 0 0 0 -0.709298 0.704909
881.000000000 26.3632 -22.3337 0 0 0 -0.709283 0.704924
882.400000000 26.3615 -23.3866 0 0 0 -0.694468 0.719523
883.700000000 26.5095 -24.346 0 0 0 -0.629206 0.777239
885.100000000 26.7744 -25.3639 0 0 0 -0.619166 0.78526
886.600000000 26.7873 -25.9939 0 0 0 -0.855829 0.517259
887.100000000 26.6936 -25.9296 0 0 0 -0.955668 0.294447
887.800000000 26.6588 -25.8035 0 0 0 0.998956 0.045674
888.500000000 26.697 -25.6746 0 0 0 0.924814 0.380419
889.100000000 26.7843 -25.6102 0 0 0 0.774025 0.633156
889.800000000 26.9215 -25.6209 0 0 0 0.514931 0.857231
890.400000000 27.0116 -25.695 0 0 0 0.242995 0.970028
891.000000000 27.0423 -25.808 0 0 0 -0.0501825 0.99874
891.700000000 26.9957 -25.9298 0 0 0 -0.384273 0.923219
892.300000000 26.9198 -26.0275 0 0 0 -0.625337 0.780355
893.000000000 26.7898 -26.1334 0 0 0 -0.821356 0.570416
894.000000000 26.4234 -26.5319 0 0 0 -0.928249 0.37196
895.300000000 25.7178 -27.1967 0 0 0 -0.918285 0.39592
896.700000000 25.0637 -28.0188 0 0 0 -0.887998 0.459848
898.100000000 24.4703 -28.8807 0 0 0 -0.894492 0.447085
899.800000000 23.7862 -29.4667 0 0 0 -0.99031 0.138878
900.400000000 23.6832 -29.3855 0 0 0 0.994094 0.108524
901.100000000 23.6613 -29.2286 0 0 0 0.916098 0.400954
901.800000000 23.7624 -29.1796 0 0 0 0.727042 0.686593
902.400000000 23.8964 -29.0817 0 0 0 0.539683 0.841868
903.400000000 24.2871 -28.7296 0 0 0 0.317427 0.948283
904.800000000 25.0444 -28.1076 0 0 0 0.407822 0.913061
906.100000000 25.2762 -27.4588 0 0 0 0.650197 0.759766
907.400000000 25.0745 -26.7531 0 0 0 0.836234 0.548372
908.900000000 24.4 -26.1324 0 0 0 0.958957 0.283552
910.500000000 23.4015 -25.9034 0 0 0 0.997656 0.0684288
913.100000000 22.4844 -25.9147 0 0 0 -0.999149 0.0412583
914.500000000 21.4573 -26.0423 0 0 0 -0.997399 0.0720827
915.800000000 20.4979 -26.171 0 0 0 -0.997654 0.0684516
917.100000000 19.5752 -26.284 0 0 0 -0.998205 0.0598954
920.100000000 18.6393 -26.3804 0 0 0 -0.999438 0.033517
925.000000000 17.6624 -26.3915 0 0 0 0.999969 0.00784122
928.000000000 16.638 -26.5391 0 0 0 -0.997011 0.077263
929.500000000 15.7309 -27 0 0 0 -0.955427 0.295229
930.800000000 15.0118 -27.6599 0 0 0 -0.926381 0.376588
932.300000000 14.0819 -28.0637 0 0 0 -0.990306 0.138904
933.700000000 13.1238 -28.0952 0 0 0 0.999252 0.0386643
935.100000000 12.1244 -27.9295 0 0 0 0.99736 0.0726193
938.500000000 11.1861 -27.8489 0 0 0 0.999579 0.0290273
942.000000000 10.111 -27.8592 0 0 0 -0.999868 0.0162313
943.500000000 9.21337 -27.8961 0 0 0 -0.999681 0.0252461
945.100000000 8.27922 -27.9442 0 0 0 -0.999451 0.033138
946.500000000 7.23086 -28.0064 0 0 0 -0.999451 0.0331418
947.800000000 6.30723 -28.2155 0 0 0 -0.996311 0.0858111
949.100000000 5.41864 -28.5165 0 0 0 -0.975277 0.220985
949.800000000 5.34108 -28.6731 0 0 0 -0.876751 0.480944
951.000000000 5.31924 -29.3302 0 0 0 -0.708358 0.705854
952.500000000 5.65185 -30.2383 0 0 0 -0.500238 0.865888
954.000000000 6.32585 -31.0675 0 0 0 -0.412638 0.910895
954.800000000 6.51269 -31.0752 0 0 0 -0.107025 0.994256
955.500000000 6.53835 -30.9463 0 0 0 0.221864 0.975078
956.100000000 6.46926 -30.8404 0 0 0 0.498448 0.866919
956.700000000 6.36497 -30.8253 0 0 0 0.73198 0.681326
957.300000000 6.23215 -30.8215 0 0 0 0.887402 0.460996
958.100000000 5.95547 -30.6491 0 0 0 0.976169 0.217013
959.500000000 5.00305 -30.5883 0 0 0 0.999825 0.018704
960.900000000 3.98893 -30.6894 0 0 0 -0.993871 0.110542
962.000000000 3.47194 -30.5665 0 0 0 0.985564 0.169304
963.600000000 2.69145 -29.8788 0 0 0 0.916881 0.399161
964.900000000 2.08828 -29.1088 0 0 0 0.890041 0.455881
966.200000000 1.54092 -28.3277 0 0 0 0.900959 0.433904
967.900000000 0.796019 -27.7308 0 0 0 0.988097 0.153832
968.600000000 0.681158 -27.835 0 0 0 -0.991367 0.131114
969.200000000 0.683489 -27.9434 0 0 0 -0.916858 0.399213
969.800000000 0.812238 -28.0048 0 0 0 -0.75942 0.650601
970.400000000 0.942663 -28.0051 0 0 0 -0.536186 0.8441
971.100000000 1.01336 -27.9075 0 0 0 -0.214736 0.976672
972.100000000 1.58976 -27.9125 0 0 0 0.00617897 0.999981
973.600000000 2.66165 -27.9128 0 0 0 0.00892493 0.99996
974.900000000 3.66049 -27.9275 0 0 0 -0.0503683 0.998731
976.200000000 4.63367 -27.9706 0 0 0 -0.00156283 0.999999
977.500000000 5.6164 -27.979 0 0 0 0.00272294 0.999996
978.900000000 6.66046 -27.9615 0 0 0 -0.00127684 0.999999
980.100000000 7.56462 -27.9652 0 0 0 -0.00143637 0.999999
981.500000000 8.60997 -27.9644 0 0 0 -0.00163533 0.999999
982.800000000 9.58365 -27.9781 0 0 0 -0.00186677 0.999998
984.000000000 10.4871 -27.982 0 0 0 -0.00208476 0.999998
985.400000000 11.5255 -28.0247 0 0 0 -0.0448492 0.998994
986.800000000 12.4111 -28.3797 0 0 0 -0.261153 0.965297
987.800000000 12.5965 -28.7297 0 0 0 -0.534921 0.844902
988.700000000 12.6021 -29.1889 0 0 0 -0.709981 0.704221
990.100000000 12.3197 -30.0987 0 0 0 -0.845884 0.533367
991.800000000 11.7356 -30.8671 0 0 0 -0.96056 0.278074
992.600000000 11.5961 -30.7522 0 0 0 0.998268 0.0588228
993.200000000 11.59 -30.6342 0 0 0 0.944833 0.327553
993.800000000 11.6812 -30.56 0 0 0 0.808404 0.588627
994.400000000 11.7688 -30.4536 0 0 0 0.63933 0.768932
995.400000000 12.1125 -30.0646 0 0 0 0.430082 0.90279
996.800000000 12.9165 -29.4296 0 0 0 0.288315 0.957536
998.100000000 13.802 -29.0145 0 0 0 0.177865 0.984055
999.400000000 14.4562 -28.9527 0 0 0 -0.10918 0.994022
1000.100000000 14.3976 -29.0796 0 0 0 -0.43845 0.898755
1000.700000000 14.2923 -29.1317 0 0 0 -0.68159 0.731734
1001.300000000 14.1768 -29.118 0 0 0 -0.865955 0.500122
1001.900000000 14.0762 -29.0328 0 0 0 -0.973558 0.228439
1002.500000000 13.9027 -28.9765 0 0 0 -0.999904 0.0138632
1003.500000000 13.4825 -28.7234 0 0 0 0.968298 0.249798
1005.000000000 12.7369 -27.9964 0 0 0 0.927323 0.374263
1006.300000000 11.9668 -27.5957 0 0 0 0.984624 0.174689
1007.900000000 10.8554 -27.4539 0 0 0 0.999725 0.0234711
1009.200000000 9.88381 -27.5111 0 0 0 -0.99875 0.0499908
1010.500000000 8.9134 -27.64 0 0 0 -0.996914 0.0785077
1011.800000000 7.95365 -27.8066 0 0 0 -0.995241 0.0974482
1013.200000000 6.93521 -27.9843 0 0 0 -0.99759 0.0693859
1014.600000000 5.95909 -28.0852 0 0 0 -0.999659 0.0261186
1017.100000000 5.01408 -28.0667 0 0 0 0.999765 0.0216605
1020.700000000 4.0471 -28.034 0 0 0 0.999938 0.0111224
1024.400000000 3.09391 -28.0164 0 0 0 0.999996 0.00268454
1028.100000000 2.1313 -28.0171 0 0 0 0.999999 0.00125044
1031.900000000 1.14867 -28.0194 0 0 0 0.999999 0.00124454
1035.600000000 0.195805 -28.0074 0 0 0 0.999999 0.00126083
1039.000000000 -0.823272 -28.0059 0 0 0 0.999999 0.00131496
1040.500000000 -1.86213 -28.014 0 0 0 -0.999846 0.017532
1041.800000000 -2.8258 -28.0568 0 0 0 -0.999765 0.0216811
1043.100000000 -3.8083 -28.0945 0 0 0 -0.999693 0.0247929
1044.400000000 -4.77139 -28.136 0 0 0 -0.999465 0.0327099
1045.700000000 -5.70922 -28.3116 0 0 0 -0.990288 0.139033
1047.000000000 -6.35801 -28.7694 0 0 0 -0.925649 0.378383
1047.800000000 -6.3525 -28.9491 0 0 0 -0.759261 0.650786
1048.300000000 -6.23707 -28.9775 0 0 0 -0.590831 0.806795
1048.900000000 -6.12474 -28.9584 0 0 0 -0.350702 0.936487
1049.600000000 -6.05455 -28.8702 0 0 0 -0.0324361 0.999474
1050.200000000 -6.02263 -28.7693 0 0 0 0.239887 0.970801
1050.800000000 -6.11455 -28.6854 0 0 0 0.515412 0.856943
1051.400000000 -6.23125 -28.6736 0 0 0 0.745638 0.666352
1052.000000000 -6.3304 -28.7097 0 0 0 0.909237 0.416278
1052.600000000 -6.37197 -28.7997 0 0 0 0.99187 0.127254
1053.200000000 -6.37817 -28.9067 0 0 0 -0.985184 0.1715
1053.700000000 -6.33723 -28.9943 0 0 0 -0.91238 0.409345
1054.400000000 -6.25922 -29.1677 0 0 0 -0.760379 0.649479
1055.900000000 -6.11809 -30.1969 0 0 0 -0.596326 0.802743
1057.400000000 -5.52916 -30.9718 0 0 0 -0.369522 0.929222
1058.400000000 -5.15358 -31.1018 0 0 0 -0.086087 0.996288
1059.000000000 -5.05427 -30.9985 0 0 0 0.164611 0.986358
1059.800000000 -5.03283 -30.829 0 0 0 0.478504 0.878085
1060.400000000 -5.13418 -30.7997 0 0 0 0.716189 0.697907
1061.000000000 -5.24659 -30.8276 0 0 0 0.890444 0.455092
1061.800000000 -5.58398 -30.6757 0 0 0 0.969177 0.246367
1063.300000000 -6.55843 -30.5468 0 0 0 0.999997 0.00254753
1064.700000000 -7.58759 -30.6288 0 0 0 -0.99896 0.0456058
1066.000000000 -8.57195 -30.7116 0 0 0 -0.999748 0.0224702
1066.800000000 -8.65895 -30.5862 0 0 0 0.951685 0.307077
1067.400000000 -8.58224 -30.5063 0 0 0 0.821099 0.570785
1068.000000000 -8.46037 -30.4971 0 0 0 0.619417 0.785063
1068.900000000 -8.17138 -30.1873 0 0 0 0.411121 0.911581
1070.300000000 -7.40056 -29.5271 0 0 0 0.3534 0.935472
1071.700000000 -6.70114 -28.7883 0 0 0 0.400552 0.916274
1079.100000000 -5.99425 -28.1572 0 0 0 0.384247 0.92323
1080.500000000 -5.38126 -27.3699 0 0 0 0.405816 0.913955
1081.800000000 -4.8369 -26.5584 0 0 0 0.5087 0.860944
1083.100000000 -4.57767 -25.633 0 0 0 0.643298 0.765616
1084.500000000 -4.56257 -24.6505 0 0 0 0.728462 0.685086
1085.900000000 -4.61466 -23.6398 0 0 0 0.735011 0.678055
1087.200000000 -4.68942 -22.6583 0 0 0 0.734169 0.678967
1088.500000000 -4.74968 -21.6782 0 0 0 0.721163 0.692765
1089.800000000 -4.7592 -20.688 0 0 0 0.705127 0.709081
1091.100000000 -4.74301 -19.7189 0 0 0 0.696527 0.717531
1092.400000000 -4.72077 -18.7567 0 0 0 0.695895 0.718143
1093.600000000 -4.70101 -17.8544 0 0 0 0.697481 0.716603
1095.000000000 -4.67476 -16.8031 0 0 0 0.698528 0.715583
1096.400000000 -4.65278 -15.7399 0 0 0 0.702472 0.711711
1097.700000000 -4.67492 -14.7783 0 0 0 0.659434 0.751762
1099.200000000 -4.25207 -13.8798 0 0 0 0.46225 0.88675
1100.500000000 -3.51617 -13.1579 0 0 0 0.39099 0.920395
1101.800000000 -2.83563 -12.4607 0 0 0 0.39101 0.920387
1103.400000000 -2.49926 -11.5862 0 0 0 0.641822 0.766854
1104.700000000 -2.64317 -10.8018 0 0 0 0.814934 0.579554
1106.200000000 -3.23069 -10.0992 0 0 0 0.944388 0.328832
1107.600000000 -3.90109 -9.90899 0 0 0 0.997287 0.0736142
1109.500000000 -4.53294 -10.0473 0 0 0 -0.981051 0.19375
1110.700000000 -4.73384 -10.1936 0 0 0 -0.875968 0.48237
1111.300000000 -4.49707 -10.349 0 0 0 -0.726689 0.686967
1111.900000000 -4.4163 -10.288 0 0 0 -0.523149 0.852241
1112.600000000 -4.35735 -10.2354 0 0 0 -0.260999 0.965339
1113.400000000 -4.23396 -10.1473 0 0 0 0.0385215 0.999258
1114.100000000 -4.16375 -10.0116 0 0 0 0.301608 0.953432
1116.200000000 -3.48981 -9.80589 0 0 0 0.0239627 0.999713
1117.800000000 -3.13493 -9.98953 0 0 0 -0.234642 0.972082
1118.900000000 -3.14759 -10.1061 0 0 0 -0.508666 0.860964
1119.800000000 -3.26164 -10.1396 0 0 0 -0.723368 0.690463
1120.600000000 -3.28082 -10.1425 0 0 0 -0.895901 0.444253
1121.100000000 -3.45823 -10.0165 0 0 0 -0.969938 0.243353
1121.800000000 -3.48277 -9.89655 0 0 0 0.998159 0.0606503
1124.200000000 -4.53828 -9.8846 0 0 0 -0.987225 0.159333
1125.500000000 -5.43156 -10.2939 0 0 0 -0.977828 0.20941
1127.100000000 -6.43222 -10.5584 0 0 0 -0.998049 0.0624399
1128.500000000 -7.46682 -10.4551 0 0 0 0.997429 0.0716665
1129.800000000 -8.43129 -10.3245 0 0 0 0.998423 0.0561397
1131.500000000 -9.46671 -10.2749 0 0 0 0.99997 0.00776205
1134.700000000 -10.4052 -10.3061 0 0 0 -0.99967 0.025694
1136.500000000 -11.4198 -10.3637 0 0 0 -0.999773 0.0212862
1137.800000000 -12.3914 -10.3478 0 0 0 0.999643 0.0267197
1139.100000000 -13.3028 -10.2414 0 0 0 0.990608 0.136736
1140.600000000 -14.2185 -9.67643 0 0 0 0.93925 0.343234
1141.900000000 -14.9391 -8.99123 0 0 0 0.919366 0.393404
1143.200000000 -15.6215 -8.29611 0 0 0 0.922756 0.385385
1144.500000000 -16.3101 -7.59692 0 0 0 0.925416 0.378952
1145.700000000 -16.9497 -6.96887 0 0 0 0.925417 0.378951
1146.600000000 -16.9671 -6.75769 0 0 0 0.742711 0.669612
1147.200000000 -16.8503 -6.77066 0 0 0 0.515642 0.856804
1147.800000000 -16.7506 -6.84641 0 0 0 0.24731 0.968936
1148.400000000 -16.6332 -6.94923 0 0 0 -0.00609993 0.999981
1149.200000000 -16.4434 -7.05826 0 0 0 -0.281783 0.959478
1150.600000000 -15.7537 -7.85083 0 0 0 -0.416926 0.90894
1152.000000000 -15.0735 -8.6466 0 0 0 -0.416929 0.908939
1152.900000000 -15.0351 -8.84498 0 0 0 -0.691031 0.722825
1153.900000000 -15.2707 -9.15242 0 0 0 -0.879622 0.475673
1155.300000000 -16.0173 -9.80931 0 0 0 -0.938723 0.344672
1156.600000000 -16.7016 -10.4774 0 0 0 -0.926581 0.376094
1158.000000000 -17.4226 -11.2381 0 0 0 -0.916989 0.398912
1159.400000000 -18.1513 -12.015 0 0 0 -0.905165 0.425061
1160.700000000 -18.6032 -12.9082 0 0 0 -0.837668 0.54618
1162.100000000 -18.8138 -13.8822 0 0 0 -0.723656 0.690161
1163.300000000 -18.7214 -14.8092 0 0 0 -0.660718 0.750634
1165.000000000 -18.767 -15.6912 0 0 0 -0.855572 0.517684
1166.500000000 -19.5911 -16.3711 0 0 0 -0.949443 0.313938
1167.900000000 -20.4962 -16.8358 0 0 0 -0.987678 0.156499
1169.100000000 -21.4287 -16.9853 0 0 0 -0.998249 0.0591436
1170.600000000 -22.429 -16.9547 0 0 0 0.993958 0.109764
1171.200000000 -22.3391 -16.8652 0 0 0 0.918867 0.394566
1171.700000000 -22.2988 -16.7942 0 0 0 0.795882 0.605452
1172.300000000 -22.1892 -16.7412 0 0 0 0.602461 0.798148
1173.100000000 -21.9945 -16.6731 0 0 0 0.333992 0.942576
1174.100000000 -21.5019 -16.5189 0 0 0 0.0987589 0.995111
1175.500000000 -20.4427 -16.4802 0 0 0 -0.0424171 0.9991
1176.600000000 -20.0535 -16.7173 0 0 0 -0.34826 0.937398
1177.300000000 -20.1367 -16.8106 0 0 0 -0.621366 0.78352
1178.200000000 -20.2509 -17.1936 0 0 0 -0.798762 0.601648
1179.500000000 -20.6816 -18.0675 0 0 0 -0.853198 0.521588
1180.800000000 -20.9933 -18.9747 0 0 0 -0.790612 0.612317
1182.100000000 -21.0578 -19.9485 0 0 0 -0.689054 0.72471
1183.300000000 -20.9771 -20.8479 0 0 0 -0.672969 0.739671
1184.700000000 -20.8947 -21.8952 0 0 0 -0.680359 0.732879
1186.000000000 -20.8669 -22.8754 0 0 0 -0.703125 0.711066
1187.200000000 -20.8441 -23.7815 0 0 0 -0.710575 0.703621
1188.500000000 -20.8615 -24.7554 0 0 0 -0.726354 0.68732
1189.800000000 -20.9801 -25.7213 0 0 0 -0.755195 0.655501
1191.200000000 -21.095 -26.7777 0 0 0 -0.733012 0.680216
1192.400000000 -21.1153 -27.6611 0 0 0 -0.703784 0.710414
1193.800000000 -21.111 -28.7142 0 0 0 -0.686507 0.727123
1195.000000000 -20.7723 -29.2998 0 0 0 -0.46668 0.884426
1196.400000000 -20.0542 -30.0042 0 0 0 -0.355725 0.934591
1197.700000000 -19.2987 -30.6175 0 0 0 -0.301683 0.953408
1198.900000000 -18.4766 -30.9747 0 0 0 -0.18336 0.983046
1200.500000000 -17.6092 -31.0883 0 0 0 0.142536 0.98979
1201.000000000 -17.6648 -31.0089 0 0 0 0.384068 0.923305
1201.600000000 -17.7594 -30.9533 0 0 0 0.639804 0.768538
1202.300000000 -17.8993 -30.8997 0 0 0 0.84774 0.530412
1203.600000000 -18.5337 -30.4212 0 0 0 0.950301 0.311333
1204.900000000 -19.4194 -30.0072 0 0 0 0.985074 0.17213
1206.400000000 -20.4452 -29.7222 0 0 0 0.98049 0.196569
1207.800000000 -21.1991 -29.1092 0 0 0 0.929006 0.370065
1209.200000000 -21.9244 -28.3471 0 0 0 0.920251 0.391328
1210.500000000 -22.6079 -27.6498 0 0 0 0.924104 0.382142
1211.800000000 -23.3062 -26.9708 0 0 0 0.931559 0.36359
1213.000000000 -24.0101 -26.3944 0 0 0 0.9473 0.320346
1214.300000000 -24.8135 -25.8495 0 0 0 0.96062 0.277866
1215.600000000 -25.6654 -25.3668 0 0 0 0.967579 0.25257
1217.000000000 -26.5871 -24.8151 0 0 0 0.967203 0.254004
1218.300000000 -27.3448 -24.2635 0 0 0 0.930495 0.366306
1219.000000000 -27.257 -24.1343 0 0 0 0.768437 0.639926
1219.600000000 -27.1309 -24.1154 0 0 0 0.550074 0.835116
1220.200000000 -27.0459 -24.1974 0 0 0 0.278058 0.960564
1220.900000000 -27.0255 -24.3668 0 0 0 -0.0623488 0.998054
1221.400000000 -27.0454 -24.4862 0 0 0 -0.302342 0.9532
1222.000000000 -27.1334 -24.5649 0 0 0 -0.566786 0.823865
1222.900000000 -27.2511 -24.8141 0 0 0 -0.802324 0.596889
1223.700000000 -27.4691 -24.9673 0 0 0 -0.934428 0.356152
1225.100000000 -28.2872 -25.5468 0 0 0 -0.942398 0.334493
1226.400000000 -29.0181 -26.1828 0 0 0 -0.934655 0.355557
1227.700000000 -29.7312 -26.8534 0 0 0 -0.927175 0.374629
1229.000000000 -30.4348 -27.5059 0 0 0 -0.934314 0.35645
1230.300000000 -31.1957 -28.1135 0 0 0 -0.947334 0.320247
1231.200000000 -31.4544 -28.1567 0 0 0 -0.999811 0.019461
1231.900000000 -31.4247 -28.0149 0 0 0 0.947609 0.319433
1232.500000000 -31.3372 -27.9717 0 0 0 0.813599 0.581426
1233.200000000 -31.1813 -27.9467 0 0 0 0.579685 0.814841
1234.700000000 -30.5628 -27.1466 0 0 0 0.398653 0.917102
1236.100000000 -29.7708 -26.4704 0 0 0 0.332749 0.943015
1237.500000000 -29.1261 -25.6417 0 0 0 0.495885 0.868388
1238.900000000 -28.8629 -24.6682 0 0 0 0.650139 0.759815
1240.500000000 -28.8708 -23.6401 0 0 0 0.729571 0.683905
1243.700000000 -28.9396 -22.7013 0 0 0 0.734662 0.678433
1247.400000000 -29.0085 -21.7145 0 0 0 0.724035 0.689764
1250.200000000 -29.0293 -20.7936 0 0 0 0.710407 0.703791
1253.700000000 -29.0385 -19.8009 0 0 0 0.709098 0.70511
1257.600000000 -29.0431 -18.8312 0 0 0 0.709184 0.705024
1261.200000000 -29.0486 -17.9121 0 0 0 0.709031 0.705178
1265.000000000 -29.0647 -16.9436 0 0 0 0.722045 0.691846
1267.800000000 -29.2769 -16.0008 0 0 0 0.822509 0.568753
1269.200000000 -29.8543 -15.1591 0 0 0 0.912269 0.409591
1270.500000000 -30.5626 -14.453 0 0 0 0.930566 0.366125
1271.900000000 -31.3219 -13.7201 0 0 0 0.926797 0.375562
1273.200000000 -32.0109 -13.0109 0 0 0 0.922668 0.385594
1274.600000000 -32.741 -12.2344 0 0 0 0.913718 0.406349
1275.900000000 -33.3278 -11.4702 0 0 0 0.88348 0.468469
1277.100000000 -33.768 -10.7172 0 0 0 0.849431 0.5277
1278.500000000 -34.1089 -9.68937 0 0 0 0.806709 0.59095
1279.800000000 -34.3273 -8.74994 0 0 0 0.763154 0.646217
1281.400000000 -34.3948 -7.68191 0 0 0 0.745497 0.666509
1282.800000000 -34.8275 -6.95921 0 0 0 0.89267 0.450712
1283.900000000 -35.3064 -6.59747 0 0 0 0.976164 0.217034
1285.200000000 -36.0771 -6.60198 0 0 0 -0.998021 0.0628789
1286.500000000 -36.7146 -6.9856 0 0 0 -0.949221 0.314609
1288.000000000 -37.3375 -7.819 0 0 0 -0.852375 0.522931
1289.400000000 -37.4578 -8.59509 0 0 0 -0.658567 0.752522
1290.100000000 -37.3105 -8.64292 0 0 0 -0.407681 0.913124
1290.700000000 -37.2596 -8.54138 0 0 0 -0.119639 0.992817
1291.300000000 -37.2669 -8.41395 0 0 0 0.178973 0.983854
1291.900000000 -37.34 -8.36406 0 0 0 0.461812 0.886978
1292.400000000 -37.409 -8.2774 0 0 0 0.644466 0.764633
1293.200000000 -37.5624 -8.15906 0 0 0 0.857832 0.513931
1294.800000000 -38.3481 -7.38356 0 0 0 0.939174 0.343441
1296.000000000 -39.044 -6.82001 0 0 0 0.945949 0.324315
1296.700000000 -39.1858 -6.84517 0 0 0 0.999086 0.042751
1297.400000000 -39.1507 -6.99056 0 0 0 -0.953511 0.301359
1298.000000000 -39.0573 -7.06274 0 0 0 -0.821855 0.569697
1298.600000000 -38.9394 -7.06946 0 0 0 -0.616765 0.787147
1299.200000000 -38.8381 -6.99822 0 0 0 -0.354943 0.934888
1299.700000000 -38.799 -6.92059 0 0 0 -0.113275 0.993564
1300.400000000 -38.686 -6.77578 0 0 0 0.176614 0.98428
1301.600000000 -38.2117 -6.32587 0 0 0 0.439061 0.898457
1309.400000000 -37.6707 -5.59556 0 0 0 0.418785 0.908086
1310.800000000 -36.9315 -4.85017 0 0 0 0.37169 0.928357
1312.200000000 -36.1849 -4.11735 0 0 0 0.378248 0.925704
1313.500000000 -35.493 -3.44211 0 0 0 0.387582 0.921835
1314.800000000 -34.8146 -2.73679 0 0 0 0.385056 0.922893
1316.000000000 -34.2332 -2.05681 0 0 0 0.442693 0.896673
1317.500000000 -33.7684 -1.07657 0 0 0 0.598959 0.80078
1319.100000000 -33.7031 -0.160411 0 0 0 0.697753 0.716338
1320.700000000 -33.7767 0.895095 0 0 0 0.737294 0.675572
1322.100000000 -33.8568 1.93789 0 0 0 0.733058 0.680167
1324.200000000 -33.8853 2.92249 0 0 0 0.712614 0.701557
1327.700000000 -33.8831 3.88254 0 0 0 0.705695 0.708516
1331.500000000 -33.8785 4.88095 0 0 0 0.705694 0.708517
1335.200000000 -33.8731 5.84916 0 0 0 0.705697 0.708514
1338.700000000 -33.8685 6.82367 0 0 0 0.705721 0.70849
1342.600000000 -33.8642 7.79195 0 0 0 0.705753 0.708458
1346.300000000 -33.86 8.75495 0 0 0 0.705792 0.708419
1348.300000000 -33.8561 9.79693 0 0 0 0.705684 0.708526
1349.700000000 -33.8519 10.8507 0 0 0 0.705643 0.708567
1351.000000000 -33.8479 11.8244 0 0 0 0.705586 0.708624
1352.300000000 -33.8439 12.7671 0 0 0 0.705528 0.708682
1353.800000000 -33.8396 13.7408 0 0 0 0.705509 0.708701
1355.000000000 -33.7161 14.1733 0 0 0 0.467939 0.883761
1355.700000000 -33.6555 14.0883 0 0 0 0.142164 0.989843
1356.300000000 -33.6681 13.9417 0 0 0 -0.146735 0.989176
1357.000000000 -33.6922 13.9112 0 0 0 -0.446428 0.894819
1357.600000000 -33.7342 13.8125 0 0 0 -0.669055 0.743213
1358.300000000 -33.8707 13.5864 0 0 0 -0.817281 0.57624
1359.700000000 -34.1262 12.5174 0 0 0 -0.782274 0.622934
1361.000000000 -34.41 11.6178 0 0 0 -0.782246 0.622969
1362.300000000 -34.5723 10.6594 0 0 0 -0.791144 0.61163
1363.500000000 -34.5627 10.5579 0 0 0 -0.584073 0.811701
1365.400000000 -33.8923 9.60133 0 0 0 -0.53845 0.842657
1367.200000000 -33.7277 8.62629 0 0 0 -0.713356 0.700802
1368.700000000 -33.9813 8.28301 0 0 0 -0.900252 0.435369
1369.400000000 -34.0364 8.30853 0 0 0 -0.990225 0.139481
1370.000000000 -34.0481 8.44836 0 0 0 0.992271 0.124086
1370.600000000 -33.9997 8.50554 0 0 0 0.926062 0.377371
1371.500000000 -33.8676 8.58934 0 0 0 0.714375 0.699763
1372.300000000 -33.7048 8.5626 0 0 0 0.443847 0.896102
1373.000000000 -33.5701 8.53654 0 0 0 0.174162 0.984717
1373.700000000 -33.4786 8.43543 0 0 0 -0.109316 0.994007
1375.400000000 -32.591 7.87767 0 0 0 -0.255834 0.966721
