0.300000000 0.2 0 0 0 0 0 1
5.700000000 1.25378 0.000417657 0 0 0 -9.6497e-05 1
7.000000000 2.21746 0.00756282 0 0 0 0.0295165 0.999564
8.400000000 3.0573 0.361893 0 0 0 0.268026 0.963412
9.100000000 3.08575 0.232424 0 0 0 -0.0786752 0.9969
9.700000000 3.03811 0.187322 0 0 0 -0.368881 0.929477
10.400000000 2.91248 0.114474 0 0 0 -0.665298 0.746578
11.100000000 2.80156 0.130622 0 0 0 -0.882241 0.470798
11.700000000 2.72026 0.245493 0 0 0 -0.981931 0.189237
12.300000000 2.71312 0.28813 0 0 0 0.993954 0.109793
12.900000000 2.76575 0.402997 0 0 0 0.917824 0.396987
13.500000000 2.86146 0.455346 0 0 0 0.759646 0.650337
14.100000000 2.95849 0.428757 0 0 0 0.532276 0.846571
14.600000000 3.03937 0.369808 0 0 0 0.307316 0.951607
15.300000000 3.09484 0.222873 0 0 0 -0.0370283 0.999314
18.300000000 3.10267 0.169665 0 0 0 -0.351356 0.936242
18.900000000 2.99565 0.0982277 0 0 0 -0.607687 0.794177
19.500000000 2.90343 0.0986522 0 0 0 -0.813723 0.581253
20.000000000 2.8091 0.156411 0 0 0 -0.930409 0.366523
20.700000000 2.7571 0.188684 0 0 0 -0.999589 0.0286725
21.300000000 2.75927 0.318485 0 0 0 0.965081 0.261953
21.900000000 2.84127 0.411836 0 0 0 0.847361 0.531018
22.600000000 2.97308 0.465616 0 0 0 0.627888 0.778304
23.400000000 3.16261 0.628482 0 0 0 0.394336 0.918966
25.100000000 3.7579 1.49648 0 0 0 0.553649 0.83275
26.700000000 3.81441 2.5928 0 0 0 0.731127 0.682241
28.000000000 3.71304 3.54745 0 0 0 0.737774 0.675048
29.400000000 3.66846 4.59584 0 0 0 0.714654 0.699478
30.800000000 3.68331 5.63919 0 0 0 0.696715 0.717348
32.100000000 3.71288 6.6215 0 0 0 0.682447 0.730935
33.400000000 3.79386 7.57953 0 0 0 0.667624 0.744499
34.700000000 3.9961 8.47538 0 0 0 0.574918 0.818211
36.100000000 4.5598 9.31925 0 0 0 0.417235 0.908799
37.500000000 5.3164 10.051 0 0 0 0.37137 0.928485
38.800000000 6.01314 10.6932 0 0 0 0.29706 0.954859
40.300000000 6.89956 10.9446 0 0 0 0.00805634 0.999968
41.400000000 7.33292 10.7175 0 0 0 -0.282294 0.959328
42.800000000 8.14357 10.0831 0 0 0 -0.29524 0.955423
44.000000000 8.91333 9.61727 0 0 0 -0.244553 0.969636
45.400000000 9.88919 9.23585 0 0 0 -0.133411 0.991061
46.600000000 10.5057 9.29359 0 0 0 0.145628 0.989339
48.000000000 11.2203 9.83789 0 0 0 0.363433 0.931621
49.300000000 11.9105 10.5251 0 0 0 0.363338 0.931657
50.700000000 12.8126 11.0797 0 0 0 0.202356 0.979312
52.200000000 13.6171 11.157 0 0 0 -0.129017 0.991642
52.800000000 13.5488 11.0392 0 0 0 -0.410817 0.911718
53.500000000 13.4562 11.0021 0 0 0 -0.69565 0.718381
54.100000000 13.3334 11.0137 0 0 0 -0.874809 0.484468
54.700000000 13.252 11.0978 0 0 0 -0.977925 0.208956
55.300000000 13.2289 11.2155 0 0 0 0.996412 0.0846369
56.200000000 13.0039 11.4477 0 0 0 0.928875 0.370393
57.800000000 12.382 12.1896 0 0 0 0.942142 0.335214
59.200000000 11.5022 12.5511 0 0 0 0.992714 0.120491
60.800000000 10.5083 12.6116 0 0 0 0.999997 0.0025147
62.400000000 9.52823 12.8705 0 0 0 0.974741 0.223339
63.400000000 9.31037 13.1778 0 0 0 0.864602 0.502457
64.400000000 9.29309 13.6526 0 0 0 0.72899 0.684524
65.700000000 9.28364 14.6336 0 0 0 0.70142 0.712748
67.000000000 9.32142 15.6066 0 0 0 0.688298 0.725428
68.300000000 9.39266 16.5775 0 0 0 0.674456 0.738315
69.700000000 9.48164 17.6268 0 0 0 0.680728 0.732536
71.100000000 9.79492 18.5763 0 0 0 0.524161 0.851619
72.500000000 10.4486 19.3565 0 0 0 0.385595 0.922668
73.800000000 11.1466 20.0358 0 0 0 0.372991 0.927835
75.200000000 11.8939 20.7771 0 0 0 0.38229 0.924043
76.600000000 12.1737 21.2484 0 0 0 0.680013 0.7332
77.200000000 12.0417 21.2208 0 0 0 0.866003 0.500039
77.800000000 11.9812 21.1336 0 0 0 0.975092 0.221801
78.500000000 11.9639 21.0252 0 0 0 -0.991955 0.126593
79.100000000 12.0263 20.9145 0 0 0 -0.910244 0.414072
79.700000000 12.1217 20.82 0 0 0 -0.769416 0.638749
80.400000000 12.2202 20.6746 0 0 0 -0.565749 0.824578
81.900000000 12.8404 20.0459 0 0 0 -0.29017 0.956975
82.500000000 12.8807 20.1361 0 0 0 -0.0033525 0.999994
83.200000000 13.1119 20.2934 0 0 0 0.212399 0.977183
84.800000000 13.8739 21.039 0 0 0 0.399148 0.916887
86.200000000 14.5436 21.8436 0 0 0 0.442525 0.896756
87.400000000 15.051 22.5839 0 0 0 0.47109 0.882085
88.800000000 15.5863 23.4819 0 0 0 0.499599 0.866257
90.100000000 16.1375 24.3195 0 0 0 0.474879 0.880051
91.300000000 16.6535 25.0291 0 0 0 0.41021 0.911991
92.600000000 17.3881 25.6838 0 0 0 0.331782 0.943356
94.000000000 18.2948 26.233 0 0 0 0.262162 0.965024
95.300000000 19.1718 26.6537 0 0 0 0.206464 0.978454
96.600000000 20.0523 27.1 0 0 0 0.243915 0.969797
98.000000000 20.8555 27.7746 0 0 0 0.356952 0.934123
99.300000000 21.5594 28.4387 0 0 0 0.392513 0.919747
100.500000000 21.9966 28.7138 0 0 0 0.11893 0.992903
101.400000000 22.239 28.5757 0 0 0 -0.2016 0.979468
103.000000000 22.9632 27.8165 0 0 0 -0.40766 0.913134
104.300000000 23.6322 27.1059 0 0 0 -0.388172 0.921587
105.700000000 24.3836 26.3767 0 0 0 -0.369704 0.92915
107.100000000 25.1914 25.7459 0 0 0 -0.304637 0.952468
108.400000000 26.064 25.2451 0 0 0 -0.232132 0.972684
109.600000000 26.9211 24.9026 0 0 0 -0.164085 0.986446
110.900000000 27.8581 24.6812 0 0 0 -0.0966797 0.995316
112.300000000 28.8578 24.5927 0 0 0 -0.0205006 0.99979
113.600000000 29.859 24.6429 0 0 0 0.0421843 0.99911
114.900000000 30.8451 24.7122 0 0 0 0.0284447 0.999595
116.200000000 31.8022 24.7236 0 0 0 -0.0460033 0.998941
117.700000000 32.7333 24.3633 0 0 0 -0.274879 0.961479
119.100000000 33.4819 23.6493 0 0 0 -0.399874 0.91657
120.500000000 34.0686 22.7879 0 0 0 -0.512878 0.858462
121.800000000 34.2824 21.8548 0 0 0 -0.655586 0.755121
123.200000000 34.2591 20.8141 0 0 0 -0.732677 0.680577
124.500000000 34.075 20.314 0 0 0 -0.915373 0.402607
125.200000000 34.0079 20.4113 0 0 0 -0.99767 0.0682197
125.800000000 34.0192 20.5483 0 0 0 0.974681 0.223599
126.300000000 34.0916 20.6203 0 0 0 0.890762 0.45447
127.000000000 34.1999 20.7347 0 0 0 0.705986 0.708226
127.700000000 34.3465 20.8327 0 0 0 0.489125 0.872214
129.200000000 35.1059 21.5351 0 0 0 0.343322 0.939218
130.600000000 35.883 22.2356 0 0 0 0.372892 0.927875
131.900000000 36.569 22.9328 0 0 0 0.391897 0.920009
133.200000000 37.2219 23.6615 0 0 0 0.422701 0.906269
134.600000000 37.7547 24.5688 0 0 0 0.55105 0.834472
135.800000000 37.8972 25.4203 0 0 0 0.665643 0.74627
137.400000000 38.398 26.3226 0 0 0 0.428676 0.903458
138.700000000 39.1335 26.918 0 0 0 0.322662 0.946514
140.100000000 39.8034 27.7085 0 0 0 0.472336 0.881419
141.300000000 40.1297 28.5254 0 0 0 0.588606 0.80842
142.600000000 40.1207 29.2125 0 0 0 0.802434 0.596741
143.800000000 39.6979 29.6532 0 0 0 0.942018 0.335561
145.300000000 38.7767 29.9414 0 0 0 0.996915 0.0784911
146.700000000 37.7361 29.9025 0 0 0 -0.999081 0.0428563
148.000000000 36.769 29.8053 0 0 0 -0.998036 0.062638
149.300000000 35.8023 29.7062 0 0 0 -0.999039 0.0438308
150.500000000 34.8991 29.6635 0 0 0 -1 0.000238508
151.900000000 33.8454 29.6745 0 0 0 0.999987 0.00517209
153.600000000 33.0431 29.5824 0 0 0 -0.958735 0.2843
154.200000000 33.1438 29.5064 0 0 0 -0.831892 0.554938
154.900000000 33.2204 29.3043 0 0 0 -0.657387 0.753553
156.500000000 33.6942 28.3513 0 0 0 -0.533883 0.845558
157.800000000 33.7379 27.6095 0 0 0 -0.744104 0.668064
159.400000000 33.2429 26.6755 0 0 0 -0.879468 0.475958
160.800000000 32.7517 25.7342 0 0 0 -0.814105 0.580717
162.100000000 32.6232 24.7687 0 0 0 -0.724945 0.688807
163.400000000 32.7029 23.8003 0 0 0 -0.671648 0.740871
164.600000000 32.7699 22.8967 0 0 0 -0.67774 0.735302
166.000000000 32.8124 21.8555 0 0 0 -0.702981 0.711208
167.300000000 32.8146 20.8823 0 0 0 -0.708214 0.705998
168.600000000 32.8015 19.9087 0 0 0 -0.708198 0.706014
170.000000000 32.7769 18.8723 0 0 0 -0.757069 0.653335
171.400000000 32.3933 18.099 0 0 0 -0.897427 0.441164
172.600000000 31.8048 17.7573 0 0 0 -0.980923 0.194398
174.000000000 31.0239 17.8139 0 0 0 0.99468 0.10301
175.400000000 30.2576 18.2673 0 0 0 0.938962 0.344021
176.800000000 29.5245 19.0616 0 0 0 0.912859 0.408276
178.000000000 29.0809 19.224 0 0 0 0.995527 0.0944733
179.000000000 28.6524 19.0646 0 0 0 -0.98354 0.180691
180.400000000 27.768 18.5415 0 0 0 -0.96648 0.256744
181.700000000 26.8493 18.1954 0 0 0 -0.993476 0.11404
183.000000000 25.8988 18.224 0 0 0 0.999736 0.0229947
184.300000000 24.9197 18.2391 0 0 0 0.99979 0.0205007
185.500000000 24.0272 18.2563 0 0 0 -0.999992 0.00397436
186.900000000 22.9753 18.2477 0 0 0 -0.999992 0.00411541
188.300000000 21.9222 18.2392 0 0 0 -0.999991 0.00425592
189.600000000 20.9494 18.256 0 0 0 0.999755 0.0221494
190.900000000 19.969 18.3007 0 0 0 0.999724 0.0234972
192.200000000 19.0057 18.3102 0 0 0 -0.999935 0.0113623
193.500000000 18.0234 18.2789 0 0 0 -0.999954 0.00961055
194.800000000 17.0618 18.2756 0 0 0 -1 0.000708108
196.400000000 16.0179 18.5073 0 0 0 0.977746 0.209794
197.800000000 15.2476 19.1359 0 0 0 0.926672 0.375872
199.100000000 14.5775 19.8421 0 0 0 0.913137 0.407654
200.400000000 14.0123 20.6378 0 0 0 0.86641 0.499333
201.700000000 13.7253 21.5309 0 0 0 0.771335 0.636429
203.100000000 13.7651 22.5567 0 0 0 0.667549 0.744566
204.400000000 13.9581 23.5293 0 0 0 0.673688 0.739016
205.700000000 13.9426 24.5125 0 0 0 0.716498 0.697589
207.000000000 13.9082 25.4723 0 0 0 0.742031 0.670365
208.200000000 13.8266 26.385 0 0 0 0.709417 0.704789
209.600000000 13.8268 27.4374 0 0 0 0.707151 0.707063
211.000000000 13.8238 28.4811 0 0 0 0.712054 0.702125
212.600000000 13.942 29.3573 0 0 0 0.517834 0.855481
213.400000000 14.1524 29.392 0 0 0 0.229049 0.973415
214.900000000 15.189 29.5904 0 0 0 0.048517 0.998822
215.600000000 15.2633 29.4749 0 0 0 -0.249669 0.968331
216.200000000 15.186 29.3966 0 0 0 -0.522213 0.852815
216.800000000 15.0982 29.2734 0 0 0 -0.71605 0.698049
217.500000000 14.9602 29.1426 0 0 0 -0.872994 0.487732
218.400000000 14.5913 28.9192 0 0 0 -0.965978 0.258625
219.700000000 13.7778 28.3867 0 0 0 -0.948341 0.317252
221.000000000 13.0922 27.7035 0 0 0 -0.913225 0.407456
222.300000000 12.3948 27.0143 0 0 0 -0.938737 0.344633
223.800000000 11.4274 26.5297 0 0 0 -0.987475 0.157774
225.600000000 10.4501 26.3733 0 0 0 -0.999912 0.0132664
228.100000000 9.44286 26.4143 0 0 0 0.99922 0.0394893
229.400000000 8.48451 26.4999 0 0 0 0.998682 0.05133
230.800000000 7.50343 26.5808 0 0 0 0.999471 0.0325303
232.900000000 6.55892 26.6136 0 0 0 0.999912 0.0132517
234.300000000 5.53653 26.7817 0 0 0 0.994252 0.107063
235.700000000 4.66093 27.2524 0 0 0 0.955097 0.296293
237.000000000 3.96279 27.9314 0 0 0 0.911489 0.411325
238.400000000 3.40509 28.8237 0 0 0 0.848729 0.528828
239.700000000 3.34221 29.4349 0 0 0 0.638535 0.769593
240.500000000 3.54389 29.6215 0 0 0 0.408223 0.912882
242.000000000 4.38805 30.0736 0 0 0 0.152129 0.988361
242.600000000 4.41735 29.9598 0 0 0 -0.132655 0.991162
243.100000000 4.37364 29.856 0 0 0 -0.370284 0.928919
243.800000000 4.29744 29.7318 0 0 0 -0.64015 0.76825
244.400000000 4.20151 29.6032 0 0 0 -0.800094 0.599875
246.100000000 3.47157 28.7737 0 0 0 -0.928386 0.371617
247.400000000 2.75682 28.1039 0 0 0 -0.928428 0.371511
248.800000000 2.02146 27.3683 0 0 0 -0.921871 0.387498
250.100000000 1.36305 26.6894 0 0 0 -0.921856 0.387532
251.500000000 0.655999 25.9633 0 0 0 -0.921848 0.387552
253.000000000 -0.0392245 25.2509 0 0 0 -0.921825 0.387607
254.500000000 -0.728814 24.5455 0 0 0 -0.921525 0.388319
256.200000000 -1.43416 23.8135 0 0 0 -0.919843 0.392287
258.600000000 -2.02004 23.0095 0 0 0 -0.884724 0.466116
259.900000000 -2.39757 22.1414 0 0 0 -0.806774 0.590861
260.700000000 -2.31857 21.8609 0 0 0 -0.626401 0.779501
261.900000000 -1.89946 21.34 0 0 0 -0.40482 0.914396
263.200000000 -1.15438 20.7011 0 0 0 -0.339403 0.940641
264.600000000 -0.298521 20.095 0 0 0 -0.2654 0.964139
266.000000000 0.675785 19.7907 0 0 0 -0.0823555 0.996603
266.700000000 0.728428 19.9104 0 0 0 0.230613 0.973046
267.400000000 0.628068 19.9965 0 0 0 0.552453 0.833544
268.000000000 0.518426 20.0031 0 0 0 0.773792 0.63344
268.700000000 0.347388 19.9556 0 0 0 0.944789 0.327678
269.300000000 0.308154 19.8548 0 0 0 0.999429 0.0337906
269.900000000 0.169333 19.7235 0 0 0 -0.982664 0.185397
271.400000000 -0.513012 19.0405 0 0 0 -0.913662 0.406475
272.500000000 -0.682722 18.6315 0 0 0 -0.7493 0.662231
273.200000000 -0.541591 18.6626 0 0 0 -0.478184 0.87826
273.800000000 -0.464364 18.753 0 0 0 -0.197548 0.980293
274.400000000 -0.442527 18.8703 0 0 0 0.102429 0.99474
275.000000000 -0.503432 18.9638 0 0 0 0.392507 0.919749
275.600000000 -0.589702 19.0389 0 0 0 0.638056 0.76999
276.400000000 -0.728999 19.2172 0 0 0 0.838455 0.544971
277.600000000 -1.30751 19.7402 0 0 0 0.943077 0.332575
279.100000000 -2.22826 20.2272 0 0 0 0.976248 0.216656
280.400000000 -3.17659 20.5776 0 0 0 0.987764 0.155955
281.700000000 -4.14016 20.7884 0 0 0 0.995734 0.0922655
283.100000000 -5.15838 20.8979 0 0 0 0.999324 0.0367598
284.400000000 -6.15395 20.9161 0 0 0 -0.999973 0.00737797
285.800000000 -7.09239 21.1406 0 0 0 0.981574 0.191081
286.600000000 -7.1709 21.3097 0 0 0 0.875831 0.482618
287.200000000 -7.04096 21.3511 0 0 0 0.698183 0.715919
287.900000000 -6.90456 21.3139 0 0 0 0.413594 0.910462
288.500000000 -6.83349 21.2195 0 0 0 0.130573 0.991439
289.000000000 -6.77429 21.1274 0 0 0 -0.0889881 0.996033
289.700000000 -6.71553 20.9669 0 0 0 -0.363121 0.931742
291.200000000 -6.15742 20.0755 0 0 0 -0.535024 0.844837
292.500000000 -6.06156 19.5018 0 0 0 -0.775238 0.631669
293.100000000 -6.20692 19.5291 0 0 0 -0.924072 0.382218
293.600000000 -6.26417 19.6246 0 0 0 -0.988306 0.152483
294.400000000 -6.39612 19.7188 0 0 0 0.983801 0.179265
295.600000000 -6.94695 20.2435 0 0 0 0.921695 0.387915
296.900000000 -7.58005 20.9915 0 0 0 0.894327 0.447414
298.300000000 -8.08667 21.9152 0 0 0 0.826049 0.563598
299.700000000 -8.24266 22.9322 0 0 0 0.70884 0.70537
301.000000000 -8.01255 23.9025 0 0 0 0.650558 0.759457
302.400000000 -7.93307 24.939 0 0 0 0.695305 0.718715
303.800000000 -8.06471 25.9845 0 0 0 0.749729 0.661745
304.800000000 -8.18219 26.256 0 0 0 0.921894 0.387443
305.500000000 -8.26104 26.1307 0 0 0 0.998884 0.0472251
306.300000000 -8.49042 25.9814 0 0 0 -0.975517 0.219925
307.800000000 -9.20088 25.2633 0 0 0 -0.923364 0.383925
309.200000000 -10.0121 24.6022 0 0 0 -0.960927 0.2768
310.500000000 -10.9375 24.2976 0 0 0 -0.991934 0.126753
311.900000000 -11.9498 24.2814 0 0 0 0.999218 0.0395413
313.200000000 -12.9221 24.4171 0 0 0 0.998472 0.0552664
314.600000000 -13.9677 24.4407 0 0 0 -0.999956 0.00939775
315.900000000 -14.9402 24.4176 0 0 0 -0.999509 0.0313473
317.400000000 -15.9783 24.0563 0 0 0 -0.972742 0.231892
318.700000000 -16.7421 23.4621 0 0 0 -0.93218 0.361995
320.400000000 -17.4529 22.7321 0 0 0 -0.919604 0.392848
322.800000000 -18.0857 22.2616 0 0 0 -0.993124 0.117064
323.500000000 -18.1485 22.3398 0 0 0 0.981213 0.192927
324.600000000 -18.6108 22.8447 0 0 0 0.913694 0.406403
325.900000000 -19.2796 23.5374 0 0 0 0.934305 0.356474
327.400000000 -20.2003 23.9535 0 0 0 0.991503 0.130084
328.800000000 -21.1968 23.9958 0 0 0 0.999978 0.00655964
330.100000000 -22.1699 23.9683 0 0 0 -0.999744 0.0226126
331.400000000 -23.1527 23.9169 0 0 0 -0.999528 0.0307333
332.800000000 -23.701 24.0144 0 0 0 0.950667 0.310212
333.400000000 -23.5978 24.0898 0 0 0 0.819628 0.572896
334.000000000 -23.4919 24.1086 0 0 0 0.617415 0.786638
334.600000000 -23.3995 24.0779 0 0 0 0.366653 0.930358
335.400000000 -23.1468 23.9495 0 0 0 0.0429395 0.999078
336.600000000 -22.5574 23.7904 0 0 0 -0.205677 0.97862
337.900000000 -21.9752 23.2398 0 0 0 -0.438591 0.898687
339.300000000 -21.7174 22.4269 0 0 0 -0.663641 0.748052
340.800000000 -21.9802 21.5636 0 0 0 -0.852314 0.52303
342.200000000 -22.64 20.9068 0 0 0 -0.949911 0.312519
343.300000000 -23.1458 20.7327 0 0 0 -0.999274 0.0380892
343.900000000 -23.1283 20.8483 0 0 0 0.967168 0.254137
344.600000000 -23.03 20.9454 0 0 0 0.82471 0.565555
345.200000000 -22.9282 20.9626 0 0 0 0.624311 0.781176
345.800000000 -22.7925 20.995 0 0 0 0.40975 0.912198
346.500000000 -22.5465 21.054 0 0 0 0.189178 0.981943
348.000000000 -21.3997 21.0682 0 0 0 -0.0116347 0.999932
349.300000000 -20.4326 20.9527 0 0 0 -0.0724651 0.997371
350.600000000 -19.4584 20.9386 0 0 0 0.0319728 0.999489
351.800000000 -18.5594 20.9995 0 0 0 0.0415764 0.999135
353.200000000 -17.5067 21.0384 0 0 0 0.00843514 0.999964
354.500000000 -16.5248 21.0334 0 0 0 -0.00989347 0.999951
355.800000000 -16.0762 20.9114 0 0 0 -0.347865 0.937545
356.400000000 -16.1967 20.8478 0 0 0 -0.605777 0.795635
356.900000000 -16.3869 20.8333 0 0 0 -0.783921 0.620861
357.500000000 -16.4856 20.8839 0 0 0 -0.930818 0.365484
358.200000000 -16.5511 21.0042 0 0 0 -0.999571 0.0292971
359.200000000 -16.8705 21.2799 0 0 0 0.964614 0.263665
360.500000000 -17.5291 21.91 0 0 0 0.910626 0.413232
361.900000000 -18.1684 22.7303 0 0 0 0.908244 0.418441
363.200000000 -18.8745 23.423 0 0 0 0.930541 0.366188
364.500000000 -19.5636 24.1089 0 0 0 0.921364 0.3887
365.800000000 -20.1142 24.8997 0 0 0 0.854731 0.519071
367.200000000 -20.3259 25.8795 0 0 0 0.741921 0.670488
368.500000000 -20.2958 26.8546 0 0 0 0.674899 0.73791
369.800000000 -20.2041 27.8263 0 0 0 0.677371 0.735642
371.100000000 -20.1487 28.799 0 0 0 0.69221 0.721696
372.200000000 -20.3347 29.2355 0 0 0 0.879084 0.476667
373.100000000 -20.6941 29.4213 0 0 0 0.97049 0.24114
374.700000000 -21.7641 29.5825 0 0 0 0.99891 0.0466782
375.900000000 -22.2107 29.4811 0 0 0 -0.960849 0.277074
376.400000000 -22.1211 29.4041 0 0 0 -0.862727 0.50567
377.400000000 -22.0536 29.0259 0 0 0 -0.664477 0.747309
378.900000000 -21.6443 28.2151 0 0 0 -0.553489 0.832856
380.300000000 -21.6405 27.4508 0 0 0 -0.769143 0.639076
381.800000000 -22.1221 26.6188 0 0 0 -0.913152 0.407619
383.300000000 -22.932 26.1753 0 0 0 -0.990796 0.135366
384.700000000 -23.8879 26.1952 0 0 0 0.999505 0.0314724
386.100000000 -24.9281 26.3293 0 0 0 0.996968 0.0778085
387.400000000 -25.8883 26.4836 0 0 0 0.996627 0.0820702
388.700000000 -26.848 26.6174 0 0 0 0.997467 0.0711308
390.000000000 -27.8234 26.7389 0 0 0 0.998167 0.0605148
391.200000000 -28.7231 26.8409 0 0 0 0.999431 0.0337228
392.700000000 -29.766 27.0659 0 0 0 0.980704 0.1955
394.000000000 -30.5224 27.6245 0 0 0 0.936544 0.350551
395.400000000 -31.2448 28.3797 0 0 0 0.915032 0.403382
397.000000000 -31.5858 29.042 0 0 0 0.731116 0.682253
397.600000000 -31.5069 29.1679 0 0 0 0.55169 0.834049
399.100000000 -30.7867 29.9238 0 0 0 0.35723 0.934016
400.500000000 -30.0168 30.3512 0 0 0 0.133311 0.991074
401.100000000 -30.0104 30.2342 0 0 0 -0.160987 0.986957
401.800000000 -30.086 30.1308 0 0 0 -0.486442 0.873713
402.500000000 -30.215 30.0862 0 0 0 -0.745022 0.66704
403.700000000 -30.5928 29.5356 0 0 0 -0.898537 0.438898
405.000000000 -31.2921 28.8303 0 0 0 -0.929768 0.368147
406.300000000 -31.9976 28.1943 0 0 0 -0.927608 0.373555
407.600000000 -32.646 27.4825 0 0 0 -0.907109 0.420895
408.900000000 -33.201 26.6685 0 0 0 -0.874314 0.485361
410.200000000 -33.6239 25.7959 0 0 0 -0.835153 0.550017
411.400000000 -33.9045 24.9165 0 0 0 -0.796701 0.604374
412.800000000 -34.0769 23.9326 0 0 0 -0.74846 0.663179
414.800000000 -34.0988 23.0275 0 0 0 -0.69902 0.715103
419.000000000 -34.0472 22.0506 0 0 0 -0.696278 0.717773
421.200000000 -34.0961 21.0921 0 0 0 -0.750294 0.661104
422.700000000 -34.4987 20.1188 0 0 0 -0.873792 0.4863
424.200000000 -35.2025 19.5539 0 0 0 -0.974183 0.225759
424.800000000 -35.3566 19.5796 0 0 0 0.999951 0.00994529
425.600000000 -35.5005 19.7349 0 0 0 0.952083 0.305839
426.900000000 -36.244 20.2974 0 0 0 0.958163 0.286225
428.300000000 -37.1366 20.8287 0 0 0 0.96538 0.260849
429.500000000 -37.9707 21.1644 0 0 0 0.989642 0.143558
430.700000000 -38.4675 21.1524 0 0 0 -0.981646 0.190711
431.200000000 -38.4028 21.0605 0 0 0 -0.904939 0.425542
431.900000000 -38.2908 20.9514 0 0 0 -0.724932 0.688821
432.600000000 -38.1588 20.8253 0 0 0 -0.514101 0.85773
434.000000000 -37.4909 20.0931 0 0 0 -0.370035 0.929018
435.300000000 -36.7707 19.4458 0 0 0 -0.362898 0.931829
437.100000000 -36.0849 18.8037 0 0 0 -0.376783 0.926302
440.700000000 -35.4112 18.1544 0 0 0 -0.360443 0.932781
445.200000000 -34.6859 17.5337 0 0 0 -0.356699 0.934219
448.100000000 -33.9251 16.8054 0 0 0 -0.376291 0.926501
449.500000000 -33.1808 16.0617 0 0 0 -0.381938 0.924188
450.800000000 -32.4783 15.3864 0 0 0 -0.375503 0.926821
452.100000000 -31.8109 14.7366 0 0 0 -0.433144 0.901325
453.400000000 -31.4104 13.8037 0 0 0 -0.562106 0.827065
454.900000000 -31.3996 12.7944 0 0 0 -0.760251 0.649629
456.400000000 -31.8597 11.9011 0 0 0 -0.862754 0.505624
457.800000000 -32.0997 11.0031 0 0 0 -0.789244 0.614079
459.500000000 -32.3029 10.0197 0 0 0 -0.732809 0.680434
463.400000000 -32.2734 9.04345 0 0 0 -0.684992 0.728551
466.900000000 -32.3199 8.22013 0 0 0 -0.862051 0.506821
467.600000000 -32.4379 8.29827 0 0 0 -0.980173 0.198144
468.600000000 -32.9599 8.3151 0 0 0 0.999012 0.0444317
469.900000000 -33.9042 8.55003 0 0 0 0.992708 0.120548
471.200000000 -34.8631 8.73009 0 0 0 0.998232 0.0594357
472.600000000 -35.916 8.71826 0 0 0 -0.999515 0.0311385
473.800000000 -36.8065 8.66069 0 0 0 -0.999552 0.0299308
475.200000000 -37.825 8.69702 0 0 0 0.998779 0.0493992
475.900000000 -37.7803 8.79127 0 0 0 0.930936 0.365183
476.500000000 -37.6843 8.8617 0 0 0 0.78433 0.620344
477.100000000 -37.5758 8.8671 0 0 0 0.569825 0.821766
477.700000000 -37.5326 8.80297 0 0 0 0.305989 0.952035
478.300000000 -37.4966 8.73655 0 0 0 0.0139111 0.999903
478.900000000 -37.3732 8.59339 0 0 0 -0.215874 0.976421
480.000000000 -37.1187 8.07917 0 0 0 -0.482586 0.875849
481.300000000 -36.9433 7.33636 0 0 0 -0.690397 0.72343
482.000000000 -37.06 7.38454 0 0 0 -0.893581 0.448902
482.500000000 -37.117 7.47297 0 0 0 -0.975725 0.218999
483.200000000 -37.1412 7.60688 0 0 0 0.992346 0.123485
483.900000000 -37.0167 7.71261 0 0 0 0.890083 0.455798
484.400000000 -36.9303 7.7567 0 0 0 0.751961 0.659207
485.300000000 -36.7867 8.019 0 0 0 0.519178 0.854666
486.500000000 -36.2594 8.49775 0 0 0 0.309283 0.95097
488.100000000 -35.3289 8.89319 0 0 0 0.136575 0.99063
490.200000000 -34.3149 8.97428 0 0 0 0.0193931 0.999812
493.600000000 -33.3347 8.94788 0 0 0 -0.0188856 0.999822
495.300000000 -32.3392 9.0188 0 0 0 -0.0220829 0.999756
497.700000000 -31.3827 8.96366 0 0 0 -0.0235361 0.999723
499.200000000 -30.3581 8.9263 0 0 0 -0.0256633 0.999671
501.800000000 -29.388 8.89294 0 0 0 -0.00359239 0.999994
505.600000000 -28.3933 8.90619 0 0 0 0.00392967 0.999992
508.000000000 -27.3966 8.88672 0 0 0 -0.0384252 0.999261
509.400000000 -26.365 8.71649 0 0 0 -0.0820478 0.996628
510.800000000 -25.3377 8.62943 0 0 0 -0.0295808 0.999562
512.700000000 -24.3735 8.60649 0 0 0 0.00418726 0.999991
516.400000000 -23.449 8.65811 0 0 0 0.0289915 0.99958
520.200000000 -22.4407 8.69092 0 0 0 0.0157763 0.999876
523.700000000 -21.4913 8.71913 0 0 0 0.00738259 0.999973
526.800000000 -20.5027 8.7342 0 0 0 0.00732848 0.999973
530.300000000 -19.5278 8.74862 0 0 0 0.00727496 0.999974
532.700000000 -18.5174 8.76361 0 0 0 0.00722217 0.999974
536.200000000 -17.4991 8.77884 0 0 0 0.00718926 0.999974
539.000000000 -16.587 8.79256 0 0 0 0.00715495 0.999974
542.000000000 -15.5815 8.80736 0 0 0 0.00713387 0.999975
545.700000000 -14.5919 8.8218 0 0 0 0.00710466 0.999975
548.200000000 -13.5236 8.82322 0 0 0 -0.0170542 0.999855
550.600000000 -12.5186 8.77007 0 0 0 -0.0118903 0.999929
551.900000000 -11.5887 8.55116 0 0 0 -0.105871 0.99438
553.200000000 -10.731 8.14013 0 0 0 -0.26292 0.964818
554.500000000 -10.0305 7.46828 0 0 0 -0.390171 0.920742
555.900000000 -9.30716 6.7246 0 0 0 -0.392167 0.919894
557.200000000 -8.62431 6.02813 0 0 0 -0.378946 0.925419
558.500000000 -7.97816 5.30263 0 0 0 -0.44291 0.896566
560.100000000 -7.66655 4.49466 0 0 0 -0.703809 0.71039
561.200000000 -7.93937 3.9724 0 0 0 -0.862656 0.505791
562.600000000 -8.53233 3.14351 0 0 0 -0.879368 0.476143
564.000000000 -8.81591 2.21186 0 0 0 -0.762757 0.646685
565.400000000 -8.70847 1.4754 0 0 0 -0.522903 0.852392
565.900000000 -8.64335 1.52755 0 0 0 -0.294684 0.955595
566.500000000 -8.59879 1.66063 0 0 0 -0.00087546 1
567.400000000 -8.26072 1.85956 0 0 0 0.257262 0.966342
568.900000000 -7.50145 2.63459 0 0 0 0.413322 0.910585
570.200000000 -6.96231 3.43417 0 0 0 0.51386 0.857874
571.600000000 -6.71219 4.3781 0 0 0 0.666999 0.745059
573.400000000 -6.78127 5.34523 0 0 0 0.755346 0.655327
577.200000000 -6.9206 6.3148 0 0 0 0.750398 0.660986
579.600000000 -6.98084 7.33738 0 0 0 0.711397 0.70279
581.100000000 -6.80012 8.39136 0 0 0 0.582242 0.813016
582.500000000 -6.24797 9.07928 0 0 0 0.358829 0.933403
583.600000000 -5.76809 9.25478 0 0 0 0.0715664 0.997436
584.400000000 -5.59478 9.10238 0 0 0 -0.233279 0.97241
586.100000000 -4.68507 8.64401 0 0 0 -0.135791 0.990738
587.500000000 -3.71736 8.62141 0 0 0 0.00500692 0.999987
589.600000000 -2.67409 8.63328 0 0 0 0.00886372 0.999961
591.600000000 -1.74725 8.6504 0 0 0 0.000160975 1
593.500000000 -0.661703 8.60369 0 0 0 -0.0228177 0.99974
594.800000000 0.294205 8.46943 0 0 0 -0.0939404 0.995578
596.000000000 0.917144 8.16097 0 0 0 -0.34697 0.937876
597.200000000 1.10799 7.60121 0 0 0 -0.59907 0.800697
598.600000000 1.04534 6.71041 0 0 0 -0.783626 0.621233
600.000000000 0.697408 5.74062 0 0 0 -0.819733 0.572746
601.200000000 0.429573 4.90138 0 0 0 -0.776347 0.630305
603.300000000 0.401947 3.91952 0 0 0 -0.705656 0.708555
607.400000000 0.433559 3.00487 0 0 0 -0.687122 0.726542
612.200000000 0.504696 2.02958 0 0 0 -0.681071 0.732217
617.000000000 0.561043 1.0622 0 0 0 -0.693481 0.720475
621.900000000 0.592382 0.07571 0 0 0 -0.701425 0.712743
626.800000000 0.602418 -0.886817 0 0 0 -0.703524 0.710671
631.600000000 0.614826 -1.82401 0 0 0 -0.703469 0.710726
636.500000000 0.623093 -2.78139 0 0 0 -0.703463 0.710732
641.100000000 0.58999 -3.76623 0 0 0 -0.720847 0.693094
643.800000000 0.531702 -4.75059 0 0 0 -0.728283 0.685276
645.200000000 0.483365 -5.80285 0 0 0 -0.715394 0.698722
646.400000000 0.47752 -6.70527 0 0 0 -0.70465 0.709555
647.800000000 0.488411 -7.75343 0 0 0 -0.711489 0.702698
649.200000000 0.423627 -8.78224 0 0 0 -0.761591 0.648058
650.700000000 0.013487 -9.7172 0 0 0 -0.894165 0.447737
651.900000000 -0.719478 -10.3527 0 0 0 -0.926599 0.37605
653.300000000 -1.44504 -11.0871 0 0 0 -0.922889 0.385065
654.600000000 -2.13241 -11.7877 0 0 0 -0.917773 0.397106
655.900000000 -2.81684 -12.4744 0 0 0 -0.922278 0.386527
657.100000000 -3.44508 -13.1237 0 0 0 -0.922049 0.387074
658.500000000 -4.17053 -13.8762 0 0 0 -0.915809 0.401613
659.800000000 -4.65125 -14.8068 0 0 0 -0.84908 0.528264
660.700000000 -4.67831 -15.2155 0 0 0 -0.68674 0.726903
661.300000000 -4.56564 -15.1728 0 0 0 -0.441803 0.897112
662.000000000 -4.51665 -15.0497 0 0 0 -0.0978425 0.995202
662.600000000 -4.51012 -14.7995 0 0 0 0.191217 0.981548
663.300000000 -4.50713 -14.6363 0 0 0 0.462863 0.88643
664.800000000 -4.1034 -13.699 0 0 0 0.497599 0.867407
672.200000000 -3.39748 -12.9888 0 0 0 0.375508 0.926819
673.400000000 -2.76534 -12.3504 0 0 0 0.385722 0.922615
674.700000000 -2.07869 -11.6514 0 0 0 0.386122 0.922448
676.100000000 -1.34036 -10.9046 0 0 0 0.385871 0.922553
677.400000000 -0.657023 -10.207 0 0 0 0.386434 0.922317
678.700000000 0.0239506 -9.50743 0 0 0 0.38654 0.922273
679.900000000 0.655812 -8.86402 0 0 0 0.386599 0.922248
681.300000000 1.32585 -8.09927 0 0 0 0.421374 0.906887
682.500000000 1.81583 -7.31586 0 0 0 0.535899 0.844282
684.000000000 2.00895 -6.24987 0 0 0 0.697272 0.716807
685.300000000 1.85318 -5.31238 0 0 0 0.75835 0.651848
686.600000000 1.76402 -4.32411 0 0 0 0.739323 0.673351
687.800000000 1.741 -3.43413 0 0 0 0.705352 0.708858
689.100000000 1.75265 -2.46344 0 0 0 0.704849 0.709358
690.500000000 1.7434 -1.41217 0 0 0 0.710602 0.703594
691.600000000 1.74089 -0.591152 0 0 0 0.711248 0.702941
693.800000000 1.48289 0.428095 0 0 0 0.899777 0.43635
694.700000000 1.32048 0.426049 0 0 0 0.990097 0.140383
695.200000000 1.32364 0.32466 0 0 0 -0.995713 0.0924964
695.800000000 1.38072 0.243499 0 0 0 -0.931571 0.36356
696.500000000 1.47639 0.207001 0 0 0 -0.765039 0.643984
697.200000000 1.58988 0.179336 0 0 0 -0.555044 0.831821
697.900000000 1.73266 0.160753 0 0 0 -0.301347 0.953515
698.800000000 2.02849 0.158137 0 0 0 -0.0346192 0.999401
700.600000000 3.01315 -0.200755 0 0 0 -0.25017 0.968202
701.700000000 3.29015 -0.205549 0 0 0 0.0431695 0.999068
702.500000000 3.33974 -0.089596 0 0 0 0.302223 0.953237
703.400000000 3.38061 0.120572 0 0 0 0.55342 0.832902
704.300000000 3.29869 0.313576 0 0 0 0.761217 0.648497
705.500000000 3.10537 0.553562 0 0 0 0.888616 0.458652
706.800000000 2.89864 0.601767 0 0 0 0.986719 0.162436
707.500000000 2.8903 0.513612 0 0 0 -0.997419 0.0717949
708.400000000 2.93401 0.458866 0 0 0 -0.93369 0.358082
710.400000000 2.42017 -0.403485 0 0 0 -0.845532 0.533925
711.200000000 2.52122 -0.403576 0 0 0 -0.659154 0.752008
711.900000000 2.61797 -0.399976 0 0 0 -0.437458 0.899239
712.800000000 2.95312 -0.442433 0 0 0 -0.226181 0.974085
714.300000000 3.61944 -1.18278 0 0 0 -0.472102 0.881544
715.900000000 3.86005 -2.17286 0 0 0 -0.674047 0.738688
717.800000000 3.82502 -3.10809 0 0 0 -0.727053 0.686581
721.700000000 3.77913 -4.07998 0 0 0 -0.717056 0.697016
725.900000000 3.77121 -5.01914 0 0 0 -0.710323 0.703876
730.700000000 3.76808 -5.97363 0 0 0 -0.70964 0.704564
735.500000000 3.75894 -6.92117 0 0 0 -0.709679 0.704525
740.500000000 3.75099 -7.90407 0 0 0 -0.709762 0.704442
743.900000000 3.80202 -8.84972 0 0 0 -0.666768 0.745265
745.300000000 4.11653 -9.77207 0 0 0 -0.512081 0.858937
746.700000000 4.80044 -10.547 0 0 0 -0.383184 0.923672
748.000000000 5.50438 -11.2103 0 0 0 -0.364833 0.931073
749.300000000 6.18931 -11.911 0 0 0 -0.432726 0.901525
750.500000000 6.59218 -12.7217 0 0 0 -0.548158 0.836375
751.800000000 6.82953 -13.6593 0 0 0 -0.647579 0.761998
752.800000000 6.78028 -14.0866 0 0 0 -0.823847 0.566812
753.500000000 6.65737 -14.0568 0 0 0 -0.95926 0.282525
754.100000000 6.60538 -13.9794 0 0 0 0.999965 0.00833426
754.600000000 6.62668 -13.8823 0 0 0 0.967666 0.252236
755.200000000 6.69933 -13.7895 0 0 0 0.852372 0.522935
755.900000000 6.81401 -13.6997 0 0 0 0.658772 0.752343
756.600000000 6.94403 -13.5657 0 0 0 0.443601 0.896224
758.200000000 7.87947 -13.0165 0 0 0 0.199779 0.979841
759.500000000 8.82556 -12.824 0 0 0 0.0526205 0.998615
760.800000000 9.80458 -12.8089 0 0 0 -0.0156079 0.999878
762.100000000 10.7447 -12.8828 0 0 0 -0.0419156 0.999121
763.400000000 11.7187 -12.9141 0 0 0 -0.00544276 0.999985
764.700000000 12.721 -12.9431 0 0 0 0.00559505 0.999984
766.400000000 13.6644 -12.6121 0 0 0 0.294845 0.955545
767.800000000 14.3671 -11.8825 0 0 0 0.424086 0.905622
769.100000000 14.9441 -11.091 0 0 0 0.461164 0.887315
770.400000000 15.5732 -10.3319 0 0 0 0.440335 0.897833
771.700000000 16.1679 -9.59199 0 0 0 0.396327 0.918109
773.100000000 16.9187 -8.84378 0 0 0 0.381856 0.924222
774.400000000 17.6038 -8.16156 0 0 0 0.381875 0.924214
775.700000000 18.252 -7.42575 0 0 0 0.437633 0.899154
777.100000000 18.7231 -6.50798 0 0 0 0.574912 0.818216
778.000000000 18.6377 -6.15357 0 0 0 0.774354 0.632753
779.500000000 18.0607 -5.39515 0 0 0 0.921473 0.388442
780.800000000 17.4732 -4.66934 0 0 0 0.869429 0.494058
782.300000000 17.2349 -3.64129 0 0 0 0.738226 0.674553
783.700000000 17.3424 -2.67776 0 0 0 0.676264 0.736659
784.800000000 17.1083 -2.21531 0 0 0 0.861741 0.507348
786.200000000 16.4321 -1.54497 0 0 0 0.932337 0.36159
787.500000000 15.7059 -0.866304 0 0 0 0.929601 0.368568
788.700000000 15.0626 -0.241917 0 0 0 0.922515 0.385962
790.100000000 14.3291 0.512166 0 0 0 0.923782 0.382919
791.400000000 13.6343 1.195 0 0 0 0.926017 0.377483
792.700000000 12.9424 1.88084 0 0 0 0.926021 0.377473
794.000000000 12.2405 2.55665 0 0 0 0.926021 0.377472
795.300000000 11.5386 3.25245 0 0 0 0.930564 0.366129
796.100000000 11.3093 3.27978 0 0 0 0.996438 0.0843277
797.100000000 10.8277 3.06867 0 0 0 -0.986833 0.161741
798.500000000 9.94893 2.58188 0 0 0 -0.965399 0.260776
800.300000000 9.15654 2.28147 0 0 0 0.995569 0.0940361
800.900000000 9.20238 2.39942 0 0 0 0.925747 0.378143
801.500000000 9.2997 2.45846 0 0 0 0.775363 0.631515
802.300000000 9.43243 2.62725 0 0 0 0.552591 0.833452
803.500000000 9.94421 3.10979 0 0 0 0.319971 0.947427
804.900000000 10.8896 3.55883 0 0 0 0.150387 0.988627
806.200000000 11.86 3.65578 0 0 0 0.00153215 0.999999
807.400000000 12.751 3.48068 0 0 0 -0.0805474 0.996751
808.700000000 13.7286 3.39799 0 0 0 -0.035795 0.999359
810.100000000 14.7719 3.43822 0 0 0 0.0292767 0.999571
811.400000000 15.7388 3.51576 0 0 0 0.053467 0.99857
812.700000000 16.7124 3.54128 0 0 0 -0.00838252 0.999965
814.000000000 17.6868 3.49161 0 0 0 -0.0394312 0.999222
815.200000000 18.5897 3.44623 0 0 0 -0.0138597 0.999904
816.500000000 19.5632 3.45223 0 0 0 0.0122762 0.999925
817.900000000 20.6147 3.49729 0 0 0 0.0154502 0.999881
819.300000000 21.6685 3.48577 0 0 0 -0.00347602 0.999994
820.600000000 22.6421 3.493 0 0 0 0.00192947 0.999998
821.900000000 23.6158 3.4968 0 0 0 0.00192093 0.999998
823.200000000 24.5794 3.51738 0 0 0 0.0316184 0.9995
824.700000000 25.4653 3.90411 0 0 0 0.287808 0.957688
826.100000000 26.1906 4.62246 0 0 0 0.376873 0.926265
826.900000000 26.3748 4.62699 0 0 0 0.0770682 0.997026
827.500000000 26.3678 4.5099 0 0 0 -0.216492 0.976284
828.000000000 26.3067 4.43656 0 0 0 -0.448178 0.893944
828.700000000 26.197 4.33306 0 0 0 -0.704182 0.710019
829.500000000 26.0353 4.11742 0 0 0 -0.869918 0.493196
830.900000000 25.3201 3.39986 0 0 0 -0.932144 0.362088
832.100000000 24.6596 2.80348 0 0 0 -0.931549 0.363617
833.900000000 23.9371 2.0152 0 0 0 -0.89916 0.43762
835.300000000 23.4595 1.138 0 0 0 -0.82229 0.569068
837.100000000 23.3197 0.197491 0 0 0 -0.720577 0.693375
840.200000000 23.3791 -0.773078 0 0 0 -0.66805 0.744116
843.700000000 23.5138 -1.73182 0 0 0 -0.670719 0.741712
845.600000000 23.735 -2.75405 0 0 0 -0.592913 0.805267
847.100000000 24.3176 -3.65887 0 0 0 -0.421909 0.906638
848.500000000 25.0801 -4.37535 0 0 0 -0.357246 0.93401
849.900000000 25.8333 -5.11033 0 0 0 -0.38539 0.922754
851.000000000 26.0292 -5.4753 0 0 0 -0.647622 0.761962
851.700000000 25.895 -5.46065 0 0 0 -0.866962 0.498374
852.400000000 25.7693 -5.40054 0 0 0 -0.984633 0.174636
853.000000000 25.7524 -5.26309 0 0 0 0.993018 0.117964
853.600000000 25.8183 -5.14609 0 0 0 0.920464 0.390827
854.500000000 25.7296 -4.78004 0 0 0 0.783624 0.621235
856.000000000 25.8301 -3.80258 0 0 0 0.602446 0.798159
857.000000000 26.0426 -3.60152 0 0 0 0.295108 0.955464
857.600000000 26.0866 -3.70043 0 0 0 0.00276388 0.999996
858.200000000 26.062 -3.80567 0 0 0 -0.288295 0.957542
858.900000000 26.0275 -3.96853 0 0 0 -0.554768 0.832005
859.800000000 25.9308 -4.31268 0 0 0 -0.764948 0.644093
861.100000000 25.601 -5.21237 0 0 0 -0.820203 0.572073
862.400000000 25.3189 -6.14651 0 0 0 -0.787233 0.616655
864.000000000 25.2483 -7.09031 0 0 0 -0.708 0.706213
866.200000000 25.302 -8.05078 0 0 0 -0.676435 0.736502
868.700000000 25.4255 -9.08213 0 0 0 -0.667125 0.744946
870.000000000 25.6717 -10.1256 0 0 0 -0.608826 0.793304
871.500000000 26.1999 -10.948 0 0 0 -0.389292 0.921114
872.300000000 26.3613 -10.9091 0 0 0 -0.0621935 0.998064
873.000000000 26.4497 -10.7672 0 0 0 0.240265 0.970707
873.500000000 26.4279 -10.6793 0 0 0 0.449112 0.893476
874.200000000 26.3328 -10.5594 0 0 0 0.704611 0.709594
874.900000000 26.1638 -10.616 0 0 0 0.90446 0.426558
875.500000000 26.0889 -10.6155 0 0 0 0.99012 0.140223
876.200000000 26.0931 -10.7248 0 0 0 -0.978069 0.20828
876.800000000 26.168 -10.8216 0 0 0 -0.872978 0.487759
877.500000000 26.329 -10.8534 0 0 0 -0.654017 0.75648
878.100000000 26.4572 -10.9044 0 0 0 -0.404554 0.914514
878.800000000 26.6317 -10.8552 0 0 0 -0.128491 0.991711
880.200000000 27.6917 -10.9838 0 0 0 -0.0361636 0.999346
881.500000000 28.6541 -10.9731 0 0 0 0.0429985 0.999075
883.000000000 29.1943 -10.7542 0 0 0 0.349096 0.937087
883.500000000 29.147 -10.6471 0 0 0 0.549666 0.835384
884.200000000 29.0048 -10.5696 0 0 0 0.785625 0.618703
884.800000000 28.9456 -10.6243 0 0 0 0.929822 0.368011
885.400000000 28.8938 -10.7407 0 0 0 0.997063 0.0765852
886.200000000 28.6278 -10.8671 0 0 0 -0.982995 0.183633
887.800000000 27.8468 -11.6035 0 0 0 -0.914433 0.404738
889.100000000 27.1436 -12.3082 0 0 0 -0.916405 0.400252
890.300000000 26.5413 -12.9476 0 0 0 -0.927856 0.37294
891.900000000 26.0539 -13.8787 0 0 0 -0.799863 0.600182
893.300000000 26.0053 -14.8078 0 0 0 -0.685385 0.728181
894.600000000 26.1557 -15.8639 0 0 0 -0.650382 0.759608
895.800000000 26.2438 -16.7626 0 0 0 -0.689433 0.72435
897.200000000 26.2403 -17.8097 0 0 0 -0.709187 0.70502
898.400000000 26.2432 -18.7085 0 0 0 -0.704258 0.709944
899.800000000 26.2534 -19.7626 0 0 0 -0.703696 0.710501
901.100000000 26.2623 -20.7374 0 0 0 -0.704237 0.709965
902.400000000 26.265 -21.7207 0 0 0 -0.705865 0.708347
903.800000000 26.2691 -22.7636 0 0 0 -0.705807 0.708404
905.100000000 26.2721 -23.737 0 0 0 -0.705813 0.708398
906.500000000 26.3904 -24.7315 0 0 0 -0.609198 0.793018
907.800000000 26.7584 -25.6276 0 0 0 -0.536293 0.844032
908.800000000 27.002 -25.8104 0 0 0 -0.234047 0.972225
909.300000000 27.0223 -25.7143 0 0 0 0.0131598 0.999913
910.000000000 26.9643 -25.59 0 0 0 0.357321 0.933982
910.600000000 26.8624 -25.5285 0 0 0 0.617349 0.78669
911.200000000 26.7325 -25.5439 0 0 0 0.821903 0.569627
911.900000000 26.6356 -25.6448 0 0 0 0.96757 0.252602
912.500000000 26.6224 -25.752 0 0 0 -0.998994 0.0448426
913.300000000 26.3309 -25.9463 0 0 0 -0.961651 0.274275
914.700000000 25.6853 -26.6794 0 0 0 -0.898791 0.438377
916.100000000 25.1154 -27.5607 0 0 0 -0.866203 0.499693
917.400000000 24.7127 -28.4487 0 0 0 -0.831599 0.555377
918.600000000 24.2777 -29.2313 0 0 0 -0.881088 0.472953
920.000000000 23.7526 -29.6497 0 0 0 -0.985843 0.16767
920.700000000 23.7107 -29.5506 0 0 0 0.987183 0.159595
921.300000000 23.7355 -29.4226 0 0 0 0.904681 0.426089
922.000000000 23.8068 -29.2508 0 0 0 0.754356 0.656465
922.600000000 23.8803 -29.1232 0 0 0 0.584033 0.81173
923.400000000 24.0774 -29.0379 0 0 0 0.312822 0.949812
925.000000000 24.9559 -28.4734 0 0 0 0.350652 0.936506
926.300000000 25.2889 -27.845 0 0 0 0.593161 0.805084
927.600000000 25.2545 -27.0736 0 0 0 0.783218 0.621747
929.200000000 24.7391 -26.1959 0 0 0 0.91779 0.397066
930.500000000 23.9112 -25.5541 0 0 0 0.926681 0.37585
931.700000000 23.2129 -24.9707 0 0 0 0.950005 0.312235
933.100000000 22.3889 -24.4812 0 0 0 0.986034 0.166546
935.000000000 21.3554 -24.3797 0 0 0 0.999365 0.0356325
938.500000000 20.4061 -24.396 0 0 0 -0.999679 0.0253393
942.500000000 19.4422 -24.4654 0 0 0 -0.999352 0.0359953
946.200000000 18.4468 -24.5242 0 0 0 -0.999949 0.0101009
947.900000000 17.4443 -24.5016 0 0 0 0.995625 0.0934349
949.300000000 16.5423 -24.012 0 0 0 0.965434 0.260646
950.500000000 15.7355 -23.6634 0 0 0 0.980154 0.198239
951.900000000 14.7303 -23.4337 0 0 0 0.998461 0.0554523
953.800000000 13.7095 -23.497 0 0 0 -0.998624 0.0524349
957.600000000 12.6563 -23.574 0 0 0 -0.99978 0.0209728
958.600000000 12.2232 -23.405 0 0 0 0.96961 0.244655
960.100000000 11.4051 -22.6542 0 0 0 0.924735 0.380611
961.400000000 10.7293 -21.9754 0 0 0 0.922894 0.385053
962.700000000 10.0317 -21.2877 0 0 0 0.926838 0.375461
964.200000000 9.46749 -20.8906 0 0 0 0.996658 0.0816894
964.900000000 9.49461 -21.0064 0 0 0 -0.964403 0.264437
965.500000000 9.57263 -21.0853 0 0 0 -0.84319 0.537616
966.100000000 9.63746 -21.3052 0 0 0 -0.672605 0.740002
966.800000000 9.83036 -21.3115 0 0 0 -0.468662 0.883377
968.200000000 10.556 -21.9628 0 0 0 -0.339016 0.940781
969.400000000 11.2499 -22.5382 0 0 0 -0.35446 0.935071
970.800000000 11.9945 -23.2728 0 0 0 -0.383239 0.923649
972.100000000 12.6874 -23.9577 0 0 0 -0.383249 0.923645
973.500000000 13.4306 -24.7023 0 0 0 -0.383274 0.923635
974.800000000 14.1063 -25.4236 0 0 0 -0.410221 0.911986
976.100000000 14.6927 -26.196 0 0 0 -0.468414 0.883509
977.400000000 15.1798 -27.0352 0 0 0 -0.513234 0.858249
978.800000000 15.618 -27.9997 0 0 0 -0.547063 0.837091
980.000000000 15.9861 -28.8095 0 0 0 -0.540852 0.841118
981.400000000 16.5709 -29.6685 0 0 0 -0.41668 0.909053
982.200000000 16.811 -29.7179 0 0 0 -0.142117 0.98985
982.800000000 16.9518 -29.6486 0 0 0 0.0893379 0.996001
983.600000000 16.9942 -29.4937 0 0 0 0.41728 0.908778
984.200000000 16.8853 -29.4461 0 0 0 0.66722 0.744861
984.800000000 16.769 -29.4679 0 0 0 0.857577 0.514356
985.500000000 16.6745 -29.5527 0 0 0 0.979701 0.200464
986.200000000 16.4691 -29.6117 0 0 0 -0.998673 0.0515004
987.500000000 15.8324 -30.0311 0 0 0 -0.945763 0.324857
988.900000000 15.0016 -30.6599 0 0 0 -0.95466 0.297699
990.300000000 14.1443 -31.0824 0 0 0 -0.990191 0.139721
991.800000000 13.1561 -31.0285 0 0 0 0.996867 0.0790982
993.200000000 12.1117 -30.8948 0 0 0 0.998399 0.0565592
994.900000000 11.2997 -30.9177 0 0 0 -0.966264 0.257552
995.400000000 11.3661 -30.9882 0 0 0 -0.872741 0.488183
996.000000000 11.4804 -30.9873 0 0 0 -0.687955 0.725753
996.700000000 11.6113 -30.9562 0 0 0 -0.396731 0.917935
997.300000000 11.6529 -30.8338 0 0 0 -0.108315 0.994117
998.000000000 11.7106 -30.7138 0 0 0 0.209992 0.977703
998.900000000 11.8373 -30.3872 0 0 0 0.481888 0.876233
1000.500000000 12.1473 -29.3609 0 0 0 0.694308 0.719678
1001.900000000 11.8231 -28.431 0 0 0 0.827667 0.561219
1003.400000000 11.2001 -27.7197 0 0 0 0.948874 0.315654
1004.800000000 10.3162 -27.3733 0 0 0 0.993286 0.115685
1006.100000000 9.35987 -27.3146 0 0 0 -0.999927 0.0120955
1007.400000000 8.35089 -27.4461 0 0 0 -0.996611 0.0822569
1008.800000000 7.34461 -27.6972 0 0 0 -0.989997 0.141086
1010.100000000 6.42335 -28.0071 0 0 0 -0.98285 0.184406
1011.400000000 5.61623 -28.4714 0 0 0 -0.954449 0.298374
1013.000000000 4.96622 -29.1968 0 0 0 -0.822527 0.568725
1013.900000000 5.08798 -29.5167 0 0 0 -0.624183 0.781278
1015.300000000 5.5748 -30.3316 0 0 0 -0.437065 0.89943
1017.100000000 5.99637 -31.0355 0 0 0 -0.712178 0.701998
1017.700000000 5.87975 -31.0247 0 0 0 -0.883525 0.468384
1018.300000000 5.78318 -30.9679 0 0 0 -0.978166 0.207825
1019.200000000 5.38491 -30.8687 0 0 0 0.999163 0.0408955
1020.600000000 4.33514 -30.7203 0 0 0 0.996153 0.0876279
1021.800000000 3.4558 -30.6289 0 0 0 0.999824 0.0187479
1023.600000000 2.46569 -30.3325 0 0 0 0.953853 0.300274
1025.100000000 1.8286 -29.4773 0 0 0 0.85284 0.522173
1026.400000000 1.52819 -28.6047 0 0 0 0.824215 0.566277
1028.000000000 0.860425 -27.8151 0 0 0 0.944795 0.327661
1029.500000000 -0.0205255 -27.4274 0 0 0 0.994236 0.107217
1031.100000000 -1.01587 -27.3717 0 0 0 -0.999853 0.0171689
1032.400000000 -1.97028 -27.4811 0 0 0 -0.996961 0.0778983
1033.700000000 -2.93619 -27.6504 0 0 0 -0.995692 0.0927266
1034.900000000 -3.8096 -27.8126 0 0 0 -0.994793 0.101918
1036.300000000 -4.86909 -28.0353 0 0 0 -0.993245 0.116035
1037.600000000 -5.8143 -28.2554 0 0 0 -0.986867 0.161537
1039.000000000 -6.46736 -28.7965 0 0 0 -0.906405 0.422411
1040.200000000 -6.66088 -29.431 0 0 0 -0.761111 0.648621
1041.300000000 -6.52306 -30.0142 0 0 0 -0.577825 0.816161
1042.800000000 -5.90783 -30.8011 0 0 0 -0.360678 0.93269
1043.900000000 -5.40009 -31.0314 0 0 0 -0.0980624 0.99518
1044.700000000 -5.29968 -30.8872 0 0 0 0.236059 0.971739
1045.500000000 -5.32322 -30.7297 0 0 0 0.559341 0.828937
1046.100000000 -5.43104 -30.7198 0 0 0 0.77934 0.626601
1046.700000000 -5.56938 -30.7165 0 0 0 0.917685 0.39731
1047.600000000 -5.93292 -30.6618 0 0 0 0.98988 0.141909
1049.000000000 -6.88869 -30.6442 0 0 0 -0.999507 0.0313977
1050.300000000 -7.86736 -30.7185 0 0 0 -0.99895 0.0458227
1051.600000000 -8.83852 -30.7811 0 0 0 -0.999612 0.0278556
1052.900000000 -9.81181 -30.819 0 0 0 -0.999954 0.00955705
1054.200000000 -10.7855 -30.8359 0 0 0 -1 8.16748e-05
1055.500000000 -11.6701 -30.9971 0 0 0 -0.987301 0.158862
1057.000000000 -12.2168 -31.0804 0 0 0 0.991398 0.130884
1057.700000000 -12.1431 -30.976 0 0 0 0.887468 0.460869
1058.300000000 -12.0451 -30.9205 0 0 0 0.714898 0.699229
1059.000000000 -11.8916 -30.8208 0 0 0 0.496015 0.868314
1059.800000000 -11.6338 -30.7042 0 0 0 0.243947 0.969789
1060.600000000 -11.3232 -30.7286 0 0 0 -0.00189781 0.999998
1062.000000000 -10.3263 -30.5857 0 0 0 0.119775 0.992801
1063.700000000 -9.42313 -29.9313 0 0 0 0.370733 0.92874
1065.000000000 -8.77162 -29.2487 0 0 0 0.422146 0.906528
1066.300000000 -8.21143 -28.4087 0 0 0 0.499952 0.866053
1067.900000000 -8.03542 -27.3092 0 0 0 0.663655 0.748039
1069.900000000 -8.10166 -26.3571 0 0 0 0.733136 0.680082
1074.700000000 -8.02869 -25.3381 0 0 0 0.680689 0.732573
1075.900000000 -7.75132 -24.7125 0 0 0 0.465403 0.885099
1077.400000000 -6.96341 -23.9598 0 0 0 0.356922 0.934134
1078.700000000 -6.28693 -23.2007 0 0 0 0.405994 0.913876
1080.100000000 -5.63208 -22.3901 0 0 0 0.487913 0.872892
1087.600000000 -5.21384 -21.5145 0 0 0 0.557208 0.830373
1088.900000000 -4.93668 -20.5823 0 0 0 0.618786 0.78556
1090.100000000 -4.79711 -19.6865 0 0 0 0.662802 0.748795
1091.500000000 -4.74338 -18.649 0 0 0 0.693863 0.720107
1092.900000000 -4.74409 -17.6065 0 0 0 0.70579 0.708421
1094.200000000 -4.74218 -16.6307 0 0 0 0.708556 0.705655
1095.400000000 -4.74827 -15.7277 0 0 0 0.708538 0.705673
1096.800000000 -4.64672 -14.7033 0 0 0 0.615812 0.787893
1098.300000000 -4.05996 -13.9342 0 0 0 0.389036 0.921223
1099.500000000 -3.48513 -13.2251 0 0 0 0.467106 0.884201
1101.100000000 -3.11268 -12.2566 0 0 0 0.6357 0.771937
1102.700000000 -3.22965 -11.4994 0 0 0 0.822207 0.569189
1103.400000000 -3.43299 -11.5584 0 0 0 0.949523 0.313698
1104.100000000 -3.47261 -11.6454 0 0 0 0.9994 0.0346216
1104.800000000 -3.4474 -11.7988 0 0 0 -0.966965 0.254908
1105.500000000 -3.44584 -11.7917 0 0 0 -0.84843 0.529307
1106.300000000 -3.17384 -11.9215 0 0 0 -0.631542 0.775341
1107.000000000 -3.03561 -11.8047 0 0 0 -0.393142 0.919478
1107.800000000 -2.95728 -11.6989 0 0 0 -0.0873487 0.996178
1108.600000000 -2.9838 -11.6015 0 0 0 0.227705 0.97373
1110.300000000 -2.12279 -11.0695 0 0 0 0.244412 0.969671
1111.900000000 -1.30704 -10.4892 0 0 0 0.323071 0.946375
1113.500000000 -0.953685 -10.0112 0 0 0 0.578422 0.815738
1114.500000000 -1.09774 -9.81294 0 0 0 0.791463 0.611216
1115.100000000 -1.17915 -9.88067 0 0 0 0.937039 0.349225
1115.800000000 -1.18925 -10.0249 0 0 0 0.999779 0.0210197
1117.400000000 -1.76423 -9.90954 0 0 0 0.931617 0.363442
1117.900000000 -1.68963 -9.82863 0 0 0 0.815009 0.579448
1118.600000000 -1.54505 -9.80667 0 0 0 0.581662 0.813431
1119.300000000 -1.3667 -9.71564 0 0 0 0.350898 0.936414
1120.000000000 -1.15664 -9.73307 0 0 0 0.0998628 0.995001
1121.500000000 -0.240826 -9.55932 0 0 0 0.184283 0.982873
1122.900000000 0.316675 -9.0503 0 0 0 0.449408 0.893327
1124.300000000 0.43778 -8.41193 0 0 0 0.679976 0.733234
1125.900000000 0.601109 -7.44625 0 0 0 0.576869 0.816836
1127.200000000 0.967091 -7.00138 0 0 0 0.279971 0.960009
1127.700000000 1.01298 -7.10623 0 0 0 0.0387791 0.999248
1128.400000000 0.995231 -7.20118 0 0 0 -0.301838 0.953359
1129.000000000 0.906589 -7.2765 0 0 0 -0.566263 0.824224
1129.600000000 0.790004 -7.32752 0 0 0 -0.773887 0.633324
1130.500000000 0.534313 -7.64574 0 0 0 -0.904147 0.427222
1132.000000000 -0.0264634 -8.58381 0 0 0 -0.844737 0.535181
1133.300000000 -0.286888 -9.5189 0 0 0 -0.798662 0.60178
1134.900000000 -0.903056 -10.3266 0 0 0 -0.937056 0.34918
1136.400000000 -1.96619 -10.6607 0 0 0 -0.99186 0.127337
1138.100000000 -2.84876 -10.7298 0 0 0 0.999784 0.0207901
1139.400000000 -3.80489 -10.5891 0 0 0 0.995283 0.0970115
1140.700000000 -4.85375 -10.3764 0 0 0 0.995317 0.0966652
1142.100000000 -5.87029 -10.3085 0 0 0 0.999743 0.0226537
1144.200000000 -6.83938 -10.3017 0 0 0 -0.999998 0.00195605
1147.200000000 -7.83805 -10.3063 0 0 0 -0.999994 0.00337513
1150.200000000 -8.81458 -10.3123 0 0 0 -0.999994 0.00338071
1153.300000000 -9.8041 -10.3181 0 0 0 -0.999994 0.00339336
1156.300000000 -10.828 -10.3222 0 0 0 -0.999989 0.00466472
1157.600000000 -11.8035 -10.3417 0 0 0 -0.999928 0.0120261
1158.900000000 -12.7784 -10.3266 0 0 0 0.999991 0.00419446
1160.400000000 -13.6913 -10.0602 0 0 0 0.967711 0.25206
1161.700000000 -14.4119 -9.42712 0 0 0 0.917944 0.396711
1163.000000000 -14.9807 -8.62895 0 0 0 0.892775 0.450503
1164.400000000 -15.6877 -7.85765 0 0 0 0.925707 0.37824
1165.800000000 -16.439 -7.12125 0 0 0 0.923698 0.38312
1167.100000000 -17.1256 -6.43008 0 0 0 0.923183 0.38436
1168.400000000 -17.8243 -5.7497 0 0 0 0.927292 0.374338
1169.300000000 -18.0296 -5.72332 0 0 0 0.999462 0.0327865
1169.900000000 -18.155 -5.87042 0 0 0 -0.981147 0.193264
1171.000000000 -18.519 -6.30703 0 0 0 -0.897144 0.441739
1172.500000000 -18.7898 -7.23511 0 0 0 -0.804325 0.594189
1174.100000000 -19.0431 -8.33496 0 0 0 -0.712491 0.701681
1175.300000000 -18.7713 -8.90291 0 0 0 -0.48504 0.874492
1176.700000000 -18.0973 -9.66105 0 0 0 -0.405843 0.913943
1178.100000000 -17.5783 -10.5608 0 0 0 -0.564092 0.825712
1179.400000000 -17.4417 -11.5097 0 0 0 -0.693762 0.720204
1180.700000000 -17.6362 -12.4154 0 0 0 -0.80839 0.588648
1182.100000000 -18.1475 -13.2776 0 0 0 -0.884036 0.467419
1183.500000000 -18.6659 -14.1862 0 0 0 -0.83249 0.554041
1184.900000000 -18.8121 -15.1831 0 0 0 -0.716444 0.697645
1186.200000000 -18.6163 -16.1261 0 0 0 -0.602002 0.798495
1187.400000000 -18.2121 -16.5449 0 0 0 -0.331105 0.943594
1188.500000000 -17.6588 -16.6892 0 0 0 -0.0719981 0.997405
1189.900000000 -16.6226 -16.7421 0 0 0 -0.0110314 0.999939
1191.400000000 -16.0489 -16.6088 0 0 0 0.336988 0.941509
1192.000000000 -16.1489 -16.5406 0 0 0 0.600198 0.799852
1192.600000000 -16.2581 -16.5297 0 0 0 0.809306 0.587387
1193.100000000 -16.3665 -16.5881 0 0 0 0.927408 0.374051
1193.900000000 -16.6627 -16.5959 0 0 0 0.993955 0.109787
1195.400000000 -17.6865 -16.6936 0 0 0 -0.998792 0.0491329
1196.700000000 -18.6507 -16.8439 0 0 0 -0.998195 0.0600514
1198.000000000 -19.6537 -16.7839 0 0 0 0.999876 0.0157547
1199.300000000 -20.6273 -16.7751 0 0 0 0.999972 0.00744452
1200.500000000 -21.5209 -16.7765 0 0 0 0.999986 0.00534404
1201.900000000 -22.5069 -16.7699 0 0 0 0.999708 0.0241624
1204.000000000 -23.1363 -16.7653 0 0 0 -0.963415 0.268013
1204.600000000 -23.0705 -16.86 0 0 0 -0.847987 0.530017
1205.300000000 -22.9522 -16.9225 0 0 0 -0.62627 0.779606
1206.300000000 -22.5828 -17.2775 0 0 0 -0.41624 0.909255
1207.700000000 -21.83 -18.0089 0 0 0 -0.360663 0.932696
1209.000000000 -21.1505 -18.6987 0 0 0 -0.40449 0.914542
1210.500000000 -20.7788 -19.5598 0 0 0 -0.631206 0.775615
1211.900000000 -20.8349 -20.5636 0 0 0 -0.752469 0.658628
1213.100000000 -20.9666 -21.4377 0 0 0 -0.752976 0.658048
1214.400000000 -21.0606 -22.4137 0 0 0 -0.733451 0.679742
1215.800000000 -21.0738 -23.4638 0 0 0 -0.705155 0.709053
1217.200000000 -21.0185 -24.516 0 0 0 -0.694221 0.719762
1218.600000000 -21.0456 -25.5682 0 0 0 -0.728338 0.685219
1220.000000000 -21.1218 -26.633 0 0 0 -0.725259 0.688476
1221.300000000 -21.1142 -27.5941 0 0 0 -0.69181 0.72208
1222.200000000 -20.983 -27.8041 0 0 0 -0.436835 0.899541
1222.900000000 -20.9154 -27.7082 0 0 0 -0.101266 0.994859
1223.400000000 -20.9261 -27.5895 0 0 0 0.147147 0.989115
1224.100000000 -20.9922 -27.5209 0 0 0 0.479358 0.877619
1224.700000000 -21.0723 -27.4014 0 0 0 0.686563 0.72707
1225.500000000 -21.2235 -27.1931 0 0 0 0.860283 0.509817
1227.000000000 -21.9778 -26.5284 0 0 0 0.958953 0.283564
1228.200000000 -22.5245 -26.4282 0 0 0 -0.99957 0.0293326
1229.400000000 -23.1274 -26.7494 0 0 0 -0.958327 0.285674
1230.700000000 -23.8392 -27.3718 0 0 0 -0.924284 0.381706
1232.100000000 -24.614 -27.7101 0 0 0 -0.993384 0.114839
1233.400000000 -25.4149 -27.653 0 0 0 0.990842 0.135029
1234.100000000 -25.3617 -27.5577 0 0 0 0.886267 0.463174
1234.700000000 -25.2339 -27.5013 0 0 0 0.714328 0.699811
1235.300000000 -25.1366 -27.5254 0 0 0 0.478217 0.878241
1235.900000000 -25.0521 -27.6085 0 0 0 0.203027 0.979173
1236.600000000 -25.0253 -27.7372 0 0 0 -0.12801 0.991773
1237.800000000 -24.4858 -28.1548 0 0 0 -0.384529 0.923113
1239.100000000 -24.1826 -28.8523 0 0 0 -0.611371 0.791344
1240.400000000 -24.3076 -29.5685 0 0 0 -0.811663 0.584125
1241.900000000 -24.9196 -30.3427 0 0 0 -0.93263 0.360834
1242.900000000 -25.3111 -30.4946 0 0 0 -0.996574 0.0827075
1243.800000000 -25.418 -30.3273 0 0 0 0.956933 0.290309
1244.500000000 -25.398 -30.1611 0 0 0 0.832095 0.554633
1245.000000000 -25.3151 -30.1277 0 0 0 0.676709 0.736251
1245.700000000 -25.1987 -30.1674 0 0 0 0.389894 0.92086
1246.300000000 -25.1234 -30.2689 0 0 0 0.110009 0.993931
1247.400000000 -24.6372 -30.4699 0 0 0 -0.187466 0.982271
1248.800000000 -23.6798 -30.8441 0 0 0 -0.145716 0.989327
1250.100000000 -22.709 -30.9323 0 0 0 0.00671324 0.999977
1251.400000000 -21.7337 -30.8244 0 0 0 0.0444867 0.99901
1252.800000000 -20.6801 -30.8169 0 0 0 -0.00423548 0.999991
1254.100000000 -19.7064 -30.8215 0 0 0 -0.00579601 0.999983
1255.400000000 -18.7327 -30.8296 0 0 0 -0.00516344 0.999987
1256.700000000 -17.7768 -30.832 0 0 0 0.00796242 0.999968
1257.500000000 -17.7169 -30.7095 0 0 0 0.327059 0.945004
1258.100000000 -17.8145 -30.6409 0 0 0 0.591729 0.806137
1258.700000000 -17.9151 -30.5722 0 0 0 0.783367 0.62156
1259.700000000 -18.2505 -30.2234 0 0 0 0.913684 0.406424
1261.100000000 -19.0284 -29.5243 0 0 0 0.935441 0.353483
1262.400000000 -19.7266 -28.8402 0 0 0 0.922224 0.386655
1263.800000000 -20.4606 -28.0875 0 0 0 0.92195 0.387309
1265.100000000 -21.1447 -27.3968 0 0 0 0.924327 0.381601
1266.300000000 -21.8156 -26.7818 0 0 0 0.940025 0.341107
1267.700000000 -22.6871 -26.1879 0 0 0 0.964866 0.262741
1269.100000000 -23.6449 -25.7735 0 0 0 0.983811 0.179207
1270.400000000 -24.585 -25.5117 0 0 0 0.993354 0.115102
1271.600000000 -25.477 -25.3471 0 0 0 0.997798 0.0663332
1273.100000000 -26.5245 -25.1304 0 0 0 0.984714 0.174179
1274.700000000 -27.3439 -24.4431 0 0 0 0.907524 0.42
1276.100000000 -27.7731 -23.5698 0 0 0 0.815637 0.578564
1277.500000000 -27.9109 -22.5725 0 0 0 0.713001 0.701163
1281.300000000 -28.0624 -21.723 0 0 0 0.906607 0.421976
1281.800000000 -28.1259 -21.8533 0 0 0 0.982419 0.186691
1282.400000000 -28.135 -21.974 0 0 0 -0.993711 0.111978
1283.600000000 -28.6205 -22.4137 0 0 0 -0.926199 0.377035
1284.900000000 -29.2749 -23.1375 0 0 0 -0.914059 0.405582
1286.200000000 -29.9548 -23.8368 0 0 0 -0.925538 0.378656
1287.400000000 -30.5557 -24.5042 0 0 0 -0.901266 0.433266
1288.900000000 -31.0115 -25.494 0 0 0 -0.799748 0.600336
1290.200000000 -31.0577 -26.4346 0 0 0 -0.720301 0.693661
1291.500000000 -31.0676 -27.4082 0 0 0 -0.696919 0.71715
1293.200000000 -30.8984 -28.1144 0 0 0 -0.405173 0.91424
1293.800000000 -30.8114 -28.0449 0 0 0 -0.136638 0.990621
1294.500000000 -30.7266 -27.9289 0 0 0 0.164333 0.986405
1296.200000000 -29.9685 -27.1695 0 0 0 0.417552 0.908653
1297.500000000 -29.4015 -26.3713 0 0 0 0.479236 0.877686
1298.900000000 -28.9733 -25.4413 0 0 0 0.586316 0.810083
1300.300000000 -28.9062 -24.4334 0 0 0 0.719827 0.694154
1301.800000000 -29.0578 -23.3976 0 0 0 0.763933 0.645296
1304.700000000 -29.1664 -22.484 0 0 0 0.737556 0.675286
1306.800000000 -29.1639 -21.424 0 0 0 0.688989 0.724772
1308.400000000 -29.0958 -20.3872 0 0 0 0.692795 0.721135
1310.600000000 -29.0953 -19.3731 0 0 0 0.708902 0.705307
1313.600000000 -29.1005 -18.3889 0 0 0 0.708902 0.705307
1316.800000000 -29.1064 -17.4379 0 0 0 0.710085 0.704116
1319.800000000 -29.2431 -16.4528 0 0 0 0.79147 0.611208
1321.300000000 -29.7935 -15.5155 0 0 0 0.897429 0.441159
1323.300000000 -30.3608 -14.7849 0 0 0 0.737577 0.675263
1324.200000000 -30.079 -14.6957 0 0 0 0.514854 0.857278
1325.700000000 -29.3644 -13.7609 0 0 0 0.409415 0.912348
1327.200000000 -28.9578 -12.8135 0 0 0 0.591454 0.806339
1328.600000000 -29.0067 -11.9427 0 0 0 0.785017 0.619474
1329.900000000 -29.4624 -11.3878 0 0 0 0.916016 0.401143
1331.200000000 -30.1847 -10.7705 0 0 0 0.933179 0.359412
1332.500000000 -30.8773 -10.0655 0 0 0 0.923417 0.383799
1333.800000000 -31.5734 -9.39223 0 0 0 0.923304 0.384069
1335.100000000 -32.2539 -8.69568 0 0 0 0.923344 0.383973
1336.400000000 -32.9439 -7.99944 0 0 0 0.923484 0.383636
1337.700000000 -33.6989 -7.38175 0 0 0 0.952227 0.305392
1339.100000000 -34.6518 -6.94507 0 0 0 0.989812 0.142379
1340.400000000 -35.6137 -6.88316 0 0 0 -0.99979 0.0204966
1341.600000000 -36.4935 -7.07321 0 0 0 -0.991945 0.126667
1343.200000000 -37.328 -7.6858 0 0 0 -0.918886 0.394524
1344.000000000 -37.3599 -7.90589 0 0 0 -0.766496 0.642249
1344.500000000 -37.2872 -7.94797 0 0 0 -0.605446 0.795886
1345.200000000 -37.1386 -7.96073 0 0 0 -0.334899 0.942254
1345.800000000 -37.0672 -7.86318 0 0 0 -0.0611911 0.998126
1346.400000000 -37.0856 -7.73717 0 0 0 0.236817 0.971554
1347.000000000 -37.17 -7.67226 0 0 0 0.513815 0.857901
1347.600000000 -37.2834 -7.626 0 0 0 0.735749 0.677254
1348.600000000 -37.5205 -7.2723 0 0 0 0.899496 0.436929
1349.900000000 -38.2227 -6.59923 0 0 0 0.9324 0.361427
1351.200000000 -38.9279 -5.92748 0 0 0 0.925194 0.379495
1352.200000000 -39.0298 -5.65219 0 0 0 0.739204 0.673482
1352.900000000 -38.8706 -5.5035 0 0 0 0.539592 0.841927
1354.500000000 -38.1095 -4.76731 0 0 0 0.350484 0.936569
1355.800000000 -37.3852 -4.11124 0 0 0 0.376348 0.926478
1357.100000000 -36.7024 -3.40623 0 0 0 0.394488 0.918901
1364.700000000 -36.0209 -2.70964 0 0 0 0.383726 0.923447
1366.000000000 -35.3292 -2.03307 0 0 0 0.378086 0.92577
1367.200000000 -34.6908 -1.39958 0 0 0 0.383107 0.923704
1368.500000000 -34.0056 -0.709656 0 0 0 0.385205 0.922831
1369.900000000 -33.2651 0.0397276 0 0 0 0.393335 0.919395
1371.400000000 -32.6269 0.833309 0 0 0 0.47855 0.878061
1372.700000000 -32.2816 1.79356 0 0 0 0.615019 0.788513
1375.000000000 -32.2287 2.75016 0 0 0 0.703826 0.710372
1378.000000000 -32.2739 3.72787 0 0 0 0.740756 0.671774
1381.900000000 -32.3566 4.7106 0 0 0 0.73409 0.679052
1386.800000000 -32.401 5.68487 0 0 0 0.716253 0.69784
1391.800000000 -32.4111 6.67687 0 0 0 0.709215 0.704993
1396.500000000 -32.4125 7.60821 0 0 0 0.707544 0.70667
1401.500000000 -32.4138 8.59492 0 0 0 0.707583 0.70663
1403.500000000 -32.4151 9.61032 0 0 0 0.707611 0.706603
1404.800000000 -32.4177 10.5858 0 0 0 0.707617 0.706596
1406.200000000 -32.4191 11.6419 0 0 0 0.707621 0.706593
1407.500000000 -32.4482 12.6022 0 0 0 0.730689 0.68271
1408.200000000 -32.5523 12.6327 0 0 0 0.906367 0.422492
1408.900000000 -32.6263 12.5237 0 0 0 0.996337 0.0855105
1409.500000000 -32.6206 12.4059 0 0 0 -0.977108 0.212744
1410.200000000 -32.7031 12.1548 0 0 0 -0.898932 0.438088
1411.200000000 -32.7707 11.7924 0 0 0 -0.723392 0.690437
1412.600000000 -32.4971 10.6083 0 0 0 -0.629875 0.776696
1414.800000000 -32.3682 9.65801 0 0 0 -0.720166 0.693802
1416.300000000 -32.6555 8.67862 0 0 0 -0.80359 0.595183
1417.600000000 -32.9335 7.69623 0 0 0 -0.827609 0.561305
1418.400000000 -33.0698 7.67265 0 0 0 -0.961357 0.275306
1418.900000000 -33.1597 7.83926 0 0 0 -0.998687 0.0512363
1419.600000000 -33.1465 7.85591 0 0 0 0.963586 0.2674
1420.200000000 -33.1219 8.02862 0 0 0 0.863203 0.504857
1420.600000000 -33.1234 8.0598 0 0 0 0.762418 0.647085
1421.600000000 -32.8688 8.16478 0 0 0 0.434432 0.900705
1423.100000000 -32.0489 8.9498 0 0 0 0.310271 0.950648
1424.100000000 -31.6621 9.0587 0 0 0 -0.0190886 0.999818
1424.800000000 -31.7026 9.07427 0 0 0 -0.355666 0.934613
1425.300000000 -31.8578 9.06453 0 0 0 -0.568594 0.822618
1426.000000000 -31.9444 9.02686 0 0 0 -0.814769 0.579785
1426.500000000 -32.0856 9.08177 0 0 0 -0.930209 0.36703
1427.200000000 -32.1505 9.14967 0 0 0 -0.999495 0.0317813
1428.700000000 -33.0887 9.33643 0 0 0 -1 0.000203404
1430.000000000 -34.04 9.00498 0 0 0 -0.993066 0.11756
