0.300000000 0.2 0 0 0 0 0 1
9.300000000 0.984852 -0.132974 0 0 0 -0.343477 0.939161
9.900000000 0.885467 -0.196798 0 0 0 -0.605681 0.795708
10.500000000 0.767449 -0.193267 0 0 0 -0.813779 0.581175
11.100000000 0.672026 -0.123647 0 0 0 -0.949183 0.314725
11.700000000 0.632808 -0.0122848 0 0 0 -0.999784 0.0207765
12.400000000 0.674424 0.118685 0 0 0 0.946291 0.323316
13.000000000 0.770797 0.187072 0 0 0 0.808474 0.588532
13.600000000 0.889145 0.188465 0 0 0 0.598459 0.801153
14.300000000 0.987298 0.122618 0 0 0 0.286887 0.957964
14.900000000 1.0202 -0.000943921 0 0 0 -0.00902225 0.999959
15.400000000 1.00324 -0.103244 0 0 0 -0.25554 0.966798
18.800000000 1.19019 -0.0860529 0 0 0 0.0901109 0.995932
19.400000000 1.14551 0.0187981 0 0 0 0.38041 0.924818
19.900000000 1.04925 0.0906264 0 0 0 0.590467 0.807062
20.600000000 0.942653 0.141711 0 0 0 0.81405 0.580794
21.700000000 0.497631 0.533106 0 0 0 0.929186 0.369611
23.000000000 -0.22943 1.24249 0 0 0 0.933728 0.357982
24.400000000 -0.945291 2.01027 0 0 0 0.906003 0.42327
25.700000000 -1.49515 2.80844 0 0 0 0.874136 0.485681
27.000000000 -1.94703 3.67201 0 0 0 0.841395 0.540421
28.300000000 -2.29541 4.58756 0 0 0 0.83132 0.555795
29.700000000 -2.73186 5.54943 0 0 0 0.840816 0.541322
31.000000000 -2.9908 6.47064 0 0 0 0.764981 0.644053
31.700000000 -2.96374 6.43519 0 0 0 0.532903 0.846176
32.300000000 -2.90467 6.38847 0 0 0 0.26215 0.965027
32.900000000 -2.8881 6.33025 0 0 0 -0.0209282 0.999781
33.400000000 -2.87689 6.26993 0 0 0 -0.265914 0.963997
34.100000000 -2.95577 6.17459 0 0 0 -0.575636 0.817706
34.700000000 -2.99134 6.15378 0 0 0 -0.788951 0.614457
35.400000000 -3.09637 6.226 0 0 0 -0.950029 0.31216
36.000000000 -3.14579 6.33281 0 0 0 -0.999764 0.0217415
36.600000000 -3.12582 6.44807 0 0 0 0.9628 0.270215
37.300000000 -3.04256 6.46798 0 0 0 0.814172 0.580623
37.900000000 -2.96421 6.51016 0 0 0 0.649669 0.760217
38.800000000 -2.62987 6.91406 0 0 0 0.446632 0.894718
40.200000000 -1.87579 7.63693 0 0 0 0.353877 0.935292
41.800000000 -1.35211 8.33512 0 0 0 0.615 0.788527
42.700000000 -1.51302 8.77927 0 0 0 0.790245 0.612791
44.000000000 -1.9424 9.64161 0 0 0 0.855941 0.517074
45.300000000 -2.24906 10.5603 0 0 0 0.780668 0.624946
47.100000000 -2.27669 11.5851 0 0 0 0.692257 0.721651
50.200000000 -2.21766 12.4957 0 0 0 0.683354 0.730087
54.800000000 -2.16418 13.4708 0 0 0 0.688034 0.725679
59.300000000 -2.14121 14.447 0 0 0 0.702493 0.711691
62.700000000 -2.14582 15.5122 0 0 0 0.727056 0.686578
64.100000000 -2.31532 16.5508 0 0 0 0.774343 0.632766
65.600000000 -2.75284 17.4825 0 0 0 0.889066 0.457779
66.400000000 -2.97149 17.5537 0 0 0 0.982406 0.18676
67.100000000 -3.14306 17.4685 0 0 0 -0.996994 0.0774734
68.600000000 -4.20622 17.361 0 0 0 -0.999842 0.0177553
69.700000000 -4.56208 17.4958 0 0 0 0.948187 0.317714
70.300000000 -4.48328 17.5423 0 0 0 0.814645 0.579959
70.800000000 -4.38842 17.6235 0 0 0 0.672463 0.740131
71.700000000 -4.19148 17.9372 0 0 0 0.452857 0.891583
73.200000000 -3.37003 18.674 0 0 0 0.345188 0.938534
74.400000000 -2.71976 19.2939 0 0 0 0.4116 0.911365
75.800000000 -2.14299 20.172 0 0 0 0.534939 0.844891
77.200000000 -1.98961 21.1837 0 0 0 0.682283 0.731088
78.600000000 -2.07478 22.2235 0 0 0 0.745046 0.667013
80.000000000 -2.16362 23.2133 0 0 0 0.730721 0.682676
82.300000000 -2.18324 24.1663 0 0 0 0.711842 0.70234
86.000000000 -2.17471 25.1307 0 0 0 0.699171 0.714954
90.500000000 -2.16304 26.1052 0 0 0 0.704536 0.709668
94.800000000 -2.17396 27.0872 0 0 0 0.712143 0.702034
96.200000000 -2.25172 28.0837 0 0 0 0.751891 0.659287
97.500000000 -2.46932 29.0068 0 0 0 0.789657 0.613548
98.700000000 -2.73196 29.8591 0 0 0 0.806199 0.591644
100.400000000 -2.70579 30.8913 0 0 0 0.611109 0.791546
101.800000000 -2.29032 31.8247 0 0 0 0.534654 0.845071
103.400000000 -1.98069 32.8603 0 0 0 0.651247 0.758866
104.700000000 -2.02984 33.7926 0 0 0 0.734873 0.678205
106.200000000 -2.14896 34.8321 0 0 0 0.736914 0.675986
108.400000000 -2.17754 35.8198 0 0 0 0.713727 0.700424
111.400000000 -2.18193 36.76 0 0 0 0.705645 0.708566
116.000000000 -2.16437 37.7496 0 0 0 0.703181 0.711011
119.200000000 -2.15882 38.7375 0 0 0 0.705233 0.708975
120.400000000 -2.17262 39.6397 0 0 0 0.72496 0.688791
121.800000000 -2.33278 40.6807 0 0 0 0.773775 0.63346
123.100000000 -2.65277 41.5745 0 0 0 0.852825 0.522197
123.800000000 -2.8236 41.5962 0 0 0 0.963803 0.266615
124.500000000 -2.95719 41.5188 0 0 0 -0.999737 0.0229378
125.200000000 -2.99835 41.376 0 0 0 -0.944133 0.329566
125.800000000 -2.88969 41.2992 0 0 0 -0.803525 0.595271
126.300000000 -2.78077 41.3095 0 0 0 -0.631751 0.775172
126.900000000 -2.68669 41.3662 0 0 0 -0.374458 0.927244
127.500000000 -2.63296 41.4711 0 0 0 -0.0837178 0.99649
128.300000000 -2.48051 41.6374 0 0 0 0.228217 0.97361
129.200000000 -2.2436 41.9837 0 0 0 0.458326 0.888784
130.700000000 -1.98854 42.9292 0 0 0 0.667447 0.744657
132.000000000 -2.05323 43.88 0 0 0 0.742082 0.670309
133.300000000 -2.14741 44.8511 0 0 0 0.734894 0.678182
134.700000000 -2.16439 45.9028 0 0 0 0.705917 0.708294
136.000000000 -2.12095 46.8781 0 0 0 0.685486 0.728085
137.400000000 -2.11241 47.9322 0 0 0 0.708384 0.705828
138.700000000 -2.12331 48.907 0 0 0 0.710586 0.70361
140.000000000 -2.12646 49.8833 0 0 0 0.709512 0.704694
141.200000000 -2.12428 50.7768 0 0 0 0.705714 0.708496
142.500000000 -2.15357 51.7493 0 0 0 0.730737 0.682659
143.900000000 -2.23155 52.7879 0 0 0 0.777942 0.628336
145.200000000 -2.63608 53.7133 0 0 0 0.821904 0.569626
146.500000000 -2.91542 54.6372 0 0 0 0.778844 0.627218
147.800000000 -2.9691 55.6097 0 0 0 0.699852 0.714288
148.800000000 -2.83512 55.9472 0 0 0 0.456834 0.889552
149.400000000 -2.75729 55.8611 0 0 0 0.178098 0.984013
150.100000000 -2.74394 55.7265 0 0 0 -0.164814 0.986325
150.800000000 -2.82565 55.6169 0 0 0 -0.488024 0.87283
151.300000000 -2.91696 55.5883 0 0 0 -0.686275 0.727342
152.000000000 -3.07156 55.4926 0 0 0 -0.863215 0.504836
153.600000000 -3.83305 54.7567 0 0 0 -0.940408 0.340048
154.600000000 -4.23862 54.609 0 0 0 -0.997788 0.0664794
155.300000000 -4.22112 54.7424 0 0 0 0.961589 0.274493
156.000000000 -4.12171 54.8246 0 0 0 0.812332 0.583195
156.600000000 -4.00508 54.8476 0 0 0 0.607372 0.794418
157.800000000 -3.45588 55.2926 0 0 0 0.377939 0.925831
159.100000000 -2.80545 55.9625 0 0 0 0.360325 0.932827
160.400000000 -2.10538 56.6404 0 0 0 0.381768 0.924258
161.600000000 -1.47449 57.2777 0 0 0 0.383013 0.923743
163.000000000 -0.642232 57.9077 0 0 0 0.272212 0.962237
164.200000000 0.203823 58.2079 0 0 0 0.121114 0.992639
166.000000000 1.22962 58.2417 0 0 0 -0.0250818 0.999685
169.400000000 2.16955 58.1618 0 0 0 -0.0474832 0.998872
173.700000000 3.11489 58.0817 0 0 0 -0.0364928 0.999334
177.300000000 4.11638 58.049 0 0 0 -0.0113737 0.999935
179.300000000 5.08136 58.2998 0 0 0 0.228204 0.973613
180.800000000 5.75848 59.0117 0 0 0 0.464694 0.885471
182.200000000 6.07016 59.9215 0 0 0 0.646303 0.763081
182.800000000 5.96003 59.9356 0 0 0 0.83572 0.549155
183.400000000 5.87024 59.8587 0 0 0 0.960681 0.277656
184.000000000 5.83954 59.7446 0 0 0 -0.999826 0.0186459
184.600000000 5.87866 59.633 0 0 0 -0.94966 0.313282
185.300000000 5.97393 59.553 0 0 0 -0.78428 0.620407
185.900000000 5.9986 59.5595 0 0 0 -0.607008 0.794696
187.100000000 6.42479 58.9711 0 0 0 -0.393739 0.919222
188.400000000 7.19575 58.3949 0 0 0 -0.298281 0.954478
189.600000000 8.09913 57.9109 0 0 0 -0.175287 0.984517
191.100000000 9.14177 57.794 0 0 0 0.00261731 0.999997
192.500000000 10.1511 57.9858 0 0 0 0.108805 0.994063
193.700000000 11.0517 58.1109 0 0 0 0.0627075 0.998032
195.500000000 12.0764 58.1442 0 0 0 -0.0023 0.999997
198.900000000 12.988 58.1135 0 0 0 -0.0267253 0.999643
202.800000000 13.9544 58.0874 0 0 0 -0.00875925 0.999962
206.700000000 14.9441 58.0801 0 0 0 -0.00201747 0.999998
209.600000000 15.8878 58.0759 0 0 0 -0.00201747 0.999998
212.400000000 16.9048 58.1309 0 0 0 0.0496536 0.998767
213.700000000 17.6085 58.4823 0 0 0 0.297387 0.954757
215.100000000 18.3648 59.2137 0 0 0 0.398574 0.917136
216.300000000 18.9668 59.8864 0 0 0 0.417097 0.908862
217.100000000 18.9291 60.0298 0 0 0 0.694973 0.719036
217.600000000 18.8351 60.0087 0 0 0 0.850937 0.525267
218.200000000 18.7498 59.9269 0 0 0 0.968159 0.250338
218.900000000 18.7256 59.7912 0 0 0 -0.995242 0.0974308
219.400000000 18.7718 59.7072 0 0 0 -0.940407 0.340051
220.000000000 18.8609 59.6427 0 0 0 -0.797913 0.602772
220.700000000 18.979 59.6454 0 0 0 -0.542332 0.840164
221.700000000 19.4109 59.278 0 0 0 -0.34309 0.939303
223.200000000 20.2737 58.7792 0 0 0 -0.327613 0.944812
224.500000000 20.9929 58.0003 0 0 0 -0.388772 0.921334
225.800000000 21.5915 57.2957 0 0 0 -0.452099 0.891968
227.200000000 21.9715 56.401 0 0 0 -0.603078 0.797682
229.600000000 22.0309 55.4109 0 0 0 -0.706883 0.707331
234.200000000 21.9862 54.4673 0 0 0 -0.729968 0.683481
239.100000000 21.919 53.4886 0 0 0 -0.730397 0.683022
243.800000000 21.8805 52.5389 0 0 0 -0.718546 0.695479
248.600000000 21.8656 51.5905 0 0 0 -0.710605 0.703591
252.800000000 21.7602 50.5985 0 0 0 -0.804204 0.594353
254.400000000 21.1192 49.7942 0 0 0 -0.923071 0.384629
256.400000000 20.3866 49.1153 0 0 0 -0.92824 0.371982
260.700000000 19.6913 48.425 0 0 0 -0.925141 0.379625
265.100000000 19.0066 47.7592 0 0 0 -0.925071 0.379794
269.600000000 18.3344 47.0959 0 0 0 -0.925071 0.379794
274.100000000 17.6497 46.4201 0 0 0 -0.925071 0.379794
278.700000000 16.9588 45.7281 0 0 0 -0.925071 0.379794
283.300000000 16.2841 45.0624 0 0 0 -0.925071 0.379794
288.100000000 15.5857 44.3831 0 0 0 -0.925071 0.379794
291.300000000 14.891 43.6873 0 0 0 -0.925071 0.379794
294.500000000 14.2126 43.0179 0 0 0 -0.925071 0.379794
298.000000000 13.5191 42.3333 0 0 0 -0.925071 0.379794
301.500000000 12.8208 41.6442 0 0 0 -0.925071 0.379794
305.100000000 12.1324 40.9649 0 0 0 -0.925071 0.379794
308.900000000 11.449 40.2803 0 0 0 -0.921142 0.389228
311.100000000 10.7931 39.4985 0 0 0 -0.876738 0.480969
312.600000000 10.626 38.6235 0 0 0 -0.706536 0.707677
313.700000000 10.901 38.1863 0 0 0 -0.468761 0.883325
315.100000000 11.5795 37.4876 0 0 0 -0.368689 0.929553
317.300000000 12.2678 36.8289 0 0 0 -0.375948 0.926641
321.700000000 12.9192 36.1846 0 0 0 -0.38013 0.924933
326.500000000 13.6059 35.5058 0 0 0 -0.38013 0.924933
331.400000000 14.3125 34.8173 0 0 0 -0.38013 0.924933
336.400000000 15.0329 34.1796 0 0 0 -0.321704 0.94684
340.600000000 16.0254 33.7185 0 0 0 -0.189196 0.981939
342.400000000 16.9059 33.6766 0 0 0 0.018421 0.99983
343.300000000 17.1355 33.8977 0 0 0 0.278811 0.960346
344.700000000 17.5984 34.6022 0 0 0 0.530488 0.847693
346.100000000 17.7968 35.6003 0 0 0 0.671447 0.741052
347.500000000 17.7537 36.6191 0 0 0 0.746231 0.665687
348.200000000 17.6829 36.6389 0 0 0 0.920409 0.390958
348.800000000 17.6228 36.5256 0 0 0 0.994773 0.102109
349.500000000 17.6441 36.4179 0 0 0 -0.969325 0.245783
350.100000000 17.7186 36.3353 0 0 0 -0.853397 0.521261
350.600000000 17.725 36.3348 0 0 0 -0.693331 0.720619
351.700000000 18.0343 35.9375 0 0 0 -0.440985 0.897514
353.200000000 18.9024 35.0914 0 0 0 -0.311395 0.950281
354.600000000 19.6069 34.5031 0 0 0 -0.358207 0.933642
357.900000000 20.4328 33.89 0 0 0 -0.265049 0.964235
359.400000000 21.406 33.6626 0 0 0 -0.112076 0.9937
361.700000000 22.3482 33.5089 0 0 0 -0.0112443 0.999937
366.300000000 23.2962 33.5478 0 0 0 0.0364345 0.999336
371.300000000 24.2737 33.6221 0 0 0 0.0364345 0.999336
376.100000000 25.2226 33.6624 0 0 0 0.0168716 0.999858
381.000000000 26.1875 33.6781 0 0 0 0.00527174 0.999986
386.000000000 27.176 33.6819 0 0 0 0.00184191 0.999998
389.900000000 28.1483 33.8038 0 0 0 0.149218 0.988804
391.400000000 28.9255 34.4082 0 0 0 0.369349 0.929291
393.500000000 29.5946 35.0651 0 0 0 0.394782 0.918775
397.900000000 30.2782 35.772 0 0 0 0.385161 0.922849
402.400000000 30.9593 36.461 0 0 0 0.385161 0.922849
406.900000000 31.6567 37.1562 0 0 0 0.385161 0.922849
411.400000000 32.3305 37.8478 0 0 0 0.385161 0.922849
415.700000000 33.0267 38.5418 0 0 0 0.385161 0.922849
419.400000000 33.7226 39.387 0 0 0 0.457013 0.88946
420.800000000 34.1651 40.3291 0 0 0 0.579646 0.814869
422.200000000 34.1298 41.4219 0 0 0 0.695907 0.718132
423.400000000 34.2207 42.2838 0 0 0 0.727564 0.68604
424.700000000 34.1661 43.2355 0 0 0 0.731267 0.682091
426.100000000 34.1015 44.2859 0 0 0 0.718832 0.695184
427.500000000 34.1122 45.3396 0 0 0 0.703445 0.71075
428.800000000 34.1108 46.3121 0 0 0 0.709465 0.70474
430.200000000 34.1034 47.3646 0 0 0 0.709465 0.70474
431.600000000 34.0966 48.4083 0 0 0 0.709465 0.70474
432.900000000 34.0898 49.3821 0 0 0 0.709465 0.70474
434.200000000 34.0824 50.3645 0 0 0 0.709465 0.70474
435.600000000 34.0769 51.408 0 0 0 0.709427 0.704779
436.900000000 34.0706 52.3915 0 0 0 0.709567 0.704638
438.500000000 33.7928 53.3359 0 0 0 0.878886 0.477032
439.800000000 33.14 53.9779 0 0 0 0.928675 0.370895
441.200000000 32.3805 54.6924 0 0 0 0.927228 0.374498
442.600000000 31.6414 55.4334 0 0 0 0.92268 0.385566
449.900000000 30.9427 56.1264 0 0 0 0.927216 0.374527
451.300000000 30.1188 56.7923 0 0 0 0.950292 0.311359
452.600000000 29.2917 57.3066 0 0 0 0.966154 0.257965
453.900000000 28.4116 57.7716 0 0 0 0.976207 0.21684
455.300000000 27.4214 58.0942 0 0 0 0.981589 0.191005
456.600000000 26.6423 58.6611 0 0 0 0.942226 0.334978
457.900000000 25.9283 59.2897 0 0 0 0.927342 0.374214
459.200000000 25.139 59.8239 0 0 0 0.970691 0.24033
460.400000000 24.2759 60.0703 0 0 0 0.996054 0.0887536
461.900000000 23.1779 60.0233 0 0 0 -0.99884 0.048146
463.200000000 22.2164 59.9524 0 0 0 -0.999797 0.0201456
464.400000000 21.3123 59.9371 0 0 0 1 0.000898556
465.800000000 20.2683 59.9498 0 0 0 0.999978 0.00659169
467.100000000 19.3007 59.9324 0 0 0 -0.999048 0.0436338
468.600000000 18.4579 59.6263 0 0 0 -0.9754 0.220444
470.100000000 18.1182 59.2825 0 0 0 -0.860283 0.509817
470.700000000 18.1386 59.2789 0 0 0 -0.708132 0.70608
471.500000000 18.3296 59.3221 0 0 0 -0.449249 0.893407
472.200000000 18.385 59.3457 0 0 0 -0.20547 0.978663
473.000000000 18.4939 59.4272 0 0 0 0.0700049 0.997547
474.300000000 18.9679 59.8004 0 0 0 0.296479 0.955039
476.000000000 19.4674 60.3082 0 0 0 0.565452 0.824781
476.700000000 19.3638 60.312 0 0 0 0.804257 0.594282
477.400000000 19.2509 60.2274 0 0 0 0.952841 0.30347
478.100000000 19.1083 60.1398 0 0 0 0.999228 0.0392769
478.900000000 18.8956 60.0067 0 0 0 -0.974888 0.222695
479.900000000 18.7229 59.6886 0 0 0 -0.895017 0.446033
481.700000000 18.4962 59.0781 0 0 0 -0.735319 0.677721
482.300000000 18.5188 59.0974 0 0 0 -0.5279 0.849307
483.000000000 18.593 59.1476 0 0 0 -0.240329 0.970691
483.700000000 18.7545 59.2562 0 0 0 0.0094221 0.999956
484.900000000 19.2868 59.4972 0 0 0 0.256051 0.966663
487.100000000 19.7146 59.6758 0 0 0 -0.0795349 0.996832
487.900000000 19.7621 59.4905 0 0 0 -0.333946 0.942592
489.200000000 20.0406 58.9251 0 0 0 -0.579881 0.814701
491.600000000 20.5695 58.1476 0 0 0 -0.336591 0.941651
492.900000000 20.9007 58.1281 0 0 0 -0.0670072 0.997752
496.000000000 21.658 57.9904 0 0 0 -0.365947 0.930636
496.900000000 21.5878 57.8712 0 0 0 -0.644246 0.764818
498.900000000 21.3796 56.8134 0 0 0 -0.693197 0.720749
500.000000000 21.5653 56.4606 0 0 0 -0.498201 0.867061
500.800000000 21.6591 56.5619 0 0 0 -0.227639 0.973746
501.700000000 21.7738 56.6762 0 0 0 0.0588097 0.998269
503.700000000 22.5704 56.4978 0 0 0 -0.270402 0.962747
504.400000000 22.57 56.4973 0 0 0 -0.560293 0.828295
505.000000000 22.5061 56.4865 0 0 0 -0.761597 0.648051
505.500000000 22.3563 56.4227 0 0 0 -0.882422 0.470458
507.000000000 21.6039 55.6893 0 0 0 -0.914831 0.403838
508.200000000 21.4517 55.3227 0 0 0 -0.747351 0.66443
508.800000000 21.4719 55.3307 0 0 0 -0.561935 0.827182
509.600000000 21.6593 55.3344 0 0 0 -0.280861 0.959748
511.200000000 22.6306 55.1563 0 0 0 -0.0747907 0.997199
512.300000000 22.8119 55.261 0 0 0 0.238707 0.971092
513.000000000 22.7721 55.3438 0 0 0 0.494851 0.868978
513.700000000 22.6371 55.3438 0 0 0 0.716961 0.697113
514.400000000 22.5259 55.3023 0 0 0 0.888428 0.459017
515.100000000 22.4613 55.2263 0 0 0 0.983544 0.180671
516.000000000 22.1466 55.0791 0 0 0 -0.998314 0.0580474
517.800000000 21.4149 54.7862 0 0 0 -0.930737 0.365689
518.300000000 21.4333 54.7803 0 0 0 -0.827883 0.5609
519.000000000 21.4549 54.7774 0 0 0 -0.609124 0.793075
519.800000000 21.7708 54.546 0 0 0 -0.425474 0.90497
521.700000000 22.5787 54.0349 0 0 0 -0.126504 0.991966
522.400000000 22.5633 54.1607 0 0 0 0.140779 0.990041
523.100000000 22.526 54.2567 0 0 0 0.399439 0.91676
523.600000000 22.48 54.2964 0 0 0 0.594016 0.804453
524.200000000 22.3624 54.2986 0 0 0 0.796211 0.605019
524.900000000 22.2461 54.2172 0 0 0 0.950173 0.311722
525.600000000 22.2273 54.1102 0 0 0 -0.99984 0.017903
526.400000000 21.9581 53.8988 0 0 0 -0.966446 0.256869
527.400000000 21.7956 53.5442 0 0 0 -0.854287 0.519802
529.100000000 21.7053 52.717 0 0 0 -0.676982 0.736
530.700000000 21.9782 52.1404 0 0 0 -0.469811 0.882767
533.200000000 22.191 51.7507 0 0 0 -0.717115 0.696955
534.600000000 21.917 51.3043 0 0 0 -0.868862 0.495054
537.200000000 21.6661 50.6733 0 0 0 -0.683577 0.729878
539.300000000 21.9947 49.7754 0 0 0 -0.534013 0.845476
540.300000000 22.0931 49.7786 0 0 0 -0.24329 0.969954
541.000000000 22.1159 49.8889 0 0 0 0.0384834 0.999259
541.600000000 22.1577 49.977 0 0 0 0.278847 0.960335
542.400000000 22.0121 50.0546 0 0 0 0.570265 0.821461
543.100000000 21.9363 50.0576 0 0 0 0.778012 0.628249
544.200000000 21.6314 50.276 0 0 0 0.920415 0.390943
545.500000000 21.198 50.4363 0 0 0 0.992981 0.11827
546.200000000 21.1965 50.4267 0 0 0 -0.98538 0.170369
546.900000000 21.214 50.4242 0 0 0 -0.89273 0.450592
547.600000000 21.2557 50.151 0 0 0 -0.776378 0.630267
549.100000000 21.231 49.0558 0 0 0 -0.731525 0.681815
550.000000000 21.2489 48.7497 0 0 0 -0.481245 0.876586
550.700000000 21.2681 48.76 0 0 0 -0.149157 0.988813
551.400000000 21.4146 48.943 0 0 0 0.121255 0.992621
552.400000000 21.8034 49.3214 0 0 0 0.353185 0.935553
553.700000000 22.5463 50.0288 0 0 0 0.407666 0.913131
555.100000000 23.2676 50.7795 0 0 0 0.379159 0.925331
556.300000000 23.9001 51.4073 0 0 0 0.377277 0.926101
557.600000000 24.5885 52.102 0 0 0 0.386425 0.922321
558.900000000 25.2822 52.7945 0 0 0 0.387006 0.922077
560.200000000 25.9528 53.4954 0 0 0 0.387066 0.922052
561.600000000 26.7244 54.2431 0 0 0 0.387313 0.921948
562.900000000 27.3928 54.9338 0 0 0 0.385903 0.922539
564.300000000 28.1461 55.6747 0 0 0 0.380193 0.924907
565.600000000 28.8356 56.3595 0 0 0 0.380193 0.924907
567.000000000 29.5886 57.0939 0 0 0 0.380191 0.924908
568.500000000 30.4459 57.7273 0 0 0 0.231616 0.972807
569.900000000 31.4818 57.9429 0 0 0 0.0401504 0.999194
571.800000000 32.3566 57.8696 0 0 0 -0.0392052 0.999231
575.100000000 33.2792 57.8085 0 0 0 -0.0348512 0.999393
579.100000000 34.2631 57.782 0 0 0 -0.0107377 0.999942
583.100000000 35.2142 57.765 0 0 0 -0.00211817 0.999998
586.000000000 36.1839 57.7609 0 0 0 -0.00212972 0.999998
589.800000000 37.169 57.7569 0 0 0 -0.00214939 0.999998
594.000000000 38.1298 57.7529 0 0 0 -0.00217313 0.999998
597.200000000 39.1579 57.7487 0 0 0 -0.00220093 0.999998
598.500000000 40.1317 57.7444 0 0 0 -0.00221162 0.999998
599.800000000 41.113 57.8582 0 0 0 0.0622786 0.998059
601.100000000 42.0618 58.0303 0 0 0 0.0753609 0.997156
602.400000000 43.0439 58.0864 0 0 0 0.00655221 0.999979
604.000000000 43.7973 57.8316 0 0 0 -0.330581 0.943778
604.600000000 43.7265 57.7982 0 0 0 -0.592414 0.805633
605.200000000 43.5996 57.788 0 0 0 -0.801275 0.598296
605.800000000 43.5064 57.8447 0 0 0 -0.940732 0.33915
606.400000000 43.4624 57.9889 0 0 0 -0.998717 0.0506337
607.100000000 43.2501 58.1346 0 0 0 0.982233 0.187668
608.500000000 42.6092 58.777 0 0 0 0.90991 0.414805
609.900000000 42.3366 59.3747 0 0 0 0.714393 0.699745
610.500000000 42.4416 59.3523 0 0 0 0.479783 0.877387
611.000000000 42.5246 59.2696 0 0 0 0.251213 0.967932
611.700000000 42.5584 59.1573 0 0 0 -0.0901696 0.995926
612.500000000 42.8776 58.8823 0 0 0 -0.300976 0.953632
614.000000000 43.6077 58.1124 0 0 0 -0.373816 0.927503
615.400000000 44.5022 57.5679 0 0 0 -0.216694 0.97624
616.900000000 45.4979 57.4885 0 0 0 -0.00301789 0.999995
618.200000000 46.459 57.589 0 0 0 0.084089 0.996458
619.500000000 47.4441 57.7104 0 0 0 0.0540791 0.998537
620.700000000 48.3245 57.7562 0 0 0 -0.00688958 0.999976
622.100000000 49.3785 57.6746 0 0 0 -0.03888 0.999244
623.300000000 50.2761 57.6368 0 0 0 -0.0121301 0.999926
624.600000000 51.2499 57.6332 0 0 0 0.00525498 0.999986
626.000000000 52.2938 57.7459 0 0 0 0.0833662 0.996519
627.300000000 53.2246 58.0186 0 0 0 0.158001 0.987439
628.400000000 53.7065 57.9687 0 0 0 -0.150594 0.988596
629.700000000 54.3193 57.4127 0 0 0 -0.388702 0.921363
631.000000000 54.9721 56.6931 0 0 0 -0.40598 0.913882
632.200000000 55.5979 56.0424 0 0 0 -0.384036 0.923318
633.600000000 56.3597 55.3177 0 0 0 -0.369439 0.929255
634.900000000 57.044 54.618 0 0 0 -0.393471 0.919337
636.100000000 57.5833 53.9294 0 0 0 -0.480761 0.876852
637.500000000 57.962 52.9561 0 0 0 -0.621815 0.783164
639.200000000 57.9752 52.0285 0 0 0 -0.721702 0.692204
642.900000000 57.8697 51.056 0 0 0 -0.738589 0.674156
646.300000000 57.9839 50.2102 0 0 0 -0.482484 0.875905
647.600000000 58.643 49.8728 0 0 0 -0.218249 0.975893
648.900000000 59.5773 49.6213 0 0 0 -0.0913899 0.995815
650.100000000 60.1105 49.6639 0 0 0 0.211287 0.977424
650.700000000 60.032 49.7423 0 0 0 0.489176 0.872185
651.300000000 59.9173 49.7714 0 0 0 0.725075 0.68867
651.900000000 59.7909 49.7377 0 0 0 0.895933 0.44419
652.600000000 59.7619 49.6216 0 0 0 0.993994 0.109438
653.300000000 59.5545 49.5222 0 0 0 -0.989463 0.144789
654.600000000 58.9563 48.9955 0 0 0 -0.922255 0.386582
655.900000000 58.4374 48.2034 0 0 0 -0.883877 0.467719
657.300000000 57.6987 47.4397 0 0 0 -0.925327 0.37917
658.600000000 57.0177 46.7639 0 0 0 -0.928363 0.371675
660.100000000 56.2699 46.1785 0 0 0 -0.958281 0.285829
661.600000000 55.3832 45.8537 0 0 0 -0.982913 0.184071
663.700000000 54.581 45.2753 0 0 0 -0.939869 0.341534
665.600000000 53.8845 44.6245 0 0 0 -0.925434 0.378908
667.100000000 53.1143 43.8525 0 0 0 -0.92276 0.385376
668.800000000 52.452 43.192 0 0 0 -0.924806 0.380438
673.400000000 51.7011 42.6044 0 0 0 -0.955681 0.294405
675.300000000 50.7496 42.1791 0 0 0 -0.98503 0.172381
677.200000000 49.8153 41.8036 0 0 0 -0.973187 0.230016
681.700000000 49.0406 41.2387 0 0 0 -0.942882 0.333126
686.400000000 48.339 40.6038 0 0 0 -0.930583 0.366081
691.100000000 47.6482 39.9367 0 0 0 -0.926204 0.377023
693.700000000 46.9518 39.0916 0 0 0 -0.893271 0.449519
694.900000000 46.6631 38.2439 0 0 0 -0.830137 0.557559
696.600000000 46.4432 37.3095 0 0 0 -0.758943 0.651157
698.500000000 46.5889 36.6993 0 0 0 -0.50531 0.862938
699.400000000 46.9249 36.5428 0 0 0 -0.26376 0.964588
700.900000000 47.9124 36.4103 0 0 0 -0.0271045 0.999633
702.300000000 48.9763 36.422 0 0 0 0.00712636 0.999975
703.600000000 49.9496 36.4417 0 0 0 0.00496327 0.999988
704.700000000 50.4115 36.1705 0 0 0 -0.267614 0.963526
706.100000000 51.1501 35.4565 0 0 0 -0.401867 0.915698
707.400000000 51.8077 34.7478 0 0 0 -0.391638 0.92012
708.700000000 52.5347 34.0833 0 0 0 -0.343386 0.939194
710.400000000 53.2631 33.6624 0 0 0 -0.000984166 1
710.900000000 53.2384 33.7954 0 0 0 0.245853 0.969307
711.600000000 53.139 33.8863 0 0 0 0.563322 0.826237
712.600000000 53.0854 34.3089 0 0 0 0.782164 0.623073
713.900000000 52.6948 35.1951 0 0 0 0.84868 0.528907
715.200000000 52.4393 36.1262 0 0 0 0.760867 0.648908
716.000000000 52.526 36.203 0 0 0 0.497801 0.867291
716.700000000 52.5422 36.1037 0 0 0 0.187925 0.982183
717.400000000 52.7779 36.0188 0 0 0 -0.0972536 0.99526
718.600000000 53.2411 35.576 0 0 0 -0.372934 0.927858
720.000000000 53.96 34.8166 0 0 0 -0.405407 0.914136
721.300000000 54.63 34.1073 0 0 0 -0.378485 0.925608
722.600000000 55.3324 33.429 0 0 0 -0.382589 0.923919
723.900000000 56.0108 32.7375 0 0 0 -0.382476 0.923965
725.200000000 56.7083 32.0454 0 0 0 -0.382829 0.923819
726.600000000 57.374 31.2329 0 0 0 -0.439326 0.898328
727.900000000 57.8519 30.4188 0 0 0 -0.556104 0.831112
729.200000000 58.0066 29.5258 0 0 0 -0.678194 0.734883
731.400000000 57.9494 28.5675 0 0 0 -0.739804 0.672823
735.500000000 57.8612 27.5917 0 0 0 -0.735024 0.678042
739.200000000 57.82 26.6268 0 0 0 -0.718283 0.695751
740.800000000 58.1123 25.766 0 0 0 -0.511013 0.859573
742.300000000 58.8486 25.0549 0 0 0 -0.298297 0.954473
743.100000000 59.0381 25.0731 0 0 0 0.00941356 0.999956
743.700000000 58.9986 25.191 0 0 0 0.303915 0.952699
744.400000000 58.8948 25.2629 0 0 0 0.612654 0.790352
745.000000000 58.7967 25.2472 0 0 0 0.818855 0.574
745.600000000 58.7024 25.1859 0 0 0 0.951911 0.306375
746.200000000 58.694 25.1676 0 0 0 0.999888 0.0149804
746.800000000 58.6112 24.9626 0 0 0 -0.966317 0.257354
748.300000000 58.0643 24.2172 0 0 0 -0.855399 0.517969
749.700000000 57.5811 23.3658 0 0 0 -0.902732 0.430203
751.000000000 56.8632 22.6804 0 0 0 -0.929881 0.367859
752.400000000 56.0991 21.9662 0 0 0 -0.929881 0.367859
754.200000000 55.3205 21.3151 0 0 0 -0.965196 0.261527
755.700000000 54.4396 21.1077 0 0 0 -0.997248 0.0741357
758.800000000 53.4097 21.1365 0 0 0 0.999352 0.0359872
763.700000000 52.4395 21.2086 0 0 0 0.999352 0.0359872
768.500000000 51.4805 21.2598 0 0 0 0.999732 0.0231467
772.900000000 50.5475 21.2617 0 0 0 -0.999056 0.0434508
774.300000000 49.8464 20.8293 0 0 0 -0.947278 0.320413
775.900000000 49.189 20.1235 0 0 0 -0.919194 0.393806
779.200000000 48.5272 19.4426 0 0 0 -0.922172 0.386779
783.900000000 47.8522 18.772 0 0 0 -0.923076 0.384617
785.300000000 47.5759 18.6401 0 0 0 -0.998812 0.0487311
785.900000000 47.5507 18.6119 0 0 0 0.980412 0.196958
787.500000000 46.821 19.349 0 0 0 0.907552 0.419939
788.800000000 46.0242 20.2284 0 0 0 0.927011 0.375034
790.200000000 45.248 20.9386 0 0 0 0.934877 0.354971
793.500000000 44.4504 21.3488 0 0 0 0.985566 0.16929
798.400000000 43.4892 21.4545 0 0 0 0.999878 0.0155996
803.200000000 42.5225 21.4055 0 0 0 -0.999132 0.0416605
808.100000000 41.5617 21.3279 0 0 0 -0.999288 0.0377363
812.900000000 40.5825 21.2735 0 0 0 -0.999841 0.0178456
817.700000000 39.5946 21.2596 0 0 0 -0.999988 0.00486826
822.000000000 38.6601 21.2545 0 0 0 -0.999996 0.00268207
826.600000000 37.6874 21.2491 0 0 0 -0.999996 0.00268207
831.400000000 36.7371 21.2437 0 0 0 -0.999996 0.00268207
836.000000000 35.7609 21.2383 0 0 0 -0.999996 0.00268207
840.500000000 34.8112 21.2329 0 0 0 -0.999996 0.00268207
845.500000000 33.8292 21.2274 0 0 0 -0.999996 0.00268207
850.200000000 32.8577 21.2219 0 0 0 -0.999996 0.00268207
854.900000000 31.9067 21.2328 0 0 0 0.999978 0.00656436
859.800000000 30.9393 21.2464 0 0 0 0.999974 0.00722882
864.800000000 29.9498 21.2528 0 0 0 0.999996 0.00271247
869.700000000 28.9603 21.2585 0 0 0 0.999996 0.00271247
874.700000000 27.9688 21.264 0 0 0 0.999996 0.00271247
879.300000000 27.0038 21.2695 0 0 0 0.999996 0.00271247
881.600000000 26.1441 21.6666 0 0 0 0.959613 0.281323
883.000000000 25.5032 22.2877 0 0 0 0.91562 0.402045
884.800000000 24.8507 22.9571 0 0 0 0.919896 0.392163
894.900000000 24.1915 23.6359 0 0 0 0.922656 0.385624
899.100000000 23.4848 24.3518 0 0 0 0.922656 0.385624
902.700000000 22.8055 25.0303 0 0 0 0.922656 0.385624
905.500000000 22.1298 25.7151 0 0 0 0.922656 0.385624
909.400000000 21.4493 26.4004 0 0 0 0.922662 0.38561
912.700000000 20.7644 27.0905 0 0 0 0.922664 0.385604
915.900000000 20.0603 27.7988 0 0 0 0.922663 0.385606
919.100000000 19.3947 28.4708 0 0 0 0.922659 0.385618
922.500000000 18.7249 29.1521 0 0 0 0.922632 0.385682
926.700000000 18.0248 29.8588 0 0 0 0.922597 0.385764
930.400000000 17.3426 30.5426 0 0 0 0.922557 0.385862
933.600000000 16.6537 31.2357 0 0 0 0.922363 0.386325
937.500000000 15.9472 31.9518 0 0 0 0.922347 0.386363
941.400000000 15.2782 32.6455 0 0 0 0.922309 0.386453
945.300000000 14.5648 33.369 0 0 0 0.922445 0.386128
949.300000000 13.9328 34.0194 0 0 0 0.922629 0.385689
952.400000000 13.2735 34.7888 0 0 0 0.899002 0.437944
954.000000000 12.8763 35.5901 0 0 0 0.829744 0.558144
956.200000000 12.6334 36.5793 0 0 0 0.74226 0.670112
960.800000000 12.6455 37.5146 0 0 0 0.683864 0.72961
963.300000000 12.7536 38.4854 0 0 0 0.666578 0.745435
964.900000000 12.8317 39.5685 0 0 0 0.693382 0.720571
966.200000000 12.8094 40.541 0 0 0 0.726778 0.686872
967.500000000 12.7767 41.4993 0 0 0 0.711512 0.702674
968.800000000 12.7422 42.4814 0 0 0 0.673722 0.738985
969.600000000 12.9405 42.5522 0 0 0 0.391245 0.920286
970.200000000 13.0106 42.4455 0 0 0 0.107824 0.99417
970.900000000 13.0025 42.3455 0 0 0 -0.235822 0.971796
971.500000000 13.0084 42.3551 0 0 0 -0.527864 0.849329
972.100000000 12.8845 42.3371 0 0 0 -0.752219 0.658913
972.700000000 12.6837 42.1588 0 0 0 -0.873213 0.487338
974.000000000 12.1972 41.2776 0 0 0 -0.851479 0.524388
976.000000000 11.887 40.3694 0 0 0 -0.769991 0.638055
977.300000000 11.9534 40.2722 0 0 0 -0.572353 0.820007
978.100000000 12.039 40.3423 0 0 0 -0.334578 0.942368
978.900000000 12.0426 40.3375 0 0 0 -0.0318157 0.999494
979.600000000 12.0382 40.3661 0 0 0 0.249458 0.968386
980.300000000 11.9612 40.4441 0 0 0 0.504699 0.863295
981.000000000 11.8892 40.4924 0 0 0 0.735244 0.677802
981.500000000 11.7943 40.4591 0 0 0 0.87811 0.478458
982.100000000 11.718 40.3648 0 0 0 0.979236 0.202725
982.900000000 11.5322 40.2535 0 0 0 -0.995798 0.0915734
984.500000000 10.6909 39.775 0 0 0 -0.939525 0.342479
986.000000000 10.4642 39.2732 0 0 0 -0.814399 0.580305
987.500000000 10.516 38.8122 0 0 0 -0.629145 0.777288
990.500000000 11.0788 37.9867 0 0 0 -0.598114 0.801411
991.900000000 10.972 37.7993 0 0 0 -0.801719 0.597701
992.800000000 10.8236 37.7915 0 0 0 -0.925434 0.378908
993.700000000 10.7733 37.8329 0 0 0 -0.993556 0.113345
994.700000000 10.7931 37.919 0 0 0 0.981127 0.193364
995.400000000 10.8504 37.9897 0 0 0 0.878962 0.476892
996.000000000 10.9415 38.0141 0 0 0 0.716037 0.698062
996.600000000 11.0558 37.984 0 0 0 0.501286 0.865281
997.200000000 11.0779 37.9637 0 0 0 0.245687 0.969349
997.700000000 11.0801 37.9609 0 0 0 0.0178872 0.99984
998.400000000 11.0441 37.8167 0 0 0 -0.297335 0.954773
1000.500000000 11.8745 37.1196 0 0 0 -0.326729 0.945118
1005.000000000 12.7761 36.6768 0 0 0 -0.312194 0.950019
1006.400000000 12.9911 36.2546 0 0 0 -0.556034 0.83116
1008.700000000 13.0657 35.3362 0 0 0 -0.728667 0.684869
1009.500000000 13.0171 35.3401 0 0 0 -0.895179 0.445708
1010.300000000 12.9087 35.4182 0 0 0 -0.985589 0.169158
1011.100000000 12.9237 35.5969 0 0 0 0.992627 0.121208
1011.900000000 12.9648 35.6211 0 0 0 0.913508 0.40682
1012.700000000 13.0276 35.65 0 0 0 0.754444 0.656364
1013.600000000 13.1779 35.6592 0 0 0 0.500798 0.865564
1014.400000000 13.1853 35.5911 0 0 0 0.223903 0.974611
1017.300000000 13.8802 35.6757 0 0 0 0.0045309 0.99999
1019.500000000 14.2867 35.4289 0 0 0 -0.305318 0.95225
1020.500000000 14.5603 35.0157 0 0 0 -0.557924 0.829892
1021.800000000 14.7865 34.1177 0 0 0 -0.578769 0.815492
1023.700000000 15.2482 33.4086 0 0 0 -0.297789 0.954632
1024.400000000 15.2552 33.453 0 0 0 -0.0308264 0.999525
1025.200000000 15.2495 33.4842 0 0 0 0.299492 0.954099
1026.000000000 15.1533 33.5925 0 0 0 0.596205 0.802832
1026.700000000 15.0548 33.7097 0 0 0 0.78848 0.61506
1028.200000000 14.7032 34.8174 0 0 0 0.807449 0.589937
1029.300000000 14.7075 35.1136 0 0 0 0.560724 0.828003
1030.000000000 14.7269 35.0725 0 0 0 0.246414 0.969165
1030.600000000 14.7197 35.0403 0 0 0 -0.0470816 0.998891
1031.700000000 15.1162 34.7237 0 0 0 -0.344094 0.938935
1032.900000000 15.3715 34.15 0 0 0 -0.581466 0.813571
1034.400000000 15.885 33.1216 0 0 0 -0.51739 0.85575
1035.500000000 16.1908 33.0289 0 0 0 -0.213953 0.976844
1036.200000000 16.1976 33.0469 0 0 0 0.0613484 0.998116
1036.900000000 16.2068 33.097 0 0 0 0.316916 0.948454
1037.800000000 16.2035 33.3935 0 0 0 0.563009 0.826451
1039.200000000 16.117 33.9081 0 0 0 0.782792 0.622284
1041.100000000 15.7519 34.5314 0 0 0 0.943711 0.33077
1041.700000000 15.7104 34.5106 0 0 0 0.99907 0.0431123
1042.400000000 15.7637 34.397 0 0 0 -0.955918 0.293632
1043.000000000 15.8189 34.3332 0 0 0 -0.839705 0.543043
1043.600000000 15.9921 34.2195 0 0 0 -0.674988 0.737829
1044.300000000 15.9692 34.1833 0 0 0 -0.41323 0.910627
1045.000000000 15.9978 34.2019 0 0 0 -0.188203 0.98213
1046.300000000 17.0131 33.7627 0 0 0 -0.258979 0.965883
1047.700000000 17.1317 33.49 0 0 0 -0.519254 0.85462
1048.800000000 17.1429 33.4992 0 0 0 -0.753558 0.657381
1049.700000000 17.1398 33.4925 0 0 0 -0.903375 0.428851
1050.700000000 17.0432 33.6107 0 0 0 -0.994559 0.104171
1051.300000000 17.0313 33.6123 0 0 0 0.989207 0.146525
1052.000000000 17.0852 33.6946 0 0 0 0.906234 0.422777
1052.800000000 17.158 33.702 0 0 0 0.725083 0.688661
1054.600000000 17.4999 34.7486 0 0 0 0.496987 0.867758
1055.700000000 17.7147 34.7281 0 0 0 0.254563 0.967056
1056.900000000 17.755 34.7164 0 0 0 -0.0452467 0.998976
1057.600000000 17.7624 34.7287 0 0 0 -0.290991 0.956726
1058.500000000 17.6722 34.6695 0 0 0 -0.577563 0.816346
1059.100000000 17.6845 34.675 0 0 0 -0.764893 0.644157
1059.700000000 17.6761 34.6712 0 0 0 -0.905442 0.42447
1060.400000000 17.669 34.6817 0 0 0 -0.991824 0.127613
1061.000000000 17.5611 34.8058 0 0 0 0.991249 0.132002
1061.600000000 17.567 34.7811 0 0 0 0.921077 0.38938
1062.100000000 17.5951 34.8397 0 0 0 0.812628 0.582783
1062.800000000 17.6598 34.8448 0 0 0 0.597946 0.801537
1064.200000000 18.2085 35.8256 0 0 0 0.507303 0.861767
1065.200000000 18.4326 36.1017 0 0 0 0.212563 0.977147
1065.700000000 18.4277 36.1171 0 0 0 -0.0375208 0.999296
1066.300000000 18.4343 36.1247 0 0 0 -0.330072 0.943956
1067.000000000 18.4299 36.12 0 0 0 -0.615203 0.788369
1067.600000000 18.3966 36.0883 0 0 0 -0.808003 0.589178
1068.500000000 17.9818 35.7709 0 0 0 -0.91916 0.393884
1070.000000000 17.1284 35.0688 0 0 0 -0.940812 0.338929
1071.500000000 16.3853 34.3873 0 0 0 -0.930115 0.367268
1074.000000000 15.6824 33.7327 0 0 0 -0.924795 0.380465
1078.400000000 14.9882 33.0314 0 0 0 -0.924336 0.381579
1081.700000000 14.3287 32.3852 0 0 0 -0.924336 0.381579
1085.300000000 13.6267 31.6867 0 0 0 -0.924336 0.381579
1088.700000000 12.971 31.0244 0 0 0 -0.924336 0.381579
1092.400000000 12.2665 30.3233 0 0 0 -0.924336 0.381579
1096.400000000 11.5843 29.6427 0 0 0 -0.923454 0.383708
1098.600000000 10.9305 28.8766 0 0 0 -0.895471 0.44512
1099.900000000 10.4925 28.0073 0 0 0 -0.828739 0.559635
1101.700000000 10.3598 27.0847 0 0 0 -0.744648 0.667457
1103.900000000 10.3204 26.0922 0 0 0 -0.671551 0.740958
1105.700000000 10.4459 25.1475 0 0 0 -0.656082 0.75469
1107.600000000 10.6078 24.162 0 0 0 -0.661829 0.749655
1112.200000000 10.6274 23.1903 0 0 0 -0.71078 0.703415
1117.200000000 10.5815 22.2116 0 0 0 -0.72558 0.688138
1122.000000000 10.5313 21.2579 0 0 0 -0.719972 0.694003
1126.900000000 10.5155 20.2895 0 0 0 -0.71085 0.703343
1131.800000000 10.5103 19.2992 0 0 0 -0.708979 0.70523
1136.400000000 10.5047 18.2675 0 0 0 -0.708979 0.70523
1137.800000000 10.4992 17.2533 0 0 0 -0.708979 0.70523
1139.100000000 10.4934 16.2808 0 0 0 -0.708979 0.70523
1140.500000000 10.4879 15.2268 0 0 0 -0.708984 0.705225
1141.700000000 10.4824 14.3328 0 0 0 -0.708988 0.70522
1143.000000000 10.4769 13.3589 0 0 0 -0.708992 0.705217
1144.400000000 10.4714 12.3049 0 0 0 -0.708995 0.705214
1145.600000000 10.4657 11.4001 0 0 0 -0.708916 0.705293
1147.000000000 10.4936 10.3575 0 0 0 -0.687809 0.725891
1148.300000000 10.5147 9.38261 0 0 0 -0.708608 0.705602
1149.600000000 10.5251 8.40402 0 0 0 -0.706401 0.707812
1151.000000000 10.5209 7.36141 0 0 0 -0.705815 0.708396
1152.300000000 10.5312 6.38127 0 0 0 -0.705725 0.708486
1153.700000000 10.5347 5.32899 0 0 0 -0.705714 0.708497
1155.000000000 10.5386 4.35533 0 0 0 -0.705715 0.708496
1156.300000000 10.5424 3.38166 0 0 0 -0.705712 0.708499
1157.700000000 10.5462 2.32804 0 0 0 -0.705705 0.708506
1158.900000000 10.55 1.43437 0 0 0 -0.705694 0.708517
1160.200000000 10.5538 0.460705 0 0 0 -0.705685 0.708525
1161.600000000 10.249 -0.257244 0 0 0 -0.880251 0.474508
1163.000000000 9.5328 -0.980962 0 0 0 -0.933997 0.35728
1164.300000000 8.79799 -1.60943 0 0 0 -0.944211 0.329342
1165.600000000 7.94706 -2.07007 0 0 0 -0.978623 0.205665
1172.700000000 7.07551 -2.24127 0 0 0 -0.99998 0.00629143
1173.800000000 6.64367 -1.99001 0 0 0 0.956639 0.291276
1175.100000000 5.95237 -1.31054 0 0 0 0.919199 0.393794
1176.500000000 5.20819 -0.568968 0 0 0 0.932281 0.361734
1177.900000000 4.32288 -0.0272932 0 0 0 0.978152 0.207889
1179.100000000 3.45504 0.127034 0 0 0 0.998454 0.0555796
1180.500000000 2.40099 0.0672696 0 0 0 -0.998789 0.0491967
1181.800000000 1.43724 -0.086236 0 0 0 -0.996775 0.0802496
1183.100000000 0.464097 -0.115487 0 0 0 0.999869 0.0161909
1185.500000000 -0.427165 0.293887 0 0 0 0.955153 0.296113
1186.200000000 -0.356209 0.303265 0 0 0 0.810449 0.585809
1186.900000000 -0.217831 0.306076 0 0 0 0.567332 0.823489
1187.500000000 -0.12586 0.251818 0 0 0 0.305166 0.952299
1188.200000000 0.124453 0.219552 0 0 0 0.0759339 0.997113
1189.500000000 0.713102 0.017957 0 0 0 -0.228134 0.97363
1191.000000000 1.6932 -0.485343 0 0 0 -0.241825 0.97032
1192.200000000 2.10896 -0.570534 0 0 0 0.0479021 0.998852
1193.100000000 2.01536 -0.433275 0 0 0 0.478159 0.878273
1193.700000000 1.93861 -0.363398 0 0 0 0.711477 0.70271
1194.400000000 1.76012 -0.299088 0 0 0 0.882216 0.470845
1194.800000000 1.67247 -0.288174 0 0 0 0.948017 0.318221
1195.800000000 1.42674 -0.387355 0 0 0 -0.998144 0.0608923
1197.200000000 0.411281 -0.626554 0 0 0 -0.990791 0.135397
1198.600000000 0.0731647 -0.862968 0 0 0 -0.89344 0.449182
1199.300000000 0.167405 -0.901312 0 0 0 -0.743406 0.668841
1200.000000000 0.292038 -0.88531 0 0 0 -0.529978 0.848012
1200.600000000 0.326868 -0.815517 0 0 0 -0.297091 0.954849
1201.400000000 0.332093 -0.71965 0 0 0 0.0406228 0.999175
1202.200000000 0.543801 -0.494804 0 0 0 0.272316 0.962208
1203.900000000 1.08161 0.173608 0 0 0 0.520933 0.853597
1204.700000000 1.04904 0.198213 0 0 0 0.729585 0.68389
1205.600000000 0.920858 0.159124 0 0 0 0.899596 0.436723
1206.600000000 0.667024 0.182961 0 0 0 0.976028 0.217645
1208.100000000 0.250002 0.192085 0 0 0 -0.996901 0.0786666
1209.000000000 0.293646 0.0804326 0 0 0 -0.936573 0.350472
1209.800000000 0.388774 0.0200166 0 0 0 -0.812797 0.582547
1210.700000000 0.513843 0.0306283 0 0 0 -0.59229 0.805725
1211.500000000 0.555167 0.0860326 0 0 0 -0.346535 0.938037
1212.700000000 0.971611 0.0813334 0 0 0 -0.0896269 0.995975
1214.600000000 1.92814 -0.126094 0 0 0 -0.252643 0.96756
1215.900000000 2.77465 -0.662333 0 0 0 -0.283359 0.959014
1217.300000000 3.68587 -1.18242 0 0 0 -0.238696 0.971094
1218.700000000 4.67294 -1.55322 0 0 0 -0.141916 0.989879
1220.200000000 5.67934 -1.68342 0 0 0 -0.034409 0.999408
1222.400000000 6.64435 -1.68592 0 0 0 0.0242804 0.999705
1226.300000000 7.56247 -1.60966 0 0 0 0.036295 0.999341
1230.700000000 8.56663 -1.54028 0 0 0 0.0266987 0.999644
1234.700000000 9.55094 -1.51967 0 0 0 0.0076602 0.999971
1238.500000000 10.4842 -1.51431 0 0 0 0.00135039 0.999999
1242.600000000 11.4879 -1.51154 0 0 0 0.00135039 0.999999
1246.700000000 12.4312 -1.5088 0 0 0 0.00135039 0.999999
1251.200000000 13.4039 -1.5061 0 0 0 0.00135039 0.999999
1255.500000000 14.3754 -1.49336 0 0 0 0.00135039 0.999999
1258.100000000 15.3947 -1.524 0 0 0 -0.0435424 0.999052
1259.500000000 16.3746 -1.78906 0 0 0 -0.20533 0.978693
1260.700000000 17.1956 -2.1836 0 0 0 -0.205759 0.978603
1262.100000000 18.1114 -2.54341 0 0 0 -0.125414 0.992105
1262.900000000 18.3891 -2.46353 0 0 0 0.135614 0.990762
1264.200000000 18.9974 -1.93227 0 0 0 0.371705 0.928351
1265.400000000 19.6674 -1.21386 0 0 0 0.409799 0.912176
1266.700000000 20.3413 -0.510273 0 0 0 0.37906 0.925372
1268.000000000 21.0593 0.147909 0 0 0 0.362692 0.931909
1269.300000000 21.7609 0.824109 0 0 0 0.380265 0.924878
1270.700000000 22.504 1.56892 0 0 0 0.384739 0.923025
1272.000000000 23.1622 2.27206 0 0 0 0.409348 0.912378
1273.700000000 23.7873 3.01398 0 0 0 0.425893 0.904773
1277.500000000 24.3132 3.84229 0 0 0 0.537845 0.843044
1279.000000000 24.5522 4.93841 0 0 0 0.662369 0.749178
1281.000000000 24.8388 5.85606 0 0 0 0.50013 0.86595
1283.900000000 25.4281 6.67183 0 0 0 0.417124 0.90885
1288.400000000 26.0832 7.38407 0 0 0 0.393327 0.919399
1293.000000000 26.7659 8.06185 0 0 0 0.375823 0.926691
1295.000000000 27.5828 8.67865 0 0 0 0.289936 0.957046
1296.200000000 28.4726 8.93509 0 0 0 0.167185 0.985926
1298.000000000 29.2537 9.06256 0 0 0 -0.138493 0.990363
1299.100000000 29.8041 8.64921 0 0 0 -0.386799 0.922164
1300.600000000 30.2605 7.74027 0 0 0 -0.594893 0.803805
1301.900000000 30.3661 6.77987 0 0 0 -0.681894 0.731451
1303.300000000 30.3772 5.72761 0 0 0 -0.716429 0.69766
1304.900000000 30.6232 4.85465 0 0 0 -0.488435 0.8726
1306.300000000 31.3413 4.1344 0 0 0 -0.368775 0.929519
1307.700000000 32.077 3.42005 0 0 0 -0.377441 0.926033
1309.000000000 32.7645 2.72167 0 0 0 -0.385782 0.92259
1310.500000000 33.1386 2.18611 0 0 0 -0.681673 0.731657
1311.100000000 32.9972 2.20309 0 0 0 -0.864342 0.502905
1311.600000000 32.9306 2.27017 0 0 0 -0.96094 0.276756
1312.500000000 32.6147 2.3023 0 0 0 0.99977 0.0214372
1314.000000000 31.6512 2.66483 0 0 0 0.98056 0.196219
1315.300000000 30.7117 2.95577 0 0 0 0.994418 0.105514
1316.400000000 30.3349 2.8954 0 0 0 -0.974038 0.226384
1317.000000000 30.4064 2.80927 0 0 0 -0.863696 0.504013
1317.600000000 30.5255 2.78371 0 0 0 -0.676361 0.73657
1318.500000000 30.6491 2.43324 0 0 0 -0.477686 0.87853
1319.800000000 31.3385 1.76523 0 0 0 -0.354628 0.935007
1321.200000000 32.149 1.05215 0 0 0 -0.365065 0.930982
1322.600000000 32.9304 0.322612 0 0 0 -0.384997 0.922918
1323.900000000 33.6169 -0.366816 0 0 0 -0.384821 0.922991
1325.200000000 34.3075 -1.06399 0 0 0 -0.384891 0.922962
1326.400000000 34.979 -1.65404 0 0 0 -0.315227 0.949016
1327.800000000 35.9234 -2.10317 0 0 0 -0.162041 0.986784
1329.400000000 36.8476 -2.18119 0 0 0 0.0153866 0.999882
1331.300000000 37.7884 -2.02034 0 0 0 0.0950725 0.99547
1333.100000000 38.916 -1.89602 0 0 0 0.0302002 0.999544
1334.300000000 39.7958 -1.90627 0 0 0 -0.0680714 0.99768
1335.700000000 40.8202 -2.20901 0 0 0 -0.155522 0.987832
1337.000000000 41.7805 -2.40131 0 0 0 -0.0621794 0.998065
1338.200000000 42.664 -2.359 0 0 0 0.016431 0.999865
1339.600000000 43.6808 -2.24203 0 0 0 0.0746635 0.997209
1340.900000000 44.6773 -2.1619 0 0 0 0.0433236 0.999061
1342.200000000 45.6596 -2.10925 0 0 0 0.0145953 0.999893
1343.500000000 46.6223 -2.09764 0 0 0 -0.000454538 1
1344.900000000 47.6761 -2.1186 0 0 0 -0.000459153 1
1346.100000000 48.5799 -2.11955 0 0 0 -0.00046124 1
1347.500000000 49.6236 -2.1205 0 0 0 -0.00046322 1
1348.800000000 50.6076 -2.13158 0 0 0 -0.00570055 0.999984
1350.100000000 51.5623 -2.20275 0 0 0 -0.0688581 0.997626
1351.500000000 52.5806 -2.3597 0 0 0 -0.0659469 0.997823
1352.500000000 53.0108 -2.28257 0 0 0 0.219026 0.975719
1354.000000000 53.7292 -1.49232 0 0 0 0.406382 0.913703
1355.300000000 54.3895 -0.774667 0 0 0 0.391931 0.919995
1356.700000000 55.1297 -0.0356745 0 0 0 0.382919 0.923782
1358.100000000 55.8733 0.708528 0 0 0 0.382925 0.92378
1359.300000000 56.5668 1.28657 0 0 0 0.322376 0.946612
1360.800000000 57.3201 2.05747 0 0 0 0.456108 0.889924
1362.200000000 57.673 2.98763 0 0 0 0.618252 0.78598
1363.900000000 57.7147 4.02963 0 0 0 0.716267 0.697826
1365.200000000 57.7152 5.01323 0 0 0 0.680673 0.732588
1366.500000000 57.7924 5.98441 0 0 0 0.679075 0.734069
1368.600000000 57.8058 6.91433 0 0 0 0.70615 0.708062
1369.400000000 57.7606 6.91879 0 0 0 0.905368 0.424628
1370.000000000 57.7454 6.90853 0 0 0 0.990407 0.138183
1370.600000000 57.738 6.78959 0 0 0 -0.987008 0.160668
1371.100000000 57.7276 6.6929 0 0 0 -0.916825 0.39929
1371.800000000 57.7959 6.59217 0 0 0 -0.742065 0.670328
1372.700000000 57.9643 6.3371 0 0 0 -0.505662 0.862732
1374.300000000 58.7842 5.64074 0 0 0 -0.272424 0.962177
1375.500000000 59.3518 5.51039 0 0 0 0.0211517 0.999776
1376.100000000 59.2991 5.61676 0 0 0 0.316602 0.948559
1376.800000000 59.2137 5.67547 0 0 0 0.606812 0.794846
1377.500000000 59.133 5.8241 0 0 0 0.802692 0.596394
1378.800000000 58.6147 6.33669 0 0 0 0.937321 0.348467
1380.200000000 57.8083 6.99429 0 0 0 0.940821 0.338905
1387.600000000 57.1427 7.63852 0 0 0 0.925814 0.377979
1388.800000000 56.4583 8.32099 0 0 0 0.919707 0.392606
1390.200000000 55.7188 9.07722 0 0 0 0.923807 0.382859
1391.600000000 54.9686 9.81605 0 0 0 0.925271 0.379308
1392.800000000 54.3319 10.4485 0 0 0 0.922471 0.386067
1394.100000000 53.7305 11.2117 0 0 0 0.880718 0.473641
1395.500000000 53.3436 12.2049 0 0 0 0.782442 0.622723
1397.100000000 53.3391 13.1004 0 0 0 0.697944 0.716152
1400.000000000 53.417 14.0465 0 0 0 0.66566 0.746255
1404.500000000 53.5055 15.0306 0 0 0 0.677615 0.735417
1406.500000000 53.495 16.076 0 0 0 0.728324 0.685232
1407.900000000 53.2755 17.1168 0 0 0 0.817808 0.575491
1410.200000000 52.685 17.8536 0 0 0 0.90648 0.42225
1411.500000000 51.97 18.504 0 0 0 0.924051 0.38227
1412.700000000 51.3431 19.149 0 0 0 0.924641 0.380839
1414.500000000 50.6497 19.9516 0 0 0 0.880497 0.474052
1415.900000000 50.4034 20.8767 0 0 0 0.765652 0.643255
1417.400000000 50.3899 21.9327 0 0 0 0.664075 0.747666
1418.400000000 50.5899 22.3023 0 0 0 0.444456 0.895801
1419.100000000 50.6741 22.2041 0 0 0 0.11883 0.992915
1419.700000000 50.6777 22.0759 0 0 0 -0.173456 0.984842
1420.400000000 50.5944 21.9664 0 0 0 -0.495732 0.868475
1421.000000000 50.4432 21.9298 0 0 0 -0.726138 0.687549
1421.700000000 50.3783 21.9179 0 0 0 -0.903356 0.428892
1423.100000000 49.8729 21.0906 0 0 0 -0.848479 0.529229
1425.300000000 49.6432 20.1648 0 0 0 -0.699417 0.714714
1426.500000000 49.7547 20.0931 0 0 0 -0.452841 0.891591
1427.400000000 49.8321 20.1699 0 0 0 -0.187952 0.982178
1428.200000000 49.8401 20.2808 0 0 0 0.0838496 0.996478
1429.100000000 49.7695 20.4072 0 0 0 0.395859 0.918311
1429.800000000 49.688 20.4391 0 0 0 0.613584 0.78963
1430.500000000 49.6674 20.4324 0 0 0 0.849328 0.527866
1430.800000000 49.662 20.3925 0 0 0 0.925177 0.379535
1431.800000000 49.6583 20.3881 0 0 0 -0.996065 0.0886204
1433.000000000 49.1516 20.0112 0 0 0 -0.930872 0.365345
1434.700000000 48.6817 19.1974 0 0 0 -0.878132 0.478419
1436.500000000 48.0998 18.7211 0 0 0 -0.982946 0.183895
1437.400000000 48.1006 18.7589 0 0 0 0.995789 0.0916795
1439.200000000 47.1812 19.208 0 0 0 0.984487 0.175456
1440.700000000 46.8459 19.1943 0 0 0 -0.986996 0.160742
1441.500000000 46.8521 19.2002 0 0 0 -0.875866 0.482555
1442.200000000 47.0025 19.0008 0 0 0 -0.717181 0.696887
1443.000000000 47.1363 18.9351 0 0 0 -0.47361 0.880735
1443.800000000 47.3728 18.8827 0 0 0 -0.237715 0.971335
1445.400000000 48.3571 18.485 0 0 0 -0.123246 0.992376
1446.400000000 48.5611 18.5501 0 0 0 0.196499 0.980504
1447.000000000 48.4968 18.6309 0 0 0 0.443097 0.896474
1447.600000000 48.4469 18.6311 0 0 0 0.664565 0.747231
1448.300000000 48.4426 18.6194 0 0 0 0.875759 0.482749
1448.800000000 48.3891 18.5316 0 0 0 0.966022 0.25846
1449.400000000 48.3728 18.5098 0 0 0 -0.999556 0.0297983
1450.900000000 47.273 18.1787 0 0 0 -0.996319 0.0857241
1452.400000000 46.655 18.2288 0 0 0 0.971613 0.236574
1453.100000000 46.6972 18.3244 0 0 0 0.849315 0.527886
1453.600000000 46.7118 18.3339 0 0 0 0.705302 0.708907
1454.900000000 46.9009 18.8677 0 0 0 0.478069 0.878322
1456.300000000 47.398 19.2871 0 0 0 0.204689 0.978827
1457.100000000 47.4149 19.183 0 0 0 -0.0748702 0.997193
1457.800000000 47.3754 19.0805 0 0 0 -0.35467 0.934991
1458.400000000 47.2807 19.0067 0 0 0 -0.611802 0.791011
1458.900000000 47.1445 18.9877 0 0 0 -0.785459 0.618914
1459.700000000 47.0787 18.9986 0 0 0 -0.963565 0.267476
1460.400000000 46.8614 19.179 0 0 0 0.999622 0.0274793
1460.800000000 46.8536 19.2222 0 0 0 0.980562 0.196212
1461.900000000 46.9862 19.5205 0 0 0 0.811481 0.584379
1463.300000000 46.8313 20.611 0 0 0 0.814744 0.579822
1464.600000000 46.5249 20.9883 0 0 0 0.966094 0.25819
1465.300000000 46.5188 20.973 0 0 0 -0.995683 0.0928228
1465.900000000 46.525 20.9605 0 0 0 -0.939693 0.342019
1466.700000000 46.3939 20.4734 0 0 0 -0.837181 0.546926
1467.800000000 46.4351 19.9319 0 0 0 -0.664411 0.747368
1469.400000000 46.5163 18.9549 0 0 0 -0.681683 0.731647
1470.300000000 46.4028 18.7917 0 0 0 -0.865655 0.500641
1471.200000000 46.3789 18.8062 0 0 0 -0.996946 0.0780882
1471.800000000 46.3751 18.792 0 0 0 0.977254 0.212074
1472.700000000 46.0876 19.2756 0 0 0 0.89764 0.440728
1473.800000000 45.8684 19.719 0 0 0 0.739462 0.673198
1475.300000000 45.6814 20.6926 0 0 0 0.71159 0.702595
1477.100000000 45.7825 20.989 0 0 0 0.449505 0.893278
1478.200000000 45.8669 20.893 0 0 0 0.142476 0.989798
1479.000000000 45.8761 20.7809 0 0 0 -0.140401 0.990095
1479.600000000 45.8394 20.6978 0 0 0 -0.359803 0.933028
1480.300000000 45.7149 20.6342 0 0 0 -0.653836 0.756636
1480.900000000 45.6477 20.6222 0 0 0 -0.846698 0.532074
1481.600000000 45.6652 20.6644 0 0 0 -0.977332 0.211715
1482.300000000 45.3414 20.7019 0 0 0 0.999508 0.0313718
1483.300000000 45.0857 20.9741 0 0 0 0.941376 0.337359
1485.000000000 44.4619 21.8039 0 0 0 0.925277 0.379291
1486.300000000 44.0697 21.9255 0 0 0 0.99824 0.0593097
1487.000000000 44.0682 21.9048 0 0 0 -0.974425 0.224712
1487.700000000 44.0736 21.9018 0 0 0 -0.868008 0.496551
1489.500000000 43.9245 20.8777 0 0 0 -0.883005 0.469363
1490.700000000 43.4926 20.5811 0 0 0 -0.987094 0.16014
1491.400000000 43.5099 20.6478 0 0 0 0.98291 0.184086
1492.400000000 43.2011 21.1001 0 0 0 0.912853 0.408289
1493.900000000 42.5849 22.0085 0 0 0 0.79672 0.604348
1494.700000000 42.6078 22.0417 0 0 0 0.587384 0.809308
1495.500000000 42.7195 21.9621 0 0 0 0.322675 0.94651
1496.100000000 42.7681 21.9237 0 0 0 0.0889662 0.996035
1496.900000000 42.7578 21.7713 0 0 0 -0.244552 0.969636
1497.700000000 42.642 21.7425 0 0 0 -0.552045 0.833814
1498.400000000 42.6255 21.7412 0 0 0 -0.742953 0.669344
1499.300000000 42.4443 21.6286 0 0 0 -0.913756 0.406264
1501.100000000 41.4842 21.1956 0 0 0 -0.970968 0.23921
1502.900000000 41.0459 20.824 0 0 0 -0.843927 0.536457
1503.700000000 41.0936 20.8064 0 0 0 -0.665373 0.746511
1504.400000000 41.1938 20.8475 0 0 0 -0.438563 0.8987
1505.200000000 41.3079 20.9547 0 0 0 -0.141134 0.98999
1505.800000000 41.2989 20.9629 0 0 0 0.09559 0.995421
1507.300000000 41.7846 21.2187 0 0 0 0.366185 0.930542
1508.300000000 41.8297 21.4375 0 0 0 0.616608 0.78727
1509.200000000 41.8312 21.4364 0 0 0 0.861436 0.507867
1509.900000000 41.8217 21.4057 0 0 0 0.97211 0.234526
1511.100000000 41.1037 21.3434 0 0 0 0.999999 0.00117077
1512.800000000 40.0865 21.1778 0 0 0 -0.997818 0.0660286
1515.100000000 39.638 21.246 0 0 0 0.972527 0.232791
1518.000000000 38.9227 21.9748 0 0 0 0.955099 0.296286
1518.700000000 38.9238 21.978 0 0 0 0.999596 0.028414
1519.500000000 38.9263 22.0138 0 0 0 -0.962563 0.271058
1520.300000000 38.913 21.8244 0 0 0 -0.860603 0.509276
1521.500000000 38.8803 21.2819 0 0 0 -0.693584 0.720375
