0.100000000 0.2 0 0 0 0 0 1
0.200000000 0.2 0 0 0 0 0 1
0.300000000 0.2 0 0 0 0 0 1
0.400000000 0.2 0 0 0 0 0 1
0.500000000 0.2 0 0 0 0 0 1
0.600000000 0.2 0 0 0 0 0 1
0.700000000 0.2 0 0 0 0 0 1
0.800000000 0.2 0 0 0 0 0 1
0.900000000 0.2 0 0 0 0 0 1
1.000000000 0.2 0 0 0 0 0 1
1.100000000 0.2 0 0 0 0 0 1
1.200000000 0.2 0 0 0 0 0 1
1.300000000 0.2 0 0 0 0 0 1
1.400000000 0.2 0 0 0 0 0 1
1.500000000 0.2 0 0 0 0 0 1
1.600000000 0.2 0 0 0 0 0 1
1.700000000 0.2 0 0 0 0 0 1
1.800000000 0.2 0 0 0 0 0 1
1.900000000 0.2 0 0 0 0 0 1
2.000000000 0.2 0 0 0 0 0 1
2.100000000 0.2 0 0 0 0 0 1
2.200000000 0.2 0 0 0 0 0 1
2.300000000 0.2 0 0 0 0 0 1
2.400000000 0.2 0 0 0 0 0 1
2.500000000 0.2 0 0 0 0 0 1
2.600000000 0.2 0 0 0 0 0 1
2.700000000 0.2 0 0 0 0 0 1
2.800000000 0.2 0 0 0 0 0 1
2.900000000 0.2 0 0 0 0 0 1
3.000000000 0.2 0 0 0 0 0 1
3.100000000 0.2 0 0 0 0 0 1
3.200000000 0.2 0 0 0 0 0 1
3.300000000 0.2 0 0 0 0 0 1
3.400000000 0.2 0 0 0 0 0 1
3.500000000 0.2 0 0 0 0 0 1
3.600000000 0.2 0 0 0 0 0 1
3.700000000 0.2 0 0 0 0 0 1
3.800000000 0.2 0 0 0 0 0 1
3.900000000 0.2 0 0 0 0 0 1
4.000000000 0.2 0 0 0 0 0 1
4.100000000 0.2 0 0 0 0 0 1
4.200000000 0.2 0 0 0 0 0 1
4.300000000 0.2 0 0 0 0 0 1
4.400000000 0.2 0 0 0 0 0 1
4.500000000 0.2 0 0 0 0 0 1
4.600000000 0.2 0 0 0 0 0 1
4.700000000 0.2 0 0 0 0 0 1
4.800000000 0.2 0 0 0 0 0 1
4.900000000 0.2 0 0 0 0 0 1
5.000000000 0.2 0 0 0 0 0 1
5.100000000 0.2 0 0 0 0 0 1
5.200000000 0.2 0 0 0 0 0 1
5.300000000 0.2 0 0 0 0 0 1
5.400000000 0.2 0 0 0 0 0 1
5.500000000 0.2 0 0 0 0 0 1
5.600000000 0.2 0 0 0 0 0 1
5.700000000 0.2 0 0 0 0 0 1
5.800000000 0.2 0 0 0 0 0 1
5.900000000 0.2 0 0 0 0 0 1
6.000000000 0.2 0 0 0 0 0 1
6.100000000 0.2 0 0 0 0 0 1
6.200000000 0.2 0 0 0 0 0 1
6.300000000 0.2 0 0 0 0 0 1
6.400000000 0.2 0 0 0 0 0 1
6.500000000 0.2 0 0 0 0 0 1
6.600000000 0.2 0 0 0 0 0 1
6.700000000 0.2 0 0 0 0 0 1
6.800000000 0.2 0 0 0 0 0 1
6.900000000 0.2 0 0 0 0 0 1
7.000000000 0.2 0 0 0 0 0 1
7.100000000 0.2 0 0 0 0 0 1
7.200000000 0.2 0 0 0 0 0 1
7.300000000 0.2 0 0 0 0 0 1
7.400000000 0.2 0 0 0 0 0 1
7.500000000 0.2 0 0 0 0 0 1
7.600000000 0.2 0 0 0 0 0 1
7.700000000 0.2 0 0 0 0 0 1
7.800000000 0.2 0 0 0 0 0 1
7.900000000 0.2 0 0 0 0 0 1
8.000000000 0.2 0 0 0 0 0 1
8.100000000 0.2 0 0 0 0 0 1
8.200000000 0.2 0 0 0 0 0 1
8.300000000 0.2 0 0 0 0 0 1
8.400000000 0.2 0 0 0 0 0 1
8.500000000 0.2 0 0 0 0 0 1
8.600000000 0.2 0 0 0 0 0 1
8.700000000 0.2 0 0 0 0 0 1
8.800000000 0.2 0 0 0 0 0 1
8.900000000 0.2 0 0 0 0 0 1
9.000000000 0.2 0 0 0 0 0 1
9.100000000 0.2 0 0 0 0 0 1
9.200000000 0.2 0 0 0 0 0 1
9.300000000 0.2 0 0 0 0 0 1
9.400000000 0.2 0 0 0 0 0 1
9.500000000 0.2 0 0 0 0 0 1
9.600000000 0.2 0 0 0 0 0 1
9.700000000 0.2 0 0 0 0 0 1
9.800000000 0.2 0 0 0 0 0 1
9.900000000 0.2 0 0 0 0 0 1
10.000000000 0.2 0 0 0 0 0 1
10.100000000 0.2 0 0 0 0 0 1
10.200000000 0.2 0 0 0 0 0 1
10.300000000 0.2 0 0 0 0 0 1
10.400000000 0.2 0 0 0 0 0 1
10.500000000 0.2 0 0 0 0 0 1
10.600000000 0.2 0 0 0 0 0 1
10.700000000 0.2 0 0 0 0 0 1
10.800000000 0.2 0 0 0 0 0 1
10.900000000 0.2 0 0 0 0 0 1
11.000000000 0.2 0 0 0 0 0 1
11.100000000 0.2 0 0 0 0 0 1
11.200000000 0.2 0 0 0 0 0 1
11.300000000 0.2 0 0 0 0 0 1
11.400000000 0.2 0 0 0 0 0 1
11.500000000 0.2 0 0 0 0 0 1
11.600000000 0.2 0 0 0 0 0 1
11.700000000 0.2 0 0 0 0 0 1
11.800000000 0.2 0 0 0 0 0 1
11.900000000 0.2 0 0 0 0 0 1
12.000000000 0.2 0 0 0 0 0 1
12.100000000 0.2 0 0 0 0 0 1
12.200000000 0.2 0 0 0 0 0 1
12.300000000 0.2 0 0 0 0 0 1
12.400000000 0.2 0 0 0 0 0 1
12.500000000 0.2 0 0 0 0 0 1
12.600000000 0.2 0 0 0 0 0 1
12.700000000 0.2 0 0 0 0 0 1
12.800000000 0.2 0 0 0 0 0 1
12.900000000 0.2 0 0 0 0 0 1
13.000000000 0.2 0 0 0 0 0 1
13.100000000 0.2 0 0 0 0 0 1
13.200000000 0.2 0 0 0 0 0 1
13.300000000 0.2 0 0 0 0 0 1
13.400000000 0.2 0 0 0 0 0 1
13.500000000 0.2 0 0 0 0 0 1
13.600000000 0.2 0 0 0 0 0 1
13.700000000 0.2 0 0 0 0 0 1
13.800000000 0.2 0 0 0 0 0 1
13.900000000 0.2 0 0 0 0 0 1
14.000000000 0.2 0 0 0 0 0 1
14.100000000 0.2 0 0 0 0 0 1
14.200000000 0.2 0 0 0 0 0 1
14.300000000 0.2 0 0 0 0 0 1
14.400000000 0.2 0 0 0 0 0 1
14.500000000 0.2 0 0 0 0 0 1
14.600000000 0.2 0 0 0 0 0 1
14.700000000 0.2 0 0 0 0 0 1
14.800000000 0.2 0 0 0 0 0 1
14.900000000 0.2 0 0 0 0 0 1
15.000000000 0.2 0 0 0 0 0 1
15.100000000 0.2 0 0 0 0 0 1
15.200000000 0.2 0 0 0 0 0 1
15.300000000 0.2 0 0 0 0 0 1
15.400000000 0.2 0 0 0 0 0 1
15.500000000 0.2 0 0 0 0 0 1
15.600000000 0.2 0 0 0 0 0 1
15.700000000 0.2 0 0 0 0 0 1
15.800000000 0.2 0 0 0 0 0 1
15.900000000 0.2 0 0 0 0 0 1
16.000000000 0.2 0 0 0 0 0 1
16.100000000 0.2 0 0 0 0 0 1
16.200000000 0.2 0 0 0 0 0 1
16.300000000 0.2 0 0 0 0 0 1
16.400000000 0.2 0 0 0 0 0 1
16.500000000 0.2 0 0 0 0 0 1
16.600000000 0.2 0 0 0 0 0 1
16.700000000 0.2 0 0 0 0 0 1
16.800000000 0.2 0 0 0 0 0 1
16.900000000 0.2 0 0 0 0 0 1
17.000000000 0.2 0 0 0 0 0 1
17.100000000 0.2 0 0 0 0 0 1
17.200000000 0.2 0 0 0 0 0 1
17.300000000 0.2 0 0 0 0 0 1
17.400000000 0.2 0 0 0 0 0 1
17.500000000 0.2 0 0 0 0 0 1
17.600000000 0.2 0 0 0 0 0 1
17.700000000 0.2 0 0 0 0 0 1
17.800000000 0.2 0 0 0 0 0 1
17.900000000 0.2 0 0 0 0 0 1
18.000000000 0.2 0 0 0 0 0 1
18.100000000 0.2 0 0 0 0 0 1
18.200000000 0.2 0 0 0 0 0 1
18.300000000 0.2 0 0 0 0 0 1
18.400000000 0.2 0 0 0 0 0 1
18.500000000 0.2 0 0 0 0 0 1
18.600000000 0.2 0 0 0 0 0 1
18.700000000 0.2 0 0 0 0 0 1
18.800000000 0.2 0 0 0 0 0 1
18.900000000 0.2 0 0 0 0 0 1
19.000000000 0.2 0 0 0 0 0 1
19.100000000 0.2 0 0 0 0 0 1
19.200000000 0.2 0 0 0 0 0 1
19.300000000 0.2 0 0 0 0 0 1
19.400000000 0.2 0 0 0 0 0 1
19.500000000 0.2 0 0 0 0 0 1
19.600000000 0.2 0 0 0 0 0 1
19.700000000 0.2 0 0 0 0 0 1
19.800000000 0.2 0 0 0 0 0 1
19.900000000 0.2 0 0 0 0 0 1
20.000000000 0.2 0 0 0 0 0 1
20.100000000 0.2 0 0 0 0 0 1
20.200000000 0.2 0 0 0 0 0 1
20.300000000 0.2 0 0 0 0 0 1
20.400000000 0.2 0 0 0 0 0 1
20.500000000 0.2 0 0 0 0 0 1
20.600000000 0.2 0 0 0 0 0 1
20.700000000 0.2 0 0 0 0 0 1
20.800000000 0.2 0 0 0 0 0 1
20.900000000 0.2 0 0 0 0 0 1
21.000000000 0.2 0 0 0 0 0 1
21.100000000 0.2 0 0 0 0 0 1
21.200000000 0.2 0 0 0 0 0 1
21.300000000 0.2 0 0 0 0 0 1
21.400000000 0.2 0 0 0 0 0 1
21.500000000 0.2 0 0 0 0 0 1
21.600000000 0.2 0 0 0 0 0 1
21.700000000 0.2 0 0 0 0 0 1
21.800000000 0.2 0 0 0 0 0 1
21.900000000 0.2 0 0 0 0 0 1
22.000000000 0.2 0 0 0 0 0 1
22.100000000 0.2 0 0 0 0 0 1
22.200000000 0.2 0 0 0 0 0 1
22.300000000 0.2 0 0 0 0 0 1
22.400000000 0.2 0 0 0 0 0 1
22.500000000 0.2 0 0 0 0 0 1
22.600000000 0.2 0 0 0 0 0 1
22.700000000 0.2 0 0 0 0 0 1
22.800000000 0.2 0 0 0 0 0 1
22.900000000 0.2 0 0 0 0 0 1
23.000000000 0.2 0 0 0 0 0 1
23.100000000 0.2 0 0 0 0 0 1
23.200000000 0.2 0 0 0 0 0 1
23.300000000 0.2 0 0 0 0 0 1
23.400000000 0.2 0 0 0 0 0 1
23.500000000 0.2 0 0 0 0 0 1
23.600000000 0.2 0 0 0 0 0 1
23.700000000 0.2 0 0 0 0 0 1
23.800000000 0.2 0 0 0 0 0 1
23.900000000 0.2 0 0 0 0 0 1
24.000000000 0.2 0 0 0 0 0 1
24.100000000 0.2 0 0 0 0 0 1
24.200000000 0.2 0 0 0 0 0 1
24.300000000 0.2 0 0 0 0 0 1
24.400000000 0.2 0 0 0 0 0 1
24.500000000 0.2 0 0 0 0 0 1
24.600000000 0.2 0 0 0 0 0 1
24.700000000 0.2 0 0 0 0 0 1
24.800000000 0.2 0 0 0 0 0 1
24.900000000 0.2 0 0 0 0 0 1
25.000000000 0.2 0 0 0 0 0 1
25.100000000 0.2 0 0 0 0 0 1
25.200000000 0.2 0 0 0 0 0 1
25.300000000 0.2 0 0 0 0 0 1
25.400000000 0.2 0 0 0 0 0 1
25.500000000 0.2 0 0 0 0 0 1
25.600000000 0.2 0 0 0 0 0 1
25.700000000 0.2 0 0 0 0 0 1
25.800000000 0.2 0 0 0 0 0 1
25.900000000 0.2 0 0 0 0 0 1
26.000000000 0.2 0 0 0 0 0 1
26.100000000 0.2 0 0 0 0 0 1
26.200000000 0.2 0 0 0 0 0 1
26.300000000 0.2 0 0 0 0 0 1
26.400000000 0.2 0 0 0 0 0 1
26.500000000 0.2 0 0 0 0 0 1
26.600000000 0.2 0 0 0 0 0 1
26.700000000 0.2 0 0 0 0 0 1
26.800000000 0.2 0 0 0 0 0 1
26.900000000 0.2 0 0 0 0 0 1
27.000000000 0.2 0 0 0 0 0 1
27.100000000 0.2 0 0 0 0 0 1
27.200000000 0.2 0 0 0 0 0 1
27.300000000 0.2 0 0 0 0 0 1
27.400000000 0.2 0 0 0 0 0 1
27.500000000 0.2 0 0 0 0 0 1
27.600000000 0.2 0 0 0 0 0 1
27.700000000 0.2 0 0 0 0 0 1
27.800000000 0.2 0 0 0 0 0 1
27.900000000 0.2 0 0 0 0 0 1
28.000000000 0.2 0 0 0 0 0 1
28.100000000 0.2 0 0 0 0 0 1
28.200000000 0.2 0 0 0 0 0 1
28.300000000 0.2 0 0 0 0 0 1
28.400000000 0.2 0 0 0 0 0 1
28.500000000 0.2 0 0 0 0 0 1
28.600000000 0.2 0 0 0 0 0 1
28.700000000 0.2 0 0 0 0 0 1
28.800000000 0.2 0 0 0 0 0 1
28.900000000 0.2 0 0 0 0 0 1
29.000000000 0.2 0 0 0 0 0 1
29.100000000 0.2 0 0 0 0 0 1
29.200000000 0.2 0 0 0 0 0 1
29.300000000 0.2 0 0 0 0 0 1
29.400000000 0.2 0 0 0 0 0 1
29.500000000 0.2 0 0 0 0 0 1
29.600000000 0.2 0 0 0 0 0 1
29.700000000 0.2 0 0 0 0 0 1
29.800000000 0.2 0 0 0 0 0 1
29.900000000 0.2 0 0 0 0 0 1
30.000000000 0.2 0 0 0 0 0 1
30.100000000 0.2 0 0 0 0 0 1
30.200000000 0.2 0 0 0 0 0 1
30.300000000 0.2 0 0 0 0 0 1
30.400000000 0.2 0 0 0 0 0 1
30.500000000 0.2 0 0 0 0 0 1
30.600000000 0.2 0 0 0 0 0 1
30.700000000 0.2 0 0 0 0 0 1
30.800000000 0.2 0 0 0 0 0 1
30.900000000 0.2 0 0 0 0 0 1
31.000000000 0.2 0 0 0 0 0 1
31.100000000 0.2 0 0 0 0 0 1
31.200000000 0.2 0 0 0 0 0 1
31.300000000 0.2 0 0 0 0 0 1
31.400000000 0.2 0 0 0 0 0 1
31.500000000 0.2 0 0 0 0 0 1
31.600000000 0.2 0 0 0 0 0 1
31.700000000 0.2 0 0 0 0 0 1
31.800000000 0.2 0 0 0 0 0 1
31.900000000 0.2 0 0 0 0 0 1
32.000000000 0.2 0 0 0 0 0 1
32.100000000 0.2 0 0 0 0 0 1
32.200000000 0.2 0 0 0 0 0 1
32.300000000 0.2 0 0 0 0 0 1
32.400000000 0.2 0 0 0 0 0 1
32.500000000 0.2 0 0 0 0 0 1
32.600000000 0.2 0 0 0 0 0 1
32.700000000 0.2 0 0 0 0 0 1
32.800000000 0.2 0 0 0 0 0 1
32.900000000 0.2 0 0 0 0 0 1
33.000000000 0.2 0 0 0 0 0 1
33.100000000 0.2 0 0 0 0 0 1
33.200000000 0.2 0 0 0 0 0 1
33.300000000 0.2 0 0 0 0 0 1
33.400000000 0.2 0 0 0 0 0 1
33.500000000 0.2 0 0 0 0 0 1
33.600000000 0.2 0 0 0 0 0 1
33.700000000 0.2 0 0 0 0 0 1
33.800000000 0.2 0 0 0 0 0 1
33.900000000 0.2 0 0 0 0 0 1
34.000000000 0.2 0 0 0 0 0 1
34.100000000 0.2 0 0 0 0 0 1
34.200000000 0.2 0 0 0 0 0 1
34.300000000 0.2 0 0 0 0 0 1
34.400000000 0.2 0 0 0 0 0 1
34.500000000 0.2 0 0 0 0 0 1
34.600000000 0.2 0 0 0 0 0 1
34.700000000 0.2 0 0 0 0 0 1
34.800000000 0.2 0 0 0 0 0 1
34.900000000 0.2 0 0 0 0 0 1
35.000000000 0.2 0 0 0 0 0 1
35.100000000 0.2 0 0 0 0 0 1
35.200000000 0.2 0 0 0 0 0 1
35.300000000 0.2 0 0 0 0 0 1
35.400000000 0.2 0 0 0 0 0 1
35.500000000 0.2 0 0 0 0 0 1
35.600000000 0.2 0 0 0 0 0 1
35.700000000 0.2 0 0 0 0 0 1
35.800000000 0.2 0 0 0 0 0 1
35.900000000 0.2 0 0 0 0 0 1
36.000000000 0.2 0 0 0 0 0 1
36.100000000 0.2 0 0 0 0 0 1
36.200000000 0.2 0 0 0 0 0 1
36.300000000 0.2 0 0 0 0 0 1
36.400000000 0.2 0 0 0 0 0 1
36.500000000 0.2 0 0 0 0 0 1
36.600000000 0.2 0 0 0 0 0 1
36.700000000 0.2 0 0 0 0 0 1
36.800000000 0.2 0 0 0 0 0 1
36.900000000 0.2 0 0 0 0 0 1
37.000000000 0.2 0 0 0 0 0 1
37.100000000 0.2 0 0 0 0 0 1
37.200000000 0.2 0 0 0 0 0 1
37.300000000 0.2 0 0 0 0 0 1
37.400000000 0.2 0 0 0 0 0 1
37.500000000 0.2 0 0 0 0 0 1
37.600000000 0.2 0 0 0 0 0 1
37.700000000 0.2 0 0 0 0 0 1
37.800000000 0.2 0 0 0 0 0 1
37.900000000 0.2 0 0 0 0 0 1
38.000000000 0.2 0 0 0 0 0 1
38.100000000 0.2 0 0 0 0 0 1
38.200000000 0.2 0 0 0 0 0 1
38.300000000 0.2 0 0 0 0 0 1
38.400000000 0.2 0 0 0 0 0 1
38.500000000 0.2 0 0 0 0 0 1
38.600000000 0.2 0 0 0 0 0 1
38.700000000 0.2 0 0 0 0 0 1
38.800000000 0.2 0 0 0 0 0 1
38.900000000 0.2 0 0 0 0 0 1
39.000000000 0.2 0 0 0 0 0 1
39.100000000 0.2 0 0 0 0 0 1
39.200000000 0.2 0 0 0 0 0 1
39.300000000 0.2 0 0 0 0 0 1
39.400000000 0.2 0 0 0 0 0 1
39.500000000 0.2 0 0 0 0 0 1
39.600000000 0.2 0 0 0 0 0 1
39.700000000 0.2 0 0 0 0 0 1
39.800000000 0.2 0 0 0 0 0 1
39.900000000 0.2 0 0 0 0 0 1
40.000000000 0.2 0 0 0 0 0 1
40.100000000 0.2 0 0 0 0 0 1
40.200000000 0.2 0 0 0 0 0 1
40.300000000 0.2 0 0 0 0 0 1
40.400000000 0.2 0 0 0 0 0 1
40.500000000 0.2 0 0 0 0 0 1
40.600000000 0.2 0 0 0 0 0 1
40.700000000 0.2 0 0 0 0 0 1
40.800000000 0.2 0 0 0 0 0 1
40.900000000 0.2 0 0 0 0 0 1
41.000000000 0.2 0 0 0 0 0 1
41.100000000 0.2 0 0 0 0 0 1
41.200000000 0.2 0 0 0 0 0 1
41.300000000 0.2 0 0 0 0 0 1
41.400000000 0.2 0 0 0 0 0 1
41.500000000 0.2 0 0 0 0 0 1
41.600000000 0.2 0 0 0 0 0 1
41.700000000 0.2 0 0 0 0 0 1
41.800000000 0.2 0 0 0 0 0 1
41.900000000 0.2 0 0 0 0 0 1
42.000000000 0.2 0 0 0 0 0 1
42.100000000 0.2 0 0 0 0 0 1
42.200000000 0.2 0 0 0 0 0 1
42.300000000 0.2 0 0 0 0 0 1
42.400000000 0.2 0 0 0 0 0 1
42.500000000 0.2 0 0 0 0 0 1
42.600000000 0.2 0 0 0 0 0 1
42.700000000 0.2 0 0 0 0 0 1
42.800000000 0.2 0 0 0 0 0 1
42.900000000 0.2 0 0 0 0 0 1
43.000000000 0.2 0 0 0 0 0 1
43.100000000 0.2 0 0 0 0 0 1
43.200000000 0.2 0 0 0 0 0 1
43.300000000 0.2 0 0 0 0 0 1
43.400000000 0.2 0 0 0 0 0 1
43.500000000 0.2 0 0 0 0 0 1
43.600000000 0.2 0 0 0 0 0 1
43.700000000 0.2 0 0 0 0 0 1
43.800000000 0.2 0 0 0 0 0 1
43.900000000 0.2 0 0 0 0 0 1
44.000000000 0.2 0 0 0 0 0 1
44.100000000 0.2 0 0 0 0 0 1
44.200000000 0.2 0 0 0 0 0 1
44.300000000 0.2 0 0 0 0 0 1
44.400000000 0.2 0 0 0 0 0 1
44.500000000 0.2 0 0 0 0 0 1
44.600000000 0.2 0 0 0 0 0 1
44.700000000 0.2 0 0 0 0 0 1
44.800000000 0.2 0 0 0 0 0 1
44.900000000 0.2 0 0 0 0 0 1
45.000000000 0.2 0 0 0 0 0 1
45.100000000 0.2 0 0 0 0 0 1
45.200000000 0.2 0 0 0 0 0 1
45.300000000 0.2 0 0 0 0 0 1
45.400000000 0.2 0 0 0 0 0 1
45.500000000 0.2 0 0 0 0 0 1
45.600000000 0.2 0 0 0 0 0 1
45.700000000 0.2 0 0 0 0 0 1
45.800000000 0.2 0 0 0 0 0 1
45.900000000 0.2 0 0 0 0 0 1
46.000000000 0.2 0 0 0 0 0 1
46.100000000 0.2 0 0 0 0 0 1
46.200000000 0.2 0 0 0 0 0 1
46.300000000 0.2 0 0 0 0 0 1
46.400000000 0.2 0 0 0 0 0 1
46.500000000 0.2 0 0 0 0 0 1
46.600000000 0.2 0 0 0 0 0 1
46.700000000 0.2 0 0 0 0 0 1
46.800000000 0.2 0 0 0 0 0 1
46.900000000 0.2 0 0 0 0 0 1
47.000000000 0.2 0 0 0 0 0 1
47.100000000 0.2 0 0 0 0 0 1
47.200000000 0.2 0 0 0 0 0 1
47.300000000 0.2 0 0 0 0 0 1
47.400000000 0.2 0 0 0 0 0 1
47.500000000 0.2 0 0 0 0 0 1
47.600000000 0.2 0 0 0 0 0 1
47.700000000 0.2 0 0 0 0 0 1
47.800000000 0.2 0 0 0 0 0 1
47.900000000 0.2 0 0 0 0 0 1
48.000000000 0.2 0 0 0 0 0 1
48.100000000 0.2 0 0 0 0 0 1
48.200000000 0.2 0 0 0 0 0 1
48.300000000 0.2 0 0 0 0 0 1
48.400000000 0.2 0 0 0 0 0 1
48.500000000 0.2 0 0 0 0 0 1
48.600000000 0.2 0 0 0 0 0 1
48.700000000 0.2 0 0 0 0 0 1
48.800000000 0.2 0 0 0 0 0 1
48.900000000 0.2 0 0 0 0 0 1
49.000000000 0.2 0 0 0 0 0 1
49.100000000 0.2 0 0 0 0 0 1
49.200000000 0.2 0 0 0 0 0 1
49.300000000 0.2 0 0 0 0 0 1
49.400000000 0.2 0 0 0 0 0 1
49.500000000 0.2 0 0 0 0 0 1
49.600000000 0.2 0 0 0 0 0 1
49.700000000 0.2 0 0 0 0 0 1
49.800000000 0.2 0 0 0 0 0 1
49.900000000 0.2 0 0 0 0 0 1
50.000000000 0.2 0 0 0 0 0 1
50.100000000 0.2 0 0 0 0 0 1
50.200000000 0.2 0 0 0 0 0 1
50.300000000 0.2 0 0 0 0 0 1
50.400000000 0.2 0 0 0 0 0 1
50.500000000 0.2 0 0 0 0 0 1
50.600000000 0.2 0 0 0 0 0 1
50.700000000 0.2 0 0 0 0 0 1
50.800000000 0.2 0 0 0 0 0 1
50.900000000 0.2 0 0 0 0 0 1
51.000000000 0.2 0 0 0 0 0 1
51.100000000 0.2 0 0 0 0 0 1
51.200000000 0.2 0 0 0 0 0 1
51.300000000 0.2 0 0 0 0 0 1
51.400000000 0.2 0 0 0 0 0 1
51.500000000 0.2 0 0 0 0 0 1
51.600000000 0.2 0 0 0 0 0 1
51.700000000 0.2 0 0 0 0 0 1
51.800000000 0.2 0 0 0 0 0 1
51.900000000 0.2 0 0 0 0 0 1
52.000000000 0.2 0 0 0 0 0 1
52.100000000 0.2 0 0 0 0 0 1
52.200000000 0.2 0 0 0 0 0 1
52.300000000 0.2 0 0 0 0 0 1
52.400000000 0.2 0 0 0 0 0 1
52.500000000 0.2 0 0 0 0 0 1
52.600000000 0.2 0 0 0 0 0 1
52.700000000 0.2 0 0 0 0 0 1
52.800000000 0.2 0 0 0 0 0 1
52.900000000 0.2 0 0 0 0 0 1
53.000000000 0.2 0 0 0 0 0 1
53.100000000 0.2 0 0 0 0 0 1
53.200000000 0.2 0 0 0 0 0 1
53.300000000 0.2 0 0 0 0 0 1
53.400000000 0.2 0 0 0 0 0 1
53.500000000 0.2 0 0 0 0 0 1
53.600000000 0.2 0 0 0 0 0 1
53.700000000 0.2 0 0 0 0 0 1
53.800000000 0.2 0 0 0 0 0 1
53.900000000 0.2 0 0 0 0 0 1
54.000000000 0.2 0 0 0 0 0 1
54.100000000 0.2 0 0 0 0 0 1
54.200000000 0.2 0 0 0 0 0 1
54.300000000 0.2 0 0 0 0 0 1
54.400000000 0.2 0 0 0 0 0 1
54.500000000 0.2 0 0 0 0 0 1
54.600000000 0.2 0 0 0 0 0 1
54.700000000 0.2 0 0 0 0 0 1
54.800000000 0.2 0 0 0 0 0 1
54.900000000 0.2 0 0 0 0 0 1
55.000000000 0.2 0 0 0 0 0 1
55.100000000 0.2 0 0 0 0 0 1
55.200000000 0.2 0 0 0 0 0 1
55.300000000 0.2 0 0 0 0 0 1
55.400000000 0.2 0 0 0 0 0 1
55.500000000 0.2 0 0 0 0 0 1
55.600000000 0.2 0 0 0 0 0 1
55.700000000 0.2 0 0 0 0 0 1
55.800000000 0.2 0 0 0 0 0 1
55.900000000 0.2 0 0 0 0 0 1
56.000000000 0.2 0 0 0 0 0 1
56.100000000 0.2 0 0 0 0 0 1
56.200000000 0.2 0 0 0 0 0 1
56.300000000 0.2 0 0 0 0 0 1
56.400000000 0.2 0 0 0 0 0 1
56.500000000 0.2 0 0 0 0 0 1
56.600000000 0.2 0 0 0 0 0 1
56.700000000 0.2 0 0 0 0 0 1
56.800000000 0.2 0 0 0 0 0 1
56.900000000 0.2 0 0 0 0 0 1
57.000000000 0.2 0 0 0 0 0 1
57.100000000 0.2 0 0 0 0 0 1
57.200000000 0.2 0 0 0 0 0 1
57.300000000 0.2 0 0 0 0 0 1
57.400000000 0.2 0 0 0 0 0 1
57.500000000 0.2 0 0 0 0 0 1
57.600000000 0.2 0 0 0 0 0 1
57.700000000 0.2 0 0 0 0 0 1
57.800000000 0.2 0 0 0 0 0 1
57.900000000 0.2 0 0 0 0 0 1
58.000000000 0.2 0 0 0 0 0 1
58.100000000 0.2 0 0 0 0 0 1
58.200000000 0.2 0 0 0 0 0 1
58.300000000 0.2 0 0 0 0 0 1
58.400000000 0.2 0 0 0 0 0 1
58.500000000 0.2 0 0 0 0 0 1
58.600000000 0.2 0 0 0 0 0 1
58.700000000 0.2 0 0 0 0 0 1
58.800000000 0.2 0 0 0 0 0 1
58.900000000 0.2 0 0 0 0 0 1
59.000000000 0.2 0 0 0 0 0 1
59.100000000 0.2 0 0 0 0 0 1
59.200000000 0.2 0 0 0 0 0 1
59.300000000 0.2 0 0 0 0 0 1
59.400000000 0.2 0 0 0 0 0 1
59.500000000 0.2 0 0 0 0 0 1
59.600000000 0.2 0 0 0 0 0 1
59.700000000 0.2 0 0 0 0 0 1
59.800000000 0.2 0 0 0 0 0 1
59.900000000 0.2 0 0 0 0 0 1
60.000000000 0.2 0 0 0 0 0 1
60.100000000 0.2 0 0 0 0 0 1
60.200000000 0.2 0 0 0 0 0 1
60.300000000 0.2 0 0 0 0 0 1
60.400000000 0.2 0 0 0 0 0 1
60.500000000 0.2 0 0 0 0 0 1
60.600000000 0.2 0 0 0 0 0 1
60.700000000 0.2 0 0 0 0 0 1
60.800000000 0.2 0 0 0 0 0 1
60.900000000 0.2 0 0 0 0 0 1
61.000000000 0.2 0 0 0 0 0 1
61.100000000 0.2 0 0 0 0 0 1
61.200000000 0.2 0 0 0 0 0 1
61.300000000 0.2 0 0 0 0 0 1
61.400000000 0.2 0 0 0 0 0 1
61.500000000 0.2 0 0 0 0 0 1
61.600000000 0.2 0 0 0 0 0 1
61.700000000 0.2 0 0 0 0 0 1
61.800000000 0.2 0 0 0 0 0 1
61.900000000 0.2 0 0 0 0 0 1
62.000000000 0.2 0 0 0 0 0 1
62.100000000 0.2 0 0 0 0 0 1
62.200000000 0.2 0 0 0 0 0 1
62.300000000 0.2 0 0 0 0 0 1
62.400000000 0.2 0 0 0 0 0 1
62.500000000 0.2 0 0 0 0 0 1
62.600000000 0.2 0 0 0 0 0 1
62.700000000 0.2 0 0 0 0 0 1
62.800000000 0.2 0 0 0 0 0 1
62.900000000 0.2 0 0 0 0 0 1
63.000000000 0.2 0 0 0 0 0 1
63.100000000 0.2 0 0 0 0 0 1
63.200000000 0.2 0 0 0 0 0 1
63.300000000 0.2 0 0 0 0 0 1
63.400000000 0.2 0 0 0 0 0 1
63.500000000 0.2 0 0 0 0 0 1
63.600000000 0.2 0 0 0 0 0 1
63.700000000 0.2 0 0 0 0 0 1
63.800000000 0.2 0 0 0 0 0 1
63.900000000 0.2 0 0 0 0 0 1
64.000000000 0.2 0 0 0 0 0 1
64.100000000 0.2 0 0 0 0 0 1
64.200000000 0.2 0 0 0 0 0 1
64.300000000 0.2 0 0 0 0 0 1
64.400000000 0.2 0 0 0 0 0 1
64.500000000 0.2 0 0 0 0 0 1
64.600000000 0.2 0 0 0 0 0 1
64.700000000 0.2 0 0 0 0 0 1
64.800000000 0.2 0 0 0 0 0 1
64.900000000 0.2 0 0 0 0 0 1
65.000000000 0.2 0 0 0 0 0 1
65.100000000 0.2 0 0 0 0 0 1
65.200000000 0.22 -4.73042e-18 0 0 0 -1.18261e-17 1
65.300000000 0.24 -9.46084e-18 0 0 0 -2.36521e-17 1
65.400000000 0.26 -1.41913e-17 0 0 0 -3.54782e-17 1
65.500000000 0.28 -1.89217e-17 0 0 0 -4.73042e-17 1
65.600000000 0.3 -2.36521e-17 0 0 0 -5.91303e-17 1
65.700000000 0.318333 -2.79883e-17 0 0 0 -6.99708e-17 1
65.800000000 0.338333 -3.27187e-17 0 0 0 -8.17969e-17 1
65.900000000 0.36 -3.78434e-17 0 0 0 -9.46084e-17 1
66.000000000 0.38 -4.25738e-17 0 0 0 -1.06434e-16 1
66.100000000 0.4 -4.73042e-17 0 0 0 -1.18261e-16 1
66.200000000 0.418333 -5.16404e-17 0 0 0 -1.29101e-16 1
66.300000000 0.438333 -5.63709e-17 0 0 0 -1.40927e-16 1
66.400000000 0.456667 -6.07071e-17 0 0 0 -1.51768e-16 1
66.500000000 0.475 -6.50433e-17 0 0 0 -1.62608e-16 1
66.600000000 0.495 -6.97737e-17 0 0 0 -1.74434e-16 1
66.700000000 0.513333 -7.41099e-17 0 0 0 -1.85275e-16 1
66.800000000 0.536667 -7.96288e-17 0 0 0 -1.99072e-16 1
66.900000000 0.558333 -8.47534e-17 0 0 0 -2.11883e-16 1
67.000000000 0.581667 -9.02722e-17 0 0 0 -2.25681e-16 1
67.100000000 0.603333 -9.53968e-17 0 0 0 -2.38492e-16 1
67.200000000 0.625 -1.00521e-16 0 0 0 -2.51304e-16 1
67.300000000 0.648333 -1.0604e-16 0 0 0 -2.65101e-16 1
67.400000000 0.67 -1.11165e-16 0 0 0 -2.77912e-16 1
67.500000000 0.693333 -1.16684e-16 0 0 0 -2.91709e-16 1
67.600000000 0.715 -1.21808e-16 0 0 0 -3.04521e-16 1
67.700000000 0.736667 -1.26933e-16 0 0 0 -3.17332e-16 1
67.800000000 0.756667 -1.31663e-16 0 0 0 -3.29159e-16 1
67.900000000 0.776667 -1.36394e-16 0 0 0 -3.40985e-16 1
68.000000000 0.795 -1.4073e-16 0 0 0 -3.51825e-16 1
68.100000000 0.815 -1.4546e-16 0 0 0 -3.63651e-16 1
68.200000000 0.835 -1.50191e-16 0 0 0 -3.75477e-16 1
68.300000000 0.855 -1.54921e-16 0 0 0 -3.87303e-16 1
68.400000000 0.875 -1.59652e-16 0 0 0 -3.99129e-16 1
68.500000000 0.895 -1.64382e-16 0 0 0 -4.10955e-16 1
68.600000000 0.915 -1.69113e-16 0 0 0 -4.22781e-16 1
68.700000000 0.933333 -1.73449e-16 0 0 0 -4.33622e-16 1
68.800000000 0.953333 -1.78179e-16 0 0 0 -4.45448e-16 1
68.900000000 0.973333 -1.8291e-16 0 0 0 -4.57274e-16 1
69.000000000 0.993333 -1.8764e-16 0 0 0 -4.691e-16 1
69.100000000 1.01333 -1.9237e-16 0 0 0 -4.80926e-16 1
69.200000000 1.03167 -1.96707e-16 0 0 0 -4.91767e-16 1
69.300000000 1.03067 -0.0199667 0 0 0 -0.0499792 0.99875
69.400000000 1.02768 -0.0397339 0 0 0 -0.0998334 0.995004
69.500000000 1.02273 -0.059104 0 0 0 -0.149438 0.988771
69.600000000 1.01588 -0.0778837 0 0 0 -0.198669 0.980067
69.700000000 1.00718 -0.0958851 0 0 0 -0.247404 0.968912
69.800000000 0.996734 -0.112928 0 0 0 -0.29552 0.955336
69.900000000 0.984635 -0.128844 0 0 0 -0.342898 0.939373
70.000000000 0.971008 -0.143471 0 0 0 -0.389418 0.921061
70.100000000 0.955989 -0.156665 0 0 0 -0.434966 0.900447
70.200000000 0.939727 -0.168294 0 0 0 -0.479426 0.877583
70.300000000 0.922386 -0.178241 0 0 0 -0.522687 0.852525
70.400000000 0.904138 -0.186408 0 0 0 -0.564642 0.825336
70.500000000 0.885166 -0.192712 0 0 0 -0.605186 0.796084
70.600000000 0.86566 -0.19709 0 0 0 -0.644218 0.764842
70.700000000 0.845814 -0.199499 0 0 0 -0.681639 0.731689
70.800000000 0.825827 -0.199915 0 0 0 -0.717356 0.696707
70.900000000 0.805898 -0.198333 0 0 0 -0.75128 0.659983
71.000000000 0.786226 -0.19477 0 0 0 -0.783327 0.62161
71.100000000 0.767009 -0.18926 0 0 0 -0.813416 0.581683
71.200000000 0.748437 -0.181859 0 0 0 -0.841471 0.540302
71.300000000 0.730697 -0.172642 0 0 0 0.867423 -0.497571
71.400000000 0.713966 -0.161699 0 0 0 0.891207 -0.453596
71.500000000 0.698411 -0.149141 0 0 0 0.912764 -0.408487
71.600000000 0.684188 -0.135093 0 0 0 0.932039 -0.362358
71.700000000 0.671438 -0.119694 0 0 0 0.948985 -0.315322
71.800000000 0.660289 -0.1031 0 0 0 0.963558 -0.267499
71.900000000 0.650852 -0.085476 0 0 0 0.975723 -0.219007
72.000000000 0.643222 -0.0669976 0 0 0 0.98545 -0.169967
72.100000000 0.637475 -0.0478499 0 0 0 0.992713 -0.120503
72.200000000 0.633668 -0.028224 0 0 0 0.997495 -0.0707372
