0.100000000 0.2 0 0 0 0 0 1
66.500000000 0.993019 -0.113059 0 0 0 -0.29552 0.955337
67.200000000 0.900221 -0.187016 0 0 0 -0.605675 0.795712
67.800000000 0.771957 -0.1836 0 0 0 -0.813772 0.581184
68.400000000 0.676477 -0.114092 0 0 0 -0.949178 0.314739
68.900000000 0.636846 -0.0228577 0 0 0 -0.997495 0.0707371
69.500000000 0.655499 0.0937022 0 0 0 0.973848 0.227203
70.100000000 0.736729 0.179299 0 0 0 0.863209 0.504847
70.800000000 0.852963 0.195616 0 0 0 0.637291 0.770623
71.300000000 0.957413 0.160351 0 0 0 0.42738 0.904072
72.000000000 1.02242 0.0516292 0 0 0 0.0908525 0.995864
72.600000000 1.00845 -0.0658131 0 0 0 -0.207503 0.978234
144.200000000 1.18241 -0.0341645 0 0 0 0.189083 0.981961
144.700000000 1.12819 0.0580103 0 0 0 0.425589 0.904917
145.300000000 1.03956 0.155149 0 0 0 0.650431 0.759565
146.000000000 0.924853 0.293684 0 0 0 0.827466 0.561516
147.600000000 0.206847 1.03193 0 0 0 0.934187 0.356785
148.900000000 -0.526952 1.7157 0 0 0 0.926624 0.375989
