0.300000000 0.2 0 0 0 0 0 1
8.800000000 1.00161 -0.113043 0 0 0 -0.295515 0.955338
9.500000000 0.910164 -0.187115 0 0 0 -0.605662 0.795722
10.100000000 0.782361 -0.183656 0 0 0 -0.813757 0.581205
10.700000000 0.68714 -0.114242 0 0 0 -0.949166 0.314776
11.300000000 0.647944 -0.00301047 0 0 0 -0.999795 0.0202321
11.800000000 0.678569 0.110935 0 0 0 0.973862 0.227142
12.500000000 0.770327 0.186483 0 0 0 0.836603 0.547809
13.100000000 0.876619 0.200703 0 0 0 0.637296 0.770619
13.600000000 0.969788 0.155898 0 0 0 0.427374 0.904075
14.200000000 1.0249 0.0573409 0 0 0 0.141115 0.989993
14.900000000 1.02145 -0.0708529 0 0 0 -0.207506 0.978234
18.400000000 1.21921 -0.0401297 0 0 0 0.137352 0.990522
19.100000000 1.15369 0.0700966 0 0 0 0.469207 0.883088
19.700000000 1.07769 0.178931 0 0 0 0.68158 0.731743
20.400000000 0.931547 0.244516 0 0 0 0.857935 0.513758
21.800000000 0.250761 0.928889 0 0 0 0.938354 0.345675
23.100000000 -0.4829 1.58348 0 0 0 0.927518 0.373779
24.500000000 -1.15929 2.38721 0 0 0 0.894957 0.446153
25.700000000 -1.64174 3.14762 0 0 0 0.867574 0.497308
27.100000000 -2.03266 4.1299 0 0 0 0.814332 0.580399
28.400000000 -2.3426 5.06076 0 0 0 0.838452 0.544975
29.700000000 -2.7224 5.9568 0 0 0 0.823219 0.567724
31.200000000 -2.88507 6.93771 0 0 0 0.68928 0.724495
32.800000000 -2.47881 7.96262 0 0 0 0.528973 0.848639
34.200000000 -2.08759 8.9118 0 0 0 0.594077 0.804408
36.200000000 -1.98067 9.89384 0 0 0 0.696554 0.717505
37.600000000 -2.07825 10.9364 0 0 0 0.74368 0.668536
38.800000000 -2.1493 11.8362 0 0 0 0.734449 0.678664
41.000000000 -2.19936 12.8465 0 0 0 0.718891 0.695122
44.300000000 -2.20991 13.7801 0 0 0 0.710229 0.703971
48.300000000 -2.21254 14.7465 0 0 0 0.708902 0.705307
51.700000000 -2.21213 15.7957 0 0 0 0.723586 0.690234
53.000000000 -2.43439 16.7584 0 0 0 0.799316 0.60091
54.300000000 -2.74676 17.6787 0 0 0 0.807845 0.589394
55.300000000 -2.70458 18.0142 0 0 0 0.599398 0.800451
56.000000000 -2.64745 17.9673 0 0 0 0.292217 0.956352
56.600000000 -2.60889 17.8354 0 0 0 0.000594692 1
57.200000000 -2.5841 17.7664 0 0 0 -0.290623 0.956838
57.900000000 -2.68861 17.6426 0 0 0 -0.595166 0.803603
58.500000000 -2.82564 17.6321 0 0 0 -0.803344 0.595515
59.100000000 -2.91823 17.6881 0 0 0 -0.941925 0.335823
59.700000000 -2.97178 17.7904 0 0 0 -0.998979 0.0451808
60.300000000 -2.94994 17.9044 0 0 0 0.969118 0.246596
61.000000000 -2.85143 18.0244 0 0 0 0.829164 0.559006
61.500000000 -2.74181 18.0837 0 0 0 0.69279 0.72114
63.000000000 -2.40641 19.0552 0 0 0 0.565261 0.824912
64.700000000 -2.19919 20.039 0 0 0 0.655725 0.755
66.200000000 -2.20558 21.0317 0 0 0 0.73621 0.676753
67.500000000 -2.27391 22.0078 0 0 0 0.736279 0.676678
69.100000000 -2.33794 22.9442 0 0 0 0.722516 0.691354
71.600000000 -2.35721 23.8905 0 0 0 0.710816 0.703378
75.200000000 -2.36067 24.8266 0 0 0 0.708245 0.705967
79.200000000 -2.36395 25.7808 0 0 0 0.708252 0.70596
83.700000000 -2.36725 26.7645 0 0 0 0.708248 0.705963
87.300000000 -2.35703 27.7471 0 0 0 0.701897 0.712279
88.700000000 -2.46825 28.7759 0 0 0 0.776177 0.630515
90.200000000 -2.96948 29.7133 0 0 0 0.894617 0.446834
91.500000000 -3.64612 30.4198 0 0 0 0.926086 0.377313
92.900000000 -4.37853 31.1089 0 0 0 0.947437 0.319942
93.500000000 -4.43989 31.0106 0 0 0 0.999218 0.0395427
94.100000000 -4.41395 30.8954 0 0 0 -0.966276 0.257507
94.700000000 -4.32737 30.8149 0 0 0 -0.847025 0.531553
95.200000000 -4.23044 30.7973 0 0 0 -0.688368 0.725361
95.900000000 -4.11412 30.8512 0 0 0 -0.397911 0.917424
96.600000000 -3.9955 30.9342 0 0 0 -0.0882498 0.996098
97.400000000 -3.88263 31.0689 0 0 0 0.240409 0.970672
98.900000000 -3.14909 31.8164 0 0 0 0.414256 0.91016
100.200000000 -2.59555 32.6194 0 0 0 0.50262 0.864507
101.700000000 -2.21718 33.6369 0 0 0 0.632734 0.774369
103.000000000 -2.23024 34.6075 0 0 0 0.737896 0.674914
104.300000000 -2.41577 35.5448 0 0 0 0.759441 0.650576
105.800000000 -2.47963 36.5317 0 0 0 0.726233 0.687449
108.900000000 -2.47041 37.4321 0 0 0 0.691005 0.72285
113.000000000 -2.40574 38.415 0 0 0 0.686959 0.726697
114.500000000 -2.39054 39.4616 0 0 0 0.717643 0.696411
115.800000000 -2.51164 40.4248 0 0 0 0.763841 0.645405
117.200000000 -2.75487 41.4491 0 0 0 0.783944 0.620831
118.500000000 -2.86902 42.4105 0 0 0 0.730893 0.682492
119.400000000 -2.80074 42.6239 0 0 0 0.474502 0.880255
120.000000000 -2.70015 42.5299 0 0 0 0.19945 0.979908
120.700000000 -2.67897 42.4416 0 0 0 -0.144638 0.989485
121.300000000 -2.76289 42.3412 0 0 0 -0.426704 0.904391
121.900000000 -2.81755 42.2974 0 0 0 -0.671471 0.74103
122.800000000 -3.03925 42.0478 0 0 0 -0.862741 0.505646
123.800000000 -3.43397 41.7305 0 0 0 -0.960927 0.276803
124.500000000 -3.47414 41.8403 0 0 0 0.997967 0.0637253
125.000000000 -3.43559 41.9264 0 0 0 0.952217 0.305422
125.700000000 -3.38907 42.0684 0 0 0 0.815191 0.579192
126.500000000 -3.26236 42.282 0 0 0 0.613965 0.789333
127.900000000 -2.89838 43.1265 0 0 0 0.499554 0.866283
129.200000000 -2.42548 44.0238 0 0 0 0.597329 0.801997
130.500000000 -2.32634 44.9887 0 0 0 0.713391 0.700766
131.700000000 -2.45644 45.8884 0 0 0 0.759975 0.649952
133.000000000 -2.5778 46.8546 0 0 0 0.731602 0.681732
134.400000000 -2.57189 47.9082 0 0 0 0.694022 0.719954
135.600000000 -2.51025 48.8086 0 0 0 0.673935 0.73879
136.900000000 -2.47699 49.7817 0 0 0 0.701272 0.712894
138.300000000 -2.50221 50.8247 0 0 0 0.723213 0.690625
139.600000000 -2.52308 51.806 0 0 0 0.719575 0.694415
141.000000000 -2.71522 52.8436 0 0 0 0.761545 0.648112
142.400000000 -3.04905 53.7264 0 0 0 0.869827 0.493357
143.100000000 -3.21155 53.7742 0 0 0 0.970997 0.239091
144.700000000 -4.24318 53.8262 0 0 0 0.999915 0.0130552
145.500000000 -4.39659 53.6905 0 0 0 -0.95588 0.293757
146.000000000 -4.31424 53.6368 0 0 0 -0.85105 0.525085
146.700000000 -4.11694 53.6174 0 0 0 -0.618909 0.785462
147.300000000 -4.02523 53.6779 0 0 0 -0.359144 0.933282
147.900000000 -3.9742 53.7763 0 0 0 -0.0673012 0.997733
148.500000000 -3.9018 53.8835 0 0 0 0.199828 0.979831
150.100000000 -3.27039 54.6389 0 0 0 0.398934 0.91698
151.300000000 -2.58838 55.3164 0 0 0 0.416507 0.909133
152.700000000 -1.86081 56.0753 0 0 0 0.383703 0.923457
154.000000000 -1.166 56.7577 0 0 0 0.379719 0.925102
155.300000000 -0.472244 57.4411 0 0 0 0.382539 0.923939
156.500000000 0.245634 57.9817 0 0 0 0.285613 0.958345
158.000000000 1.22047 58.2927 0 0 0 0.0730118 0.997331
159.900000000 2.16826 58.2597 0 0 0 -0.034479 0.999405
163.400000000 3.10498 58.1674 0 0 0 -0.0559955 0.998431
167.200000000 4.07004 58.0825 0 0 0 -0.0340685 0.999419
169.600000000 4.6983 58.2111 0 0 0 0.283652 0.958927
170.400000000 4.71061 58.4111 0 0 0 0.567135 0.823625
171.900000000 4.91828 59.5029 0 0 0 0.657931 0.753078
173.100000000 4.97807 60.3854 0 0 0 0.695574 0.718454
174.200000000 5.12728 60.8112 0 0 0 0.452971 0.891525
174.900000000 5.21546 60.7236 0 0 0 0.123803 0.992307
175.500000000 5.26349 60.5957 0 0 0 -0.136771 0.990603
177.100000000 6.057 59.8752 0 0 0 -0.380367 0.924836
178.300000000 6.6749 59.2073 0 0 0 -0.400391 0.916344
179.700000000 7.42169 58.5151 0 0 0 -0.372704 0.92795
181.200000000 8.37076 57.9411 0 0 0 -0.189381 0.981904
182.500000000 9.25662 57.8151 0 0 0 -0.0349489 0.999389
183.900000000 10.3057 57.8888 0 0 0 0.0634595 0.997984
185.300000000 11.3075 58.0281 0 0 0 0.0548724 0.998493
187.200000000 12.2791 58.0942 0 0 0 0.022498 0.999747
191.100000000 13.2684 58.1129 0 0 0 0.00674163 0.999977
195.700000000 14.2033 58.1191 0 0 0 0.0029988 0.999996
199.300000000 15.2045 58.125 0 0 0 0.00300029 0.999995
202.600000000 16.1266 58.1308 0 0 0 0.00300328 0.999995
206.600000000 17.1153 58.1162 0 0 0 -0.0131989 0.999913
210.000000000 18.081 58.1514 0 0 0 0.0963856 0.995344
210.600000000 18.0385 58.257 0 0 0 0.384813 0.922995
211.300000000 17.9132 58.3119 0 0 0 0.678425 0.73467
212.100000000 17.7697 58.6307 0 0 0 0.829527 0.558466
213.600000000 17.2831 59.5421 0 0 0 0.836187 0.548444
214.600000000 17.3001 59.845 0 0 0 0.614738 0.788731
215.200000000 17.3953 59.8032 0 0 0 0.358532 0.933517
215.700000000 17.4359 59.7038 0 0 0 0.119923 0.992783
216.400000000 17.5048 59.5695 0 0 0 -0.190553 0.981677
218.000000000 18.2561 58.8474 0 0 0 -0.412213 0.911088
219.300000000 18.902 58.1181 0 0 0 -0.39286 0.919598
220.900000000 19.6049 57.4383 0 0 0 -0.378874 0.925448
223.500000000 20.3085 56.7363 0 0 0 -0.378874 0.925448
225.900000000 21.0009 56.0559 0 0 0 -0.380489 0.924785
229.700000000 21.5824 55.3217 0 0 0 -0.474946 0.880015
231.200000000 21.9279 54.281 0 0 0 -0.604347 0.796722
233.700000000 22.0589 53.3853 0 0 0 -0.69215 0.721754
238.100000000 22.0143 52.4442 0 0 0 -0.73641 0.676535
242.400000000 21.9326 51.5073 0 0 0 -0.732839 0.680402
245.100000000 22.1724 50.6078 0 0 0 -0.498563 0.866853
246.500000000 22.8141 49.8221 0 0 0 -0.443741 0.896155
247.800000000 23.122 48.9886 0 0 0 -0.560881 0.827896
250.100000000 23.3725 47.9765 0 0 0 -0.714244 0.699897
251.200000000 22.9656 47.3723 0 0 0 -0.867236 0.497898
252.600000000 22.3103 46.6848 0 0 0 -0.924743 0.380591
253.900000000 21.6068 45.9898 0 0 0 -0.927713 0.373294
255.300000000 20.8686 45.2489 0 0 0 -0.922463 0.386086
256.600000000 20.1837 44.5661 0 0 0 -0.922164 0.386799
258.000000000 19.4395 43.8225 0 0 0 -0.923949 0.382516
259.300000000 18.8444 43.063 0 0 0 -0.875442 0.483323
260.700000000 18.55 42.1219 0 0 0 -0.765556 0.643369
262.500000000 18.5858 41.1493 0 0 0 -0.687916 0.72579
265.200000000 18.6383 40.224 0 0 0 -0.689462 0.724322
266.600000000 18.4775 39.2688 0 0 0 -0.802364 0.596836
268.800000000 17.9493 38.438 0 0 0 -0.898072 0.439849
272.800000000 17.3411 37.8344 0 0 0 -0.917231 0.398355
276.900000000 16.6623 37.1355 0 0 0 -0.921959 0.387288
280.600000000 16.1269 36.3917 0 0 0 -0.762876 0.646545
281.300000000 16.2416 36.3022 0 0 0 -0.542844 0.839833
282.800000000 16.9695 35.5319 0 0 0 -0.350955 0.936392
284.500000000 17.6947 34.8331 0 0 0 -0.372531 0.92802
288.100000000 18.3808 34.2885 0 0 0 -0.336364 0.941732
292.400000000 19.2123 33.864 0 0 0 -0.213021 0.977048
293.800000000 20.2775 33.4638 0 0 0 -0.0834054 0.996516
296.400000000 21.2546 33.4535 0 0 0 0.0242429 0.999706
301.200000000 22.2153 33.5382 0 0 0 0.05606 0.998427
306.100000000 23.1847 33.6391 0 0 0 0.0447186 0.999
311.000000000 24.1498 33.6937 0 0 0 0.0170402 0.999855
315.900000000 25.1247 33.7089 0 0 0 0.00526943 0.999986
320.700000000 26.0949 33.7146 0 0 0 0.00292616 0.999996
325.500000000 27.0434 33.7206 0 0 0 0.00292616 0.999996
328.900000000 28.0556 33.9661 0 0 0 0.251192 0.967937
330.300000000 28.7383 34.6393 0 0 0 0.398988 0.916956
332.500000000 29.3824 35.3173 0 0 0 0.389591 0.920988
337.100000000 30.0568 35.991 0 0 0 0.385307 0.922789
341.500000000 30.7306 36.6728 0 0 0 0.385307 0.922789
345.000000000 31.4202 37.3808 0 0 0 0.385307 0.922789
349.400000000 32.1238 38.0825 0 0 0 0.385307 0.922789
353.000000000 32.7776 38.7444 0 0 0 0.385307 0.922789
357.600000000 33.444 39.4452 0 0 0 0.404065 0.91473
360.000000000 34.0306 40.2881 0 0 0 0.517715 0.855553
361.300000000 34.3121 41.256 0 0 0 0.642129 0.766597
362.500000000 34.1795 42.2191 0 0 0 0.71175 0.702433
363.900000000 34.1739 43.1973 0 0 0 0.751107 0.66018
365.200000000 34.1265 44.1698 0 0 0 0.712883 0.701283
366.400000000 34.1104 45.1414 0 0 0 0.675977 0.736923
367.800000000 34.1843 46.1943 0 0 0 0.691513 0.722364
369.000000000 34.1915 47.0869 0 0 0 0.696281 0.717769
370.300000000 34.1933 48.0606 0 0 0 0.712856 0.70131
371.600000000 34.19 49.0343 0 0 0 0.707411 0.706802
373.000000000 34.1891 50.0868 0 0 0 0.707411 0.706802
374.400000000 34.1882 51.1406 0 0 0 0.707411 0.706802
375.600000000 34.1873 52.0343 0 0 0 0.707411 0.706802
376.900000000 34.1864 53.0181 0 0 0 0.707411 0.706802
378.300000000 34.1855 54.0618 0 0 0 0.707411 0.706802
379.600000000 34.1847 55.0356 0 0 0 0.707411 0.706802
380.900000000 34.1438 55.9993 0 0 0 0.696222 0.717826
382.000000000 34.4324 56.5593 0 0 0 0.500892 0.86551
383.400000000 35.1225 57.2765 0 0 0 0.364236 0.931307
384.700000000 35.9156 57.8494 0 0 0 0.270383 0.962753
386.100000000 36.8004 58.1425 0 0 0 0.115401 0.993319
388.000000000 37.8165 58.2087 0 0 0 -0.00512523 0.999987
389.600000000 38.8783 58.1526 0 0 0 -0.040047 0.999198
390.800000000 39.7791 58.084 0 0 0 -0.0361832 0.999345
392.100000000 40.7519 58.0444 0 0 0 -0.00864819 0.999963
393.500000000 41.8054 58.0482 0 0 0 0.0103229 0.999947
394.800000000 42.7792 58.0663 0 0 0 -0.000119069 1
396.100000000 43.7517 58.066 0 0 0 -0.000119081 1
397.500000000 44.8054 58.0658 0 0 0 -0.000119094 1
398.800000000 45.7792 58.0655 0 0 0 -0.000119107 1
400.100000000 46.7517 58.0653 0 0 0 -0.000119119 1
401.500000000 47.8054 58.065 0 0 0 -0.000119132 1
402.800000000 48.7792 58.0648 0 0 0 -0.000119146 1
404.100000000 49.7529 58.0645 0 0 0 -0.000119169 1
405.400000000 50.7267 58.0643 0 0 0 -0.000119195 1
406.700000000 51.7004 58.064 0 0 0 -0.00011922 1
408.000000000 52.6829 58.0638 0 0 0 -0.000119246 1
409.400000000 53.7267 58.0635 0 0 0 -0.000119261 1
410.700000000 54.7004 58.0633 0 0 0 -0.000119269 1
412.300000000 55.5709 57.7767 0 0 0 -0.287548 0.957766
413.500000000 56.2359 57.1537 0 0 0 -0.387177 0.922005
414.900000000 56.9619 56.4008 0 0 0 -0.388603 0.921405
416.300000000 57.6004 55.5718 0 0 0 -0.493456 0.869771
417.700000000 57.9202 54.6097 0 0 0 -0.637508 0.770444
419.600000000 57.9079 53.6321 0 0 0 -0.734848 0.678231
423.000000000 57.8087 52.7155 0 0 0 -0.7475 0.664262
426.700000000 57.7339 51.789 0 0 0 -0.72001 0.693964
428.800000000 57.7997 50.6918 0 0 0 -0.674816 0.737986
429.700000000 57.9131 50.472 0 0 0 -0.409391 0.912359
430.200000000 57.9742 50.5632 0 0 0 -0.171548 0.985176
431.100000000 58.2518 50.6782 0 0 0 0.139619 0.990205
431.900000000 58.4088 50.8943 0 0 0 0.403785 0.914854
432.400000000 58.327 50.949 0 0 0 0.612679 0.790332
433.100000000 58.2089 50.9333 0 0 0 0.846864 0.531809
433.700000000 58.1223 50.8528 0 0 0 0.966201 0.257791
434.200000000 58.1164 50.7574 0 0 0 0.999954 0.00960424
435.200000000 57.7912 50.6936 0 0 0 -0.957497 0.288443
436.500000000 57.0818 49.8847 0 0 0 -0.909843 0.414953
438.000000000 56.3415 49.1327 0 0 0 -0.926346 0.376675
440.100000000 55.6642 48.4597 0 0 0 -0.924809 0.380431
442.700000000 54.9781 47.7682 0 0 0 -0.92453 0.381109
444.600000000 54.3968 47.0948 0 0 0 -0.908486 0.417916
445.900000000 53.8599 46.2865 0 0 0 -0.866329 0.499473
447.100000000 53.3587 45.3968 0 0 0 -0.806718 0.590937
448.700000000 53.2452 44.3775 0 0 0 -0.705811 0.7084
451.500000000 53.4198 43.4364 0 0 0 -0.62566 0.780096
456.300000000 53.5664 42.4661 0 0 0 -0.660798 0.750564
460.500000000 53.6275 41.479 0 0 0 -0.693521 0.720436
462.800000000 53.6185 40.5285 0 0 0 -0.728268 0.685293
464.400000000 53.3257 39.5735 0 0 0 -0.846267 0.532758
466.700000000 52.7666 38.8574 0 0 0 -0.907935 0.41911
468.400000000 52.0513 38.1333 0 0 0 -0.929487 0.368856
470.100000000 51.2842 37.392 0 0 0 -0.924855 0.38032
472.300000000 50.5588 36.6621 0 0 0 -0.924675 0.380758
474.500000000 49.8438 35.9537 0 0 0 -0.924671 0.380768
476.700000000 49.1504 35.2544 0 0 0 -0.923855 0.382743
480.400000000 48.5075 34.5015 0 0 0 -0.890087 0.455791
481.800000000 48.1055 33.6273 0 0 0 -0.816406 0.577479
484.600000000 47.9683 32.63 0 0 0 -0.72923 0.684268
487.600000000 47.9732 31.63 0 0 0 -0.694482 0.71951
490.100000000 48.0208 30.6844 0 0 0 -0.688508 0.725229
492.500000000 48.0752 29.7163 0 0 0 -0.688768 0.724982
495.200000000 48.1129 28.6641 0 0 0 -0.681115 0.732177
496.600000000 48.2904 27.6923 0 0 0 -0.526018 0.850473
497.800000000 48.7367 27.1882 0 0 0 -0.305695 0.952129
498.500000000 48.8315 27.2691 0 0 0 0.00665457 0.999978
499.100000000 48.8525 27.4004 0 0 0 0.274784 0.961506
499.600000000 48.7819 27.4725 0 0 0 0.499873 0.866099
500.300000000 48.7667 27.4888 0 0 0 0.765819 0.643056
500.900000000 48.6715 27.4449 0 0 0 0.921651 0.388021
501.500000000 48.6052 27.3611 0 0 0 0.995325 0.0965872
502.000000000 48.6078 27.2537 0 0 0 -0.988372 0.152054
502.700000000 48.6953 27.1766 0 0 0 -0.876016 0.482283
503.200000000 48.7895 27.1557 0 0 0 -0.729879 0.683576
504.300000000 49.0481 26.6515 0 0 0 -0.517629 0.855605
505.800000000 49.781 25.8884 0 0 0 -0.364051 0.931379
507.100000000 50.4918 25.2216 0 0 0 -0.373906 0.927467
508.400000000 51.1867 24.5388 0 0 0 -0.38385 0.923396
509.700000000 51.869 23.8533 0 0 0 -0.38384 0.9234
511.100000000 52.6169 23.1119 0 0 0 -0.383832 0.923403
512.500000000 53.3547 22.3605 0 0 0 -0.383824 0.923406
513.800000000 54.0635 21.6933 0 0 0 -0.341798 0.939773
515.200000000 54.9632 21.2046 0 0 0 -0.179261 0.983802
516.700000000 56.0179 21.12 0 0 0 0.0404663 0.999181
517.500000000 56.2315 21.2658 0 0 0 0.307225 0.951637
518.100000000 56.1334 21.3263 0 0 0 0.574749 0.81833
518.900000000 56.0369 21.5351 0 0 0 0.789058 0.614319
520.100000000 55.5724 22.0733 0 0 0 0.918327 0.395823
521.400000000 54.8482 22.7404 0 0 0 0.93068 0.365835
522.700000000 54.1583 23.4192 0 0 0 0.923257 0.384183
524.000000000 53.9133 23.8532 0 0 0 0.731164 0.682202
524.500000000 54.0473 23.8367 0 0 0 0.544078 0.839034
525.100000000 54.1391 23.7775 0 0 0 0.27629 0.961074
525.700000000 54.1779 23.6653 0 0 0 -0.0154135 0.999881
526.400000000 54.1379 23.5346 0 0 0 -0.352232 0.935913
527.100000000 54.0422 23.464 0 0 0 -0.64869 0.761052
527.800000000 53.8707 23.2567 0 0 0 -0.812367 0.583146
528.900000000 53.3986 22.9193 0 0 0 -0.944042 0.329824
530.200000000 52.7154 22.357 0 0 0 -0.943243 0.332105
532.500000000 51.9095 21.7001 0 0 0 -0.953616 0.301026
533.800000000 51.0228 21.2904 0 0 0 -0.98596 0.166981
535.400000000 50.0572 21.1246 0 0 0 -0.999459 0.0328869
538.800000000 49.0749 21.1749 0 0 0 0.999437 0.0335425
543.600000000 48.1263 21.2437 0 0 0 0.999412 0.0343014
548.500000000 47.1586 21.2736 0 0 0 0.99992 0.0126195
553.400000000 46.1802 21.2852 0 0 0 0.999994 0.00358632
558.300000000 45.2124 21.2891 0 0 0 0.999998 0.00204158
563.300000000 44.224 21.2932 0 0 0 0.999998 0.00204158
568.100000000 43.272 21.2974 0 0 0 0.999998 0.00204158
573.100000000 42.279 21.3017 0 0 0 0.999998 0.00204159
578.100000000 41.2887 21.3058 0 0 0 0.999998 0.00204159
583.000000000 40.3145 21.3101 0 0 0 0.999998 0.00204159
587.900000000 39.346 21.3142 0 0 0 0.999998 0.00204159
590.100000000 38.5709 21.0699 0 0 0 -0.960269 0.279076
592.000000000 37.8418 20.3336 0 0 0 -0.921329 0.388785
595.900000000 37.168 19.652 0 0 0 -0.923362 0.383931
600.500000000 36.4735 18.9536 0 0 0 -0.923362 0.383931
601.900000000 36.1734 18.765 0 0 0 -0.998397 0.0566019
602.500000000 36.1628 18.7483 0 0 0 0.979281 0.202506
604.000000000 35.4043 19.6321 0 0 0 0.914887 0.403711
605.900000000 34.7116 20.3657 0 0 0 0.921663 0.387992
609.500000000 34.0087 20.8356 0 0 0 0.953894 0.300145
610.900000000 33.0588 21.2856 0 0 0 0.98873 0.14971
613.300000000 32.0586 21.483 0 0 0 0.999792 0.0203919
617.800000000 31.0968 21.4318 0 0 0 -0.999233 0.0391479
622.500000000 30.1066 21.3445 0 0 0 -0.999096 0.0425161
627.300000000 29.1245 21.2794 0 0 0 -0.99975 0.0223798
632.300000000 28.1344 21.2585 0 0 0 -0.999976 0.00694187
637.200000000 27.1632 21.253 0 0 0 -0.999998 0.00211133
638.400000000 26.5689 20.998 0 0 0 -0.961908 0.273373
640.100000000 25.8326 20.29 0 0 0 -0.919415 0.393289
643.800000000 25.1624 19.5956 0 0 0 -0.921746 0.387794
648.200000000 24.4787 18.8941 0 0 0 -0.922819 0.385234
652.900000000 23.7851 18.2024 0 0 0 -0.922819 0.385234
657.600000000 23.0991 17.5083 0 0 0 -0.922819 0.385234
661.500000000 22.3605 16.8615 0 0 0 -0.969322 0.245793
662.100000000 22.3248 16.9723 0 0 0 0.998882 0.0472715
662.900000000 22.1179 17.1302 0 0 0 0.953953 0.299956
664.300000000 21.4512 17.8566 0 0 0 0.910973 0.412465
666.000000000 20.7853 18.5702 0 0 0 0.919942 0.392054
669.700000000 20.1083 19.2514 0 0 0 0.923227 0.384256
674.400000000 19.4392 19.9253 0 0 0 0.923227 0.384256
678.900000000 18.7452 20.5936 0 0 0 0.931538 0.363645
681.100000000 17.9292 21.1521 0 0 0 0.966975 0.254872
682.500000000 16.9731 21.4569 0 0 0 0.994818 0.10167
683.900000000 15.9293 21.4836 0 0 0 -0.999869 0.0161957
685.200000000 15.0119 21.3486 0 0 0 -0.991963 0.126526
686.900000000 14.2079 20.7409 0 0 0 -0.927337 0.374227
688.400000000 13.543 20.0481 0 0 0 -0.921138 0.389236
689.700000000 12.8504 19.3628 0 0 0 -0.923825 0.382816
691.100000000 12.1067 18.6187 0 0 0 -0.923825 0.382816
692.400000000 11.453 17.9546 0 0 0 -0.923155 0.384428
695.400000000 10.7921 17.1287 0 0 0 -0.878353 0.478012
696.700000000 10.4418 16.2182 0 0 0 -0.79529 0.60623
698.000000000 10.3681 15.2468 0 0 0 -0.70157 0.712601
699.200000000 10.5731 14.2902 0 0 0 -0.672291 0.740287
700.500000000 10.6437 13.319 0 0 0 -0.690982 0.722872
701.900000000 10.5914 12.2682 0 0 0 -0.732884 0.680353
703.300000000 10.4832 11.2211 0 0 0 -0.74109 0.671405
704.700000000 10.4606 10.1776 0 0 0 -0.706963 0.70725
705.900000000 10.4542 9.27395 0 0 0 -0.70556 0.70865
707.300000000 10.5035 8.22082 0 0 0 -0.686147 0.727463
708.600000000 10.4821 7.3176 0 0 0 -0.70345 0.710744
709.900000000 10.4789 6.34391 0 0 0 -0.710228 0.703972
711.200000000 10.4781 5.37017 0 0 0 -0.704073 0.710128
712.500000000 10.4701 4.39649 0 0 0 -0.704763 0.709443
713.800000000 10.4842 3.41276 0 0 0 -0.709683 0.704521
715.100000000 10.5336 2.38907 0 0 0 -0.688438 0.725296
716.200000000 10.7595 1.9491 0 0 0 -0.474598 0.880203
717.700000000 11.5347 1.17193 0 0 0 -0.367523 0.930014
719.000000000 12.2343 0.494145 0 0 0 -0.37742 0.926042
720.300000000 12.9221 -0.195818 0 0 0 -0.388784 0.921329
721.700000000 13.5824 -0.970528 0 0 0 -0.388487 0.921454
723.000000000 14.4055 -1.53971 0 0 0 -0.265805 0.964027
724.300000000 15.3421 -1.8908 0 0 0 -0.143494 0.989651
725.800000000 16.3759 -2.01507 0 0 0 -0.0397913 0.999208
727.200000000 17.3602 -2.08317 0 0 0 -0.0629581 0.998016
728.000000000 17.4014 -2.25761 0 0 0 -0.371502 0.928432
728.900000000 17.498 -2.6766 0 0 0 -0.578448 0.815719
730.200000000 17.6916 -3.62515 0 0 0 -0.662488 0.749073
731.900000000 17.8798 -4.30861 0 0 0 -0.369468 0.929244
732.500000000 17.9969 -4.22805 0 0 0 -0.0960005 0.995381
733.300000000 18.0776 -4.05789 0 0 0 0.228029 0.973654
734.900000000 18.8124 -3.28024 0 0 0 0.419345 0.907827
736.200000000 19.4704 -2.57172 0 0 0 0.385956 0.922517
737.600000000 20.2529 -1.86855 0 0 0 0.35678 0.934189
738.800000000 20.922 -1.24995 0 0 0 0.381284 0.924458
740.200000000 21.6566 -0.496806 0 0 0 0.388315 0.921527
741.400000000 22.2903 0.137281 0 0 0 0.381177 0.924502
742.800000000 23.0365 0.878817 0 0 0 0.381177 0.924502
744.200000000 23.8489 1.50448 0 0 0 0.248753 0.968567
745.500000000 24.7194 1.68638 0 0 0 0.0761324 0.997098
747.500000000 25.7316 1.69513 0 0 0 -0.023705 0.999719
751.200000000 26.6916 1.64409 0 0 0 -0.034769 0.999395
755.200000000 27.6894 1.57357 0 0 0 -0.0321863 0.999482
757.000000000 28.6882 1.63809 0 0 0 0.0804879 0.996756
758.800000000 29.7065 2.07507 0 0 0 0.283253 0.959045
762.200000000 30.354 2.69087 0 0 0 0.359303 0.933221
766.600000000 31.0635 3.36876 0 0 0 0.375564 0.926796
770.600000000 31.7469 4.04333 0 0 0 0.380604 0.924738
773.900000000 32.3387 4.46427 0 0 0 0.0941493 0.995558
774.800000000 32.6072 4.27056 0 0 0 -0.207435 0.978249
776.300000000 33.3729 3.57404 0 0 0 -0.392891 0.919585
777.600000000 33.9645 2.80058 0 0 0 -0.476468 0.879192
778.900000000 34.3199 1.89866 0 0 0 -0.610077 0.792343
780.300000000 34.6175 1.04835 0 0 0 -0.481356 0.876525
781.700000000 35.3526 0.288223 0 0 0 -0.36772 0.929937
783.000000000 36.0614 -0.374743 0 0 0 -0.376901 0.926253
784.300000000 36.7621 -1.05231 0 0 0 -0.366223 0.930527
785.700000000 37.4719 -1.74654 0 0 0 -0.335515 0.942035
787.000000000 38.1688 -1.91573 0 0 0 -0.0492625 0.998786
788.400000000 39.1245 -1.77392 0 0 0 0.110029 0.993928
789.700000000 40.0705 -1.57872 0 0 0 0.083 0.99655
791.000000000 41.043 -1.53212 0 0 0 -0.00578006 0.999983
792.500000000 42.0135 -1.82966 0 0 0 -0.219372 0.975641
793.800000000 42.8904 -2.26422 0 0 0 -0.206542 0.978438
795.200000000 43.9061 -2.5011 0 0 0 -0.0565913 0.998397
796.700000000 44.6882 -2.37148 0 0 0 0.281016 0.959703
797.300000000 44.5978 -2.31466 0 0 0 0.552068 0.833799
797.900000000 44.4902 -2.29249 0 0 0 0.773807 0.633422
798.500000000 44.3964 -2.33877 0 0 0 0.926433 0.376459
799.100000000 44.3426 -2.43398 0 0 0 0.996307 0.0858664
799.800000000 44.1568 -2.569 0 0 0 -0.986875 0.161489
801.300000000 43.3783 -3.19834 0 0 0 -0.932788 0.360426
802.600000000 42.9933 -3.75556 0 0 0 -0.802105 0.597184
803.300000000 43.1115 -3.74442 0 0 0 -0.548195 0.836351
803.900000000 43.2012 -3.66724 0 0 0 -0.27656 0.960997
804.500000000 43.3096 -3.58678 0 0 0 -0.0232893 0.999729
805.200000000 43.5059 -3.46476 0 0 0 0.215678 0.976464
806.600000000 44.1988 -2.79498 0 0 0 0.393892 0.919157
807.900000000 44.8647 -2.09299 0 0 0 0.393943 0.919135
809.300000000 45.7022 -1.44066 0 0 0 0.254098 0.967178
810.700000000 46.6624 -1.23111 0 0 0 0.0501619 0.998741
811.900000000 47.549 -1.32389 0 0 0 -0.0664591 0.997789
813.300000000 48.5905 -1.46036 0 0 0 -0.048886 0.998804
814.700000000 49.6339 -1.49066 0 0 0 0.000141308 1
816.000000000 50.6176 -1.47968 0 0 0 0.00555448 0.999985
817.300000000 51.5814 -1.47657 0 0 0 -0.00315065 0.999995
818.600000000 52.4526 -1.72549 0 0 0 -0.193872 0.981027
820.000000000 53.3352 -2.29024 0 0 0 -0.320406 0.94728
820.900000000 53.6027 -2.29603 0 0 0 -0.0119219 0.999929
821.500000000 53.7478 -2.23198 0 0 0 0.210856 0.977517
823.100000000 54.5354 -1.44168 0 0 0 0.395561 0.91844
824.400000000 55.2191 -0.778213 0 0 0 0.385562 0.922682
