0.300000000 0.2 0 0 0 0 0 1
9.300000000 0.984587 -0.132387 0 0 0 -0.343479 0.93916
9.900000000 0.884692 -0.195586 0 0 0 -0.605688 0.795703
10.400000000 0.766528 -0.191438 0 0 0 -0.783341 0.621592
11.100000000 0.664348 -0.121208 0 0 0 -0.949188 0.314709
11.700000000 0.625051 -0.00941944 0 0 0 -0.999797 0.0201395
12.200000000 0.646316 0.103883 0 0 0 0.973846 0.22721
12.800000000 0.728373 0.179159 0 0 0 0.863223 0.504823
13.500000000 0.841542 0.193305 0 0 0 0.637304 0.770612
14.100000000 0.945429 0.147175 0 0 0 0.381099 0.924534
14.700000000 1.0021 0.022892 0 0 0 0.0914684 0.995808
15.400000000 0.982038 -0.102087 0 0 0 -0.255539 0.966799
18.800000000 1.17285 -0.0960751 0 0 0 0.039612 0.999215
19.400000000 1.15816 0.00375939 0 0 0 0.33314 0.942877
20.000000000 1.0285 0.0846281 0 0 0 0.589083 0.808073
20.700000000 0.938622 0.153089 0 0 0 0.814081 0.580751
21.700000000 0.561188 0.469508 0 0 0 0.929271 0.369399
23.000000000 -0.189884 1.14148 0 0 0 0.937396 0.348265
24.400000000 -0.909362 1.89046 0 0 0 0.907981 0.419012
25.700000000 -1.47335 2.69788 0 0 0 0.874978 0.484163
27.000000000 -1.91627 3.56559 0 0 0 0.84267 0.53843
28.400000000 -2.32515 4.53221 0 0 0 0.825728 0.564068
29.700000000 -2.72154 5.38447 0 0 0 0.828574 0.559879
31.000000000 -2.93906 6.38048 0 0 0 0.753962 0.656918
31.800000000 -2.82583 6.49423 0 0 0 0.503378 0.864066
32.400000000 -2.71991 6.37583 0 0 0 0.233392 0.972383
33.100000000 -2.69523 6.33262 0 0 0 -0.0635694 0.997977
33.900000000 -2.31808 6.11486 0 0 0 -0.292089 0.956391
35.200000000 -1.55682 5.50982 0 0 0 -0.308435 0.951246
36.700000000 -0.553644 5.09238 0 0 0 -0.107412 0.994215
37.500000000 -0.305695 5.18526 0 0 0 0.163388 0.986562
38.200000000 -0.374707 5.26002 0 0 0 0.49062 0.871373
38.700000000 -0.515914 5.29709 0 0 0 0.688984 0.724777
39.400000000 -0.599748 5.33665 0 0 0 0.884162 0.46718
40.000000000 -0.783933 5.31031 0 0 0 0.97047 0.241222
41.600000000 -1.80658 5.40467 0 0 0 0.99986 0.0167225
42.800000000 -2.69429 5.4104 0 0 0 -0.999931 0.0117795
43.900000000 -2.9629 5.26646 0 0 0 -0.936361 0.35104
44.500000000 -2.86428 5.21576 0 0 0 -0.790799 0.612075
45.100000000 -2.74921 5.21284 0 0 0 -0.5746 0.818435
45.700000000 -2.63413 5.28337 0 0 0 -0.307074 0.951686
46.200000000 -2.64235 5.36851 0 0 0 -0.0609673 0.99814
46.900000000 -2.62892 5.5136 0 0 0 0.272155 0.962253
47.900000000 -2.33936 5.92781 0 0 0 0.507708 0.861529
49.300000000 -2.13999 6.86653 0 0 0 0.649202 0.760616
50.900000000 -2.04898 7.82394 0 0 0 0.707999 0.706214
52.900000000 -2.10053 8.88886 0 0 0 0.728549 0.684994
54.400000000 -2.15298 9.82137 0 0 0 0.724403 0.689377
56.700000000 -2.16506 10.781 0 0 0 0.712327 0.701847
60.200000000 -2.1816 11.7051 0 0 0 0.706875 0.707338
63.900000000 -2.18562 12.6702 0 0 0 0.706296 0.707917
67.900000000 -2.18316 13.6498 0 0 0 0.706307 0.707905
72.400000000 -2.18063 14.6245 0 0 0 0.706316 0.707896
75.400000000 -2.21542 15.7 0 0 0 0.728625 0.684913
76.700000000 -2.39464 16.6667 0 0 0 0.779559 0.626329
77.900000000 -2.64972 17.5364 0 0 0 0.818644 0.574301
79.400000000 -2.80876 18.5062 0 0 0 0.707521 0.706692
80.000000000 -2.80509 18.5098 0 0 0 0.465514 0.885041
80.600000000 -2.72945 18.4164 0 0 0 0.187437 0.982277
81.200000000 -2.71262 18.2946 0 0 0 -0.106702 0.994291
81.800000000 -2.76333 18.1694 0 0 0 -0.39154 0.920161
82.400000000 -2.79437 18.1081 0 0 0 -0.638414 0.769693
83.000000000 -2.89189 18.1114 0 0 0 -0.834817 0.550528
83.600000000 -2.98783 18.1795 0 0 0 -0.958919 0.28368
84.200000000 -3.02983 18.2892 0 0 0 0.99997 0.00775758
84.800000000 -3.00433 18.4035 0 0 0 0.954371 0.298624
85.300000000 -2.92158 18.4581 0 0 0 0.853456 0.521165
85.900000000 -2.81181 18.5046 0 0 0 0.673499 0.739188
87.500000000 -2.36563 19.4778 0 0 0 0.521957 0.852972
88.700000000 -2.04481 20.2916 0 0 0 0.595861 0.803088
90.200000000 -2.02648 21.3784 0 0 0 0.713534 0.70062
91.500000000 -2.08342 22.3156 0 0 0 0.748925 0.662654
92.800000000 -2.17954 23.2794 0 0 0 0.732754 0.680493
95.100000000 -2.1932 24.2494 0 0 0 0.701872 0.712303
99.600000000 -2.15972 25.2117 0 0 0 0.697873 0.716221
104.100000000 -2.14984 26.1873 0 0 0 0.705183 0.709025
108.500000000 -2.14968 27.2326 0 0 0 0.71088 0.703313
109.800000000 -2.20277 28.2038 0 0 0 0.737403 0.675453
111.100000000 -2.33108 29.1176 0 0 0 0.784412 0.62024
112.500000000 -2.70578 30.0995 0 0 0 0.82054 0.571589
113.900000000 -2.80579 30.706 0 0 0 0.59173 0.806136
114.500000000 -2.67717 30.6574 0 0 0 0.33306 0.942905
115.100000000 -2.64573 30.5298 0 0 0 0.0441326 0.999026
115.700000000 -2.64083 30.452 0 0 0 -0.25029 0.968171
116.300000000 -2.74853 30.3536 0 0 0 -0.519789 0.854295
116.800000000 -2.81193 30.3229 0 0 0 -0.712534 0.701638
117.500000000 -2.93631 30.3594 0 0 0 -0.907527 0.419994
118.100000000 -3.00777 30.4525 0 0 0 -0.990487 0.137604
118.700000000 -3.02001 30.5684 0 0 0 0.987578 0.157128
119.400000000 -2.94105 30.6792 0 0 0 0.876599 0.481222
120.000000000 -2.8901 30.8255 0 0 0 0.735771 0.67723
121.000000000 -2.613 31.3499 0 0 0 0.561622 0.827394
122.400000000 -2.1172 32.2738 0 0 0 0.535148 0.844759
124.000000000 -1.8867 33.2342 0 0 0 0.636605 0.77119
125.300000000 -1.83768 34.1905 0 0 0 0.732207 0.681082
126.700000000 -2.02904 35.1911 0 0 0 0.763965 0.645258
128.000000000 -2.13376 36.123 0 0 0 0.732626 0.680632
130.600000000 -2.12254 37.1195 0 0 0 0.692111 0.721791
134.800000000 -2.07189 38.0702 0 0 0 0.684513 0.729001
136.900000000 -2.05334 39.1521 0 0 0 0.71028 0.70392
138.200000000 -2.06646 40.1355 0 0 0 0.726166 0.687519
139.500000000 -2.29102 41.0479 0 0 0 0.805283 0.59289
140.700000000 -2.65912 41.8924 0 0 0 0.847035 0.531538
142.100000000 -2.79035 42.6397 0 0 0 0.681249 0.732052
143.700000000 -2.22465 43.555 0 0 0 0.488671 0.872468
145.000000000 -1.88128 44.4038 0 0 0 0.580677 0.814134
146.400000000 -1.81207 45.419 0 0 0 0.709769 0.704435
147.800000000 -1.90454 46.4546 0 0 0 0.749535 0.661965
149.100000000 -1.97031 47.4379 0 0 0 0.708777 0.705432
150.400000000 -1.95564 48.4015 0 0 0 0.705384 0.708825
151.700000000 -1.95778 49.3852 0 0 0 0.706347 0.707866
153.000000000 -1.9559 50.359 0 0 0 0.706353 0.70786
154.200000000 -1.95405 51.2627 0 0 0 0.706358 0.707855
155.600000000 -1.99892 52.3059 0 0 0 0.726132 0.687555
156.900000000 -2.23511 53.1714 0 0 0 0.837706 0.546121
158.300000000 -2.74616 54.1004 0 0 0 0.840201 0.542275
159.800000000 -2.8192 54.9377 0 0 0 0.656025 0.754739
160.800000000 -2.56846 55.3731 0 0 0 0.449786 0.893136
162.200000000 -1.82141 56.0914 0 0 0 0.354529 0.935045
163.500000000 -1.10902 56.7559 0 0 0 0.377684 0.925935
164.800000000 -0.400532 57.425 0 0 0 0.356886 0.934148
166.200000000 0.462457 58.0179 0 0 0 0.24166 0.970361
167.600000000 1.41826 58.2803 0 0 0 0.0709808 0.997478
169.400000000 2.3372 58.2795 0 0 0 -0.029421 0.999567
173.100000000 3.31663 58.1767 0 0 0 -0.0509784 0.9987
176.800000000 4.28978 58.0945 0 0 0 -0.0301005 0.999547
178.600000000 5.29217 58.3447 0 0 0 0.220983 0.975278
179.700000000 5.60401 58.6796 0 0 0 0.507647 0.861565
180.300000000 5.49827 58.7036 0 0 0 0.739586 0.673063
180.900000000 5.37444 58.6646 0 0 0 0.905194 0.425
181.600000000 5.30987 58.5455 0 0 0 0.9961 0.0882354
182.100000000 5.32443 58.4481 0 0 0 -0.987063 0.160335
182.800000000 5.39338 58.352 0 0 0 -0.871944 0.489606
183.400000000 5.50294 58.2377 0 0 0 -0.714938 0.699188
184.300000000 5.71653 57.9804 0 0 0 -0.483904 0.875121
185.700000000 6.29198 57.4637 0 0 0 -0.189615 0.981858
186.800000000 6.93305 57.5545 0 0 0 0.0616367 0.998099
188.100000000 7.86415 57.8346 0 0 0 0.153011 0.988225
189.500000000 8.8344 57.9927 0 0 0 0.0685 0.997651
191.000000000 9.78788 58.0732 0 0 0 0.002749 0.999996
192.900000000 10.795 58.0791 0 0 0 0.0049827 0.999988
196.300000000 11.7395 58.0837 0 0 0 0.00240379 0.999997
199.900000000 12.6792 58.0886 0 0 0 0.0024038 0.999997
203.100000000 13.7017 58.0936 0 0 0 0.00240382 0.999997
206.300000000 14.6279 58.0984 0 0 0 0.00240383 0.999997
209.900000000 15.6349 58.1035 0 0 0 0.00240383 0.999997
212.700000000 16.6769 58.1084 0 0 0 0.00240384 0.999997
214.300000000 17.6416 58.1134 0 0 0 0.00240384 0.999997
215.900000000 18.1242 58.236 0 0 0 0.296361 0.955076
216.600000000 18.0115 58.3093 0 0 0 0.606376 0.795178
218.200000000 17.841 59.2567 0 0 0 0.7475 0.664262
219.200000000 17.9428 59.5071 0 0 0 0.476524 0.879162
219.800000000 18.0422 59.4362 0 0 0 0.209385 0.977833
220.600000000 18.2315 59.3386 0 0 0 -0.0988433 0.995103
221.700000000 18.6853 58.9684 0 0 0 -0.353294 0.935512
223.100000000 19.2437 58.2005 0 0 0 -0.497949 0.867207
224.800000000 19.5759 57.2385 0 0 0 -0.533938 0.845524
227.100000000 20.2103 56.4572 0 0 0 -0.422192 0.906506
230.400000000 20.8614 55.7637 0 0 0 -0.394849 0.918746
234.200000000 21.534 55.0138 0 0 0 -0.478699 0.877979
235.500000000 21.8368 54.1277 0 0 0 -0.591923 0.805995
238.100000000 21.9535 53.1498 0 0 0 -0.682025 0.731329
242.700000000 21.9624 52.1962 0 0 0 -0.717324 0.69674
247.300000000 21.9099 51.2165 0 0 0 -0.727106 0.686525
249.800000000 22.1545 50.2563 0 0 0 -0.51923 0.854634
251.100000000 22.6667 49.4719 0 0 0 -0.488665 0.872472
252.700000000 22.9963 48.5767 0 0 0 -0.607242 0.794517
255.000000000 23.0668 47.7136 0 0 0 -0.795636 0.605775
256.700000000 22.2741 46.9787 0 0 0 -0.926334 0.376702
257.900000000 21.6793 46.287 0 0 0 -0.929351 0.369198
259.200000000 20.9851 45.6135 0 0 0 -0.925592 0.378522
260.500000000 20.2942 44.9266 0 0 0 -0.922638 0.385668
261.800000000 19.615 44.2281 0 0 0 -0.922638 0.385668
263.100000000 18.9304 43.5253 0 0 0 -0.926333 0.376706
264.400000000 18.1334 42.9812 0 0 0 -0.968216 0.250117
265.800000000 17.1324 42.6811 0 0 0 -0.996419 0.0845484
267.200000000 16.0884 42.6605 0 0 0 0.999914 0.0130899
268.500000000 15.1593 42.5405 0 0 0 -0.993075 0.117484
270.000000000 14.1984 42.0213 0 0 0 -0.951855 0.30655
271.300000000 13.5039 41.3476 0 0 0 -0.919003 0.394251
272.800000000 12.7879 40.5785 0 0 0 -0.913887 0.405969
275.100000000 12.115 39.8449 0 0 0 -0.921742 0.387804
278.300000000 11.381 39.0961 0 0 0 -0.919627 0.392792
279.300000000 11.1755 38.7466 0 0 0 -0.735267 0.677778
279.900000000 11.1745 38.7452 0 0 0 -0.531779 0.846883
281.400000000 11.8793 38.0153 0 0 0 -0.369021 0.929421
283.100000000 12.5464 37.3933 0 0 0 -0.36221 0.932097
287.300000000 13.2879 36.746 0 0 0 -0.359857 0.933007
292.200000000 13.9992 36.0672 0 0 0 -0.374792 0.927109
297.000000000 14.6869 35.3993 0 0 0 -0.380938 0.924601
301.800000000 15.3763 34.7087 0 0 0 -0.377739 0.925912
306.700000000 16.1208 34.1076 0 0 0 -0.301716 0.953398
309.600000000 17.1869 33.5772 0 0 0 -0.139651 0.990201
311.500000000 18.1959 33.4088 0 0 0 0.00308364 0.999995
314.700000000 19.1585 33.4755 0 0 0 0.235728 0.971819
315.300000000 19.1594 33.4692 0 0 0 0.51719 0.855871
315.900000000 19.054 33.5492 0 0 0 0.725307 0.688426
316.900000000 18.784 33.8909 0 0 0 0.891364 0.453288
318.200000000 18.0607 34.5659 0 0 0 0.922053 0.387064
319.500000000 17.6027 35.3761 0 0 0 0.85594 0.517075
320.800000000 17.5019 35.9714 0 0 0 0.634642 0.772806
321.400000000 17.5695 35.9347 0 0 0 0.380593 0.924742
322.000000000 17.5626 35.9661 0 0 0 0.105151 0.994456
322.800000000 17.567 35.9771 0 0 0 -0.214349 0.976757
324.300000000 18.3847 35.3354 0 0 0 -0.399444 0.916758
325.700000000 19.0603 34.6487 0 0 0 -0.395073 0.91865
328.100000000 19.797 34.0171 0 0 0 -0.309506 0.950897
330.200000000 20.8168 33.6161 0 0 0 -0.131803 0.991276
332.200000000 21.8684 33.4595 0 0 0 0.0165816 0.999863
336.400000000 22.8398 33.498 0 0 0 0.0553184 0.998469
341.300000000 23.8096 33.6211 0 0 0 0.0549804 0.998487
346.200000000 24.7712 33.694 0 0 0 0.0318741 0.999492
351.200000000 25.7533 33.7225 0 0 0 0.00970717 0.999953
356.000000000 26.736 33.7312 0 0 0 0.00220536 0.999998
360.500000000 27.667 33.7335 0 0 0 0.00124892 0.999999
363.700000000 28.6256 34.0473 0 0 0 0.299272 0.954168
365.100000000 29.1999 34.7265 0 0 0 0.396506 0.918032
367.700000000 29.8513 35.3904 0 0 0 0.386975 0.92209
372.300000000 30.5339 36.0804 0 0 0 0.38515 0.922854
376.700000000 31.2228 36.777 0 0 0 0.38515 0.922854
381.100000000 31.9027 37.4647 0 0 0 0.385149 0.922854
385.500000000 32.5679 38.1476 0 0 0 0.385148 0.922855
390.200000000 33.257 38.8537 0 0 0 0.395763 0.918353
393.400000000 33.8896 39.7544 0 0 0 0.483342 0.875431
394.600000000 34.2106 40.69 0 0 0 0.606164 0.795339
396.000000000 34.263 41.7301 0 0 0 0.719766 0.694217
397.400000000 34.185 42.7792 0 0 0 0.736674 0.676248
398.600000000 34.1068 43.6606 0 0 0 0.701875 0.7123
399.300000000 34.2172 43.6951 0 0 0 0.446413 0.894827
399.800000000 34.3238 43.6063 0 0 0 0.216288 0.97633
400.500000000 34.3473 43.4722 0 0 0 -0.126235 0.992
401.200000000 34.3001 43.4539 0 0 0 -0.460106 0.887864
401.900000000 34.312 43.4481 0 0 0 -0.733915 0.679241
402.800000000 34.0498 43.248 0 0 0 -0.886957 0.461852
404.200000000 33.2765 42.582 0 0 0 -0.952923 0.303211
405.100000000 33.06 42.6245 0 0 0 0.999475 0.0323952
405.700000000 33.0921 42.7372 0 0 0 0.946762 0.321936
406.300000000 33.1813 42.8125 0 0 0 0.812036 0.583607
406.900000000 33.2393 42.8909 0 0 0 0.631349 0.775499
408.300000000 33.8063 43.6891 0 0 0 0.464936 0.885344
409.700000000 34.2845 44.5639 0 0 0 0.570968 0.820972
411.200000000 34.2369 45.5425 0 0 0 0.715585 0.698526
412.400000000 34.2215 46.5191 0 0 0 0.747617 0.664131
413.700000000 34.1352 47.4893 0 0 0 0.730947 0.682434
415.000000000 34.1187 48.4629 0 0 0 0.707812 0.706401
416.400000000 34.132 49.5167 0 0 0 0.70072 0.713437
417.600000000 34.1296 50.4106 0 0 0 0.705641 0.70857
419.000000000 34.1294 51.4641 0 0 0 0.706679 0.707534
420.300000000 34.1305 52.4374 0 0 0 0.706631 0.707583
421.600000000 34.1319 53.411 0 0 0 0.706613 0.7076
423.100000000 34.0005 54.3711 0 0 0 0.818791 0.574092
424.600000000 33.3597 55.108 0 0 0 0.925061 0.379819
426.000000000 32.594 55.8291 0 0 0 0.926801 0.375553
427.300000000 31.9117 56.5255 0 0 0 0.922231 0.38664
434.800000000 31.2135 57.218 0 0 0 0.944714 0.327896
435.600000000 30.9328 57.1919 0 0 0 0.998576 0.0533422
436.800000000 30.285 56.975 0 0 0 -0.978935 0.204174
438.300000000 29.3241 56.5173 0 0 0 -0.983084 0.183157
440.000000000 28.3869 56.3275 0 0 0 -0.998986 0.0450131
441.500000000 27.3935 56.3945 0 0 0 0.998387 0.0567748
443.400000000 26.5142 56.4862 0 0 0 0.998757 0.0498426
447.700000000 25.5345 56.5313 0 0 0 0.99988 0.015471
452.600000000 24.5343 56.5654 0 0 0 0.999996 0.00295085
456.500000000 23.5919 56.5429 0 0 0 -0.999811 0.019463
461.300000000 22.6425 56.5187 0 0 0 -0.999968 0.00803304
466.200000000 21.6723 56.5118 0 0 0 -0.999997 0.00256099
471.200000000 20.6855 56.5066 0 0 0 -0.999997 0.00256089
473.200000000 20.3765 56.3904 0 0 0 -0.953375 0.30179
473.800000000 20.4602 56.332 0 0 0 -0.836348 0.548198
474.500000000 20.5156 56.3334 0 0 0 -0.639023 0.769187
476.000000000 20.985 55.4268 0 0 0 -0.481292 0.87656
477.500000000 21.6689 54.6481 0 0 0 -0.338716 0.940889
479.800000000 22.1958 54.1915 0 0 0 -0.580968 0.813926
480.800000000 22.0238 54.0218 0 0 0 -0.779759 0.626079
482.000000000 21.8319 53.047 0 0 0 -0.785225 0.61921
484.900000000 21.8361 52.2336 0 0 0 -0.516904 0.856043
485.500000000 21.9198 52.2971 0 0 0 -0.240829 0.970568
486.000000000 21.9991 52.3941 0 0 0 -0.0207278 0.999785
486.800000000 22.1961 52.5488 0 0 0 0.259147 0.965838
488.300000000 22.9283 53.304 0 0 0 0.403325 0.915057
489.700000000 23.6548 54.0646 0 0 0 0.387021 0.922071
491.000000000 24.3496 54.7369 0 0 0 0.377634 0.925955
492.300000000 25.0424 55.4313 0 0 0 0.382517 0.923949
493.600000000 25.7259 56.124 0 0 0 0.382608 0.923911
494.900000000 26.4222 56.8042 0 0 0 0.375573 0.926793
496.200000000 27.135 57.4651 0 0 0 0.35662 0.934249
497.400000000 27.8867 57.9623 0 0 0 0.243277 0.969957
498.800000000 28.8355 58.2317 0 0 0 0.0816654 0.99666
500.400000000 29.9028 58.2606 0 0 0 -0.0373926 0.999301
503.900000000 30.8742 58.1507 0 0 0 -0.0510719 0.998695
508.300000000 31.8446 58.0935 0 0 0 -0.0223023 0.999751
512.800000000 32.8194 58.0761 0 0 0 -0.00631583 0.99998
517.200000000 33.7679 58.0701 0 0 0 -0.00290633 0.999996
521.900000000 34.7451 58.0641 0 0 0 -0.00290052 0.999996
526.800000000 35.7196 58.0583 0 0 0 -0.00289475 0.999996
531.600000000 36.6776 58.0525 0 0 0 -0.00288219 0.999996
535.500000000 37.6622 58.061 0 0 0 0.00835167 0.999965
538.600000000 38.6762 58.0673 0 0 0 0.0012817 0.999999
540.000000000 39.7188 58.0596 0 0 0 0.00131905 0.999999
541.400000000 40.7714 58.0621 0 0 0 0.00136161 0.999999
542.800000000 41.8252 58.0645 0 0 0 0.00140998 0.999999
544.000000000 42.718 58.0684 0 0 0 0.00133511 0.999999
545.500000000 43.3277 58.2002 0 0 0 0.343199 0.939263
546.000000000 43.25 58.2653 0 0 0 0.563107 0.826384
546.700000000 43.1148 58.2805 0 0 0 0.809157 0.587592
547.800000000 42.6876 58.6697 0 0 0 0.935686 0.352834
549.200000000 41.9856 59.4503 0 0 0 0.89457 0.446927
550.100000000 41.9229 59.7474 0 0 0 0.729241 0.684256
550.800000000 42.0489 59.7198 0 0 0 0.455535 0.890218
551.400000000 42.1271 59.6314 0 0 0 0.176634 0.984277
552.000000000 42.2095 59.5351 0 0 0 -0.0866198 0.996241
552.900000000 42.5569 59.257 0 0 0 -0.316278 0.948667
554.200000000 43.245 58.5692 0 0 0 -0.379477 0.925201
555.600000000 44.0885 57.9881 0 0 0 -0.238298 0.971192
557.100000000 45.0901 57.8342 0 0 0 -0.00351403 0.999994
558.500000000 46.1332 57.9839 0 0 0 0.0872929 0.996183
559.800000000 47.0978 58.1137 0 0 0 0.0429123 0.999079
561.200000000 48.1526 58.1093 0 0 0 -0.0269417 0.999637
562.500000000 49.1224 58.0524 0 0 0 -0.0146712 0.999892
563.800000000 50.1061 58.0429 0 0 0 0.00338921 0.999994
565.100000000 51.0798 58.078 0 0 0 0.0147857 0.999891
566.400000000 52.042 58.0933 0 0 0 0.013217 0.999913
567.700000000 52.9913 58.0566 0 0 0 -0.0556488 0.99845
568.800000000 53.529 57.8053 0 0 0 -0.300453 0.953797
570.200000000 54.2672 57.0486 0 0 0 -0.393417 0.91936
571.500000000 54.9472 56.3411 0 0 0 -0.389148 0.921175
572.700000000 55.5817 55.7078 0 0 0 -0.379868 0.925041
574.100000000 56.3283 54.9267 0 0 0 -0.395516 0.918459
575.400000000 56.9204 54.194 0 0 0 -0.460241 0.887794
576.700000000 57.4088 53.3499 0 0 0 -0.522059 0.85291
578.000000000 57.7475 52.4392 0 0 0 -0.578967 0.815351
579.400000000 57.8956 51.4357 0 0 0 -0.671832 0.740704
580.800000000 58.2613 50.6229 0 0 0 -0.472691 0.881228
582.100000000 58.7692 50.2834 0 0 0 -0.153465 0.988154
582.800000000 58.9141 50.3837 0 0 0 0.122538 0.992464
583.600000000 58.966 50.5394 0 0 0 0.43857 0.898697
584.200000000 58.8655 50.5913 0 0 0 0.684566 0.728951
584.800000000 58.7505 50.5635 0 0 0 0.86941 0.494091
585.400000000 58.6714 50.4657 0 0 0 0.976593 0.215095
586.000000000 58.5317 50.3567 0 0 0 -0.999464 0.0327501
587.000000000 58.2031 50.1165 0 0 0 -0.949388 0.314105
588.300000000 57.542 49.3959 0 0 0 -0.911638 0.410994
589.600000000 56.9013 48.7001 0 0 0 -0.916906 0.399102
590.800000000 56.2703 48.0532 0 0 0 -0.924127 0.382087
592.100000000 55.5854 47.3703 0 0 0 -0.924125 0.382091
593.500000000 54.8405 46.6273 0 0 0 -0.924123 0.382095
594.700000000 54.2057 45.9943 0 0 0 -0.924121 0.3821
596.000000000 53.5108 45.3013 0 0 0 -0.924119 0.382104
597.600000000 52.7747 44.5698 0 0 0 -0.925055 0.379832
600.000000000 52.1028 43.919 0 0 0 -0.928607 0.371065
604.800000000 51.3376 43.3247 0 0 0 -0.957652 0.287929
606.300000000 50.3432 42.9205 0 0 0 -0.98549 0.169731
607.800000000 49.3885 42.6105 0 0 0 -0.982504 0.186243
611.300000000 48.6022 42.047 0 0 0 -0.943953 0.33008
616.200000000 47.8731 41.3873 0 0 0 -0.930224 0.366993
620.800000000 47.1606 40.6967 0 0 0 -0.914623 0.404309
622.100000000 46.6167 39.8295 0 0 0 -0.862524 0.506017
623.600000000 46.3088 38.8983 0 0 0 -0.775781 0.631002
625.900000000 46.2112 37.8047 0 0 0 -0.646191 0.763176
626.900000000 46.6047 37.4948 0 0 0 -0.418954 0.908007
628.200000000 47.299 37.1626 0 0 0 -0.166483 0.986044
629.600000000 48.3275 37.0026 0 0 0 -0.0498554 0.998756
630.800000000 49.2313 36.9868 0 0 0 0.0139209 0.999903
632.200000000 50.2694 37.0967 0 0 0 0.0791176 0.996865
633.400000000 51.1398 37.3172 0 0 0 0.133416 0.99106
634.800000000 52.1085 37.7189 0 0 0 0.249142 0.968467
636.200000000 52.6747 38.2559 0 0 0 0.513451 0.858119
636.800000000 52.5692 38.2786 0 0 0 0.74412 0.668046
637.500000000 52.4408 38.2217 0 0 0 0.928312 0.371802
638.000000000 52.3883 38.1358 0 0 0 0.991364 0.131136
638.700000000 52.4103 38.0091 0 0 0 -0.97622 0.21678
639.300000000 52.4799 37.9215 0 0 0 -0.868553 0.495596
640.000000000 52.4913 37.9055 0 0 0 -0.666606 0.74541
641.000000000 52.7528 37.5463 0 0 0 -0.428894 0.903355
641.800000000 53.0615 37.4109 0 0 0 -0.14851 0.988911
642.400000000 53.2456 37.5005 0 0 0 0.0606218 0.998161
643.700000000 53.8619 37.9074 0 0 0 0.334295 0.942469
644.900000000 54.5555 38.4667 0 0 0 0.304117 0.952635
646.300000000 55.5132 38.8676 0 0 0 0.125113 0.992143
647.700000000 56.5362 38.873 0 0 0 -0.0564616 0.998405
649.000000000 57.4936 38.7072 0 0 0 -0.0734381 0.9973
650.300000000 58.4646 38.63 0 0 0 -0.0271999 0.99963
651.600000000 59.4382 38.5998 0 0 0 0.000570184 1
652.900000000 60.3307 38.5551 0 0 0 -0.0995146 0.995036
653.600000000 60.289 38.4455 0 0 0 -0.423444 0.905922
654.100000000 60.2194 38.3802 0 0 0 -0.623898 0.781505
654.800000000 60.0938 38.3301 0 0 0 -0.837929 0.545779
656.400000000 59.3365 37.5948 0 0 0 -0.929052 0.369949
657.700000000 58.6258 36.8983 0 0 0 -0.927408 0.374052
659.000000000 57.9848 36.2076 0 0 0 -0.888635 0.458616
660.400000000 57.7054 35.289 0 0 0 -0.764674 0.644418
661.900000000 57.7534 34.1912 0 0 0 -0.667999 0.744162
663.300000000 57.8587 33.1529 0 0 0 -0.673812 0.738903
664.600000000 57.9237 32.225 0 0 0 -0.688989 0.724772
667.400000000 57.9036 31.2672 0 0 0 -0.720624 0.693326
672.000000000 57.8692 30.2766 0 0 0 -0.714512 0.699623
676.600000000 57.8614 29.2939 0 0 0 -0.708422 0.705789
679.700000000 57.8581 28.2684 0 0 0 -0.708367 0.705844
681.300000000 57.8545 27.3247 0 0 0 -0.708367 0.705844
683.200000000 57.9985 26.7218 0 0 0 -0.455148 0.890416
683.800000000 58.117 26.7549 0 0 0 -0.20897 0.977922
684.500000000 58.1985 26.832 0 0 0 0.102938 0.994688
685.000000000 58.209 26.9683 0 0 0 0.329535 0.944143
685.700000000 58.0914 27.015 0 0 0 0.633777 0.773516
686.300000000 57.9838 27.0029 0 0 0 0.83406 0.551674
686.900000000 57.9035 26.9466 0 0 0 0.959838 0.280553
687.500000000 57.8821 26.8326 0 0 0 -0.999878 0.0156291
688.100000000 57.8832 26.8157 0 0 0 -0.966033 0.258419
689.600000000 57.1486 26.0596 0 0 0 -0.903161 0.429302
690.900000000 56.5773 25.2115 0 0 0 -0.912342 0.40943
692.600000000 55.9012 24.5302 0 0 0 -0.923422 0.383786
695.800000000 55.1301 23.8283 0 0 0 -0.923027 0.384735
699.400000000 54.4479 23.1399 0 0 0 -0.923026 0.384738
703.800000000 53.7669 22.4528 0 0 0 -0.923156 0.384426
708.600000000 53.0234 21.8017 0 0 0 -0.944305 0.329073
710.300000000 52.1699 21.366 0 0 0 -0.982735 0.185019
712.000000000 51.1643 21.1456 0 0 0 -0.998521 0.0543706
715.200000000 50.1262 21.085 0 0 0 -0.992434 0.122782
716.500000000 49.5594 20.5923 0 0 0 -0.92963 0.368493
718.600000000 48.8902 19.8666 0 0 0 -0.91855 0.395304
722.600000000 48.2245 19.1911 0 0 0 -0.923342 0.383979
726.800000000 47.5534 18.5186 0 0 0 -0.923546 0.383487
731.200000000 46.8616 17.8145 0 0 0 -0.923545 0.38349
735.500000000 46.1857 17.1368 0 0 0 -0.923543 0.383494
739.500000000 45.6876 16.3816 0 0 0 -0.768551 0.639788
740.600000000 45.84 15.7711 0 0 0 -0.59682 0.802375
742.000000000 46.2507 14.7982 0 0 0 -0.547181 0.837014
743.300000000 46.4936 13.8761 0 0 0 -0.633138 0.774039
744.600000000 46.5295 12.9037 0 0 0 -0.734775 0.678311
745.700000000 46.5986 12.5856 0 0 0 -0.460695 0.887558
746.300000000 46.7294 12.6338 0 0 0 -0.207066 0.978327
747.000000000 46.8673 12.739 0 0 0 0.0771213 0.997022
748.400000000 47.7522 13.109 0 0 0 0.183042 0.983105
749.800000000 48.7813 13.33 0 0 0 0.0690444 0.997614
751.200000000 49.8249 13.3264 0 0 0 -0.0276705 0.999617
752.400000000 50.7251 13.2622 0 0 0 -0.0250775 0.999686
753.700000000 51.6851 13.2604 0 0 0 -0.0136299 0.999907
754.800000000 52.1644 13.0133 0 0 0 -0.288026 0.957623
756.200000000 52.9087 12.2828 0 0 0 -0.394571 0.918865
757.400000000 53.5292 11.6358 0 0 0 -0.386848 0.922144
758.700000000 54.2261 10.9449 0 0 0 -0.381221 0.924484
760.000000000 54.9123 10.2533 0 0 0 -0.381221 0.924484
761.400000000 55.6585 9.5217 0 0 0 -0.381221 0.924484
762.600000000 56.2947 8.89009 0 0 0 -0.381221 0.924484
764.000000000 57.0389 8.12653 0 0 0 -0.390638 0.920544
765.300000000 57.6473 7.37876 0 0 0 -0.456652 0.889645
766.700000000 58.0197 6.4593 0 0 0 -0.625513 0.780214
768.000000000 58.02 5.48716 0 0 0 -0.730724 0.682673
769.300000000 57.8701 4.52434 0 0 0 -0.748288 0.663374
770.500000000 57.7843 3.62184 0 0 0 -0.714692 0.69944
772.000000000 57.7225 2.60839 0 0 0 -0.770722 0.637172
773.400000000 57.1892 1.88605 0 0 0 -0.906613 0.421963
774.600000000 56.5473 1.26006 0 0 0 -0.927311 0.374291
775.900000000 55.8471 0.572626 0 0 0 -0.92438 0.381472
777.300000000 55.122 -0.18 0 0 0 -0.920499 0.390746
778.500000000 54.4899 -0.825446 0 0 0 -0.922002 0.387184
779.900000000 53.7857 -1.54909 0 0 0 -0.929039 0.369982
781.200000000 52.9107 -2.06069 0 0 0 -0.975988 0.217826
782.500000000 52.0352 -2.2633 0 0 0 -0.998039 0.0626005
783.900000000 51.0292 -2.16232 0 0 0 0.996121 0.0879939
787.400000000 50.071 -2.03744 0 0 0 0.999169 0.0407608
789.600000000 49.0899 -2.04069 0 0 0 -0.999227 0.0393181
792.200000000 48.1264 -2.0609 0 0 0 -0.99988 0.0154685
796.200000000 47.1674 -2.09147 0 0 0 -0.999995 0.00304173
800.000000000 46.1794 -2.0948 0 0 0 -0.999998 0.00182745
803.700000000 45.1176 -2.12844 0 0 0 -0.999772 0.0213426
805.200000000 44.1965 -2.18303 0 0 0 -0.999393 0.0348355
809.100000000 43.2132 -2.21176 0 0 0 -0.999941 0.0109044
813.400000000 42.2765 -2.22294 0 0 0 -0.999995 0.00330602
817.900000000 41.3168 -2.22802 0 0 0 -0.999996 0.00266835
821.500000000 40.3312 -2.25294 0 0 0 -0.99979 0.020516
822.900000000 39.2903 -2.30804 0 0 0 -0.999199 0.0400293
825.500000000 38.3649 -2.33925 0 0 0 -0.99997 0.00779241
826.400000000 38.2692 -2.2351 0 0 0 0.943744 0.330677
827.000000000 38.3686 -2.15441 0 0 0 0.807393 0.590014
827.600000000 38.4854 -2.14325 0 0 0 0.600689 0.799483
828.200000000 38.5786 -2.19902 0 0 0 0.341962 0.939714
828.800000000 38.6432 -2.30281 0 0 0 0.0536185 0.998561
829.500000000 38.6307 -2.40945 0 0 0 -0.288183 0.957576
830.200000000 38.6495 -2.62655 0 0 0 -0.52681 0.849983
831.200000000 38.564 -2.97507 0 0 0 -0.763586 0.645706
832.600000000 38.2852 -3.95371 0 0 0 -0.778561 0.627569
834.200000000 38.2952 -4.82263 0 0 0 -0.549324 0.835609
834.800000000 38.375 -4.74579 0 0 0 -0.277858 0.960622
835.400000000 38.394 -4.63173 0 0 0 0.0195573 0.999809
836.100000000 38.3647 -4.51024 0 0 0 0.361766 0.932269
836.700000000 38.243 -4.45687 0 0 0 0.620629 0.784105
837.600000000 38.1176 -4.18164 0 0 0 0.827761 0.561081
839.000000000 37.4905 -3.53661 0 0 0 0.941578 0.336796
840.400000000 36.6341 -2.97532 0 0 0 0.946449 0.322855
841.900000000 35.846 -2.21611 0 0 0 0.921375 0.388675
843.100000000 35.2111 -1.57338 0 0 0 0.9223 0.386475
845.400000000 34.5404 -0.843572 0 0 0 0.903713 0.428138
847.100000000 34.0823 0.0362922 0 0 0 0.820274 0.571971
849.500000000 33.9821 1.02601 0 0 0 0.715503 0.69861
854.100000000 34.0342 1.99038 0 0 0 0.679332 0.733831
858.700000000 34.1126 2.95586 0 0 0 0.679332 0.733831
862.800000000 34.154 3.90294 0 0 0 0.695375 0.718647
865.200000000 33.8728 4.69849 0 0 0 0.868592 0.495528
866.600000000 33.2114 5.38102 0 0 0 0.922568 0.385836
868.600000000 32.5376 6.07728 0 0 0 0.925023 0.37991
870.500000000 32.2837 6.51774 0 0 0 0.77105 0.636775
871.300000000 32.4413 6.7459 0 0 0 0.570222 0.82149
872.900000000 33.1634 7.5358 0 0 0 0.362764 0.931881
874.100000000 33.7799 8.19409 0 0 0 0.430805 0.902445
875.500000000 34.3098 9.09208 0 0 0 0.574725 0.818346
882.600000000 34.1963 9.59564 0 0 0 0.793171 0.608999
883.800000000 33.7609 10.1521 0 0 0 0.912032 0.41012
885.100000000 33.0635 10.8524 0 0 0 0.928553 0.3712
886.500000000 32.3123 11.589 0 0 0 0.924775 0.380515
887.800000000 31.6252 12.269 0 0 0 0.908626 0.41761
889.900000000 31.2412 13.1284 0 0 0 0.823608 0.56716
893.700000000 31.0892 14.0725 0 0 0 0.731526 0.681813
898.500000000 31.1236 15.0326 0 0 0 0.683868 0.729606
903.300000000 31.1976 15.9935 0 0 0 0.679106 0.73404
908.200000000 31.25 16.9659 0 0 0 0.690921 0.72293
913.000000000 31.2695 17.9255 0 0 0 0.702477 0.711707
917.900000000 31.2845 18.9057 0 0 0 0.705675 0.708536
922.600000000 31.2786 19.8402 0 0 0 0.705675 0.708536
927.500000000 31.2826 20.813 0 0 0 0.705675 0.708536
932.400000000 31.2868 21.7737 0 0 0 0.705675 0.708536
937.400000000 31.291 22.7597 0 0 0 0.705675 0.708536
942.200000000 31.295 23.7142 0 0 0 0.705675 0.708536
947.100000000 31.2992 24.6879 0 0 0 0.705675 0.708536
952.100000000 31.2923 25.6712 0 0 0 0.707188 0.707026
957.000000000 31.2817 26.6512 0 0 0 0.712011 0.702168
961.800000000 31.2758 27.6127 0 0 0 0.708897 0.705312
966.600000000 31.2707 28.5707 0 0 0 0.708897 0.705312
971.400000000 31.2755 29.5192 0 0 0 0.708897 0.705312
976.300000000 31.2604 30.4824 0 0 0 0.708897 0.705312
981.200000000 31.2552 31.4474 0 0 0 0.708897 0.705312
986.100000000 31.2501 32.4207 0 0 0 0.708897 0.705312
991.100000000 31.245 33.4004 0 0 0 0.708897 0.705312
995.900000000 31.2398 34.3489 0 0 0 0.708897 0.705312
1000.800000000 31.2347 35.3139 0 0 0 0.708897 0.705312
1005.700000000 31.2295 36.2754 0 0 0 0.708897 0.705312
1008.900000000 31.4785 37.3094 0 0 0 0.523299 0.852149
1010.300000000 31.9547 37.7924 0 0 0 0.288019 0.957625
1011.900000000 32.5123 37.7878 0 0 0 0.0376641 0.99929
1013.800000000 33.4037 38.153 0 0 0 0.299784 0.954007
1014.800000000 33.5575 38.6012 0 0 0 0.554821 0.831969
1015.900000000 33.4943 39.1326 0 0 0 0.751523 0.659706
1017.200000000 33.5948 40.1002 0 0 0 0.633716 0.773566
1018.500000000 33.8938 40.6508 0 0 0 0.353644 0.93538
1019.100000000 33.9611 40.5384 0 0 0 0.0660558 0.997816
1019.700000000 33.9415 40.4315 0 0 0 -0.227253 0.973836
1020.300000000 33.8785 40.4397 0 0 0 -0.502391 0.864641
1020.900000000 33.8066 40.4445 0 0 0 -0.727547 0.686057
1021.700000000 33.6195 40.1809 0 0 0 -0.871928 0.489634
1023.200000000 32.8017 39.3666 0 0 0 -0.944818 0.327596
1024.400000000 32.0738 38.8309 0 0 0 -0.952929 0.303195
1026.500000000 31.3138 38.1658 0 0 0 -0.930544 0.366179
1030.700000000 30.6054 37.4764 0 0 0 -0.925188 0.379508
1035.200000000 29.9155 36.7958 0 0 0 -0.925134 0.379641
1039.700000000 29.2344 36.1241 0 0 0 -0.925134 0.379641
1044.400000000 28.5419 35.4411 0 0 0 -0.925134 0.379642
1048.700000000 27.8595 34.778 0 0 0 -0.925134 0.379642
1053.400000000 27.1721 34.0901 0 0 0 -0.925134 0.379642
1058.100000000 26.4809 33.4184 0 0 0 -0.925134 0.379642
1062.800000000 25.8047 32.7415 0 0 0 -0.925134 0.379642
1067.500000000 25.1335 32.0798 0 0 0 -0.925134 0.379642
1072.400000000 24.4361 31.3919 0 0 0 -0.925134 0.379642
1076.800000000 23.7263 30.7017 0 0 0 -0.925134 0.379642
1081.300000000 23.0326 30.0073 0 0 0 -0.925134 0.379642
1085.400000000 22.3576 29.3417 0 0 0 -0.925134 0.379642
1089.400000000 21.6952 28.6886 0 0 0 -0.925134 0.379642
1094.000000000 20.9903 27.9933 0 0 0 -0.925134 0.379642
1098.400000000 20.2991 27.3117 0 0 0 -0.925134 0.379642
1102.900000000 19.598 26.62 0 0 0 -0.925134 0.379642
1107.300000000 18.9355 25.9569 0 0 0 -0.925134 0.379642
1111.900000000 18.2368 25.2676 0 0 0 -0.925134 0.379642
1115.900000000 17.5582 24.5984 0 0 0 -0.925134 0.379642
1120.000000000 16.8683 23.9179 0 0 0 -0.925134 0.379642
1124.700000000 16.1646 23.2237 0 0 0 -0.925134 0.379642
1129.300000000 15.4759 22.5544 0 0 0 -0.925134 0.379642
1133.700000000 14.7885 21.8665 0 0 0 -0.925134 0.379642
1138.300000000 14.0948 21.1923 0 0 0 -0.925134 0.379642
1141.900000000 13.3413 20.4386 0 0 0 -0.925134 0.379642
1143.100000000 12.7026 19.8095 0 0 0 -0.925134 0.379642
1144.500000000 11.954 19.0704 0 0 0 -0.925134 0.379642
1145.800000000 11.2553 18.3813 0 0 0 -0.925134 0.379642
1147.400000000 10.7174 17.6584 0 0 0 -0.871774 0.489909
1149.100000000 10.3923 16.5442 0 0 0 -0.749795 0.66167
1150.500000000 10.4965 15.5238 0 0 0 -0.664284 0.747481
1151.700000000 10.5572 14.6227 0 0 0 -0.698011 0.716087
1153.100000000 10.558 13.5692 0 0 0 -0.710675 0.703521
1154.400000000 10.5385 12.5957 0 0 0 -0.706843 0.70737
1155.700000000 10.5302 11.6419 0 0 0 -0.729995 0.683453
1156.900000000 10.2687 11.0944 0 0 0 -0.888737 0.458418
1158.200000000 9.52456 10.3917 0 0 0 -0.9265 0.376296
1159.400000000 8.87165 9.74755 0 0 0 -0.926699 0.375803
1160.800000000 8.13766 9.00244 0 0 0 -0.921418 0.388573
1167.900000000 7.41193 8.24089 0 0 0 -0.919972 0.391985
1169.200000000 6.72197 7.55374 0 0 0 -0.927558 0.373679
1170.500000000 5.93135 6.99667 0 0 0 -0.964243 0.265019
1171.800000000 5.01302 6.67091 0 0 0 -0.992846 0.119404
1173.100000000 4.04939 6.62693 0 0 0 0.999674 0.025533
1174.400000000 3.08739 6.69349 0 0 0 -0.999894 0.0145609
1175.600000000 2.24724 6.49673 0 0 0 -0.991822 0.127633
1177.000000000 1.19656 6.27923 0 0 0 -0.997363 0.0725802
1178.400000000 0.169707 6.32024 0 0 0 0.99975 0.0223797
1179.700000000 -0.812396 6.34235 0 0 0 0.997131 0.07569
1181.100000000 -1.84213 6.40068 0 0 0 -0.99817 0.0604646
1182.400000000 -2.80508 6.22618 0 0 0 -0.998406 0.0564386
1183.600000000 -3.73609 6.2499 0 0 0 0.998438 0.0558628
1184.400000000 -3.91064 6.38736 0 0 0 0.944256 0.329212
1185.000000000 -3.81954 6.45855 0 0 0 0.810574 0.585637
1185.600000000 -3.69551 6.46024 0 0 0 0.60902 0.793155
1186.300000000 -3.63241 6.41465 0 0 0 0.30395 0.952688
1186.800000000 -3.58932 6.28494 0 0 0 0.0640627 0.997946
1187.500000000 -3.59153 6.20552 0 0 0 -0.278125 0.960545
1189.000000000 -2.95794 5.47245 0 0 0 -0.34332 0.939219
1190.600000000 -2.09488 4.84614 0 0 0 -0.378392 0.925645
1192.300000000 -1.80715 4.25527 0 0 0 -0.631694 0.775218
1193.200000000 -1.90536 4.26204 0 0 0 -0.838415 0.545033
1195.700000000 -2.56214 3.47687 0 0 0 -0.8523 0.523053
1196.500000000 -2.4905 3.33321 0 0 0 -0.636531 0.771251
1197.200000000 -2.35388 3.3581 0 0 0 -0.352932 0.935649
1197.900000000 -2.16014 3.40544 0 0 0 -0.0916384 0.995792
1199.200000000 -1.19838 3.24301 0 0 0 -0.0893429 0.996001
1200.400000000 -0.820711 3.0373 0 0 0 -0.370424 0.928863
1201.100000000 -0.918454 2.97603 0 0 0 -0.618234 0.785994
1201.900000000 -1.05594 2.99931 0 0 0 -0.838964 0.544187
1203.500000000 -1.66923 2.34164 0 0 0 -0.937155 0.348913
1204.700000000 -1.89086 2.32427 0 0 0 -0.999434 0.0336498
1205.500000000 -1.87977 2.4323 0 0 0 0.970744 0.240119
1206.000000000 -1.82421 2.50298 0 0 0 0.890023 0.455915
1206.600000000 -1.71303 2.54862 0 0 0 0.718885 0.695129
1207.200000000 -1.5939 2.50506 0 0 0 0.485581 0.874192
1207.900000000 -1.53365 2.46126 0 0 0 0.160222 0.987081
1208.700000000 -1.25493 2.3332 0 0 0 -0.0980756 0.995179
1209.700000000 -0.971335 2.06443 0 0 0 -0.397884 0.917436
1210.900000000 -0.415052 1.36643 0 0 0 -0.442698 0.896671
1213.400000000 0.318707 0.640752 0 0 0 -0.229936 0.973206
1214.700000000 0.457493 0.656118 0 0 0 0.0669076 0.997759
1215.600000000 0.449776 0.777663 0 0 0 0.328965 0.944342
1216.400000000 0.357251 0.858919 0 0 0 0.60615 0.795351
1217.000000000 0.228413 0.859907 0 0 0 0.796997 0.603983
1217.600000000 0.144874 0.815488 0 0 0 0.929582 0.368615
1218.200000000 0.0936019 0.722349 0 0 0 0.994386 0.105809
1218.700000000 0.0956227 0.61259 0 0 0 -0.993001 0.11811
1219.300000000 0.148946 0.521707 0 0 0 -0.925056 0.37983
1220.000000000 0.247993 0.476213 0 0 0 -0.760347 0.649518
1220.800000000 0.407034 0.261458 0 0 0 -0.577356 0.816493
1221.800000000 0.636058 0.0907001 0 0 0 -0.312841 0.949805
1223.700000000 1.5646 -0.22565 0 0 0 -0.092025 0.995757
1224.600000000 1.57708 -0.124068 0 0 0 0.20747 0.978241
1225.500000000 1.51925 -0.0214613 0 0 0 0.51587 0.856667
1226.200000000 1.4296 0.00485392 0 0 0 0.703461 0.710734
1227.200000000 1.29927 -0.03245 0 0 0 0.89822 0.439546
1228.400000000 0.975945 0.0243137 0 0 0 0.983735 0.179624
1230.200000000 0.245165 0.0469258 0 0 0 -0.995249 0.0973625
1231.000000000 0.30076 -0.0414875 0 0 0 -0.921689 0.387929
1231.700000000 0.391165 -0.0939263 0 0 0 -0.788381 0.615187
1232.400000000 0.499654 -0.0908945 0 0 0 -0.582015 0.813178
1233.100000000 0.598199 -0.0155187 0 0 0 -0.328697 0.944435
1233.800000000 0.639205 0.0869138 0 0 0 -0.0477414 0.99886
1235.500000000 1.67716 0.216598 0 0 0 0.0510719 0.998695
1236.800000000 2.08047 0.137952 0 0 0 -0.293876 0.955843
1237.500000000 2.01784 0.0615823 0 0 0 -0.592404 0.805641
1238.000000000 1.89708 0.0484187 0 0 0 -0.7683 0.64009
1238.700000000 1.78187 0.111501 0 0 0 -0.939355 0.342946
1239.400000000 1.71952 0.223393 0 0 0 -0.99999 0.00437023
1240.000000000 1.61938 0.369447 0 0 0 0.973791 0.227445
1241.300000000 0.707771 0.684886 0 0 0 0.99308 0.117439
1242.500000000 0.318075 0.640304 0 0 0 -0.983047 0.183354
1243.300000000 0.39688 0.552937 0 0 0 -0.881131 0.472872
1244.000000000 0.492589 0.518496 0 0 0 -0.723234 0.690603
1245.400000000 0.719477 -0.181344 0 0 0 -0.552983 0.833193
1246.700000000 1.02068 -0.478817 0 0 0 -0.280724 0.959788
1247.500000000 1.03574 -0.383291 0 0 0 0.0134393 0.99991
1248.300000000 1.02089 -0.28005 0 0 0 0.290363 0.956917
1249.100000000 0.938707 -0.201773 0 0 0 0.522753 0.852484
1250.100000000 0.813205 -0.164527 0 0 0 0.758992 0.6511
1252.200000000 0.455888 0.473355 0 0 0 0.923845 0.382767
1252.800000000 0.412292 0.412386 0 0 0 0.986693 0.162594
1253.600000000 0.407872 0.283065 0 0 0 -0.989972 0.141264
1254.300000000 0.461458 0.197875 0 0 0 -0.913877 0.405991
1255.100000000 0.57909 0.141291 0 0 0 -0.73647 0.676471
1255.900000000 0.705432 0.169989 0 0 0 -0.482348 0.87598
1257.500000000 1.45492 -0.584006 0 0 0 -0.382896 0.923791
1258.500000000 1.7501 -0.718253 0 0 0 -0.0809531 0.996718
1259.100000000 1.73879 -0.60593 0 0 0 0.217181 0.976131
1259.800000000 1.64684 -0.503798 0 0 0 0.538544 0.842597
1260.400000000 1.55157 -0.417738 0 0 0 0.741227 0.671254
1260.900000000 1.44883 -0.37971 0 0 0 0.867738 0.497023
1261.900000000 1.23158 -0.408418 0 0 0 0.995243 0.0974284
1263.300000000 0.216983 -0.400917 0 0 0 -0.999988 0.00495204
1264.800000000 -0.504327 -0.53411 0 0 0 -0.965728 0.259554
1265.600000000 -0.402973 -0.619709 0 0 0 -0.827621 0.561287
1266.300000000 -0.281905 -0.628625 0 0 0 -0.620286 0.784376
1266.800000000 -0.203892 -0.587182 0 0 0 -0.429323 0.903151
1267.500000000 -0.14862 -0.492135 0 0 0 -0.12643 0.991975
1268.200000000 -0.0013251 -0.391068 0 0 0 0.118019 0.993011
1269.300000000 0.359116 -0.0810477 0 0 0 0.376839 0.926279
1270.200000000 0.354892 0.135019 0 0 0 0.654629 0.755951
1270.800000000 0.256614 0.123443 0 0 0 0.849338 0.52785
1271.300000000 0.180308 0.0572214 0 0 0 0.953628 0.300988
1271.900000000 0.143404 -0.0489414 0 0 0 0.999984 0.00561597
1272.500000000 0.176954 -0.163018 0 0 0 -0.956984 0.290142
1273.100000000 0.267856 -0.236886 0 0 0 -0.828526 0.559951
1273.800000000 0.395996 -0.245491 0 0 0 -0.58629 0.810101
1274.800000000 0.765286 -0.627524 0 0 0 -0.377413 0.926045
1276.500000000 1.7206 -1.12474 0 0 0 -0.286601 0.95805
1277.800000000 2.49193 -1.69754 0 0 0 -0.306145 0.951985
1279.100000000 3.32963 -2.19084 0 0 0 -0.229232 0.973372
1280.400000000 4.26631 -2.45932 0 0 0 -0.0959975 0.995382
1282.000000000 5.25971 -2.44165 0 0 0 0.0177863 0.999842
1284.800000000 6.15895 -2.41697 0 0 0 0.0341514 0.999417
1289.000000000 7.13653 -2.36281 0 0 0 0.0243604 0.999703
1293.600000000 8.12992 -2.34246 0 0 0 0.00616061 0.999981
1298.000000000 9.08907 -2.34007 0 0 0 0.00156059 0.999999
1302.100000000 10.0907 -2.33795 0 0 0 0.00157485 0.999999
1305.800000000 11.035 -2.33554 0 0 0 0.00159472 0.999999
1310.300000000 12.0036 -2.33315 0 0 0 0.00166957 0.999999
1315.200000000 12.9887 -2.33065 0 0 0 0.00176193 0.999998
1318.900000000 13.9652 -2.3281 0 0 0 0.00187114 0.999998
1323.000000000 14.9344 -2.32511 0 0 0 0.001909 0.999998
1326.700000000 15.8895 -2.32205 0 0 0 0.00194976 0.999998
1330.100000000 16.8574 -2.38537 0 0 0 -0.135406 0.99079
1330.800000000 16.9538 -2.55706 0 0 0 -0.38766 0.921803
1332.300000000 17.4555 -3.50773 0 0 0 -0.57394 0.818898
1333.600000000 17.6171 -4.46937 0 0 0 -0.674706 0.738087
1335.000000000 17.4963 -5.11087 0 0 0 -0.879136 0.476571
1335.600000000 17.4026 -5.02814 0 0 0 -0.979322 0.202307
1336.100000000 17.3895 -4.9321 0 0 0 0.99908 0.0428803
1336.800000000 17.4357 -4.80163 0 0 0 0.925837 0.377923
1337.500000000 17.5133 -4.77527 0 0 0 0.742307 0.67006
1338.000000000 17.6245 -4.67141 0 0 0 0.58449 0.811401
1339.700000000 18.3742 -3.91239 0 0 0 0.357977 0.93373
1347.000000000 19.1565 -3.1965 0 0 0 0.340344 0.940301
1348.200000000 19.7617 -2.63381 0 0 0 0.388857 0.921298
1349.600000000 20.503 -1.90755 0 0 0 0.385335 0.922777
1350.800000000 21.1379 -1.26459 0 0 0 0.384134 0.923278
1352.200000000 21.8795 -0.528418 0 0 0 0.384134 0.923278
1353.500000000 22.5666 0.163611 0 0 0 0.384134 0.923278
1354.900000000 23.2953 0.922234 0 0 0 0.405943 0.913898
1356.200000000 23.896 1.67743 0 0 0 0.442372 0.896832
1358.200000000 24.4137 2.43639 0 0 0 0.481696 0.876338
1360.500000000 24.7836 3.36085 0 0 0 0.618072 0.786121
1362.100000000 24.8807 4.41753 0 0 0 0.6684 0.743802
1364.100000000 25.3026 5.31467 0 0 0 0.472968 0.88108
1367.600000000 25.9817 6.04344 0 0 0 0.396755 0.917925
1371.900000000 26.6318 6.72881 0 0 0 0.384919 0.92295
1375.800000000 27.3022 7.40621 0 0 0 0.384919 0.92295
1380.000000000 28.0092 8.11916 0 0 0 0.383224 0.923655
1382.000000000 28.9129 8.80007 0 0 0 0.299874 0.953979
1383.400000000 29.7843 9.14904 0 0 0 0.16523 0.986255
1385.300000000 30.7011 9.39564 0 0 0 0.0228361 0.999739
1389.100000000 31.653 9.35622 0 0 0 -0.0510541 0.998696
1393.200000000 32.6001 9.23031 0 0 0 -0.0600459 0.998196
1397.500000000 33.5427 9.13442 0 0 0 -0.035586 0.999367
1401.600000000 34.3997 9.20685 0 0 0 0.262798 0.964851
1402.600000000 34.4941 9.45026 0 0 0 0.512883 0.858458
1403.500000000 34.368 9.803 0 0 0 0.73891 0.673804
1404.400000000 34.1563 10.0031 0 0 0 0.910935 0.412551
1406.100000000 33.3905 10.3734 0 0 0 0.984578 0.174945
1408.000000000 32.481 10.8049 0 0 0 0.941714 0.336415
1409.700000000 32.0753 11.5801 0 0 0 0.813911 0.58099
1411.800000000 31.8606 12.4159 0 0 0 0.847708 0.530462
1413.400000000 31.2066 13.116 0 0 0 0.90782 0.419359
