0.300000000 0.2 0 0 0 0 0 1
9.000000000 0.996975 -0.122531 0 0 0 -0.343475 0.939162
9.600000000 0.898347 -0.186374 0 0 0 -0.605676 0.795712
10.200000000 0.78097 -0.18286 0 0 0 -0.813773 0.581183
10.800000000 0.684655 -0.106491 0 0 0 -0.948984 0.315323
11.500000000 0.645364 0.00500006 0 0 0 0.999556 0.0298121
12.100000000 0.689429 0.131179 0 0 0 0.946296 0.323302
12.800000000 0.803862 0.193744 0 0 0 0.778081 0.628164
13.500000000 0.920211 0.183332 0 0 0 0.514975 0.857205
14.100000000 1.00333 0.0893085 0 0 0 0.238653 0.971105
14.700000000 1.02502 -0.0169859 0 0 0 -0.0589872 0.998259
15.200000000 0.998446 -0.124571 0 0 0 -0.303542 0.952818
18.500000000 1.19817 -0.0909201 0 0 0 0.0396038 0.999215
19.200000000 1.1735 0.0189404 0 0 0 0.3804 0.924822
19.800000000 1.07019 0.10157 0 0 0 0.626479 0.779438
20.400000000 0.953137 0.161895 0 0 0 0.814242 0.580525
21.700000000 0.401482 0.649845 0 0 0 0.93992 0.341394
23.000000000 -0.333062 1.28439 0 0 0 0.932651 0.36078
24.300000000 -0.994175 2.00695 0 0 0 0.903648 0.428276
25.700000000 -1.56368 2.89016 0 0 0 0.867773 0.496962
27.000000000 -1.98087 3.76536 0 0 0 0.829186 0.558973
28.400000000 -2.36631 4.75903 0 0 0 0.826706 0.562635
29.600000000 -2.70072 5.57942 0 0 0 0.833363 0.552726
31.100000000 -2.94007 6.51279 0 0 0 0.699332 0.714797
31.600000000 -2.90467 6.47267 0 0 0 0.498825 0.866702
32.300000000 -2.81909 6.37482 0 0 0 0.176659 0.984272
33.000000000 -2.80256 6.2984 0 0 0 -0.167598 0.985855
33.600000000 -2.878 6.1955 0 0 0 -0.447581 0.894243
34.300000000 -2.98109 6.14518 0 0 0 -0.723307 0.690526
35.000000000 -3.02164 6.18504 0 0 0 -0.913845 0.406063
35.600000000 -3.08285 6.27909 0 0 0 -0.991496 0.130135
36.200000000 -3.08851 6.39577 0 0 0 0.986442 0.164112
36.800000000 -3.02269 6.48747 0 0 0 0.895794 0.444469
37.400000000 -2.91832 6.50639 0 0 0 0.727693 0.685903
38.400000000 -2.79097 6.84977 0 0 0 0.485839 0.874048
39.800000000 -1.97905 7.59091 0 0 0 0.357553 0.933893
41.300000000 -1.40681 8.26345 0 0 0 0.549324 0.83561
42.400000000 -1.49181 8.75286 0 0 0 0.777351 0.629067
43.900000000 -1.95469 9.71587 0 0 0 0.848765 0.52877
45.200000000 -2.26287 10.6468 0 0 0 0.786509 0.617579
46.700000000 -2.31629 11.5426 0 0 0 0.700987 0.713175
49.600000000 -2.26813 12.5239 0 0 0 0.684661 0.728861
54.000000000 -2.20091 13.4967 0 0 0 0.683411 0.730034
58.300000000 -2.17203 14.4637 0 0 0 0.698356 0.71575
62.300000000 -2.15247 15.4339 0 0 0 0.705258 0.708951
64.400000000 -2.24005 16.4771 0 0 0 0.7425 0.669846
65.900000000 -2.59408 17.3866 0 0 0 0.880516 0.474017
67.000000000 -2.99177 17.6497 0 0 0 0.982874 0.184277
67.900000000 -3.32818 17.5434 0 0 0 -0.996113 0.088083
69.500000000 -4.07551 17.5579 0 0 0 0.973546 0.22849
70.100000000 -4.00222 17.6394 0 0 0 0.864885 0.50197
70.700000000 -3.91216 17.7229 0 0 0 0.701338 0.712829
71.600000000 -3.70626 17.9967 0 0 0 0.468458 0.883486
73.000000000 -2.97007 18.7346 0 0 0 0.369416 0.929264
74.300000000 -2.31908 19.4537 0 0 0 0.455164 0.890408
75.700000000 -1.95899 20.3727 0 0 0 0.624085 0.781357
77.100000000 -1.96581 21.3986 0 0 0 0.737845 0.67497
78.400000000 -2.11848 22.3596 0 0 0 0.759591 0.650401
79.800000000 -2.21993 23.3703 0 0 0 0.731192 0.682172
82.200000000 -2.22199 24.3469 0 0 0 0.698831 0.715287
86.500000000 -2.19179 25.3132 0 0 0 0.700205 0.713942
91.000000000 -2.1838 26.3073 0 0 0 0.705459 0.70875
95.200000000 -2.17903 27.3146 0 0 0 0.705457 0.708753
97.300000000 -2.22098 28.3247 0 0 0 0.739945 0.672668
98.600000000 -2.47575 29.2601 0 0 0 0.839477 0.543395
99.500000000 -2.717 29.4466 0 0 0 0.960977 0.27663
100.200000000 -2.85222 29.3223 0 0 0 -0.999572 0.0292467
100.700000000 -2.87536 29.2199 0 0 0 -0.967445 0.253083
101.400000000 -2.76282 29.1397 0 0 0 -0.822445 0.568845
102.100000000 -2.62564 29.1483 0 0 0 -0.577523 0.816374
102.700000000 -2.54075 29.2188 0 0 0 -0.310472 0.950583
103.400000000 -2.51255 29.3505 0 0 0 0.0343077 0.999411
104.100000000 -2.39271 29.4975 0 0 0 0.306731 0.951796
105.100000000 -2.26061 29.9351 0 0 0 0.557903 0.829906
106.500000000 -2.09368 30.9339 0 0 0 0.689326 0.724451
109.000000000 -2.12521 31.8905 0 0 0 0.718152 0.695886
111.300000000 -2.1563 32.9104 0 0 0 0.713751 0.700399
114.100000000 -2.16367 33.8835 0 0 0 0.709335 0.704872
117.700000000 -2.16588 34.822 0 0 0 0.709654 0.70455
121.400000000 -2.17316 35.7817 0 0 0 0.70966 0.704544
125.200000000 -2.19047 36.7608 0 0 0 0.708443 0.705768
129.100000000 -2.19425 37.7486 0 0 0 0.708472 0.705739
132.600000000 -2.19809 38.7814 0 0 0 0.708487 0.705724
133.900000000 -2.20215 39.7368 0 0 0 0.708494 0.705717
135.200000000 -2.27251 40.7058 0 0 0 0.75915 0.650916
136.500000000 -2.5883 41.6267 0 0 0 0.836561 0.547874
137.400000000 -2.80341 41.8244 0 0 0 0.960064 0.279782
138.200000000 -3.01093 41.7418 0 0 0 -0.999634 0.0270646
138.800000000 -3.10028 41.6334 0 0 0 -0.965354 0.260944
139.500000000 -2.99634 41.5319 0 0 0 -0.81788 0.575389
140.100000000 -2.88825 41.5466 0 0 0 -0.611318 0.791385
140.700000000 -2.7755 41.6048 0 0 0 -0.350724 0.936479
141.400000000 -2.7282 41.7127 0 0 0 -0.00774226 0.99997
142.200000000 -2.47082 41.9068 0 0 0 0.245007 0.969521
143.800000000 -1.73011 42.7142 0 0 0 0.419858 0.90759
145.100000000 -1.06152 43.4291 0 0 0 0.455581 0.890194
145.900000000 -1.14102 43.7011 0 0 0 0.672676 0.739937
146.900000000 -1.34089 44.1384 0 0 0 0.841953 0.539551
148.400000000 -1.93905 45.027 0 0 0 0.87258 0.488472
149.800000000 -2.27282 46.0037 0 0 0 0.774885 0.632102
151.100000000 -2.25359 46.98 0 0 0 0.685704 0.72788
152.400000000 -2.18507 47.9484 0 0 0 0.673673 0.73903
153.700000000 -2.15202 48.9212 0 0 0 0.70679 0.707423
154.900000000 -2.16443 49.825 0 0 0 0.708777 0.705433
156.200000000 -2.16053 50.799 0 0 0 0.705445 0.708765
157.600000000 -2.1566 51.853 0 0 0 0.705389 0.708821
158.900000000 -2.20183 52.8004 0 0 0 0.754863 0.655883
160.400000000 -2.61662 53.8267 0 0 0 0.84264 0.538477
161.700000000 -2.94444 54.7399 0 0 0 0.795503 0.60595
162.900000000 -2.97603 55.6138 0 0 0 0.70228 0.711901
163.600000000 -2.88752 55.6563 0 0 0 0.450251 0.892902
164.200000000 -2.80815 55.5684 0 0 0 0.170974 0.985276
164.800000000 -2.79346 55.4416 0 0 0 -0.123191 0.992383
165.400000000 -2.84078 55.3817 0 0 0 -0.407026 0.913416
166.000000000 -2.96325 55.3234 0 0 0 -0.655185 0.755469
166.700000000 -3.08765 55.2819 0 0 0 -0.855355 0.518043
168.300000000 -3.90296 54.5813 0 0 0 -0.947837 0.318754
169.600000000 -4.38647 54.3891 0 0 0 0.999788 0.0205692
170.300000000 -4.35633 54.4998 0 0 0 0.93373 0.357979
170.900000000 -4.26117 54.5591 0 0 0 0.78903 0.614355
171.500000000 -4.14389 54.5629 0 0 0 0.57602 0.817435
172.500000000 -3.71469 54.9318 0 0 0 0.370685 0.928759
173.800000000 -3.02861 55.5936 0 0 0 0.359477 0.933154
175.000000000 -2.36274 56.2209 0 0 0 0.393037 0.919523
176.400000000 -1.65421 56.9756 0 0 0 0.380473 0.924792
177.700000000 -0.926351 57.6067 0 0 0 0.325008 0.945711
179.000000000 -0.0547093 58.0511 0 0 0 0.187563 0.982253
180.400000000 0.901404 58.2168 0 0 0 0.0351436 0.999382
182.600000000 1.85448 58.1894 0 0 0 -0.0248465 0.999691
187.000000000 2.8244 58.1241 0 0 0 -0.0357178 0.999362
191.100000000 3.80747 58.0628 0 0 0 -0.0205742 0.999788
193.600000000 4.73966 58.1635 0 0 0 0.135096 0.990833
195.200000000 5.55556 58.7854 0 0 0 0.403544 0.91496
196.400000000 5.74076 59.2522 0 0 0 0.688005 0.725706
197.000000000 5.61613 59.2232 0 0 0 0.871734 0.489979
197.600000000 5.53786 59.1345 0 0 0 0.977598 0.210483
198.100000000 5.51325 59.0371 0 0 0 -0.999304 0.0373041
198.800000000 5.58651 58.9269 0 0 0 -0.925696 0.378267
199.400000000 5.68056 58.8604 0 0 0 -0.772568 0.634932
200.200000000 5.80709 58.6032 0 0 0 -0.577788 0.816187
201.400000000 6.30879 58.0627 0 0 0 -0.376143 0.926562
202.900000000 7.14874 57.7149 0 0 0 -0.0940196 0.99557
204.200000000 8.06642 57.7693 0 0 0 0.0585532 0.998284
205.500000000 9.02491 57.9336 0 0 0 0.0874841 0.996166
206.900000000 10.0144 58.0374 0 0 0 0.0353402 0.999375
209.000000000 10.9811 58.0514 0 0 0 0.00335706 0.999994
213.000000000 11.9706 58.056 0 0 0 0.00233598 0.999997
217.600000000 12.9573 58.0607 0 0 0 0.00233603 0.999997
222.100000000 13.9323 58.0655 0 0 0 0.0023361 0.999997
226.700000000 14.9003 58.0702 0 0 0 0.00233612 0.999997
230.100000000 15.922 58.0751 0 0 0 0.00233616 0.999997
232.200000000 16.8979 58.1393 0 0 0 0.0582946 0.998299
233.500000000 17.5778 58.5088 0 0 0 0.324947 0.945732
234.400000000 17.7517 58.8303 0 0 0 0.56027 0.82831
235.200000000 17.6552 59.0083 0 0 0 0.788131 0.615507
236.000000000 17.4565 59.1135 0 0 0 0.938371 0.345629
236.600000000 17.4085 59.0055 0 0 0 0.998571 0.0534458
237.200000000 17.4312 58.8894 0 0 0 -0.969765 0.244039
237.800000000 17.5054 58.8065 0 0 0 -0.854334 0.519725
238.400000000 17.6415 58.789 0 0 0 -0.663047 0.748578
239.500000000 17.9663 58.3701 0 0 0 -0.419283 0.907856
240.800000000 18.6887 57.7086 0 0 0 -0.352385 0.935855
242.200000000 19.4036 57.0287 0 0 0 -0.381231 0.92448
244.600000000 20.0893 56.3316 0 0 0 -0.382877 0.923799
248.300000000 20.7972 55.632 0 0 0 -0.384086 0.923297
252.300000000 21.4085 54.9047 0 0 0 -0.449692 0.893184
253.800000000 21.8542 53.9476 0 0 0 -0.586218 0.810153
256.300000000 21.974 52.9737 0 0 0 -0.682707 0.730692
260.600000000 21.9784 52.0227 0 0 0 -0.71799 0.696054
265.100000000 21.9236 51.054 0 0 0 -0.727654 0.685945
267.300000000 22.1236 50.2651 0 0 0 -0.504308 0.863524
268.700000000 22.8368 49.5556 0 0 0 -0.353154 0.935565
270.900000000 23.5628 48.8874 0 0 0 -0.372509 0.928029
272.800000000 23.7853 48.5376 0 0 0 -0.654848 0.755761
273.500000000 23.6684 48.4411 0 0 0 -0.845719 0.533628
275.100000000 22.8808 47.7445 0 0 0 -0.938895 0.344204
276.400000000 22.171 47.0388 0 0 0 -0.927594 0.373589
277.700000000 21.4697 46.4022 0 0 0 -0.922398 0.386241
278.900000000 20.8356 45.7487 0 0 0 -0.922773 0.385345
280.200000000 20.14 45.0565 0 0 0 -0.924256 0.381774
281.600000000 19.3747 44.334 0 0 0 -0.920207 0.391431
282.900000000 18.9043 43.4987 0 0 0 -0.848632 0.528984
284.300000000 18.7226 42.571 0 0 0 -0.735784 0.677216
286.400000000 18.7498 41.5703 0 0 0 -0.691614 0.722268
290.200000000 18.8012 40.6494 0 0 0 -0.683676 0.729786
292.900000000 18.8007 39.6956 0 0 0 -0.738925 0.673787
294.600000000 18.4257 38.7619 0 0 0 -0.864237 0.503085
297.700000000 17.8235 38.0102 0 0 0 -0.913155 0.407613
302.100000000 17.1578 37.321 0 0 0 -0.921084 0.389364
306.500000000 16.4712 36.6247 0 0 0 -0.922707 0.385502
310.900000000 15.7928 35.9476 0 0 0 -0.922707 0.385502
315.300000000 15.1381 35.2743 0 0 0 -0.922707 0.385502
319.900000000 14.4451 34.5723 0 0 0 -0.922707 0.385502
323.900000000 13.7273 33.8453 0 0 0 -0.922707 0.385502
325.400000000 12.9609 33.0697 0 0 0 -0.922707 0.385502
326.800000000 12.7185 32.6352 0 0 0 -0.741323 0.671149
327.500000000 12.7243 32.6388 0 0 0 -0.462607 0.886563
328.100000000 12.727 32.642 0 0 0 -0.167917 0.985801
328.600000000 12.7277 32.6615 0 0 0 0.0787973 0.996891
330.300000000 13.5491 33.2785 0 0 0 0.333578 0.942722
331.600000000 14.3802 33.7042 0 0 0 0.198366 0.980128
334.000000000 15.3267 33.8836 0 0 0 0.0539276 0.998545
338.400000000 16.3253 33.8682 0 0 0 -0.0137817 0.999905
340.100000000 17.3934 33.7372 0 0 0 -0.072555 0.997364
341.700000000 18.301 33.6938 0 0 0 -0.0533543 0.998576
345.100000000 19.269 33.579 0 0 0 -0.0136051 0.999907
349.800000000 20.2372 33.6028 0 0 0 0.0196533 0.999807
354.800000000 21.2162 33.6299 0 0 0 0.012515 0.999922
359.400000000 22.1764 33.6499 0 0 0 0.00281399 0.999996
364.100000000 23.1492 33.6552 0 0 0 0.00267012 0.999996
368.800000000 24.1099 33.6607 0 0 0 0.00267026 0.999996
373.500000000 25.0609 33.666 0 0 0 0.00267039 0.999996
378.300000000 26.0371 33.6714 0 0 0 0.00267052 0.999996
382.500000000 26.9869 33.6768 0 0 0 0.00267065 0.999996
386.900000000 27.9588 33.6823 0 0 0 0.00267112 0.999996
391.400000000 28.9543 33.6877 0 0 0 0.0026716 0.999996
393.300000000 29.7389 34.0039 0 0 0 0.287397 0.957812
394.600000000 30.4287 34.6592 0 0 0 0.395767 0.918351
395.900000000 31.0904 35.3649 0 0 0 0.390164 0.920745
397.300000000 31.8341 36.1091 0 0 0 0.383139 0.923691
398.600000000 32.5229 36.7994 0 0 0 0.383139 0.923691
400.000000000 33.2661 37.544 0 0 0 0.383139 0.923691
401.800000000 33.8462 38.2818 0 0 0 0.446544 0.894761
403.500000000 34.2847 39.1626 0 0 0 0.58463 0.8113
404.900000000 34.3804 40.2508 0 0 0 0.702549 0.711635
406.200000000 34.2968 41.2082 0 0 0 0.755993 0.65458
407.400000000 34.2048 42.1042 0 0 0 0.738494 0.67426
408.800000000 34.1991 43.1587 0 0 0 0.70496 0.709247
410.100000000 34.1894 44.133 0 0 0 0.697647 0.716441
411.400000000 34.2013 45.1065 0 0 0 0.704819 0.709388
412.700000000 34.212 46.0786 0 0 0 0.711376 0.702811
414.100000000 34.2129 47.1321 0 0 0 0.708657 0.705553
415.400000000 34.2068 48.1045 0 0 0 0.705928 0.708283
416.700000000 34.2101 49.0781 0 0 0 0.705933 0.708279
418.100000000 34.2134 50.1316 0 0 0 0.705936 0.708275
419.400000000 34.2186 51.1056 0 0 0 0.706199 0.708014
420.700000000 34.2212 52.0788 0 0 0 0.706212 0.708
421.900000000 34.2233 52.9821 0 0 0 0.706225 0.707988
423.200000000 34.4756 53.6039 0 0 0 0.471284 0.881981
424.700000000 35.2401 54.3441 0 0 0 0.36968 0.929159
426.000000000 35.9334 55.0283 0 0 0 0.37901 0.925392
427.200000000 36.5837 55.6554 0 0 0 0.373438 0.927655
428.600000000 37.3475 56.3675 0 0 0 0.365137 0.930954
429.900000000 38.046 57.0484 0 0 0 0.38511 0.922871
431.300000000 38.7806 57.802 0 0 0 0.385106 0.922873
432.700000000 39.4613 58.5843 0 0 0 0.457608 0.889154
434.000000000 39.86 59.486 0 0 0 0.582156 0.813077
435.300000000 40.021 60.4382 0 0 0 0.672538 0.740063
436.700000000 39.9729 61.3543 0 0 0 0.788744 0.614722
437.300000000 39.8781 61.2941 0 0 0 0.935601 0.353058
437.800000000 39.8299 61.2163 0 0 0 0.993616 0.112813
438.400000000 39.8391 61.1004 0 0 0 -0.982491 0.186309
439.300000000 39.6752 60.8057 0 0 0 -0.885875 0.463923
440.500000000 39.5838 60.0928 0 0 0 -0.755162 0.655538
442.000000000 39.1313 59.3463 0 0 0 -0.912412 0.409273
443.200000000 38.5478 59.0298 0 0 0 -0.988605 0.150534
444.500000000 37.8229 59.1334 0 0 0 0.990217 0.139533
446.000000000 37.0289 59.7289 0 0 0 0.922334 0.386395
447.500000000 36.5081 60.6819 0 0 0 0.823682 0.567052
448.900000000 36.3352 61.6709 0 0 0 0.718546 0.69548
449.600000000 36.4705 61.8357 0 0 0 0.518714 0.854948
450.400000000 36.6251 61.8244 0 0 0 0.198901 0.98002
451.100000000 36.6369 61.6884 0 0 0 -0.143389 0.989666
451.700000000 36.5808 61.5947 0 0 0 -0.425147 0.905124
452.200000000 36.4963 61.5617 0 0 0 -0.633232 0.773962
452.900000000 36.3666 61.4145 0 0 0 -0.815952 0.57812
454.500000000 35.6666 60.6781 0 0 0 -0.937886 0.346944
455.800000000 34.9662 60.014 0 0 0 -0.923742 0.383015
462.900000000 34.2657 59.3188 0 0 0 -0.921402 0.38861
464.300000000 33.5252 58.5719 0 0 0 -0.922899 0.385043
465.600000000 32.845 57.8847 0 0 0 -0.922899 0.385042
466.800000000 32.2118 57.2403 0 0 0 -0.925203 0.379473
468.200000000 31.4328 56.5537 0 0 0 -0.936526 0.350599
469.600000000 30.5803 56.1574 0 0 0 -0.991746 0.128218
471.400000000 29.5479 56.1673 0 0 0 0.999003 0.0446334
475.600000000 28.5724 56.2828 0 0 0 0.998372 0.0570334
480.400000000 27.598 56.3652 0 0 0 0.9996 0.0282982
484.500000000 26.6106 56.3889 0 0 0 0.999976 0.0069214
488.700000000 25.6221 56.3934 0 0 0 0.999999 0.00125314
492.900000000 24.6571 56.3959 0 0 0 0.999999 0.00125325
497.100000000 23.7121 56.3985 0 0 0 0.999999 0.00125326
501.500000000 22.7506 56.401 0 0 0 0.999999 0.00125328
505.900000000 21.7778 56.4036 0 0 0 0.999999 0.00125329
510.400000000 20.7993 56.4061 0 0 0 0.999999 0.00125331
513.900000000 19.8259 56.3567 0 0 0 -0.998027 0.0627848
514.800000000 19.6908 56.213 0 0 0 -0.922186 0.386746
515.400000000 19.7959 56.1587 0 0 0 -0.766707 0.641997
516.000000000 19.9032 56.1733 0 0 0 -0.54274 0.839901
516.700000000 20.1625 56.0186 0 0 0 -0.346058 0.938213
518.100000000 21.0827 55.5343 0 0 0 -0.192267 0.981343
519.700000000 21.7914 54.9162 0 0 0 -0.452818 0.891603
521.400000000 22.0388 53.9718 0 0 0 -0.671636 0.740881
524.200000000 22.0052 53.008 0 0 0 -0.712663 0.701507
524.900000000 22.1174 53.0103 0 0 0 -0.455414 0.89028
525.500000000 22.1986 53.0547 0 0 0 -0.171978 0.985101
526.100000000 22.3042 53.1546 0 0 0 0.0689596 0.997619
527.000000000 22.5856 53.4215 0 0 0 0.330357 0.943856
528.500000000 23.2949 54.218 0 0 0 0.40546 0.914113
529.800000000 23.9825 54.9178 0 0 0 0.369045 0.929412
531.000000000 24.6432 55.5322 0 0 0 0.373993 0.927431
532.400000000 25.3747 56.2766 0 0 0 0.386085 0.922463
533.600000000 26.003 56.9116 0 0 0 0.387638 0.921811
535.000000000 26.7579 57.6504 0 0 0 0.345247 0.938512
536.300000000 27.5924 58.0961 0 0 0 0.217101 0.976149
537.700000000 28.5561 58.2817 0 0 0 0.00859811 0.999963
539.000000000 29.5331 58.0837 0 0 0 -0.0825504 0.996587
540.600000000 30.4329 58.0229 0 0 0 -0.0448494 0.998994
544.300000000 31.3775 58.0056 0 0 0 0.00130678 0.999999
548.700000000 32.3256 58.0297 0 0 0 0.0173261 0.99985
553.500000000 33.2886 58.046 0 0 0 0.00566033 0.999984
558.400000000 34.2794 58.0509 0 0 0 0.00233202 0.999997
563.000000000 35.2405 58.0556 0 0 0 0.00232913 0.999997
567.700000000 36.2056 58.0603 0 0 0 0.00232891 0.999997
571.400000000 37.2821 58.0652 0 0 0 0.00232792 0.999997
572.700000000 38.2567 58.0694 0 0 0 0.00232683 0.999997
574.000000000 39.2325 58.0741 0 0 0 0.00232849 0.999997
575.400000000 40.2833 58.0786 0 0 0 0.00233016 0.999997
576.700000000 41.2578 58.0836 0 0 0 0.00233172 0.999997
578.000000000 42.2321 58.0887 0 0 0 0.0023328 0.999997
579.300000000 43.2078 58.0937 0 0 0 0.00233737 0.999997
580.600000000 44.1856 58.0975 0 0 0 0.00234105 0.999997
581.900000000 45.1602 58.1037 0 0 0 0.00234838 0.999997
583.200000000 46.1333 58.1125 0 0 0 0.00234501 0.999997
584.600000000 47.1912 58.114 0 0 0 -0.0114046 0.999935
585.900000000 48.151 58.0546 0 0 0 -0.0306396 0.99953
587.200000000 49.1248 58.0309 0 0 0 0.00229369 0.999997
588.400000000 50.0284 58.0423 0 0 0 0.000462324 1
589.800000000 51.0808 58.0413 0 0 0 -0.000304395 1
591.200000000 52.1333 58.0406 0 0 0 -0.000297402 1
592.600000000 53.177 58.04 0 0 0 -0.000296529 1
593.800000000 54.0808 58.0393 0 0 0 -0.000295311 1
595.200000000 55.1345 58.0387 0 0 0 -0.000294796 1
596.500000000 56.0697 57.9788 0 0 0 -0.0562554 0.998416
597.400000000 56.4315 57.811 0 0 0 -0.291272 0.95664
599.000000000 57.0151 56.9407 0 0 0 -0.541269 0.840849
600.500000000 57.1914 55.991 0 0 0 -0.687695 0.726
603.000000000 57.0829 55.0002 0 0 0 -0.761651 0.647988
605.800000000 56.9563 53.9878 0 0 0 -0.702508 0.711676
607.300000000 57.287 53.0457 0 0 0 -0.502412 0.864629
608.800000000 57.9161 52.2509 0 0 0 -0.489497 0.872005
610.300000000 58.0772 51.3107 0 0 0 -0.702831 0.711357
611.800000000 57.9036 50.3371 0 0 0 -0.783784 0.621034
614.900000000 57.6146 49.3708 0 0 0 -0.824815 0.565403
616.400000000 56.9868 48.603 0 0 0 -0.929091 0.369851
617.700000000 56.2683 47.9456 0 0 0 -0.93065 0.365911
619.100000000 55.5249 47.2013 0 0 0 -0.922425 0.386177
620.300000000 54.9001 46.5587 0 0 0 -0.924174 0.381971
621.700000000 54.0353 45.9773 0 0 0 -0.973688 0.227886
623.300000000 53.0568 45.8359 0 0 0 -0.999077 0.0429562
626.500000000 52.1593 45.8348 0 0 0 0.999721 0.023628
631.400000000 51.195 45.8963 0 0 0 0.99947 0.0325678
633.100000000 50.8569 46.0449 0 0 0 0.94536 0.326028
633.800000000 50.9074 46.1201 0 0 0 0.77878 0.627297
634.300000000 51.0648 46.1202 0 0 0 0.603569 0.797311
634.900000000 51.1686 46.0753 0 0 0 0.345326 0.938483
635.600000000 51.2256 45.9319 0 0 0 0.0205312 0.999789
636.400000000 51.4665 45.8378 0 0 0 -0.243392 0.969928
637.900000000 52.155 45.038 0 0 0 -0.467167 0.884169
639.200000000 52.6224 44.1857 0 0 0 -0.467136 0.884185
640.500000000 53.167 43.4117 0 0 0 -0.491498 0.870879
643.100000000 53.447 42.4304 0 0 0 -0.645901 0.763421
644.600000000 53.4419 41.4182 0 0 0 -0.769488 0.638662
646.600000000 52.9521 40.5324 0 0 0 -0.883862 0.467748
647.900000000 52.3145 39.8371 0 0 0 -0.921252 0.388966
649.200000000 51.6117 39.1626 0 0 0 -0.927832 0.372998
650.500000000 50.9132 38.4838 0 0 0 -0.924041 0.382293
651.900000000 50.1687 37.7406 0 0 0 -0.924042 0.382292
653.200000000 49.4841 37.0474 0 0 0 -0.924042 0.382291
654.400000000 48.8496 36.4142 0 0 0 -0.924042 0.382291
655.800000000 48.0993 35.6753 0 0 0 -0.924042 0.382291
657.200000000 47.3547 34.9321 0 0 0 -0.924042 0.382292
658.500000000 46.6602 34.2388 0 0 0 -0.924041 0.382294
659.800000000 45.9757 33.5555 0 0 0 -0.92404 0.382295
661.000000000 45.3411 32.9122 0 0 0 -0.924039 0.382297
662.400000000 44.5908 32.1733 0 0 0 -0.924039 0.382299
663.700000000 43.9451 31.4444 0 0 0 -0.906894 0.421359
665.500000000 43.3654 30.6797 0 0 0 -0.889411 0.457109
668.300000000 42.9323 29.7895 0 0 0 -0.816865 0.576829
669.800000000 42.8529 28.7166 0 0 0 -0.754693 0.656078
671.700000000 42.5077 27.995 0 0 0 -0.921547 0.388267
672.300000000 42.4531 28.0729 0 0 0 -0.99466 0.103206
672.900000000 42.4539 28.1903 0 0 0 0.981629 0.190797
673.500000000 42.5059 28.2992 0 0 0 0.885863 0.463947
674.200000000 42.5544 28.3256 0 0 0 0.675781 0.737102
675.000000000 42.7891 28.5297 0 0 0 0.454673 0.890658
676.500000000 43.5873 29.2444 0 0 0 0.346968 0.937877
678.000000000 44.3932 29.9495 0 0 0 0.356407 0.934331
679.800000000 45.1349 30.6618 0 0 0 0.379583 0.925158
681.200000000 45.876 31.3988 0 0 0 0.384572 0.923095
682.500000000 46.5624 32.0919 0 0 0 0.384566 0.923098
683.900000000 47.3099 32.8335 0 0 0 0.367655 0.929962
685.300000000 48.1424 33.4722 0 0 0 0.282611 0.959234
686.800000000 49.1737 33.819 0 0 0 0.0919128 0.995767
688.200000000 50.2192 33.7948 0 0 0 -0.0507746 0.99871
689.500000000 51.1735 33.6132 0 0 0 -0.0916666 0.99579
690.900000000 52.2255 33.571 0 0 0 0.0164327 0.999865
692.200000000 53.1947 33.6633 0 0 0 0.0500785 0.998745
693.600000000 54.2474 33.7106 0 0 0 0.00519245 0.999987
694.900000000 55.2202 33.7079 0 0 0 -0.0143607 0.999897
696.200000000 55.6662 33.5401 0 0 0 -0.360422 0.93279
696.800000000 55.594 33.4678 0 0 0 -0.611596 0.79117
697.400000000 55.4969 33.4561 0 0 0 -0.811344 0.584569
698.400000000 55.0941 33.093 0 0 0 -0.929789 0.368092
699.800000000 54.306 32.454 0 0 0 -0.934633 0.355614
701.300000000 53.8029 31.5838 0 0 0 -0.819539 0.573023
702.900000000 53.7678 30.5606 0 0 0 -0.696147 0.717899
704.800000000 53.825 29.5989 0 0 0 -0.705881 0.708331
706.200000000 53.6219 28.6046 0 0 0 -0.813496 0.581571
706.900000000 53.4805 28.6024 0 0 0 -0.952462 0.304656
707.500000000 53.4448 28.71 0 0 0 -0.999908 0.0135635
708.100000000 53.4664 28.8362 0 0 0 0.960526 0.278191
708.800000000 53.5479 28.9351 0 0 0 0.810265 0.586064
709.400000000 53.6739 28.939 0 0 0 0.604557 0.796562
710.100000000 53.8272 29.0378 0 0 0 0.369076 0.929399
711.200000000 54.3424 29.07 0 0 0 0.0841716 0.996451
712.800000000 55.3324 28.8551 0 0 0 -0.128008 0.991773
714.100000000 56.3042 28.7837 0 0 0 -0.0205379 0.999789
715.400000000 57.2885 28.7976 0 0 0 0.00791457 0.999969
716.700000000 58.2518 28.8317 0 0 0 0.0179558 0.999839
718.100000000 59.3046 28.8687 0 0 0 0.0233579 0.999727
719.400000000 60.2774 28.9177 0 0 0 0.0241026 0.999709
720.700000000 60.9151 28.7952 0 0 0 -0.252956 0.967478
721.400000000 60.8382 28.6979 0 0 0 -0.566089 0.824344
722.100000000 60.7378 28.5368 0 0 0 -0.761911 0.647682
723.000000000 60.4876 28.1923 0 0 0 -0.900146 0.435588
724.400000000 59.7303 27.5368 0 0 0 -0.932583 0.360957
725.800000000 58.9986 26.7709 0 0 0 -0.922088 0.38698
727.100000000 58.3014 26.0912 0 0 0 -0.919393 0.393341
728.400000000 57.6179 25.3869 0 0 0 -0.924067 0.382231
729.700000000 56.9319 24.7051 0 0 0 -0.924361 0.381518
731.000000000 56.2462 24.013 0 0 0 -0.92436 0.38152
732.300000000 55.5505 23.321 0 0 0 -0.92436 0.381522
733.600000000 54.8589 22.6334 0 0 0 -0.924359 0.381525
735.000000000 54.0909 21.9148 0 0 0 -0.936328 0.351126
736.400000000 53.3116 21.3009 0 0 0 -0.948029 0.318184
738.800000000 52.4811 20.7995 0 0 0 -0.971568 0.236761
740.300000000 51.428 20.5497 0 0 0 -0.997345 0.0728158
741.700000000 50.4738 20.3108 0 0 0 -0.990383 0.138353
743.500000000 49.6606 19.8152 0 0 0 -0.947982 0.318325
746.300000000 48.9587 19.1467 0 0 0 -0.927296 0.374329
750.600000000 48.2656 18.4624 0 0 0 -0.924424 0.381367
754.900000000 47.5974 17.7714 0 0 0 -0.912991 0.40798
756.800000000 46.9776 16.9116 0 0 0 -0.881452 0.472273
758.100000000 46.5343 16.0454 0 0 0 -0.829659 0.55827
759.400000000 46.3571 15.0869 0 0 0 -0.734762 0.678325
760.800000000 46.4037 14.0367 0 0 0 -0.681655 0.731674
762.200000000 46.474 12.9874 0 0 0 -0.690418 0.72341
763.300000000 46.2578 12.4773 0 0 0 -0.860521 0.509416
764.800000000 45.5051 11.6896 0 0 0 -0.92995 0.367686
766.100000000 44.7905 11.0281 0 0 0 -0.932212 0.361911
768.000000000 44.0324 10.4483 0 0 0 -0.952342 0.305031
769.000000000 43.7942 10.3971 0 0 0 -0.999496 0.0317594
769.700000000 43.8122 10.473 0 0 0 0.951008 0.309166
770.200000000 43.8994 10.6017 0 0 0 0.847731 0.530427
770.900000000 43.993 10.6096 0 0 0 0.618963 0.78542
771.500000000 44.1286 10.5688 0 0 0 0.36352 0.931586
772.100000000 44.1815 10.4283 0 0 0 0.0779701 0.996956
772.900000000 44.3945 10.3 0 0 0 -0.20754 0.978227
774.100000000 44.7856 9.83462 0 0 0 -0.47398 0.880536
775.600000000 45.4894 9.08781 0 0 0 -0.32847 0.944515
777.100000000 46.4071 8.73342 0 0 0 -0.0702921 0.997526
778.300000000 47.275 8.82015 0 0 0 0.0529274 0.998598
779.700000000 48.3146 8.9786 0 0 0 0.0814107 0.996681
781.100000000 49.36 9.07365 0 0 0 0.0199408 0.999801
782.400000000 50.3395 9.06584 0 0 0 -0.0369244 0.999318
783.700000000 51.3098 8.98291 0 0 0 -0.0382371 0.999269
785.100000000 52.3516 8.95202 0 0 0 -0.0115689 0.999933
786.400000000 53.3162 8.91605 0 0 0 -0.025582 0.999673
787.600000000 53.815 8.66579 0 0 0 -0.332794 0.943
789.000000000 54.5017 7.90606 0 0 0 -0.408046 0.912961
790.300000000 55.1748 7.1893 0 0 0 -0.384381 0.923175
791.600000000 55.871 6.50504 0 0 0 -0.381627 0.924316
793.200000000 56.2731 5.9112 0 0 0 -0.668754 0.743484
794.000000000 56.1147 5.75212 0 0 0 -0.858668 0.512533
795.500000000 55.3493 5.17646 0 0 0 -0.950206 0.311623
797.000000000 54.8907 4.66826 0 0 0 -0.803303 0.59557
797.700000000 54.9879 4.6609 0 0 0 -0.553663 0.832741
798.300000000 55.1335 4.69478 0 0 0 -0.305366 0.952235
799.200000000 55.5716 4.68696 0 0 0 -0.0716162 0.997432
800.600000000 56.5954 4.72713 0 0 0 0.0555193 0.998458
801.800000000 57.4976 4.78542 0 0 0 0.0123062 0.999924
803.100000000 58.4741 4.76162 0 0 0 -0.00539252 0.999985
804.500000000 59.5186 4.76607 0 0 0 0.00338594 0.999994
805.700000000 60.422 4.79054 0 0 0 0.0147241 0.999892
807.000000000 61.3948 4.83367 0 0 0 0.0224856 0.999747
808.100000000 61.7157 4.70441 0 0 0 -0.320108 0.947381
808.700000000 61.6599 4.58722 0 0 0 -0.568276 0.822838
809.400000000 61.5525 4.49085 0 0 0 -0.787295 0.616577
810.500000000 61.1779 4.03877 0 0 0 -0.91765 0.397389
811.800000000 60.4545 3.37326 0 0 0 -0.93134 0.364151
813.200000000 59.7116 2.62828 0 0 0 -0.919376 0.393379
814.500000000 59.0347 1.92688 0 0 0 -0.923048 0.384684
815.800000000 58.3437 1.23101 0 0 0 -0.923338 0.383987
817.200000000 57.6038 0.485176 0 0 0 -0.923325 0.384021
818.500000000 56.8503 -0.13041 0 0 0 -0.954268 0.298953
819.800000000 55.9864 -0.538427 0 0 0 -0.98639 0.164425
821.600000000 55.0044 -0.591774 0 0 0 0.999775 0.0211925
823.900000000 53.9947 -0.446592 0 0 0 0.99656 0.0828759
825.300000000 53.0247 -0.290406 0 0 0 0.997358 0.0726363
827.400000000 51.9632 -0.306672 0 0 0 -0.996934 0.0782523
829.000000000 51.0174 -0.821447 0 0 0 -0.945876 0.324529
830.300000000 50.3403 -1.5303 0 0 0 -0.915996 0.401187
831.800000000 49.664 -2.21025 0 0 0 -0.957032 0.289983
832.500000000 49.6023 -2.12456 0 0 0 0.998888 0.0471472
833.500000000 49.183 -1.75173 0 0 0 0.955709 0.294315
834.900000000 48.3687 -1.11536 0 0 0 0.955113 0.29624
836.200000000 47.4904 -0.750245 0 0 0 0.990234 0.139415
837.500000000 46.5689 -0.73789 0 0 0 -0.999841 0.0178106
839.200000000 45.5031 -0.826962 0 0 0 -0.998999 0.0447286
842.200000000 44.5408 -0.873265 0 0 0 -0.9999 0.014131
846.500000000 43.5492 -0.882803 0 0 0 -0.999996 0.00277738
850.800000000 42.5823 -0.888039 0 0 0 -0.999997 0.00257603
854.400000000 41.5932 -0.891218 0 0 0 -0.999921 0.0125928
856.300000000 40.5173 -1.028 0 0 0 -0.988979 0.148057
857.700000000 39.6963 -1.56093 0 0 0 -0.945082 0.326834
859.000000000 38.9131 -2.13534 0 0 0 -0.960824 0.277159
860.400000000 37.9362 -2.48654 0 0 0 -0.993694 0.112125
861.900000000 37.0082 -2.42943 0 0 0 0.988981 0.148039
863.400000000 36.2397 -1.82258 0 0 0 0.923375 0.3839
864.700000000 35.5764 -1.10923 0 0 0 0.917744 0.397172
866.000000000 34.8917 -0.406246 0 0 0 0.917927 0.396749
867.300000000 34.2771 0.34893 0 0 0 0.894486 0.447096
869.000000000 33.972 1.33194 0 0 0 0.755349 0.655323
871.900000000 33.9975 2.29476 0 0 0 0.681923 0.731424
874.400000000 34.3048 3.10027 0 0 0 0.46802 0.883718
875.800000000 35.0337 3.80609 0 0 0 0.365941 0.930638
877.100000000 35.7405 4.48709 0 0 0 0.378682 0.925527
878.500000000 36.4754 5.22438 0 0 0 0.382993 0.923751
886.000000000 37.2048 5.96474 0 0 0 0.382946 0.923771
887.900000000 37.9461 6.69657 0 0 0 0.382899 0.92379
889.600000000 38.6373 7.39846 0 0 0 0.382853 0.923809
891.500000000 39.335 8.08629 0 0 0 0.382808 0.923828
893.400000000 40.025 8.76667 0 0 0 0.382765 0.923846
895.000000000 40.7663 9.50824 0 0 0 0.382733 0.923859
896.400000000 41.4838 10.2258 0 0 0 0.382702 0.923872
897.800000000 42.1105 10.8525 0 0 0 0.382609 0.923911
899.400000000 42.8868 11.6286 0 0 0 0.382578 0.923923
900.700000000 43.5259 12.2674 0 0 0 0.382549 0.923935
902.100000000 44.2697 13.0118 0 0 0 0.38258 0.923922
903.400000000 44.9634 13.7061 0 0 0 0.382602 0.923913
904.700000000 45.6471 14.3909 0 0 0 0.382611 0.923909
905.900000000 46.2809 15.0257 0 0 0 0.382608 0.923911
907.300000000 47.0247 15.7695 0 0 0 0.38263 0.923902
908.500000000 47.6251 16.4441 0 0 0 0.419522 0.907745
910.100000000 48.216 17.2068 0 0 0 0.450103 0.892977
913.900000000 48.745 18.1375 0 0 0 0.520686 0.853748
915.200000000 49.0382 19.0669 0 0 0 0.623737 0.781634
917.100000000 49.0234 20.0342 0 0 0 0.694023 0.719953
918.100000000 49.0449 20.2292 0 0 0 0.893308 0.449445
918.700000000 48.9773 20.1148 0 0 0 0.986147 0.165872
919.300000000 48.9824 20.0068 0 0 0 -0.991116 0.133003
920.100000000 48.8171 19.7795 0 0 0 -0.917504 0.397727
921.100000000 48.7156 19.3852 0 0 0 -0.753176 0.65782
922.900000000 48.7336 18.3485 0 0 0 -0.77724 0.629204
924.000000000 48.4356 17.8403 0 0 0 -0.908648 0.417563
925.200000000 47.8758 17.6132 0 0 0 -0.991454 0.130461
927.300000000 46.8665 17.7355 0 0 0 0.990052 0.140701
928.100000000 46.8724 17.7453 0 0 0 0.899696 0.436518
928.600000000 46.8709 17.7427 0 0 0 0.780273 0.625439
929.400000000 47.0173 17.9068 0 0 0 0.515816 0.8567
930.100000000 47.1162 17.7858 0 0 0 0.258144 0.966107
930.900000000 47.1538 17.6796 0 0 0 -0.0618764 0.998084
931.500000000 47.1212 17.6131 0 0 0 -0.299972 0.953948
932.500000000 47.2406 17.2742 0 0 0 -0.548248 0.836316
933.700000000 47.2267 16.679 0 0 0 -0.748374 0.663277
935.100000000 46.8224 15.986 0 0 0 -0.908827 0.417172
936.000000000 46.601 15.8767 0 0 0 -0.994723 0.102597
936.600000000 46.594 15.9095 0 0 0 0.984294 0.176539
938.100000000 45.8432 16.5638 0 0 0 0.923389 0.383866
939.600000000 45.163 17.2877 0 0 0 0.919256 0.393661
942.700000000 44.4803 17.9877 0 0 0 0.92351 0.383575
947.600000000 43.7838 18.8069 0 0 0 0.922839 0.385186
952.400000000 43.1237 19.4748 0 0 0 0.922839 0.385186
956.900000000 42.436 20.1702 0 0 0 0.922839 0.385186
961.700000000 41.7368 20.8066 0 0 0 0.941787 0.33621
966.100000000 40.9215 21.2726 0 0 0 0.97696 0.213424
968.500000000 39.9698 21.4907 0 0 0 0.997523 0.0703406
973.200000000 39.0038 21.4826 0 0 0 -0.999894 0.0145758
978.000000000 38.0506 21.4514 0 0 0 -0.999495 0.0317608
982.500000000 37.079 21.3846 0 0 0 -0.99947 0.0325459
987.200000000 36.1072 21.3436 0 0 0 -0.999902 0.0139725
992.100000000 35.1387 21.3336 0 0 0 -0.999997 0.00249026
997.000000000 34.1637 21.33 0 0 0 -0.999998 0.00184884
1001.900000000 33.1935 21.3263 0 0 0 -0.999998 0.00184886
1006.700000000 32.2485 21.3225 0 0 0 -0.999998 0.00184889
1011.600000000 31.2783 21.3187 0 0 0 -0.999998 0.00184891
1016.600000000 30.294 21.3149 0 0 0 -0.999998 0.00184895
1021.500000000 29.329 21.3112 0 0 0 -0.999998 0.00184898
1026.400000000 28.3488 21.3074 0 0 0 -0.999998 0.00184895
1031.200000000 27.3761 21.3155 0 0 0 0.999997 0.00245943
1032.700000000 26.6556 21.0215 0 0 0 -0.961965 0.273172
1034.300000000 25.9803 20.3663 0 0 0 -0.920881 0.389844
1036.100000000 25.322 19.4703 0 0 0 -0.862631 0.505834
1037.800000000 25.087 18.631 0 0 0 -0.717266 0.696799
1038.300000000 25.1706 18.6291 0 0 0 -0.521424 0.853298
1039.000000000 25.1852 18.6317 0 0 0 -0.176038 0.984383
1039.600000000 25.1815 18.6398 0 0 0 0.136574 0.99063
1040.100000000 25.1674 18.649 0 0 0 0.386524 0.922279
1040.800000000 25.1282 18.6615 0 0 0 0.649252 0.760573
1041.500000000 25.1098 18.6573 0 0 0 0.842186 0.539188
1042.900000000 24.4743 19.2004 0 0 0 0.9578 0.287437
1050.800000000 23.6088 19.8795 0 0 0 0.935564 0.353156
1052.000000000 23.0248 20.4729 0 0 0 0.915542 0.402222
1053.400000000 22.3992 21.3142 0 0 0 0.873835 0.486223
1055.300000000 22.1688 22.3338 0 0 0 0.771482 0.636252
1058.900000000 22.0742 23.1849 0 0 0 0.708141 0.706071
1061.800000000 22.1366 24.2564 0 0 0 0.681434 0.731879
1064.100000000 22.1891 25.1758 0 0 0 0.685092 0.728457
1068.200000000 22.2133 26.1353 0 0 0 0.70122 0.712945
1072.100000000 22.2203 27.1408 0 0 0 0.705435 0.708774
1073.600000000 22.2253 28.1607 0 0 0 0.705435 0.708774
1074.900000000 22.2301 29.1345 0 0 0 0.705435 0.708774
1076.200000000 22.235 30.1082 0 0 0 0.705435 0.708774
1077.400000000 22.2398 31.012 0 0 0 0.705435 0.708774
1078.800000000 22.2446 32.0557 0 0 0 0.705435 0.708774
1080.000000000 22.2495 32.9594 0 0 0 0.705435 0.708774
1081.300000000 22.2543 33.9332 0 0 0 0.705435 0.708774
1082.700000000 22.2383 34.9583 0 0 0 0.65812 0.752913
1083.300000000 22.2532 34.9334 0 0 0 0.420976 0.907072
1083.900000000 22.2547 34.9504 0 0 0 0.130064 0.991506
1084.500000000 22.2502 34.9733 0 0 0 -0.16418 0.98643
1085.400000000 22.538 34.5825 0 0 0 -0.384067 0.923305
1087.000000000 22.9251 33.6726 0 0 0 -0.594629 0.804
1088.800000000 23.3777 32.9657 0 0 0 -0.328795 0.944401
1089.400000000 23.3881 32.9862 0 0 0 -0.0424103 0.9991
1090.100000000 23.393 33.0132 0 0 0 0.292945 0.956129
1090.800000000 23.4964 33.2558 0 0 0 0.512392 0.858752
1092.100000000 23.9597 34.187 0 0 0 0.481993 0.876175
1093.200000000 24.328 34.3878 0 0 0 0.197847 0.980233
1093.600000000 24.3265 34.4121 0 0 0 0.0152961 0.999883
1094.500000000 24.323 34.3625 0 0 0 -0.393271 0.919422
1095.900000000 24.7719 33.382 0 0 0 -0.526914 0.849919
1097.500000000 25.0912 32.9632 0 0 0 -0.258663 0.965968
1098.300000000 25.0979 32.9752 0 0 0 0.0434921 0.999054
1099.200000000 25.1845 33.1161 0 0 0 0.322638 0.946522
1100.100000000 25.2393 33.3625 0 0 0 0.558679 0.829384
1101.800000000 25.2071 34.1173 0 0 0 0.747335 0.664447
1103.100000000 25.1139 34.5215 0 0 0 0.922462 0.386087
1103.900000000 25.0951 34.4875 0 0 0 0.999999 0.0010075
1104.500000000 25.0898 34.4745 0 0 0 -0.954078 0.299557
1105.000000000 25.103 34.4718 0 0 0 -0.84879 0.528731
1105.700000000 25.1394 34.4772 0 0 0 -0.614653 0.788797
1106.400000000 25.1504 34.4787 0 0 0 -0.304665 0.95246
1107.600000000 26.1229 34.1422 0 0 0 -0.252189 0.967678
1109.300000000 27.0254 33.5466 0 0 0 -0.258358 0.966049
1111.200000000 28.1128 33.1063 0 0 0 0.000512921 1
1112.400000000 28.3865 33.2025 0 0 0 0.28603 0.958221
1113.100000000 28.3199 33.2436 0 0 0 0.52751 0.849549
1113.900000000 28.3064 33.2538 0 0 0 0.754947 0.655785
1114.700000000 28.1368 33.3617 0 0 0 0.887799 0.46023
1116.100000000 27.5036 34.2088 0 0 0 0.892331 0.451382
1117.200000000 27.2189 34.3905 0 0 0 0.99327 0.115819
1118.000000000 27.0228 34.2366 0 0 0 -0.984134 0.177425
1119.600000000 26.2027 33.5134 0 0 0 -0.921594 0.388155
1121.200000000 25.5642 32.847 0 0 0 -0.920611 0.390482
1125.100000000 24.8796 32.1512 0 0 0 -0.922658 0.38562
1129.900000000 24.2014 31.4639 0 0 0 -0.922658 0.38562
1133.300000000 23.5272 30.7805 0 0 0 -0.922658 0.38562
1135.500000000 22.793 30.047 0 0 0 -0.922658 0.38562
1137.000000000 22.1024 29.3472 0 0 0 -0.922657 0.385621
1138.300000000 21.4231 28.6587 0 0 0 -0.922657 0.385621
1139.500000000 20.7938 28.0202 0 0 0 -0.922657 0.385621
1140.900000000 20.0545 27.2717 0 0 0 -0.922657 0.385621
1142.200000000 19.3699 26.5772 0 0 0 -0.922657 0.385621
1143.500000000 18.6806 25.8787 0 0 0 -0.922657 0.385621
1144.800000000 18.0014 25.1902 0 0 0 -0.922657 0.385621
1146.200000000 17.2621 24.4417 0 0 0 -0.922657 0.385622
1147.500000000 16.5828 23.7432 0 0 0 -0.922657 0.385622
1148.800000000 15.8935 23.0547 0 0 0 -0.922657 0.385622
1150.100000000 15.2043 22.3563 0 0 0 -0.922657 0.385622
1151.300000000 14.575 21.7178 0 0 0 -0.922657 0.385623
1152.700000000 13.8404 20.9732 0 0 0 -0.922656 0.385623
1154.100000000 13.0958 20.2287 0 0 0 -0.922656 0.385623
1155.400000000 12.4165 19.5302 0 0 0 -0.922656 0.385623
1156.800000000 11.6772 18.7817 0 0 0 -0.922656 0.385624
1158.100000000 10.9879 18.0932 0 0 0 -0.922656 0.385624
1159.500000000 10.4812 17.2787 0 0 0 -0.831276 0.55586
1160.900000000 10.3512 16.4044 0 0 0 -0.731024 0.682351
1162.500000000 10.4102 15.4461 0 0 0 -0.665757 0.746169
1163.900000000 10.5033 14.4075 0 0 0 -0.672652 0.739959
1165.400000000 10.324 13.571 0 0 0 -0.862812 0.505526
1166.800000000 9.63011 12.8626 0 0 0 -0.928401 0.37158
1168.100000000 8.93139 12.1838 0 0 0 -0.926957 0.375167
1169.400000000 8.24642 11.501 0 0 0 -0.923139 0.384467
1171.100000000 7.73948 10.8039 0 0 0 -0.765109 0.643901
1171.700000000 7.85684 10.7491 0 0 0 -0.571635 0.820508
1173.400000000 8.70774 9.99116 0 0 0 -0.342985 0.939341
1174.700000000 9.43184 9.35255 0 0 0 -0.304394 0.952546
1176.100000000 10.3648 8.95875 0 0 0 -0.192959 0.981207
1177.700000000 11.2779 8.78246 0 0 0 -0.0234182 0.999726
1180.400000000 12.2575 8.8052 0 0 0 0.0443242 0.999017
1185.400000000 13.1626 8.95945 0 0 0 0.057827 0.998327
1189.500000000 14.2345 8.8709 0 0 0 -0.172223 0.985058
1191.000000000 14.9668 8.23015 0 0 0 -0.388201 0.921575
1192.300000000 15.5606 7.55926 0 0 0 -0.392942 0.919563
1193.500000000 16.259 6.96491 0 0 0 -0.331333 0.943514
1194.800000000 17.0515 6.42924 0 0 0 -0.276297 0.961072
1197.000000000 17.9452 5.95614 0 0 0 -0.227712 0.973729
1198.800000000 18.8219 5.50559 0 0 0 -0.250246 0.968182
1200.100000000 19.6535 5.00158 0 0 0 -0.278446 0.960452
1201.500000000 20.4832 4.33212 0 0 0 -0.351567 0.936163
1202.800000000 21.174 3.65578 0 0 0 -0.405457 0.914114
1204.000000000 21.7714 2.92942 0 0 0 -0.504185 0.863596
1205.400000000 21.9293 1.97656 0 0 0 -0.671063 0.741401
1206.900000000 21.8426 1.02879 0 0 0 -0.699339 0.71479
1208.000000000 22.1194 0.51153 0 0 0 -0.489071 0.872244
1209.500000000 22.9532 -0.224024 0 0 0 -0.34916 0.937063
1210.800000000 23.6506 -0.89036 0 0 0 -0.336995 0.941506
1212.200000000 24.4749 -1.40742 0 0 0 -0.244856 0.969559
1220.300000000 25.3966 -1.50982 0 0 0 0.035958 0.999353
1222.000000000 26.3603 -1.26291 0 0 0 0.139056 0.990285
1226.400000000 27.2659 -1.08383 0 0 0 0.0823569 0.996603
1230.600000000 28.2817 -1.01187 0 0 0 0.01581 0.999875
1232.000000000 29.3341 -1.06433 0 0 0 -0.0375772 0.999294
1233.300000000 30.3068 -1.12629 0 0 0 -0.016078 0.999871
1234.600000000 31.2817 -1.12077 0 0 0 0.00640004 0.99998
1236.000000000 32.3364 -1.10822 0 0 0 0.00635658 0.99998
1237.300000000 33.3114 -1.1145 0 0 0 -0.000704735 1
1238.600000000 34.287 -1.13182 0 0 0 -0.010847 0.999941
1239.900000000 35.2553 -1.13184 0 0 0 -0.0015071 0.999999
1241.500000000 36.3065 -1.12393 0 0 0 0.00325477 0.999995
1243.200000000 36.8979 -0.996862 0 0 0 0.333171 0.942866
1243.900000000 36.781 -0.923275 0 0 0 0.636347 0.771403
1244.500000000 36.6741 -0.934917 0 0 0 0.835919 0.548853
1245.400000000 36.3367 -0.674419 0 0 0 0.943834 0.33042
1246.600000000 35.7414 -0.543909 0 0 0 0.999201 0.0399651
1247.800000000 34.8393 -0.480649 0 0 0 0.999167 0.0408148
1249.500000000 33.9772 -0.248841 0 0 0 0.951093 0.308906
1250.400000000 33.9407 -0.0251435 0 0 0 0.810462 0.585791
1251.500000000 34.018 0.395569 0 0 0 0.637013 0.770853
1253.500000000 34.4474 1.27844 0 0 0 0.61694 0.78701
1255.100000000 34.2776 2.23477 0 0 0 0.809132 0.587626
1256.600000000 33.7073 3.02855 0 0 0 0.923144 0.384455
1257.400000000 33.6189 2.96973 0 0 0 0.993878 0.110487
1258.200000000 33.6304 2.84587 0 0 0 -0.981152 0.193239
1258.900000000 33.6858 2.75395 0 0 0 -0.89366 0.448744
1259.700000000 33.8693 2.69624 0 0 0 -0.711553 0.702632
1260.400000000 33.9691 2.72562 0 0 0 -0.492211 0.870476
1261.100000000 33.992 2.8135 0 0 0 -0.247405 0.968912
1261.900000000 34.0125 2.92117 0 0 0 0.0469762 0.998896
1263.800000000 34.8391 3.50607 0 0 0 0.266272 0.963898
1265.500000000 35.5723 3.7779 0 0 0 -0.0821073 0.996623
1266.100000000 35.5256 3.66826 0 0 0 -0.368678 0.929557
1266.600000000 35.4456 3.59628 0 0 0 -0.573966 0.818879
1267.300000000 35.3402 3.49162 0 0 0 -0.789091 0.614277
1268.600000000 34.8452 2.92441 0 0 0 -0.921052 0.389441
1269.900000000 34.1307 2.25133 0 0 0 -0.932062 0.362298
1271.200000000 33.42 1.58434 0 0 0 -0.927351 0.374193
1272.600000000 32.6786 0.836098 0 0 0 -0.922195 0.386725
1273.900000000 31.9916 0.153298 0 0 0 -0.92784 0.372979
1275.100000000 31.3129 -0.462249 0 0 0 -0.935018 0.3546
1276.400000000 30.5604 -1.08784 0 0 0 -0.942659 0.333757
1277.800000000 29.7067 -1.69729 0 0 0 -0.957682 0.28783
1279.200000000 28.7557 -2.16252 0 0 0 -0.979643 0.200746
1280.600000000 27.8452 -2.42084 0 0 0 -0.997519 0.0703915
1282.400000000 26.874 -2.43443 0 0 0 0.999667 0.0258101
1283.800000000 25.8307 -2.30778 0 0 0 0.997273 0.0738042
1285.600000000 24.9191 -2.19014 0 0 0 0.999596 0.0284365
1289.400000000 23.9679 -2.19126 0 0 0 -0.99993 0.0118568
1293.800000000 23.0259 -2.23223 0 0 0 -0.999569 0.0293632
1298.400000000 22.0411 -2.28055 0 0 0 -0.999891 0.0147379
1303.100000000 21.058 -2.29282 0 0 0 -0.999992 0.00388411
1307.700000000 20.0877 -2.29872 0 0 0 -0.999995 0.00302009
1309.600000000 19.005 -2.2952 0 0 0 -0.999995 0.0030201
1310.900000000 18.0228 -2.30256 0 0 0 -0.999997 0.00235245
1312.200000000 17.053 -2.30903 0 0 0 -0.999998 0.00208843
1313.500000000 16.0781 -2.31437 0 0 0 -0.999998 0.00212385
1314.900000000 15.0239 -2.31785 0 0 0 -0.999998 0.00212474
1316.200000000 14.0481 -2.32094 0 0 0 -0.999998 0.00211651
1317.500000000 13.0733 -2.32313 0 0 0 -0.999998 0.00212511
1318.800000000 12.0972 -2.32379 0 0 0 -0.999998 0.00215075
1320.200000000 11.3425 -2.67038 0 0 0 -0.959126 0.282979
1321.600000000 10.6182 -3.38341 0 0 0 -0.918393 0.395669
1322.900000000 9.91883 -4.06736 0 0 0 -0.939686 0.342039
1324.200000000 9.05636 -4.52182 0 0 0 -0.981555 0.191179
1325.600000000 8.09069 -4.62418 0 0 0 0.999838 0.0180196
1326.900000000 7.12629 -4.50118 0 0 0 0.999444 0.0333501
1328.100000000 6.24147 -4.60612 0 0 0 -0.996017 0.0891605
1329.500000000 5.31986 -4.9963 0 0 0 -0.963918 0.2662
1330.900000000 4.62842 -5.70701 0 0 0 -0.89242 0.451205
1332.400000000 4.25088 -6.71284 0 0 0 -0.777137 0.629332
1333.100000000 4.31522 -6.89397 0 0 0 -0.591883 0.806024
1333.700000000 4.41154 -6.82467 0 0 0 -0.327071 0.945
1334.400000000 4.45411 -6.68811 0 0 0 0.0166156 0.999862
1335.200000000 4.60354 -6.51205 0 0 0 0.314559 0.949238
1336.200000000 4.78836 -6.05929 0 0 0 0.550622 0.834755
1337.600000000 4.9317 -5.02527 0 0 0 0.699383 0.714747
1339.300000000 4.74301 -3.95507 0 0 0 0.7664 0.642364
1340.600000000 4.62557 -2.99877 0 0 0 0.742438 0.669915
1342.000000000 4.57834 -1.9398 0 0 0 0.719186 0.694818
1343.400000000 4.45795 -1.00792 0 0 0 0.771876 0.635773
1345.000000000 4.14672 -0.351362 0 0 0 0.91635 0.400379
1345.700000000 4.08514 -0.474908 0 0 0 0.998092 0.0617509
1346.300000000 4.10598 -0.59417 0 0 0 -0.971762 0.235963
1347.000000000 4.20753 -0.696161 0 0 0 -0.832397 0.554179
1347.600000000 4.33623 -0.695873 0 0 0 -0.631202 0.775618
1348.100000000 4.42229 -0.659605 0 0 0 -0.418394 0.908266
1348.700000000 4.50636 -0.579216 0 0 0 -0.14694 0.989145
1349.400000000 4.56407 -0.441535 0 0 0 0.160918 0.986968
1350.000000000 4.58313 -0.31743 0 0 0 0.41541 0.909634
1350.600000000 4.48922 -0.266452 0 0 0 0.651177 0.758925
1351.100000000 4.39458 -0.269146 0 0 0 0.819374 0.573259
1351.800000000 4.29372 -0.344286 0 0 0 0.966405 0.257024
1352.300000000 4.26874 -0.460969 0 0 0 0.999944 0.0105878
1353.300000000 3.94366 -0.723504 0 0 0 -0.956939 0.290289
1354.800000000 3.18621 -1.48847 0 0 0 -0.918725 0.394898
1356.000000000 2.52697 -2.10623 0 0 0 -0.938339 0.345717
1363.200000000 2.22045 -2.19215 0 0 0 -0.99973 0.0232232
1363.900000000 1.97051 -2.00379 0 0 0 0.981793 0.189954
1365.100000000 1.49142 -1.53846 0 0 0 0.899077 0.43779
1366.500000000 1.037 -0.671293 0 0 0 0.864085 0.503345
1368.100000000 0.455202 0.127572 0 0 0 0.931416 0.363957
1369.200000000 0.0549545 0.224033 0 0 0 0.994873 0.101136
1369.900000000 0.0131783 0.121061 0 0 0 -0.98337 0.181616
1370.500000000 0.0947701 0.0354967 0 0 0 -0.891292 0.45343
1371.200000000 0.203984 -0.00247824 0 0 0 -0.690768 0.723077
1371.800000000 0.313872 0.034369 0 0 0 -0.456306 0.889823
1372.800000000 0.74762 -0.203418 0 0 0 -0.232605 0.972571
1374.900000000 1.74213 -0.351145 0 0 0 -0.0408103 0.999167
1376.500000000 2.31084 -0.269678 0 0 0 0.257246 0.966346
1377.100000000 2.2243 -0.190724 0 0 0 0.531409 0.847115
1377.700000000 2.12445 -0.167011 0 0 0 0.757088 0.653313
1378.300000000 1.99473 -0.188432 0 0 0 0.913871 0.406004
1379.000000000 1.91785 -0.300443 0 0 0 0.997303 0.0733964
1379.700000000 1.93885 -0.435226 0 0 0 -0.963562 0.267483
1381.500000000 1.16423 -0.994334 0 0 0 -0.986214 0.165476
1382.400000000 0.901576 -0.93291 0 0 0 0.990603 0.136769
1383.100000000 0.904239 -0.791229 0 0 0 0.90462 0.42622
1384.300000000 0.853376 -0.252292 0 0 0 0.754493 0.656309
1386.100000000 1.00819 0.526327 0 0 0 0.519633 0.854389
1386.900000000 1.09283 0.456419 0 0 0 0.25957 0.965724
1387.600000000 1.12062 0.375994 0 0 0 0.0136293 0.999907
1388.300000000 1.10172 0.277766 0 0 0 -0.249317 0.968422
1389.000000000 1.03252 0.196129 0 0 0 -0.494781 0.869018
1390.200000000 0.986213 -0.263093 0 0 0 -0.707412 0.706802
1392.000000000 0.68961 -1.03992 0 0 0 -0.896075 0.443903
1392.700000000 0.618393 -0.948749 0 0 0 -0.987265 0.159083
1393.500000000 0.608934 -0.818083 0 0 0 0.983276 0.182122
1394.300000000 0.496661 -0.603328 0 0 0 0.904565 0.426336
1395.200000000 0.475556 -0.311057 0 0 0 0.757215 0.653166
1397.000000000 0.707466 0.472267 0 0 0 0.547079 0.837081
1398.200000000 0.928494 0.64182 0 0 0 0.284229 0.958756
1399.100000000 0.977087 0.524121 0 0 0 -0.0310922 0.999517
1400.000000000 0.92906 0.407316 0 0 0 -0.343065 0.939312
