0.300000000 0.2 0 0 0 0 0 1
9.100000000 0.982219 -0.12347 0 0 0 -0.343509 0.939149
9.700000000 0.88409 -0.187892 0 0 0 -0.605699 0.795694
10.300000000 0.748129 -0.187315 0 0 0 -0.81343 0.581664
11.000000000 0.66863 -0.0930172 0 0 0 -0.963678 0.267066
11.600000000 0.674743 0.0122461 0 0 0 0.99961 0.0279145
12.300000000 0.721357 0.138748 0 0 0 0.929192 0.369598
12.900000000 0.81884 0.197683 0 0 0 0.778281 0.627916
13.500000000 0.92542 0.197899 0 0 0 0.557712 0.830035
14.100000000 1.00344 0.112356 0 0 0 0.287203 0.95787
14.700000000 1.0285 0.00903737 0 0 0 -0.009096 0.999959
15.300000000 0.995042 -0.117364 0 0 0 -0.30366 0.952781
18.500000000 1.20809 -0.0851296 0 0 0 0.0396416 0.999214
19.200000000 1.17249 0.0237104 0 0 0 0.380688 0.924704
19.700000000 1.05874 0.0958225 0 0 0 0.589623 0.807679
20.300000000 1.00049 0.162408 0 0 0 0.787554 0.616246
21.400000000 0.58751 0.561994 0 0 0 0.923579 0.383407
22.700000000 -0.141167 1.19441 0 0 0 0.935269 0.353938
24.100000000 -0.87168 1.97276 0 0 0 0.908547 0.417783
25.400000000 -1.43373 2.75696 0 0 0 0.877032 0.480432
26.700000000 -1.88872 3.61444 0 0 0 0.844802 0.535079
28.000000000 -2.2204 4.53047 0 0 0 0.823423 0.567427
29.400000000 -2.63333 5.49461 0 0 0 0.827172 0.561948
30.700000000 -2.83469 6.43521 0 0 0 0.744948 0.667123
31.400000000 -2.72718 6.49497 0 0 0 0.509675 0.860367
32.100000000 -2.63194 6.40067 0 0 0 0.188865 0.982003
32.800000000 -2.61827 6.30788 0 0 0 -0.155538 0.98783
33.400000000 -2.68354 6.16449 0 0 0 -0.435225 0.900322
34.100000000 -2.80249 6.11158 0 0 0 -0.713448 0.700708
34.700000000 -2.92083 6.06957 0 0 0 -0.870703 0.49181
36.000000000 -3.45874 5.65806 0 0 0 -0.978432 0.206568
36.700000000 -3.47963 5.80285 0 0 0 0.990696 0.136091
37.300000000 -3.42588 5.8979 0 0 0 0.90814 0.418666
37.900000000 -3.34527 5.9874 0 0 0 0.754496 0.656305
38.500000000 -3.22464 6.03028 0 0 0 0.554461 0.83221
40.000000000 -2.56396 6.80486 0 0 0 0.389137 0.92118
41.400000000 -1.89096 7.60911 0 0 0 0.468205 0.88362
42.900000000 -1.68191 8.49087 0 0 0 0.697793 0.716299
44.400000000 -1.94363 9.4955 0 0 0 0.814967 0.579508
45.700000000 -2.20614 10.4509 0 0 0 0.780516 0.625135
47.200000000 -2.2949 11.3786 0 0 0 0.716829 0.697249
49.700000000 -2.25167 12.3294 0 0 0 0.689262 0.724512
53.900000000 -2.2008 13.2754 0 0 0 0.685232 0.728325
58.100000000 -2.17434 14.2348 0 0 0 0.700992 0.713169
62.400000000 -2.16808 15.2383 0 0 0 0.705684 0.708527
65.000000000 -2.18952 16.3287 0 0 0 0.736695 0.676225
66.400000000 -2.44761 17.2374 0 0 0 0.855324 0.518094
67.100000000 -2.61739 17.3079 0 0 0 0.959275 0.282474
67.800000000 -2.70647 17.2006 0 0 0 -0.999423 0.0339529
68.400000000 -2.67581 17.0899 0 0 0 -0.945569 0.32542
69.000000000 -2.57864 17.0125 0 0 0 -0.807178 0.590308
69.600000000 -2.48047 17.0226 0 0 0 -0.59681 0.802382
70.200000000 -2.39208 17.0783 0 0 0 -0.331427 0.943481
70.800000000 -2.34861 17.1883 0 0 0 -0.0383478 0.999264
71.500000000 -2.37174 17.3207 0 0 0 0.294957 0.955511
72.600000000 -2.10027 17.8049 0 0 0 0.54874 0.835993
74.100000000 -1.97291 18.8495 0 0 0 0.72473 0.689033
75.400000000 -2.15009 19.8171 0 0 0 0.759733 0.650235
76.800000000 -2.24495 20.7939 0 0 0 0.731802 0.681517
79.400000000 -2.23782 21.7886 0 0 0 0.69993 0.714211
83.500000000 -2.2221 22.7317 0 0 0 0.701332 0.712834
87.300000000 -2.21522 23.7284 0 0 0 0.706269 0.707943
91.000000000 -2.22255 24.6862 0 0 0 0.705054 0.709154
94.800000000 -2.21655 25.6812 0 0 0 0.705088 0.70912
98.500000000 -2.21062 26.6527 0 0 0 0.705111 0.709097
101.100000000 -2.23988 27.6023 0 0 0 0.731527 0.681812
102.500000000 -2.36088 28.6436 0 0 0 0.752521 0.658568
103.800000000 -2.63945 29.5648 0 0 0 0.83049 0.557034
104.600000000 -2.82655 29.5899 0 0 0 0.964219 0.265107
105.300000000 -2.94814 29.5105 0 0 0 -0.999626 0.0273379
106.000000000 -2.99278 29.3655 0 0 0 -0.942913 0.333041
106.600000000 -2.87458 29.3097 0 0 0 -0.802388 0.596802
107.100000000 -2.77622 29.3207 0 0 0 -0.630276 0.776371
107.800000000 -2.66966 29.3832 0 0 0 -0.324202 0.945988
108.500000000 -2.62824 29.5137 0 0 0 0.0204486 0.999791
109.200000000 -2.58763 29.5127 0 0 0 0.30964 0.950854
110.100000000 -2.31786 30.0763 0 0 0 0.504402 0.863469
111.500000000 -2.09885 31.0442 0 0 0 0.666389 0.745604
112.900000000 -2.14839 32.0947 0 0 0 0.738658 0.67408
114.300000000 -2.24992 33.1376 0 0 0 0.736454 0.676488
116.000000000 -2.29245 34.0803 0 0 0 0.715798 0.698307
119.100000000 -2.29843 35.0148 0 0 0 0.709712 0.704492
122.800000000 -2.30689 35.9809 0 0 0 0.709749 0.704455
126.700000000 -2.28604 36.9691 0 0 0 0.694009 0.719966
131.100000000 -2.24222 37.9004 0 0 0 0.686375 0.727248
134.200000000 -2.1897 38.864 0 0 0 0.69435 0.719638
135.500000000 -2.22749 39.8355 0 0 0 0.741199 0.671286
136.900000000 -2.49787 40.8582 0 0 0 0.789043 0.614339
138.200000000 -2.79561 41.7833 0 0 0 0.800855 0.598858
139.500000000 -2.94998 42.7563 0 0 0 0.734632 0.678466
140.900000000 -2.93433 43.8002 0 0 0 0.677227 0.735774
141.600000000 -2.80486 43.8597 0 0 0 0.435446 0.900215
142.100000000 -2.74743 43.7882 0 0 0 0.202674 0.979246
142.800000000 -2.73268 43.7116 0 0 0 -0.141376 0.989956
143.400000000 -2.76741 43.5783 0 0 0 -0.421824 0.906678
143.900000000 -2.88942 43.5336 0 0 0 -0.628949 0.777447
144.500000000 -2.97633 43.5339 0 0 0 -0.828993 0.559259
146.100000000 -3.71478 42.8118 0 0 0 -0.936042 0.351888
147.500000000 -4.32616 42.4743 0 0 0 -0.998603 0.0528319
148.100000000 -4.31338 42.5808 0 0 0 0.970767 0.240026
148.700000000 -4.23762 42.67 0 0 0 0.858972 0.512022
149.300000000 -4.12382 42.702 0 0 0 0.672922 0.739714
150.100000000 -3.87564 42.9365 0 0 0 0.473819 0.880622
151.600000000 -3.14934 43.6859 0 0 0 0.363183 0.931718
152.900000000 -2.46606 44.4153 0 0 0 0.452871 0.891576
154.400000000 -2.14195 45.3834 0 0 0 0.645608 0.763669
155.600000000 -2.16837 46.2793 0 0 0 0.735706 0.677301
157.000000000 -2.2685 47.3185 0 0 0 0.73834 0.674429
158.300000000 -2.31174 48.3015 0 0 0 0.715314 0.698804
159.600000000 -2.30779 49.2752 0 0 0 0.702231 0.71195
160.900000000 -2.29576 50.2493 0 0 0 0.707677 0.706536
162.200000000 -2.28599 51.2239 0 0 0 0.707669 0.706544
163.500000000 -2.33483 52.1931 0 0 0 0.740343 0.67223
164.900000000 -2.54897 53.2011 0 0 0 0.810597 0.585604
166.100000000 -2.89107 53.5653 0 0 0 0.960911 0.276859
166.800000000 -3.01792 53.4652 0 0 0 -0.999712 0.0239982
167.400000000 -2.97691 53.357 0 0 0 -0.949583 0.313517
168.100000000 -2.87189 53.2871 0 0 0 -0.784121 0.620608
168.600000000 -2.77407 53.2952 0 0 0 -0.606684 0.794943
169.300000000 -2.67475 53.3586 0 0 0 -0.296725 0.954963
169.900000000 -2.5527 53.4687 0 0 0 -0.0461825 0.998933
170.600000000 -2.36339 53.5938 0 0 0 0.197283 0.980346
172.000000000 -1.65387 54.1957 0 0 0 0.396042 0.918233
173.400000000 -0.99112 55.0136 0 0 0 0.42618 0.904639
174.700000000 -0.321052 55.7196 0 0 0 0.381809 0.924241
175.900000000 0.317279 56.3445 0 0 0 0.378232 0.925711
177.300000000 1.01998 57.1119 0 0 0 0.419832 0.907602
178.500000000 1.68864 57.7326 0 0 0 0.324328 0.945945
180.000000000 2.67854 58.157 0 0 0 0.124735 0.99219
181.600000000 3.59063 58.2016 0 0 0 -0.00158901 0.999999
184.400000000 4.54046 58.1621 0 0 0 -0.0275889 0.999619
186.000000000 5.14977 58.3663 0 0 0 0.292026 0.95641
186.700000000 5.15259 58.549 0 0 0 0.539876 0.841744
188.100000000 5.39916 59.5273 0 0 0 0.666032 0.745923
188.800000000 5.27182 59.5462 0 0 0 0.870938 0.491393
189.400000000 5.19586 59.4493 0 0 0 0.976752 0.214372
190.000000000 5.18031 59.332 0 0 0 -0.996478 0.0838515
190.700000000 5.24824 59.2127 0 0 0 -0.907312 0.420457
191.400000000 5.35704 59.176 0 0 0 -0.706462 0.707751
192.200000000 5.54546 58.9211 0 0 0 -0.505184 0.863012
193.800000000 6.39974 58.2625 0 0 0 -0.264005 0.964521
195.300000000 7.39804 57.9065 0 0 0 -0.084952 0.996385
196.700000000 8.43203 57.9713 0 0 0 0.044905 0.998991
198.100000000 9.44236 58.1096 0 0 0 0.0554079 0.998464
199.900000000 10.4614 58.1534 0 0 0 0.00884254 0.999961
203.200000000 11.4037 58.1238 0 0 0 -0.0217955 0.999762
207.700000000 12.3623 58.0854 0 0 0 -0.0187446 0.999824
212.100000000 13.3105 58.0721 0 0 0 -0.00462961 0.999989
216.700000000 14.3006 58.0686 0 0 0 -0.000648191 1
220.300000000 15.2594 58.0564 0 0 0 -0.000662151 1
223.400000000 16.2738 58.0531 0 0 0 -0.000667993 1
226.300000000 17.2265 58.0514 0 0 0 -0.000667668 1
229.100000000 18.1474 58.0497 0 0 0 -0.00066522 1
230.700000000 18.5326 58.1789 0 0 0 0.341418 0.939912
231.300000000 18.4339 58.2413 0 0 0 0.603935 0.797034
232.000000000 18.3341 58.4396 0 0 0 0.783613 0.621249
233.500000000 17.8559 59.3284 0 0 0 0.840675 0.54154
234.600000000 17.8344 59.7204 0 0 0 0.62447 0.781048
235.200000000 17.9406 59.67 0 0 0 0.370071 0.929003
235.800000000 18.0224 59.5868 0 0 0 0.101891 0.994796
236.500000000 18.0896 59.463 0 0 0 -0.207159 0.978307
238.100000000 18.8141 58.7078 0 0 0 -0.404236 0.914655
239.400000000 19.487 58.0028 0 0 0 -0.389173 0.921165
240.800000000 20.2356 57.2624 0 0 0 -0.377186 0.926137
242.100000000 20.9191 56.5831 0 0 0 -0.381356 0.924428
245.100000000 21.6079 55.7642 0 0 0 -0.492327 0.87041
246.500000000 21.8839 54.8545 0 0 0 -0.631226 0.775599
249.400000000 21.9504 53.8756 0 0 0 -0.702182 0.711997
254.200000000 21.9207 52.9029 0 0 0 -0.721331 0.69259
258.800000000 21.8648 51.9335 0 0 0 -0.727882 0.685703
263.200000000 21.8155 50.9851 0 0 0 -0.722749 0.691111
265.300000000 22.0866 50.2368 0 0 0 -0.493553 0.869716
266.700000000 22.7554 49.5156 0 0 0 -0.374802 0.927105
268.600000000 23.4038 48.8916 0 0 0 -0.376685 0.926341
270.700000000 23.6357 48.407 0 0 0 -0.65446 0.756096
271.400000000 23.543 48.2715 0 0 0 -0.83209 0.55464
272.600000000 23.0276 47.7637 0 0 0 -0.937081 0.349113
273.900000000 22.2282 47.1798 0 0 0 -0.929172 0.369648
275.200000000 21.5416 46.4873 0 0 0 -0.921914 0.387394
276.600000000 20.8051 45.736 0 0 0 -0.921913 0.387396
277.900000000 20.1186 45.0348 0 0 0 -0.921913 0.387397
279.100000000 19.5041 44.3821 0 0 0 -0.914888 0.403707
280.400000000 18.9574 43.5822 0 0 0 -0.862133 0.506682
281.700000000 18.6679 42.6617 0 0 0 -0.773046 0.63435
283.600000000 18.67 41.661 0 0 0 -0.684158 0.729333
286.900000000 18.7617 40.7175 0 0 0 -0.674321 0.738439
290.100000000 18.7656 39.6495 0 0 0 -0.738862 0.673857
291.700000000 18.4242 38.7412 0 0 0 -0.860373 0.509665
294.200000000 17.7946 37.9734 0 0 0 -0.916799 0.399349
298.200000000 17.1188 37.2912 0 0 0 -0.921547 0.388267
302.100000000 16.4432 36.6189 0 0 0 -0.922984 0.384838
306.500000000 15.7763 35.9355 0 0 0 -0.922984 0.384838
311.100000000 15.1003 35.2142 0 0 0 -0.912209 0.409725
312.700000000 14.8794 34.7219 0 0 0 -0.733462 0.679731
313.500000000 15.0416 34.55 0 0 0 -0.502093 0.864814
314.800000000 15.689 34.0161 0 0 0 -0.289702 0.957117
316.100000000 16.5871 33.6336 0 0 0 -0.154158 0.988046
317.900000000 17.506 33.6165 0 0 0 -0.0231844 0.999731
321.400000000 18.5168 33.5384 0 0 0 0.0213212 0.999773
326.200000000 19.4881 33.5971 0 0 0 0.0286356 0.99959
331.000000000 20.4658 33.6448 0 0 0 0.0331441 0.999451
335.900000000 21.4262 33.687 0 0 0 0.0142908 0.999898
340.700000000 22.3921 33.7116 0 0 0 0.00538547 0.999985
345.500000000 23.3614 33.7172 0 0 0 0.00294767 0.999996
350.300000000 24.3121 33.723 0 0 0 0.0029711 0.999996
355.200000000 25.2804 33.7289 0 0 0 0.00299432 0.999996
360.200000000 26.2635 33.7348 0 0 0 0.00301714 0.999995
365.100000000 27.2283 33.7408 0 0 0 0.00303962 0.999995
367.400000000 27.9644 34.0161 0 0 0 0.285113 0.958494
368.900000000 28.7499 34.7144 0 0 0 0.393333 0.919396
371.500000000 29.3574 35.3669 0 0 0 0.388883 0.921287
376.300000000 30.05 36.0744 0 0 0 0.387564 0.921843
380.400000000 30.7151 36.7544 0 0 0 0.387583 0.921835
384.900000000 31.405 37.4597 0 0 0 0.387602 0.921827
389.100000000 32.0812 38.1512 0 0 0 0.38762 0.921819
393.200000000 32.7425 38.8376 0 0 0 0.387638 0.921812
397.300000000 33.3938 39.5114 0 0 0 0.403989 0.914764
399.700000000 33.9875 40.4264 0 0 0 0.523628 0.851947
401.100000000 34.3368 41.4177 0 0 0 0.655438 0.755249
402.400000000 34.2629 42.4077 0 0 0 0.752948 0.65808
403.600000000 34.1588 43.3335 0 0 0 0.765908 0.64295
405.000000000 34.1268 44.3761 0 0 0 0.714414 0.699724
406.300000000 34.0777 45.3185 0 0 0 0.703993 0.710207
407.700000000 34.0736 46.371 0 0 0 0.710563 0.703633
409.100000000 34.0681 47.4246 0 0 0 0.710571 0.703625
410.300000000 34.0566 48.3183 0 0 0 0.707855 0.706358
411.700000000 34.0539 49.3721 0 0 0 0.707862 0.706351
413.000000000 34.0518 50.3458 0 0 0 0.707869 0.706344
414.200000000 34.0492 51.2501 0 0 0 0.707944 0.706268
415.500000000 34.0465 52.2243 0 0 0 0.70801 0.706202
416.900000000 34.0436 53.2781 0 0 0 0.708015 0.706197
418.200000000 34.0414 54.2507 0 0 0 0.70802 0.706193
419.500000000 34.0389 55.2245 0 0 0 0.708023 0.70619
421.100000000 33.8838 56.207 0 0 0 0.837258 0.546808
422.700000000 33.1226 56.9987 0 0 0 0.931209 0.364485
423.900000000 32.451 57.6038 0 0 0 0.93981 0.341698
425.300000000 31.5605 58.1442 0 0 0 0.977169 0.212464
432.600000000 30.6794 58.3589 0 0 0 0.995928 0.0901488
434.200000000 29.6772 58.4218 0 0 0 0.999971 0.00755893
437.100000000 28.7348 58.3867 0 0 0 -0.999623 0.0274716
440.800000000 27.6521 58.2842 0 0 0 -1 0.000136884
442.100000000 26.7442 58.536 0 0 0 0.98695 0.161026
443.500000000 25.8417 59.0131 0 0 0 0.969358 0.245653
444.900000000 24.9007 59.4228 0 0 0 0.990471 0.137724
446.300000000 23.9665 59.4479 0 0 0 -0.999968 0.00801651
448.300000000 22.9975 59.3612 0 0 0 -0.998831 0.0483377
451.800000000 22.0158 59.2901 0 0 0 -0.999467 0.0326547
453.600000000 20.9435 59.2696 0 0 0 0.999978 0.00666278
454.800000000 20.0398 59.2831 0 0 0 0.999978 0.00664868
456.200000000 18.9864 59.2847 0 0 0 -0.999994 0.00360506
457.700000000 18.042 59.2443 0 0 0 -0.999472 0.0324807
460.100000000 17.3949 59.3149 0 0 0 0.962331 0.27188
460.900000000 17.4682 59.3946 0 0 0 0.832898 0.553426
462.000000000 17.526 59.7341 0 0 0 0.674218 0.738533
463.600000000 17.7716 60.1456 0 0 0 0.418509 0.908213
464.400000000 17.8448 60.0687 0 0 0 0.158285 0.987393
465.300000000 17.8754 59.9795 0 0 0 -0.137901 0.990446
466.500000000 18.2303 59.5473 0 0 0 -0.376463 0.926432
468.400000000 18.5286 58.7523 0 0 0 -0.616848 0.787082
470.700000000 18.7309 58.2953 0 0 0 -0.334988 0.942222
472.100000000 19.1491 58.3608 0 0 0 -0.109917 0.993941
474.400000000 20.0239 57.9627 0 0 0 -0.408997 0.912536
475.200000000 20.0063 57.7327 0 0 0 -0.6372 0.770699
476.500000000 20.1382 56.8782 0 0 0 -0.661208 0.750203
478.100000000 20.2976 56.5029 0 0 0 -0.397799 0.917473
478.900000000 20.3339 56.5359 0 0 0 -0.130419 0.991459
480.900000000 21.4142 56.8216 0 0 0 0.0599226 0.998203
482.000000000 21.7461 56.759 0 0 0 -0.206251 0.978499
482.800000000 21.6723 56.6643 0 0 0 -0.520356 0.85395
483.700000000 21.5699 56.4356 0 0 0 -0.753656 0.657269
485.000000000 21.2167 55.9278 0 0 0 -0.911696 0.410866
486.300000000 21.0979 55.5598 0 0 0 -0.753351 0.657619
487.200000000 21.2157 55.4654 0 0 0 -0.502171 0.864769
488.800000000 21.8594 54.9204 0 0 0 -0.281898 0.959444
490.600000000 22.1697 54.6296 0 0 0 -0.52238 0.852713
491.600000000 22.087 54.4631 0 0 0 -0.7262 0.687483
493.800000000 21.6703 53.5813 0 0 0 -0.888741 0.45841
495.000000000 21.6249 53.597 0 0 0 -0.983797 0.179289
495.900000000 21.6048 53.8041 0 0 0 0.995389 0.0959184
496.800000000 21.629 53.8902 0 0 0 0.92649 0.37632
497.600000000 21.7289 53.9506 0 0 0 0.757727 0.652572
498.200000000 21.8446 53.945 0 0 0 0.576846 0.816853
498.800000000 21.9342 53.8732 0 0 0 0.265672 0.964063
499.400000000 21.9611 53.7421 0 0 0 -0.0250639 0.999686
500.100000000 21.9102 53.6267 0 0 0 -0.356753 0.934199
500.700000000 21.8114 53.5701 0 0 0 -0.609675 0.792652
501.400000000 21.695 53.5783 0 0 0 -0.783203 0.621766
504.300000000 21.6378 52.4542 0 0 0 -0.69935 0.714779
509.100000000 21.7587 51.4807 0 0 0 -0.65459 0.755984
513.800000000 21.8969 50.563 0 0 0 -0.635626 0.771997
516.500000000 22.3021 49.6481 0 0 0 -0.468493 0.883467
518.500000000 22.978 49.1621 0 0 0 -0.210274 0.977643
520.200000000 23.9788 49.1219 0 0 0 0.0305626 0.999533
521.600000000 25.0236 49.2393 0 0 0 0.0600141 0.998198
523.100000000 25.9532 49.3222 0 0 0 0.0326569 0.999467
525.600000000 26.924 49.3702 0 0 0 0.013963 0.999903
528.000000000 27.9156 49.412 0 0 0 0.0248861 0.99969
529.300000000 28.8953 49.5766 0 0 0 0.135626 0.99076
530.700000000 29.721 50.0818 0 0 0 0.323566 0.946206
532.000000000 30.4139 50.7817 0 0 0 0.406763 0.913534
533.300000000 31.0912 51.4922 0 0 0 0.38859 0.921411
534.600000000 31.7781 52.1735 0 0 0 0.379327 0.925263
535.900000000 32.4687 52.871 0 0 0 0.385755 0.922601
537.300000000 33.2036 53.6156 0 0 0 0.385754 0.922602
538.700000000 33.9428 54.3643 0 0 0 0.385753 0.922602
540.000000000 34.6322 55.0629 0 0 0 0.385752 0.922602
541.300000000 35.3119 55.7514 0 0 0 0.385753 0.922602
542.500000000 35.9416 56.3896 0 0 0 0.385754 0.922602
543.900000000 36.6754 57.1447 0 0 0 0.403426 0.915012
545.300000000 37.3978 57.907 0 0 0 0.347522 0.937672
546.800000000 38.3317 58.3074 0 0 0 0.118355 0.992971
548.200000000 39.3198 58.3115 0 0 0 -0.0300017 0.99955
549.600000000 40.3541 58.1331 0 0 0 -0.0923373 0.995728
551.000000000 41.3948 58.102 0 0 0 0.0124044 0.999923
552.300000000 42.3567 58.1535 0 0 0 0.0438702 0.999037
553.600000000 43.3414 58.1992 0 0 0 0.00622492 0.999981
554.800000000 44.2429 58.2159 0 0 0 -0.00281586 0.999996
555.900000000 44.5434 58.0826 0 0 0 -0.344009 0.938966
556.500000000 44.4508 58.0112 0 0 0 -0.602435 0.798168
557.100000000 44.3344 58.0035 0 0 0 -0.808685 0.588242
557.700000000 44.2541 58.0425 0 0 0 -0.945466 0.325722
558.300000000 44.2031 58.1581 0 0 0 -0.999337 0.0364065
559.100000000 43.8704 58.2959 0 0 0 0.979585 0.201028
560.500000000 43.1284 58.9577 0 0 0 0.919536 0.393006
561.900000000 42.7912 59.589 0 0 0 0.748055 0.663637
562.500000000 42.926 59.5795 0 0 0 0.52516 0.851003
563.200000000 43.0282 59.4889 0 0 0 0.206819 0.978379
564.000000000 43.2614 59.3924 0 0 0 -0.0831149 0.99654
565.000000000 43.6868 59.059 0 0 0 -0.310443 0.950592
566.300000000 44.4249 58.4257 0 0 0 -0.322038 0.946727
567.700000000 45.308 57.9818 0 0 0 -0.159887 0.987135
569.200000000 46.3311 57.9869 0 0 0 0.052532 0.998619
570.600000000 47.3699 58.1686 0 0 0 0.0830773 0.996543
571.900000000 48.3355 58.2595 0 0 0 0.0241111 0.999709
573.300000000 49.3891 58.2425 0 0 0 -0.0160101 0.999872
574.600000000 50.3626 58.2419 0 0 0 0.00075166 1
575.900000000 51.335 58.2475 0 0 0 0.00849725 0.999964
577.300000000 52.3787 58.2482 0 0 0 0.00231522 0.999997
578.500000000 53.2823 58.257 0 0 0 1.01937e-06 1
580.200000000 54.3045 57.983 0 0 0 -0.236455 0.971642
581.500000000 54.965 57.4026 0 0 0 -0.406619 0.913598
582.900000000 55.6807 56.6417 0 0 0 -0.392506 0.91975
584.200000000 56.3725 55.9557 0 0 0 -0.376644 0.926358
585.500000000 57.0841 55.3214 0 0 0 -0.391794 0.920053
586.800000000 57.591 54.4745 0 0 0 -0.529508 0.848305
588.100000000 57.7905 53.594 0 0 0 -0.656057 0.754711
590.400000000 57.7825 52.6051 0 0 0 -0.718065 0.695976
594.500000000 57.7455 51.6319 0 0 0 -0.727289 0.686331
598.000000000 57.8222 50.9328 0 0 0 -0.457095 0.889418
598.600000000 57.9232 51.0144 0 0 0 -0.186508 0.982453
599.400000000 58.174 51.0787 0 0 0 0.0914432 0.99581
600.900000000 59.1952 51.3057 0 0 0 0.0824389 0.996596
601.900000000 59.5288 51.2419 0 0 0 -0.23215 0.97268
602.400000000 59.4548 51.1509 0 0 0 -0.462468 0.886636
603.100000000 59.3576 51.0293 0 0 0 -0.706641 0.707572
603.900000000 59.2047 50.7692 0 0 0 -0.858862 0.512207
605.600000000 58.5429 50.0749 0 0 0 -0.931448 0.363874
606.900000000 57.8407 49.3908 0 0 0 -0.924342 0.381566
608.200000000 57.1361 48.7088 0 0 0 -0.921674 0.387966
609.500000000 56.4513 48.0068 0 0 0 -0.921671 0.387973
610.700000000 55.8253 47.3652 0 0 0 -0.921671 0.387973
612.100000000 55.0901 46.6129 0 0 0 -0.921671 0.387973
613.300000000 54.4719 45.964 0 0 0 -0.915782 0.401675
614.600000000 53.9424 45.1506 0 0 0 -0.852778 0.522273
616.000000000 53.7356 44.2156 0 0 0 -0.739199 0.673487
618.100000000 53.801 43.2282 0 0 0 -0.670679 0.741747
622.400000000 53.907 42.2506 0 0 0 -0.677774 0.73527
626.300000000 53.9527 41.2694 0 0 0 -0.699031 0.715091
628.800000000 53.9423 40.2962 0 0 0 -0.744058 0.668115
630.300000000 53.6378 39.2975 0 0 0 -0.849047 0.528317
633.100000000 53.0218 38.5232 0 0 0 -0.906778 0.421608
636.000000000 52.376 37.8217 0 0 0 -0.918995 0.394269
638.100000000 52.107 37.3823 0 0 0 -0.739808 0.672818
638.700000000 52.2635 37.3182 0 0 0 -0.540862 0.841112
640.200000000 52.9492 36.5824 0 0 0 -0.368974 0.92944
641.500000000 53.672 35.9188 0 0 0 -0.372907 0.927869
642.800000000 54.3599 35.229 0 0 0 -0.391205 0.920304
644.200000000 55.0887 34.4788 0 0 0 -0.385457 0.922726
645.600000000 55.8347 33.7357 0 0 0 -0.376877 0.926263
647.000000000 56.5877 33.0111 0 0 0 -0.376875 0.926264
648.200000000 57.2115 32.3585 0 0 0 -0.412348 0.911026
649.600000000 57.7906 31.4892 0 0 0 -0.5153 0.85701
651.000000000 58.0039 30.5999 0 0 0 -0.664266 0.747496
653.500000000 57.957 29.6125 0 0 0 -0.734718 0.678373
657.900000000 57.8715 28.6531 0 0 0 -0.73785 0.674964
662.300000000 57.8096 27.6677 0 0 0 -0.72733 0.686288
666.500000000 57.7758 26.7011 0 0 0 -0.710598 0.703598
668.000000000 57.9131 26.426 0 0 0 -0.422547 0.906341
668.600000000 58.0007 26.5131 0 0 0 -0.147982 0.98899
669.500000000 58.3735 26.5846 0 0 0 0.113874 0.993495
670.900000000 59.3548 26.8759 0 0 0 0.126201 0.992005
672.000000000 59.6949 26.812 0 0 0 -0.227234 0.97384
672.700000000 59.6023 26.7088 0 0 0 -0.542541 0.84003
673.300000000 59.4888 26.6936 0 0 0 -0.763558 0.645739
674.100000000 59.2392 26.4678 0 0 0 -0.898687 0.438591
675.800000000 58.3835 25.7846 0 0 0 -0.919321 0.393509
677.100000000 57.8624 24.9669 0 0 0 -0.855596 0.517644
678.300000000 57.4424 24.1732 0 0 0 -0.901364 0.433061
679.700000000 56.6961 23.4456 0 0 0 -0.930332 0.366719
681.000000000 56.0002 22.7619 0 0 0 -0.924399 0.381427
682.400000000 55.2199 22.0546 0 0 0 -0.933073 0.359688
683.900000000 54.4726 21.5066 0 0 0 -0.973777 0.227504
685.800000000 53.4723 21.3782 0 0 0 -0.999965 0.00839475
689.700000000 52.4918 21.4485 0 0 0 0.998902 0.0468453
694.500000000 51.5513 21.527 0 0 0 0.999341 0.0363005
696.600000000 50.8222 21.327 0 0 0 -0.970993 0.239107
698.100000000 50.1179 20.6672 0 0 0 -0.922026 0.387128
700.700000000 49.4709 20.009 0 0 0 -0.920112 0.391656
705.100000000 48.7995 19.3126 0 0 0 -0.922032 0.387114
708.300000000 48.22 18.8793 0 0 0 -0.998714 0.0507078
709.000000000 48.219 18.9521 0 0 0 0.980923 0.194398
710.500000000 47.4464 19.7325 0 0 0 0.923173 0.384385
711.800000000 46.757 20.4111 0 0 0 0.925827 0.377947
713.100000000 46.0557 21.0978 0 0 0 0.925829 0.377942
716.400000000 45.1345 21.5406 0 0 0 0.978714 0.205231
721.300000000 44.1295 21.7377 0 0 0 0.999397 0.0347225
726.100000000 43.1684 21.6862 0 0 0 -0.999246 0.0388216
730.900000000 42.184 21.5736 0 0 0 -0.998476 0.0551836
735.600000000 41.2278 21.4934 0 0 0 -0.999267 0.0382802
740.400000000 40.2829 21.4489 0 0 0 -0.999922 0.0124948
744.000000000 39.3424 21.312 0 0 0 -0.984176 0.177191
745.500000000 38.5587 20.6346 0 0 0 -0.913251 0.407397
748.400000000 37.8988 19.913 0 0 0 -0.917703 0.397268
753.300000000 37.2183 19.2181 0 0 0 -0.921278 0.388906
756.100000000 36.6902 18.815 0 0 0 -0.998605 0.0528047
756.700000000 36.6793 18.7887 0 0 0 0.975985 0.217837
758.300000000 35.9089 19.7277 0 0 0 0.912318 0.409482
760.100000000 35.2567 20.4017 0 0 0 0.921527 0.388315
764.000000000 34.5963 20.9127 0 0 0 0.949431 0.313975
765.200000000 33.6767 21.439 0 0 0 0.983402 0.181442
767.400000000 32.6964 21.5627 0 0 0 0.999863 0.0165727
771.600000000 31.7413 21.554 0 0 0 -0.999626 0.0273616
776.400000000 30.7737 21.4811 0 0 0 -0.999265 0.0383334
781.200000000 29.8054 21.4169 0 0 0 -0.999417 0.0341478
785.800000000 28.8651 21.3718 0 0 0 -0.999899 0.0142309
790.300000000 27.9036 21.3536 0 0 0 -0.999969 0.00788704
795.200000000 26.9353 21.338 0 0 0 -0.999969 0.00788543
798.600000000 25.9088 21.0402 0 0 0 -0.960654 0.277749
800.200000000 25.1354 20.3249 0 0 0 -0.923803 0.382869
802.500000000 24.5005 19.6842 0 0 0 -0.921232 0.389014
806.800000000 23.8287 18.9833 0 0 0 -0.921232 0.389014
810.100000000 23.2546 18.5514 0 0 0 -0.998568 0.0534919
810.700000000 23.2634 18.5951 0 0 0 0.976405 0.215946
812.200000000 22.5214 19.3692 0 0 0 0.915476 0.402372
813.500000000 21.8573 20.1015 0 0 0 0.922349 0.386357
814.900000000 21.1153 20.8258 0 0 0 0.929561 0.368668
816.700000000 20.3026 21.3496 0 0 0 0.978465 0.206413
818.500000000 19.3706 21.4653 0 0 0 0.999773 0.0213106
822.000000000 18.4473 21.4783 0 0 0 0.990558 0.137095
823.500000000 17.5385 22.0945 0 0 0 0.93655 0.350534
825.900000000 16.8619 22.7386 0 0 0 0.92908 0.36988
834.200000000 16.5948 23.1638 0 0 0 0.779044 0.626969
835.000000000 16.7474 23.3623 0 0 0 0.561649 0.827375
836.600000000 17.4686 24.1155 0 0 0 0.376093 0.926582
838.100000000 18.1801 24.8249 0 0 0 0.377156 0.92615
841.000000000 18.8362 25.4857 0 0 0 0.385039 0.9229
845.400000000 19.5315 26.188 0 0 0 0.385016 0.92291
847.600000000 20.1746 27.0257 0 0 0 0.478175 0.878265
849.400000000 20.5254 27.9509 0 0 0 0.606051 0.795426
853.300000000 20.6098 28.9299 0 0 0 0.699648 0.714488
855.900000000 20.5164 29.9541 0 0 0 0.751174 0.660104
857.200000000 20.1947 30.8387 0 0 0 0.770598 0.637321
860.300000000 20.1304 31.7441 0 0 0 0.690316 0.723508
865.100000000 20.2405 32.6902 0 0 0 0.659436 0.751761
869.700000000 20.3403 33.6287 0 0 0 0.738672 0.674066
870.500000000 20.2843 33.6395 0 0 0 0.897669 0.44067
871.400000000 20.3195 33.611 0 0 0 0.9908 0.135334
872.900000000 19.2998 33.4974 0 0 0 -0.994077 0.108677
875.400000000 18.4003 33.3934 0 0 0 0.991911 0.126933
877.000000000 17.3508 33.6069 0 0 0 0.992724 0.120408
878.700000000 16.9683 33.5821 0 0 0 -0.982993 0.18364
879.900000000 16.9049 33.344 0 0 0 -0.900445 0.434971
881.600000000 16.2727 32.4997 0 0 0 -0.893972 0.448123
882.500000000 16.2848 32.2999 0 0 0 -0.685568 0.728009
883.200000000 16.366 32.3615 0 0 0 -0.393899 0.919154
883.800000000 16.4274 32.4645 0 0 0 -0.105315 0.994439
884.500000000 16.4186 32.6007 0 0 0 0.242034 0.970268
885.200000000 16.345 32.6642 0 0 0 0.560555 0.828117
886.700000000 16.5897 33.6167 0 0 0 0.519894 0.854231
888.100000000 17.0856 34.0454 0 0 0 0.242863 0.97006
888.900000000 17.0857 34.0589 0 0 0 -0.044673 0.999002
889.700000000 17.1373 33.8386 0 0 0 -0.335264 0.942124
890.400000000 17.0982 33.797 0 0 0 -0.589607 0.80769
891.100000000 16.9628 33.7546 0 0 0 -0.794109 0.607776
891.800000000 16.8284 33.7691 0 0 0 -0.923491 0.38362
893.400000000 15.9187 33.2566 0 0 0 -0.977022 0.21314
894.300000000 15.8392 33.3324 0 0 0 0.996803 0.0799003
895.200000000 15.8739 33.4553 0 0 0 0.921698 0.387908
896.800000000 15.3019 34.3656 0 0 0 0.878937 0.476938
898.300000000 14.996 34.6085 0 0 0 0.982716 0.185122
899.100000000 14.9684 34.5341 0 0 0 -0.994621 0.103583
901.300000000 14.0791 33.9926 0 0 0 -0.964093 0.265564
902.200000000 13.9132 33.7813 0 0 0 -0.85647 0.516197
902.800000000 14.0239 33.7585 0 0 0 -0.665684 0.746233
903.500000000 14.0477 33.7892 0 0 0 -0.361472 0.932383
904.100000000 14.09 33.8767 0 0 0 -0.0698222 0.997559
904.800000000 14.0714 33.9838 0 0 0 0.27703 0.960861
905.400000000 14.0731 33.9922 0 0 0 0.541093 0.840963
907.100000000 14.2683 35.071 0 0 0 0.546091 0.837726
908.200000000 14.6969 35.4086 0 0 0 0.306091 0.952002
909.200000000 15.003 35.45 0 0 0 0.0332839 0.999446
910.800000000 15.9067 35.4145 0 0 0 -0.0271144 0.999632
912.100000000 16.1908 35.286 0 0 0 -0.2851 0.958498
912.900000000 16.1673 35.24 0 0 0 -0.547669 0.836695
913.600000000 16.1198 35.2168 0 0 0 -0.755301 0.655378
914.300000000 15.998 35.2417 0 0 0 -0.901889 0.431967
915.000000000 15.9086 35.3235 0 0 0 -0.984417 0.175849
915.700000000 15.8325 35.4107 0 0 0 0.995513 0.0946249
916.900000000 15.5314 35.6982 0 0 0 0.937151 0.348924
918.000000000 15.3697 36.0158 0 0 0 0.78969 0.613506
918.800000000 15.4526 36.0733 0 0 0 0.569679 0.821867
919.600000000 15.6286 36.1219 0 0 0 0.340901 0.940099
921.500000000 16.6188 36.4518 0 0 0 0.0636234 0.997974
922.500000000 16.6195 36.4549 0 0 0 -0.179575 0.983744
923.600000000 16.6209 36.4637 0 0 0 -0.453305 0.891356
924.400000000 16.6139 36.4578 0 0 0 -0.678805 0.734319
925.100000000 16.6031 36.4541 0 0 0 -0.833392 0.552682
925.900000000 16.4917 36.5036 0 0 0 -0.962262 0.272123
926.800000000 16.4188 36.5168 0 0 0 0.996303 0.0859111
927.500000000 16.4059 36.5278 0 0 0 0.932873 0.360206
928.300000000 16.3898 36.6774 0 0 0 0.778119 0.628117
929.100000000 16.4467 36.7684 0 0 0 0.549242 0.835663
930.500000000 17.0739 37.3019 0 0 0 0.335777 0.941942
933.200000000 17.6514 37.8626 0 0 0 0.602318 0.798257
935.400000000 18.0757 38.7992 0 0 0 0.402389 0.915469
936.900000000 18.5492 38.9602 0 0 0 0.127024 0.9919
938.300000000 18.8582 38.9141 0 0 0 -0.155913 0.987771
939.300000000 18.8024 38.8763 0 0 0 -0.42558 0.904921
940.000000000 18.8241 38.8747 0 0 0 -0.632209 0.774798
940.800000000 18.7555 38.864 0 0 0 -0.841865 0.539688
941.500000000 18.6321 38.859 0 0 0 -0.952662 0.304032
942.900000000 17.8081 38.269 0 0 0 -0.938822 0.344402
944.300000000 16.8793 37.3999 0 0 0 -0.919616 0.392818
946.300000000 16.2099 36.6656 0 0 0 -0.917209 0.398407
950.300000000 15.5303 35.9697 0 0 0 -0.920971 0.389632
954.800000000 14.8574 35.2773 0 0 0 -0.921094 0.38934
959.400000000 14.1721 34.5821 0 0 0 -0.921084 0.389363
962.800000000 13.4775 33.8668 0 0 0 -0.921075 0.389386
964.200000000 12.7397 33.1074 0 0 0 -0.921065 0.38941
965.500000000 12.0659 32.4135 0 0 0 -0.921055 0.389434
966.800000000 11.3837 31.6981 0 0 0 -0.919202 0.393785
968.600000000 10.8834 30.8872 0 0 0 -0.886948 0.461868
970.000000000 10.3638 30.0329 0 0 0 -0.80999 0.586444
972.300000000 10.2135 29.1267 0 0 0 -0.730713 0.682685
976.200000000 10.2598 28.1683 0 0 0 -0.673634 0.739065
977.600000000 10.4258 27.162 0 0 0 -0.632559 0.774512
980.200000000 10.5593 26.2305 0 0 0 -0.677376 0.735637
985.000000000 10.5652 25.2717 0 0 0 -0.7113 0.702889
989.800000000 10.5239 24.304 0 0 0 -0.723836 0.689972
994.700000000 10.5007 23.3334 0 0 0 -0.710918 0.703275
999.600000000 10.5032 22.3602 0 0 0 -0.70455 0.709654
1004.400000000 10.5097 21.4187 0 0 0 -0.704527 0.709677
1009.400000000 10.5167 20.4285 0 0 0 -0.704503 0.709701
1014.300000000 10.5235 19.46 0 0 0 -0.704479 0.709725
1019.200000000 10.5303 18.4924 0 0 0 -0.704455 0.709749
1023.500000000 10.5373 17.5152 0 0 0 -0.70443 0.709773
1025.000000000 10.5452 16.4685 0 0 0 -0.704359 0.709844
1026.300000000 10.5536 15.4951 0 0 0 -0.704191 0.710011
1027.500000000 10.5624 14.5924 0 0 0 -0.704146 0.710056
1028.900000000 10.5725 13.548 0 0 0 -0.703773 0.710425
1030.100000000 10.5804 12.6444 0 0 0 -0.70363 0.710567
1031.500000000 10.5918 11.5925 0 0 0 -0.703743 0.710455
1032.900000000 10.6032 10.5496 0 0 0 -0.703876 0.710323
1034.200000000 10.6128 9.57595 0 0 0 -0.704028 0.710173
1035.500000000 10.6222 8.59219 0 0 0 -0.704192 0.71001
1036.800000000 10.7152 7.62028 0 0 0 -0.670361 0.742035
1038.100000000 10.7718 6.66191 0 0 0 -0.705231 0.708978
1039.300000000 10.7153 5.74383 0 0 0 -0.73104 0.682334
1040.700000000 10.7017 4.69058 0 0 0 -0.705168 0.70904
1042.000000000 10.7092 3.71711 0 0 0 -0.700261 0.713887
1043.300000000 10.7282 2.74377 0 0 0 -0.700305 0.713844
1044.600000000 10.4531 2.11213 0 0 0 -0.88037 0.474288
1045.800000000 9.82495 1.46976 0 0 0 -0.930264 0.366891
1047.200000000 9.05208 0.749289 0 0 0 -0.925272 0.379304
1048.500000000 8.36839 0.0402203 0 0 0 -0.919589 0.392881
1056.200000000 7.54808 -0.558872 0 0 0 -0.986709 0.162495
1057.600000000 6.74031 -0.488296 0 0 0 0.993268 0.115841
1058.900000000 5.81002 -0.202617 0 0 0 0.990843 0.135016
1060.200000000 4.83357 -0.0890951 0 0 0 0.999725 0.0234573
1061.400000000 3.90638 -0.100594 0 0 0 -0.997326 0.0730847
1062.800000000 2.84813 -0.180433 0 0 0 -0.999822 0.0188886
1064.100000000 1.88085 -0.169435 0 0 0 0.999802 0.0198744
1065.400000000 0.931983 -0.184552 0 0 0 0.999959 0.00907887
1066.700000000 -0.0188599 -0.180083 0 0 0 -0.998401 0.056522
1067.500000000 -0.0166602 -0.290872 0 0 0 -0.942144 0.335208
1068.300000000 0.135404 -0.364932 0 0 0 -0.798319 0.602234
1069.000000000 0.277445 -0.387095 0 0 0 -0.580361 0.814359
1069.500000000 0.29074 -0.360592 0 0 0 -0.389123 0.921186
1070.200000000 0.296361 -0.244585 0 0 0 -0.0876193 0.996154
1071.800000000 1.44175 -0.217206 0 0 0 -0.00983001 0.999952
1073.500000000 2.01091 -0.352696 0 0 0 -0.316555 0.948574
1074.200000000 1.98201 -0.426307 0 0 0 -0.560506 0.82815
1075.000000000 1.77817 -0.447952 0 0 0 -0.803046 0.595917
1075.800000000 1.63514 -0.42043 0 0 0 -0.952363 0.304966
1076.400000000 1.58131 -0.383207 0 0 0 -0.998359 0.0572695
1078.000000000 0.497009 -0.365877 0 0 0 -0.999993 0.00360708
1079.200000000 0.28248 -0.483484 0 0 0 -0.95059 0.310449
1079.800000000 0.332131 -0.531081 0 0 0 -0.847719 0.530446
1080.600000000 0.469703 -0.550695 0 0 0 -0.640249 0.768168
1081.200000000 0.567995 -0.555912 0 0 0 -0.453538 0.891237
1082.000000000 0.698814 -0.491404 0 0 0 -0.168701 0.985667
1082.800000000 0.762348 -0.400253 0 0 0 0.0856023 0.996329
1084.200000000 1.80166 -0.18988 0 0 0 0.106068 0.994359
1085.500000000 2.16049 0.0307853 0 0 0 0.441829 0.897099
1086.200000000 2.08291 0.112291 0 0 0 0.716665 0.697418
1086.800000000 1.94571 0.0724434 0 0 0 0.88626 0.463187
1087.400000000 1.77681 0.0196118 0 0 0 0.981758 0.190133
1088.000000000 1.79247 -0.116254 0 0 0 -0.994986 0.100012
1088.600000000 1.88954 -0.261382 0 0 0 -0.925734 0.378174
1090.300000000 1.10634 -0.96789 0 0 0 -0.960784 0.277299
1091.100000000 1.01153 -0.872342 0 0 0 0.999407 0.0344306
1091.800000000 1.03326 -0.76425 0 0 0 0.945484 0.32567
1092.500000000 1.13908 -0.706316 0 0 0 0.808713 0.588204
1094.100000000 1.00063 0.361815 0 0 0 0.778237 0.62797
1095.400000000 0.834209 0.646201 0 0 0 0.930036 0.367469
1096.200000000 0.845714 0.512205 0 0 0 0.996188 0.0872349
1096.700000000 0.788098 0.412464 0 0 0 -0.989686 0.143255
1097.300000000 0.858206 0.329065 0 0 0 -0.902483 0.430725
1097.900000000 0.943381 0.249765 0 0 0 -0.746362 0.665541
1098.600000000 1.08318 0.192169 0 0 0 -0.508077 0.861312
1100.100000000 1.82237 -0.501611 0 0 0 -0.346254 0.938141
1101.400000000 2.59731 -1.10089 0 0 0 -0.30753 0.951538
1102.700000000 3.40763 -1.62926 0 0 0 -0.275491 0.961304
1103.900000000 4.21209 -2.07131 0 0 0 -0.213457 0.976952
1105.300000000 5.21118 -2.32456 0 0 0 -0.0677851 0.9977
1107.000000000 6.11781 -2.34405 0 0 0 0.0225765 0.999745
1110.300000000 7.09348 -2.24507 0 0 0 0.0544272 0.998518
1114.400000000 8.06215 -2.15442 0 0 0 0.0401903 0.999192
1118.300000000 9.04871 -2.09652 0 0 0 0.0124133 0.999923
1121.900000000 9.9819 -2.09886 0 0 0 -0.010437 0.999946
1123.500000000 11.0898 -2.1682 0 0 0 -0.0393753 0.999224
1125.900000000 11.9864 -2.20045 0 0 0 -0.0109191 0.99994
1129.900000000 12.9487 -2.20789 0 0 0 -0.00225713 0.999997
1134.500000000 13.9667 -2.21263 0 0 0 -0.00224715 0.999997
1137.800000000 14.8664 -2.19915 0 0 0 0.015572 0.999879
1140.800000000 15.8703 -2.18261 0 0 0 -0.00679307 0.999977
1142.200000000 16.9131 -2.29997 0 0 0 -0.0752964 0.997161
1143.500000000 17.8781 -2.4274 0 0 0 -0.0483922 0.998828
1145.300000000 18.689 -2.35151 0 0 0 0.276566 0.960995
1146.000000000 18.5985 -2.28501 0 0 0 0.589816 0.807538
1146.500000000 18.497 -2.26464 0 0 0 0.770875 0.636986
1147.100000000 18.3978 -2.32202 0 0 0 0.924683 0.380739
1147.800000000 18.3398 -2.44655 0 0 0 0.999175 0.0406112
1148.500000000 18.3748 -2.57182 0 0 0 -0.952342 0.305033
1149.800000000 17.8953 -3.2919 0 0 0 -0.862603 0.505881
1150.900000000 17.8042 -3.75977 0 0 0 -0.670848 0.741595
1151.600000000 17.9258 -3.70045 0 0 0 -0.375879 0.926669
1152.300000000 17.9718 -3.57549 0 0 0 -0.0353371 0.999375
1153.100000000 18.1954 -3.39907 0 0 0 0.236948 0.971522
1154.600000000 18.9127 -2.67024 0 0 0 0.413237 0.910623
1155.900000000 19.5768 -1.93971 0 0 0 0.394985 0.918688
1157.100000000 20.211 -1.30612 0 0 0 0.381146 0.924515
1158.500000000 20.961 -0.568407 0 0 0 0.379 0.925396
1159.800000000 21.6507 0.109704 0 0 0 0.379 0.925396
1161.000000000 22.2903 0.737815 0 0 0 0.379 0.925396
1162.400000000 23.0461 1.47116 0 0 0 0.379 0.925396
1163.800000000 23.7829 2.21607 0 0 0 0.384603 0.923082
1166.400000000 24.4397 2.90645 0 0 0 0.408976 0.912545
1171.200000000 24.9846 3.7531 0 0 0 0.510033 0.860155
1173.100000000 25.2797 4.64086 0 0 0 0.650736 0.759304
1174.500000000 25.4616 5.5727 0 0 0 0.594102 0.80439
1177.200000000 26.0215 6.38663 0 0 0 0.433501 0.901153
1181.600000000 26.6624 7.08996 0 0 0 0.397148 0.917755
1185.800000000 27.3188 7.76636 0 0 0 0.387031 0.922067
1188.400000000 28.0499 8.44674 0 0 0 0.323487 0.946233
1189.600000000 28.9173 8.87739 0 0 0 0.206805 0.978382
1191.400000000 29.8841 8.99605 0 0 0 0.0576903 0.998335
1193.500000000 30.7305 8.90531 0 0 0 -0.243917 0.969796
1194.900000000 31.4929 8.22436 0 0 0 -0.388094 0.92162
1196.300000000 32.2174 7.4511 0 0 0 -0.392788 0.919629
1197.500000000 32.8438 6.80883 0 0 0 -0.381029 0.924563
1198.900000000 33.5539 5.99631 0 0 0 -0.406896 0.913475
1200.200000000 34.0328 5.20091 0 0 0 -0.514546 0.857463
1201.500000000 34.3044 4.26127 0 0 0 -0.64345 0.765488
1202.900000000 34.2724 3.21851 0 0 0 -0.734115 0.679025
1204.200000000 34.1429 2.25119 0 0 0 -0.738053 0.674742
1205.300000000 34.3237 1.74035 0 0 0 -0.527598 0.849494
1206.600000000 35.0588 1.07154 0 0 0 -0.379351 0.925253
1208.000000000 35.8197 0.35459 0 0 0 -0.372233 0.928139
1209.300000000 36.5042 -0.338086 0 0 0 -0.384217 0.923243
1210.700000000 37.2 -1.11695 0 0 0 -0.421924 0.906631
1212.100000000 37.8519 -1.89073 0 0 0 -0.37693 0.926242
1213.500000000 38.678 -2.28072 0 0 0 -0.145614 0.989342
1215.000000000 39.7251 -2.27722 0 0 0 0.0730555 0.997328
1216.400000000 40.7395 -2.01951 0 0 0 0.132249 0.991216
1217.800000000 41.6952 -2.01767 0 0 0 -0.0733262 0.997308
1219.100000000 42.6389 -2.26653 0 0 0 -0.129556 0.991572
1220.400000000 43.6089 -2.43864 0 0 0 -0.0442593 0.99902
1221.800000000 44.6497 -2.40479 0 0 0 0.0237274 0.999718
1223.000000000 45.175 -2.29496 0 0 0 0.306969 0.951719
1223.700000000 45.0613 -2.22773 0 0 0 0.614728 0.788739
1224.300000000 44.9523 -2.22262 0 0 0 0.820419 0.571763
1225.000000000 44.8548 -2.29262 0 0 0 0.966922 0.255071
1225.600000000 44.8096 -2.42849 0 0 0 -0.999555 0.0298302
1226.500000000 44.447 -2.60961 0 0 0 -0.962761 0.270354
1227.600000000 43.8142 -3.2414 0 0 0 -0.911734 0.41078
1229.000000000 43.529 -3.80033 0 0 0 -0.729527 0.683952
1229.600000000 43.6329 -3.77085 0 0 0 -0.49512 0.868825
1230.100000000 43.693 -3.70413 0 0 0 -0.265311 0.964163
1230.900000000 43.8694 -3.59266 0 0 0 0.0551614 0.998477
1231.900000000 44.2366 -3.31727 0 0 0 0.327347 0.944904
1233.300000000 44.937 -2.57669 0 0 0 0.379772 0.92508
1234.600000000 45.6827 -1.92252 0 0 0 0.311024 0.950402
1236.000000000 46.4689 -1.76813 0 0 0 0.0207314 0.999785
1237.500000000 47.508 -2.02584 0 0 0 -0.158385 0.987377
1238.700000000 48.3889 -2.22397 0 0 0 -0.074969 0.997186
1240.000000000 49.3638 -2.22316 0 0 0 0.0368642 0.99932
1241.400000000 50.4028 -2.12728 0 0 0 0.0212878 0.999773
1242.600000000 51.2914 -2.16298 0 0 0 -0.0681696 0.997674
1244.000000000 52.3304 -2.3247 0 0 0 -0.067516 0.997718
1245.300000000 53.3028 -2.3817 0 0 0 -0.00555334 0.999985
1246.800000000 54.0406 -2.23765 0 0 0 0.291772 0.956488
1247.400000000 53.9686 -2.19352 0 0 0 0.562846 0.826562
1248.200000000 53.8683 -1.98161 0 0 0 0.780468 0.625196
1249.600000000 53.3259 -1.34417 0 0 0 0.918082 0.396389
1251.000000000 52.5901 -0.620002 0 0 0 0.928132 0.37225
1258.900000000 51.9224 0.0206214 0 0 0 0.925235 0.379394
1263.100000000 51.1918 0.670498 0 0 0 0.942752 0.333494
1268.000000000 50.4063 1.23867 0 0 0 0.953047 0.302824
1270.900000000 49.5844 1.72774 0 0 0 0.956616 0.291351
1274.800000000 48.836 2.35465 0 0 0 0.934891 0.354934
1279.300000000 48.1339 3.01988 0 0 0 0.926908 0.375289
1283.600000000 47.4509 3.69498 0 0 0 0.924591 0.380961
1288.000000000 46.7686 4.40743 0 0 0 0.913336 0.407206
1289.300000000 46.2175 5.21987 0 0 0 0.864701 0.502286
1290.800000000 45.9351 6.16286 0 0 0 0.764184 0.644998
1293.200000000 45.9173 7.12421 0 0 0 0.698742 0.715373
1297.400000000 45.9955 8.12334 0 0 0 0.68027 0.732962
1301.500000000 46.058 9.07276 0 0 0 0.684784 0.728746
1306.400000000 46.087 10.0468 0 0 0 0.700151 0.713995
1311.200000000 46.0956 10.9978 0 0 0 0.705589 0.708621
1316.100000000 46.0962 11.954 0 0 0 0.706766 0.707447
1321.000000000 46.0972 12.9273 0 0 0 0.706766 0.707447
1325.900000000 46.0982 13.894 0 0 0 0.706766 0.707447
1330.800000000 46.0992 14.8608 0 0 0 0.706766 0.707447
1335.700000000 46.1002 15.8205 0 0 0 0.706766 0.707447
1340.600000000 46.1011 16.7803 0 0 0 0.706766 0.707447
1345.500000000 46.1021 17.747 0 0 0 0.706766 0.707447
1350.400000000 46.1031 18.712 0 0 0 0.706766 0.707447
1355.300000000 46.1041 19.6923 0 0 0 0.706766 0.707447
1360.200000000 46.105 20.6643 0 0 0 0.706766 0.707447
1363.500000000 45.9538 21.3936 0 0 0 0.868628 0.495464
1364.400000000 45.6992 21.4649 0 0 0 0.980675 0.195645
1366.000000000 44.6796 21.5512 0 0 0 -0.999195 0.0401092
1368.400000000 43.7867 21.3518 0 0 0 -0.997612 0.0690637
1373.200000000 42.8526 21.388 0 0 0 0.999548 0.0300792
1378.100000000 41.8751 21.415 0 0 0 -0.999999 0.00127293
