0.300000000 0.2 0 0 0 0 0 1
9.400000000 0.988131 -0.122786 0 0 0 -0.343482 0.939159
10.000000000 0.88756 -0.186074 0 0 0 -0.605695 0.795697
10.600000000 0.750279 -0.184756 0 0 0 -0.81344 0.581649
11.200000000 0.654525 -0.115076 0 0 0 -0.949003 0.315266
11.900000000 0.614631 0.016626 0 0 0 0.999553 0.0298903
12.500000000 0.656279 0.127797 0 0 0 0.94609 0.323903
13.000000000 0.743492 0.186061 0 0 0 0.836901 0.547355
13.700000000 0.862291 0.187806 0 0 0 0.597997 0.801498
14.200000000 0.961308 0.141436 0 0 0 0.381673 0.924298
14.900000000 1.01609 0.0266482 0 0 0 0.040974 0.99916
15.500000000 0.99968 -0.0955955 0 0 0 -0.255537 0.966799
18.800000000 1.187 -0.0886686 0 0 0 0.0396168 0.999215
19.400000000 1.16347 0.0107165 0 0 0 0.333146 0.942875
20.100000000 1.0202 0.114629 0 0 0 0.625745 0.780027
20.700000000 0.937526 0.168348 0 0 0 0.814579 0.580052
21.700000000 0.537603 0.530489 0 0 0 0.922702 0.385514
23.000000000 -0.178822 1.21962 0 0 0 0.929909 0.367789
24.400000000 -0.889931 1.99629 0 0 0 0.906813 0.421533
25.700000000 -1.44893 2.79021 0 0 0 0.877139 0.480237
26.900000000 -1.87794 3.57521 0 0 0 0.851105 0.524995
28.300000000 -2.29093 4.55833 0 0 0 0.827839 0.560966
29.600000000 -2.68284 5.41352 0 0 0 0.825781 0.563991
30.800000000 -2.90587 6.32904 0 0 0 0.767805 0.640684
31.700000000 -2.81826 6.53673 0 0 0 0.516379 0.85636
32.300000000 -2.74776 6.47854 0 0 0 0.246421 0.969163
32.800000000 -2.69512 6.3454 0 0 0 0.00423437 0.999991
33.500000000 -2.71914 6.23019 0 0 0 -0.333495 0.942752
34.100000000 -2.80063 6.15655 0 0 0 -0.593496 0.804837
34.700000000 -2.91744 6.1463 0 0 0 -0.802087 0.597207
35.300000000 -3.0203 6.20285 0 0 0 -0.941234 0.337754
35.800000000 -3.06448 6.28686 0 0 0 -0.995252 0.0973312
36.500000000 -3.06232 6.41367 0 0 0 0.969279 0.245965
37.000000000 -3.00416 6.50119 0 0 0 0.883501 0.46843
37.700000000 -2.93591 6.60162 0 0 0 0.686234 0.727381
38.700000000 -2.57697 7.03133 0 0 0 0.493231 0.869898
40.100000000 -2.09781 7.93363 0 0 0 0.538461 0.842651
41.600000000 -1.91608 8.97711 0 0 0 0.707817 0.706395
42.900000000 -2.10548 9.94257 0 0 0 0.781915 0.623385
44.100000000 -2.26925 10.8269 0 0 0 0.758942 0.651158
45.800000000 -2.31335 11.83 0 0 0 0.707855 0.706358
48.900000000 -2.28762 12.7783 0 0 0 0.688549 0.72519
53.200000000 -2.25216 13.7385 0 0 0 0.697354 0.716727
57.700000000 -2.20044 14.7117 0 0 0 0.686671 0.726968
60.800000000 -2.17918 15.6645 0 0 0 0.722308 0.691571
62.200000000 -2.40344 16.6967 0 0 0 0.788168 0.61546
63.500000000 -2.70031 17.6194 0 0 0 0.813586 0.581445
64.800000000 -2.93091 18.566 0 0 0 0.763312 0.64603
65.800000000 -2.84835 18.8481 0 0 0 0.509649 0.860383
66.300000000 -2.79511 18.7879 0 0 0 0.284559 0.958659
67.000000000 -2.72441 18.6584 0 0 0 -0.0560089 0.99843
67.600000000 -2.77245 18.5665 0 0 0 -0.344204 0.938895
68.300000000 -2.8661 18.4721 0 0 0 -0.634486 0.772934
69.000000000 -2.99449 18.3713 0 0 0 -0.831821 0.555044
70.200000000 -3.50791 17.9063 0 0 0 -0.943991 0.329972
71.600000000 -4.17113 17.6391 0 0 0 -0.999954 0.00961437
72.200000000 -4.14857 17.7443 0 0 0 0.959463 0.281833
72.800000000 -4.06536 17.8171 0 0 0 0.835897 0.548886
73.400000000 -4.00376 17.9262 0 0 0 0.668678 0.743552
74.100000000 -3.83485 18.083 0 0 0 0.466421 0.884563
75.400000000 -3.14456 18.672 0 0 0 0.342478 0.939526
76.800000000 -2.42281 19.4343 0 0 0 0.444978 0.895541
78.300000000 -2.00783 20.4294 0 0 0 0.614105 0.789225
79.600000000 -1.96256 21.3885 0 0 0 0.721355 0.692566
81.000000000 -2.09206 22.4315 0 0 0 0.752206 0.658928
82.500000000 -2.16968 23.4197 0 0 0 0.723612 0.690207
84.700000000 -2.1823 24.3967 0 0 0 0.709666 0.704538
88.400000000 -2.18931 25.3944 0 0 0 0.707968 0.706245
92.800000000 -2.1679 26.3804 0 0 0 0.698262 0.715842
96.000000000 -2.17379 27.383 0 0 0 0.719527 0.694465
97.200000000 -2.25306 28.2796 0 0 0 0.753174 0.657821
98.600000000 -2.49995 29.3004 0 0 0 0.828466 0.560039
99.900000000 -2.82326 30.2159 0 0 0 0.793344 0.608773
101.200000000 -2.96148 31.108 0 0 0 0.710016 0.704185
102.700000000 -2.61237 32.0632 0 0 0 0.521223 0.85342
104.300000000 -2.07079 33.0573 0 0 0 0.572798 0.819696
105.700000000 -2.00457 33.9483 0 0 0 0.690697 0.723145
107.100000000 -2.11852 34.9803 0 0 0 0.768291 0.640101
108.500000000 -2.22544 35.9281 0 0 0 0.730739 0.682657
110.900000000 -2.22764 36.8951 0 0 0 0.693728 0.720237
115.100000000 -2.1768 37.836 0 0 0 0.683644 0.729815
118.000000000 -2.13509 38.8944 0 0 0 0.699762 0.714376
119.400000000 -2.14119 39.9469 0 0 0 0.710563 0.703633
120.800000000 -2.26868 40.9683 0 0 0 0.802098 0.597192
122.100000000 -2.64944 41.8786 0 0 0 0.829512 0.558489
123.400000000 -2.9033 42.8186 0 0 0 0.76674 0.641957
124.700000000 -2.9177 43.7919 0 0 0 0.684256 0.729242
126.200000000 -2.60692 44.8122 0 0 0 0.545372 0.838194
127.600000000 -2.15623 45.7578 0 0 0 0.562967 0.82648
129.000000000 -1.97487 46.7942 0 0 0 0.682813 0.730593
130.400000000 -2.03954 47.8435 0 0 0 0.741043 0.671457
131.700000000 -2.13282 48.8126 0 0 0 0.728543 0.685
133.100000000 -2.08588 49.8654 0 0 0 0.680855 0.732419
134.300000000 -2.02504 50.756 0 0 0 0.688564 0.725176
135.600000000 -2.06198 51.7283 0 0 0 0.737044 0.675844
136.900000000 -2.24943 52.6899 0 0 0 0.793135 0.609046
138.300000000 -2.67556 53.6357 0 0 0 0.870594 0.492002
139.600000000 -3.30435 54.3697 0 0 0 0.921479 0.388428
140.900000000 -3.77793 54.6133 0 0 0 0.998532 0.054164
141.400000000 -3.75546 54.5374 0 0 0 -0.980697 0.195533
142.100000000 -3.6699 54.4366 0 0 0 -0.853965 0.520331
142.700000000 -3.55346 54.4159 0 0 0 -0.662101 0.749415
143.300000000 -3.45565 54.4646 0 0 0 -0.411076 0.911601
143.800000000 -3.39411 54.5454 0 0 0 -0.173402 0.984851
144.600000000 -3.26915 54.6513 0 0 0 0.148025 0.988984
145.600000000 -2.83302 55.0152 0 0 0 0.379639 0.925135
147.000000000 -2.22393 55.8233 0 0 0 0.434579 0.900634
148.300000000 -1.57522 56.5232 0 0 0 0.375301 0.926903
149.600000000 -0.877752 57.203 0 0 0 0.382064 0.924136
150.900000000 -0.119188 57.8125 0 0 0 0.291373 0.956609
152.300000000 0.835019 58.1501 0 0 0 0.106727 0.994288
153.900000000 1.74075 58.1822 0 0 0 -0.00561855 0.999984
157.300000000 2.71906 58.119 0 0 0 -0.035246 0.999379
161.400000000 3.71528 58.0509 0 0 0 -0.0277898 0.999614
164.400000000 4.6652 58.0256 0 0 0 0.0224193 0.999749
165.800000000 5.45449 58.3874 0 0 0 0.283463 0.958983
166.900000000 5.66591 58.7615 0 0 0 0.57842 0.815739
167.600000000 5.57455 58.8747 0 0 0 0.78864 0.614855
168.300000000 5.43493 58.8905 0 0 0 0.936584 0.350444
169.000000000 5.3871 58.7921 0 0 0 0.998316 0.0580156
169.500000000 5.4086 58.6853 0 0 0 -0.970872 0.2396
170.200000000 5.50173 58.5994 0 0 0 -0.829506 0.558498
170.700000000 5.61947 58.5886 0 0 0 -0.666002 0.74595
171.600000000 5.84115 58.3618 0 0 0 -0.408445 0.912783
172.900000000 6.57921 58.014 0 0 0 -0.175178 0.984537
174.300000000 7.57907 57.9245 0 0 0 0.00975724 0.999952
175.700000000 8.62842 58.014 0 0 0 0.047661 0.998864
177.400000000 9.56108 58.0612 0 0 0 0.0135633 0.999908
180.700000000 10.54 58.075 0 0 0 0.00394509 0.999992
183.800000000 11.4975 58.0849 0 0 0 0.00225647 0.999997
188.300000000 12.4902 58.0724 0 0 0 -0.0103457 0.999946
192.800000000 13.4639 58.0622 0 0 0 -0.00268353 0.999996
197.200000000 14.4167 58.0568 0 0 0 -0.00267851 0.999996
201.100000000 15.3599 58.0513 0 0 0 -0.00267648 0.999996
204.200000000 16.3635 58.0456 0 0 0 -0.00267418 0.999996
207.700000000 17.3181 58.0391 0 0 0 -0.00255387 0.999997
210.900000000 18.1083 58.1557 0 0 0 0.291515 0.956566
211.500000000 18.0162 58.2302 0 0 0 0.561163 0.827705
212.300000000 17.9021 58.4257 0 0 0 0.784147 0.620575
214.200000000 17.4307 59.3086 0 0 0 0.801097 0.598535
214.800000000 17.5179 59.3698 0 0 0 0.611492 0.791251
215.500000000 17.6327 59.3171 0 0 0 0.306913 0.951738
216.100000000 17.7369 59.2233 0 0 0 0.0564588 0.998405
216.800000000 17.8535 59.0966 0 0 0 -0.220465 0.975395
218.300000000 18.5666 58.3979 0 0 0 -0.402377 0.915474
219.600000000 19.2266 57.6983 0 0 0 -0.392424 0.919784
221.600000000 19.9296 56.9833 0 0 0 -0.383056 0.923725
224.600000000 20.6064 56.2953 0 0 0 -0.383056 0.923725
228.100000000 21.2817 55.5736 0 0 0 -0.414829 0.909899
230.100000000 21.8126 54.6704 0 0 0 -0.550615 0.834759
232.100000000 22.0095 53.6915 0 0 0 -0.674262 0.738492
236.500000000 22.0017 52.7141 0 0 0 -0.716798 0.697281
241.100000000 21.9454 51.7366 0 0 0 -0.728297 0.685262
245.000000000 21.9997 50.6961 0 0 0 -0.60988 0.792494
246.400000000 22.5326 50.0469 0 0 0 -0.39015 0.920751
248.000000000 23.2644 49.3292 0 0 0 -0.36958 0.929199
251.700000000 23.9702 48.6153 0 0 0 -0.39376 0.919213
253.200000000 24.5914 47.7939 0 0 0 -0.505045 0.863093
254.500000000 24.7384 46.9641 0 0 0 -0.622243 0.782824
256.800000000 24.8535 45.9272 0 0 0 -0.771918 0.635722
258.000000000 24.3888 45.3686 0 0 0 -0.904881 0.425664
259.400000000 23.636 44.6135 0 0 0 -0.928816 0.370542
260.700000000 22.9454 43.9613 0 0 0 -0.925499 0.378749
262.600000000 22.2132 43.2351 0 0 0 -0.922874 0.385101
264.000000000 21.4937 42.5076 0 0 0 -0.922874 0.385101
265.500000000 20.7262 41.7216 0 0 0 -0.922874 0.385101
266.800000000 20.0485 41.0464 0 0 0 -0.922874 0.385101
271.300000000 19.4136 40.3083 0 0 0 -0.894665 0.446738
275.600000000 18.9412 39.4761 0 0 0 -0.860497 0.509455
280.300000000 18.4375 38.6494 0 0 0 -0.880841 0.473412
284.900000000 17.8467 37.8854 0 0 0 -0.905715 0.423888
289.300000000 17.178 37.1822 0 0 0 -0.918301 0.395883
293.300000000 16.5213 36.5085 0 0 0 -0.922437 0.386147
297.600000000 15.8263 35.8056 0 0 0 -0.922776 0.385338
299.100000000 15.7251 35.4885 0 0 0 -0.757477 0.652861
299.800000000 15.8414 35.4012 0 0 0 -0.535847 0.844315
301.400000000 16.6142 34.6266 0 0 0 -0.366738 0.930324
303.000000000 17.3023 34.0962 0 0 0 -0.318173 0.948033
306.200000000 18.1523 33.5262 0 0 0 -0.285291 0.958441
311.100000000 18.897 32.9241 0 0 0 -0.352941 0.935645
316.000000000 19.6125 32.2371 0 0 0 -0.374425 0.927257
317.100000000 19.6482 32.0189 0 0 0 -0.625505 0.78022
317.800000000 19.5809 32.0082 0 0 0 -0.853934 0.520382
318.400000000 19.5904 32.0029 0 0 0 -0.971817 0.235735
318.900000000 19.57 32.1262 0 0 0 0.999977 0.0067703
319.600000000 19.5964 32.2005 0 0 0 0.938428 0.345475
320.200000000 19.5685 32.1876 0 0 0 0.808459 0.588552
320.900000000 19.6253 32.2092 0 0 0 0.56961 0.821915
322.100000000 20.1272 32.71 0 0 0 0.343756 0.939059
323.500000000 20.9424 33.3378 0 0 0 0.270011 0.962857
324.800000000 21.8345 33.7442 0 0 0 0.171477 0.985188
327.000000000 22.843 33.8283 0 0 0 -0.00304044 0.999995
331.500000000 23.7773 33.7545 0 0 0 -0.0495522 0.998772
336.400000000 24.7449 33.6773 0 0 0 -0.0397554 0.999209
341.400000000 25.7303 33.6282 0 0 0 -0.016132 0.99987
346.200000000 26.683 33.6138 0 0 0 -0.00485929 0.999988
351.100000000 27.648 33.6095 0 0 0 -0.00218861 0.999998
353.500000000 28.506 33.8789 0 0 0 0.266468 0.963844
355.000000000 29.2193 34.6078 0 0 0 0.409988 0.912091
358.100000000 29.8577 35.2768 0 0 0 0.392874 0.919592
362.700000000 30.5242 35.9681 0 0 0 0.385375 0.92276
367.300000000 31.2131 36.6647 0 0 0 0.385231 0.92282
371.600000000 31.8916 37.3413 0 0 0 0.385233 0.922819
376.100000000 32.5629 38.0305 0 0 0 0.385234 0.922819
380.700000000 33.2438 38.7299 0 0 0 0.393996 0.919112
383.300000000 33.8251 39.496 0 0 0 0.480307 0.877101
384.700000000 34.2111 40.4905 0 0 0 0.609737 0.792604
385.900000000 34.1975 41.4126 0 0 0 0.704504 0.7097
387.300000000 34.1929 42.4238 0 0 0 0.72796 0.68562
388.500000000 34.128 43.3587 0 0 0 0.702063 0.712115
389.900000000 34.1324 44.4134 0 0 0 0.704297 0.709906
391.100000000 34.1476 45.3048 0 0 0 0.709752 0.704452
392.500000000 34.1402 46.3567 0 0 0 0.709742 0.704462
393.800000000 34.1322 47.3274 0 0 0 0.709737 0.704467
395.200000000 34.1255 48.3794 0 0 0 0.709734 0.704469
396.500000000 34.128 49.3503 0 0 0 0.709734 0.70447
397.800000000 34.1103 50.3237 0 0 0 0.709716 0.704488
399.200000000 34.1026 51.3775 0 0 0 0.709709 0.704495
400.500000000 34.0947 52.3214 0 0 0 0.718262 0.695773
401.700000000 33.8089 52.9121 0 0 0 0.880714 0.473649
403.100000000 33.0716 53.6366 0 0 0 0.934303 0.35648
404.400000000 32.3655 54.3075 0 0 0 0.926837 0.375464
405.800000000 31.6199 55.0511 0 0 0 0.923121 0.384509
413.200000000 30.8046 55.7614 0 0 0 0.941635 0.336635
414.500000000 29.9868 56.2649 0 0 0 0.974923 0.222542
416.100000000 29.057 56.4961 0 0 0 0.998382 0.056871
417.600000000 28.0215 56.4413 0 0 0 -0.997857 0.0654264
418.800000000 27.0915 56.293 0 0 0 -0.99641 0.0846541
421.200000000 26.092 56.2569 0 0 0 -0.999996 0.00268279
424.800000000 25.1366 56.2878 0 0 0 0.999664 0.0259359
429.500000000 24.2007 56.3048 0 0 0 0.999953 0.00969772
434.500000000 23.2193 56.3138 0 0 0 0.999997 0.00243163
439.400000000 22.2495 56.3187 0 0 0 0.999997 0.00243088
444.300000000 21.2835 56.3237 0 0 0 0.999997 0.00243007
447.100000000 20.7423 56.215 0 0 0 -0.961443 0.275005
447.800000000 20.8452 56.1325 0 0 0 -0.816574 0.577241
448.500000000 20.9788 56.1668 0 0 0 -0.579354 0.815076
450.100000000 21.5371 55.1977 0 0 0 -0.510709 0.859754
451.400000000 21.9783 54.3355 0 0 0 -0.52161 0.853184
452.700000000 22.3874 53.5274 0 0 0 -0.545941 0.837824
453.800000000 22.2939 53.4666 0 0 0 -0.766723 0.641978
455.800000000 21.7227 52.6712 0 0 0 -0.839499 0.543361
457.000000000 21.7168 52.2662 0 0 0 -0.595934 0.803033
457.600000000 21.8048 52.3023 0 0 0 -0.332005 0.943278
458.200000000 21.8886 52.3987 0 0 0 -0.0582398 0.998303
459.000000000 22.0357 52.5726 0 0 0 0.244202 0.969724
460.500000000 22.7564 53.2973 0 0 0 0.406502 0.91365
461.800000000 23.4308 54.0103 0 0 0 0.386326 0.922362
463.100000000 24.1274 54.6908 0 0 0 0.375898 0.926661
464.500000000 24.8747 55.4211 0 0 0 0.380892 0.92462
465.800000000 25.5719 56.1115 0 0 0 0.380881 0.924624
467.100000000 26.332 56.7311 0 0 0 0.324551 0.945868
468.300000000 27.0948 57.2233 0 0 0 0.274785 0.961506
469.600000000 27.9623 57.6476 0 0 0 0.212439 0.977174
470.900000000 28.8963 57.8931 0 0 0 0.0839019 0.996474
472.700000000 29.9122 57.8948 0 0 0 -0.0097496 0.999952
475.800000000 30.8909 57.8854 0 0 0 -0.0257889 0.999667
479.400000000 31.8081 57.8389 0 0 0 -0.013861 0.999904
483.100000000 32.8046 57.8302 0 0 0 -0.00261771 0.999997
486.700000000 33.736 57.8249 0 0 0 -0.00259657 0.999997
490.500000000 34.7203 57.8196 0 0 0 -0.00257497 0.999997
494.200000000 35.6817 57.8144 0 0 0 -0.00255281 0.999997
497.800000000 36.6212 57.8092 0 0 0 -0.00252263 0.999997
502.000000000 37.6291 57.8373 0 0 0 0.0214326 0.99977
503.800000000 38.5895 57.8752 0 0 0 0.0232569 0.99973
505.200000000 39.6321 57.9228 0 0 0 0.0233382 0.999728
506.400000000 40.5341 57.9699 0 0 0 0.0332588 0.999447
507.800000000 41.5881 58.0513 0 0 0 0.0391463 0.999233
509.100000000 42.5542 58.0613 0 0 0 0.000178713 1
510.400000000 43.5295 58.0457 0 0 0 -0.00995597 0.99995
511.300000000 43.7826 57.9263 0 0 0 -0.304475 0.95252
512.000000000 43.6948 57.8865 0 0 0 -0.609408 0.792857
512.600000000 43.5738 57.8814 0 0 0 -0.813779 0.581174
513.200000000 43.4984 57.8922 0 0 0 -0.947699 0.319166
513.800000000 43.4449 57.9993 0 0 0 -0.999127 0.0417737
514.700000000 43.1141 58.1546 0 0 0 0.970462 0.241253
516.100000000 42.4068 58.8457 0 0 0 0.90245 0.430796
517.200000000 42.2699 59.2908 0 0 0 0.731194 0.68217
517.800000000 42.3628 59.2745 0 0 0 0.499548 0.866286
518.400000000 42.4362 59.1953 0 0 0 0.225778 0.974179
519.100000000 42.5437 59.0722 0 0 0 -0.0643687 0.997926
520.200000000 43.014 58.7488 0 0 0 -0.323475 0.946237
521.600000000 43.7774 58.0225 0 0 0 -0.301054 0.953607
523.000000000 44.7268 57.688 0 0 0 -0.119697 0.99281
524.400000000 45.7151 57.7301 0 0 0 0.0733161 0.997309
525.800000000 46.7352 57.9514 0 0 0 0.0954661 0.995433
527.200000000 47.7866 57.9979 0 0 0 -0.0101302 0.999949
528.600000000 48.8331 57.8997 0 0 0 -0.054549 0.998511
530.000000000 49.8753 57.8458 0 0 0 -0.0126111 0.99992
531.300000000 50.8587 57.8703 0 0 0 0.0184538 0.99983
532.600000000 51.8152 57.9419 0 0 0 0.0661329 0.997811
534.000000000 52.8623 58.0553 0 0 0 0.0412135 0.99915
535.600000000 53.7893 57.8495 0 0 0 -0.21834 0.975873
537.100000000 54.547 57.2018 0 0 0 -0.404787 0.914411
538.400000000 55.2054 56.4742 0 0 0 -0.394342 0.918964
539.700000000 55.8982 55.7791 0 0 0 -0.376591 0.92638
541.000000000 56.5986 55.1122 0 0 0 -0.374625 0.927177
542.300000000 57.2962 54.3826 0 0 0 -0.395491 0.91847
543.600000000 57.8049 53.6087 0 0 0 -0.532068 0.846702
545.100000000 58.0239 52.6431 0 0 0 -0.677463 0.735557
547.400000000 57.9809 51.7208 0 0 0 -0.738924 0.673789
551.400000000 57.8892 50.7465 0 0 0 -0.734962 0.678108
553.400000000 58.0321 50.3492 0 0 0 -0.498962 0.866624
554.000000000 58.1834 50.2784 0 0 0 -0.291808 0.956477
555.400000000 59.1347 49.8974 0 0 0 -0.122094 0.992519
556.100000000 59.3126 49.9944 0 0 0 0.152885 0.988244
556.800000000 59.1851 50.0915 0 0 0 0.483021 0.875609
557.300000000 59.091 50.1222 0 0 0 0.684186 0.729307
558.000000000 58.9794 50.0835 0 0 0 0.893569 0.448927
558.700000000 58.9041 49.9789 0 0 0 0.99333 0.115307
559.500000000 58.6935 49.8494 0 0 0 -0.984905 0.173096
560.900000000 58.0945 49.2212 0 0 0 -0.902617 0.430445
562.400000000 57.5989 48.2903 0 0 0 -0.893853 0.448361
563.700000000 56.8709 47.6082 0 0 0 -0.925214 0.379446
565.200000000 56.1132 46.8839 0 0 0 -0.930358 0.366652
567.400000000 55.2116 46.3074 0 0 0 -0.958885 0.283794
571.500000000 54.5631 45.7165 0 0 0 -0.940107 0.34088
575.300000000 53.8608 45.0349 0 0 0 -0.927788 0.373109
578.700000000 53.1737 44.3593 0 0 0 -0.924614 0.380905
582.500000000 52.4738 43.6592 0 0 0 -0.923875 0.382696
586.900000000 51.7763 43.0422 0 0 0 -0.943697 0.330811
589.600000000 50.8325 42.5369 0 0 0 -0.977986 0.208671
592.700000000 49.9959 42.1338 0 0 0 -0.965729 0.259554
597.800000000 49.2211 41.5217 0 0 0 -0.938511 0.34525
602.700000000 48.4932 40.8509 0 0 0 -0.929154 0.369693
607.300000000 47.7974 40.1744 0 0 0 -0.925618 0.37846
611.100000000 47.1013 39.363 0 0 0 -0.90731 0.420462
612.400000000 46.5983 38.5446 0 0 0 -0.848691 0.528889
613.800000000 46.285 37.6388 0 0 0 -0.770388 0.637576
616.100000000 46.2609 36.6385 0 0 0 -0.654929 0.755691
617.600000000 46.7908 35.7186 0 0 0 -0.500635 0.865659
618.800000000 47.1195 34.8711 0 0 0 -0.552696 0.833383
620.400000000 47.2797 33.8255 0 0 0 -0.685403 0.728164
622.200000000 47.201 33.286 0 0 0 -0.89106 0.453886
622.900000000 47.2144 33.2719 0 0 0 -0.993231 0.116153
623.500000000 47.2021 33.3382 0 0 0 0.98372 0.179709
624.100000000 47.18 33.3045 0 0 0 0.885423 0.464786
624.800000000 47.2286 33.349 0 0 0 0.680458 0.732787
625.500000000 47.4543 33.3609 0 0 0 0.466911 0.884305
626.600000000 47.9444 33.5389 0 0 0 0.185494 0.982645
628.100000000 48.9667 33.6024 0 0 0 0.00280471 0.999996
629.400000000 49.9399 33.6112 0 0 0 0.00668225 0.999978
630.600000000 50.8437 33.6229 0 0 0 -0.00462838 0.999989
632.000000000 51.8962 33.6229 0 0 0 0.00233114 0.999997
633.300000000 52.8699 33.6276 0 0 0 0.00233151 0.999997
634.600000000 53.5284 33.3428 0 0 0 -0.280096 0.959972
636.000000000 54.2713 32.6276 0 0 0 -0.400909 0.916118
637.400000000 54.9822 31.8613 0 0 0 -0.390911 0.920428
638.700000000 55.676 31.1659 0 0 0 -0.379066 0.92537
640.100000000 56.4292 30.4311 0 0 0 -0.379064 0.925371
641.300000000 57.0206 29.7592 0 0 0 -0.435225 0.900322
642.700000000 57.5737 28.8681 0 0 0 -0.509851 0.860263
644.100000000 57.9108 27.9233 0 0 0 -0.618945 0.785435
645.900000000 57.9807 26.962 0 0 0 -0.707734 0.706479
649.000000000 57.9431 25.9877 0 0 0 -0.725795 0.687911
652.500000000 57.7765 25.1901 0 0 0 -0.89807 0.439852
653.200000000 57.721 25.2584 0 0 0 -0.994015 0.109245
653.800000000 57.7004 25.3993 0 0 0 0.98309 0.183121
654.400000000 57.7446 25.4556 0 0 0 0.886401 0.462917
654.900000000 57.8516 25.5259 0 0 0 0.747806 0.663918
655.600000000 57.9782 25.5039 0 0 0 0.479875 0.877337
656.300000000 58.24 25.5963 0 0 0 0.272923 0.962036
657.700000000 58.9726 25.7146 0 0 0 -0.0473785 0.998877
658.300000000 58.9322 25.6019 0 0 0 -0.335665 0.941982
658.900000000 58.8673 25.5718 0 0 0 -0.584297 0.81154
659.600000000 58.7579 25.4319 0 0 0 -0.794347 0.607464
660.700000000 58.3667 24.991 0 0 0 -0.9174 0.397967
662.000000000 57.6606 24.2868 0 0 0 -0.930706 0.365768
663.300000000 56.9714 23.5982 0 0 0 -0.919602 0.392852
664.600000000 56.2827 22.8995 0 0 0 -0.922493 0.386013
665.900000000 55.6185 22.2365 0 0 0 -0.925979 0.377574
669.500000000 54.829 21.6461 0 0 0 -0.960317 0.278913
670.900000000 53.9384 21.2785 0 0 0 -0.988962 0.148171
673.600000000 52.9403 21.1624 0 0 0 -0.999701 0.0244417
678.300000000 51.9952 21.1997 0 0 0 0.99929 0.0376659
682.400000000 51.0433 21.1949 0 0 0 -0.995614 0.0935594
683.900000000 50.3412 20.6583 0 0 0 -0.931475 0.363806
685.600000000 49.5901 19.9675 0 0 0 -0.918613 0.395158
689.100000000 48.941 19.304 0 0 0 -0.922934 0.384959
693.900000000 48.2582 18.604 0 0 0 -0.922934 0.384959
698.400000000 47.5877 17.9265 0 0 0 -0.922934 0.384959
703.100000000 46.8986 17.2303 0 0 0 -0.922934 0.384959
706.600000000 46.3075 16.8338 0 0 0 -0.998761 0.0497592
707.400000000 46.0754 17.0046 0 0 0 0.977004 0.213222
709.800000000 45.3129 17.6659 0 0 0 0.929105 0.369817
714.300000000 44.635 18.3285 0 0 0 0.925116 0.379686
719.000000000 43.9417 19.0156 0 0 0 0.924742 0.380594
723.500000000 43.2546 19.6961 0 0 0 0.924742 0.380594
728.100000000 42.5454 20.3896 0 0 0 0.92908 0.36988
732.900000000 41.8068 20.9539 0 0 0 0.957788 0.287476
736.400000000 40.9223 21.3315 0 0 0 0.990942 0.134293
739.400000000 39.9067 21.4416 0 0 0 0.99972 0.0236743
743.800000000 38.9668 21.3863 0 0 0 -0.999378 0.0352684
748.200000000 37.9938 21.3241 0 0 0 -0.999378 0.0352685
753.000000000 36.9997 21.2836 0 0 0 -0.999905 0.0137728
757.700000000 36.0583 21.2729 0 0 0 -0.999995 0.00311564
762.600000000 35.095 21.267 0 0 0 -0.999996 0.00295857
767.500000000 34.1231 21.2609 0 0 0 -0.999996 0.00295859
772.400000000 33.1381 21.2549 0 0 0 -0.999996 0.00295861
777.200000000 32.1753 21.249 0 0 0 -0.999996 0.00295863
782.100000000 31.2059 21.2428 0 0 0 -0.999996 0.00295865
787.000000000 30.2331 21.2369 0 0 0 -0.999996 0.00296106
791.800000000 29.2821 21.2458 0 0 0 0.999989 0.00474891
796.700000000 28.3127 21.252 0 0 0 0.999989 0.00470511
801.700000000 27.3295 21.2582 0 0 0 0.999995 0.00317427
806.600000000 26.3662 21.2647 0 0 0 0.999995 0.00317495
811.500000000 25.403 21.2712 0 0 0 0.999995 0.00317552
814.800000000 24.4144 21.5548 0 0 0 0.958017 0.28671
816.100000000 23.7144 22.223 0 0 0 0.917863 0.396897
817.400000000 23.041 22.9371 0 0 0 0.92054 0.390649
818.700000000 22.3452 23.6196 0 0 0 0.925275 0.379297
826.000000000 21.6515 24.3041 0 0 0 0.925567 0.378584
827.300000000 20.9682 24.999 0 0 0 0.923635 0.383272
829.300000000 20.2709 25.7013 0 0 0 0.914907 0.403665
832.900000000 19.7522 26.578 0 0 0 0.836709 0.547647
834.300000000 19.5593 27.5202 0 0 0 0.746556 0.665323
836.200000000 19.5527 28.4255 0 0 0 0.69857 0.715542
840.500000000 19.6064 29.422 0 0 0 0.68514 0.728411
845.200000000 19.6486 30.3793 0 0 0 0.694191 0.719791
850.100000000 19.6587 31.3468 0 0 0 0.704593 0.709612
854.900000000 19.6617 32.3012 0 0 0 0.705497 0.708713
857.800000000 19.5349 32.8678 0 0 0 0.871717 0.490009
858.900000000 19.2233 33.0142 0 0 0 0.973514 0.228627
860.200000000 18.3056 33.3326 0 0 0 0.992153 0.125032
862.200000000 17.7818 33.5723 0 0 0 0.913843 0.406068
864.500000000 17.4677 34.5503 0 0 0 0.791363 0.611347
865.700000000 17.3084 34.6495 0 0 0 0.943303 0.331932
866.500000000 17.2859 34.5986 0 0 0 0.998092 0.061752
868.000000000 16.6386 34.3561 0 0 0 -0.982698 0.185216
870.000000000 16.1578 34.2387 0 0 0 0.988459 0.151491
870.800000000 16.2292 34.3359 0 0 0 0.909506 0.41569
871.600000000 16.292 34.4082 0 0 0 0.753665 0.657259
872.400000000 16.4189 34.4448 0 0 0 0.536933 0.843625
874.400000000 17.1955 35.1697 0 0 0 0.358068 0.933695
875.300000000 17.3184 35.3044 0 0 0 0.0308825 0.999523
875.800000000 17.3206 35.3184 0 0 0 -0.213942 0.976846
876.500000000 17.2197 35.2131 0 0 0 -0.531035 0.84735
877.100000000 17.2354 35.2052 0 0 0 -0.75464 0.656139
877.700000000 17.1465 35.2434 0 0 0 -0.912943 0.408087
878.300000000 17.0798 35.3075 0 0 0 -0.992207 0.124598
880.000000000 16.0488 35.5106 0 0 0 0.997879 0.0650981
882.000000000 15.4403 35.4765 0 0 0 -0.970455 0.241284
883.000000000 15.5215 35.4143 0 0 0 -0.859258 0.511543
884.000000000 15.4919 35.4023 0 0 0 -0.653424 0.756992
884.800000000 15.4935 35.4092 0 0 0 -0.401909 0.91568
885.400000000 15.4894 35.3905 0 0 0 -0.122883 0.992421
886.100000000 15.5036 35.4363 0 0 0 0.219671 0.975574
886.700000000 15.5324 35.5828 0 0 0 0.464975 0.885324
888.000000000 16.193 36.2952 0 0 0 0.407404 0.913248
890.400000000 17.0367 36.8297 0 0 0 0.140372 0.990099
891.700000000 17.0682 36.8314 0 0 0 -0.146851 0.989159
892.700000000 17.0352 36.8328 0 0 0 -0.416973 0.908919
893.300000000 17.0593 36.8359 0 0 0 -0.649027 0.760766
894.000000000 17.043 36.8016 0 0 0 -0.868571 0.495565
894.600000000 17.0007 36.85 0 0 0 -0.974854 0.222846
895.200000000 16.8535 36.973 0 0 0 0.999662 0.026013
896.100000000 16.8685 36.9222 0 0 0 0.925342 0.379133
896.800000000 16.9659 36.9722 0 0 0 0.778464 0.627689
897.500000000 17.0828 37.0628 0 0 0 0.57679 0.816893
898.200000000 17.2525 37.1507 0 0 0 0.350398 0.936601
901.700000000 18.0835 37.6645 0 0 0 0.499423 0.866358
902.700000000 18.0043 37.8983 0 0 0 0.717835 0.696214
905.500000000 18.1045 38.4924 0 0 0 0.464713 0.885461
906.500000000 18.4822 38.7862 0 0 0 0.193728 0.981055
908.000000000 19.3786 39.2715 0 0 0 0.345047 0.938585
909.300000000 19.6184 39.7661 0 0 0 0.612216 0.79069
910.100000000 19.5179 39.7031 0 0 0 0.830916 0.556398
910.800000000 19.4443 39.6613 0 0 0 0.950144 0.311813
911.600000000 19.1889 39.6467 0 0 0 0.996152 0.0876405
912.700000000 18.9164 39.4938 0 0 0 -0.974536 0.224229
913.400000000 18.9767 39.4933 0 0 0 -0.867021 0.498271
914.100000000 18.9438 39.4763 0 0 0 -0.651819 0.758374
914.700000000 18.994 39.4924 0 0 0 -0.420145 0.907457
915.300000000 19.0105 39.5055 0 0 0 -0.145467 0.989363
915.800000000 19.0098 39.4925 0 0 0 0.107285 0.994228
916.500000000 18.9911 39.5593 0 0 0 0.438087 0.898933
917.900000000 19.3538 40.5337 0 0 0 0.524231 0.851576
919.800000000 19.7992 41.1164 0 0 0 0.256202 0.966623
921.000000000 20.1388 40.9641 0 0 0 -0.00498151 0.999988
922.600000000 21.0788 40.9823 0 0 0 -0.0376797 0.99929
923.500000000 21.2855 40.9901 0 0 0 -0.336992 0.941507
924.200000000 21.2922 40.9925 0 0 0 -0.621218 0.783638
924.800000000 21.2993 40.9937 0 0 0 -0.805018 0.59325
926.000000000 20.8414 40.4765 0 0 0 -0.922487 0.386028
927.300000000 20.1255 39.7176 0 0 0 -0.930967 0.365103
928.900000000 19.4483 39.0579 0 0 0 -0.923683 0.383157
931.700000000 18.7798 38.4086 0 0 0 -0.923703 0.383108
936.300000000 18.087 37.7145 0 0 0 -0.923724 0.383059
940.700000000 17.4393 37.0276 0 0 0 -0.927225 0.374504
945.100000000 16.742 36.3685 0 0 0 -0.926339 0.376691
949.700000000 16.0808 35.6323 0 0 0 -0.925247 0.379365
953.800000000 15.4658 35.0014 0 0 0 -0.925245 0.379371
958.500000000 14.7617 34.3076 0 0 0 -0.925245 0.379371
963.000000000 14.0376 33.5939 0 0 0 -0.925245 0.379371
964.300000000 13.3437 32.9011 0 0 0 -0.925245 0.379371
965.700000000 12.5946 32.1624 0 0 0 -0.925245 0.379371
967.000000000 11.9056 31.4837 0 0 0 -0.925245 0.379371
968.500000000 11.2229 30.7948 0 0 0 -0.919623 0.392801
970.300000000 10.642 30.0004 0 0 0 -0.869471 0.493985
972.100000000 10.329 28.9529 0 0 0 -0.769825 0.638255
975.500000000 10.3262 27.8988 0 0 0 -0.684936 0.728603
976.800000000 10.4932 26.9507 0 0 0 -0.639475 0.768812
978.900000000 10.6195 26.0738 0 0 0 -0.677656 0.735379
983.200000000 10.6016 25.093 0 0 0 -0.711895 0.702286
988.000000000 10.5704 24.1261 0 0 0 -0.719898 0.694079
992.500000000 10.5541 23.1542 0 0 0 -0.711034 0.703158
997.400000000 10.5499 22.1857 0 0 0 -0.708452 0.705759
1002.400000000 10.5461 21.1972 0 0 0 -0.708452 0.705759
1007.000000000 10.5422 20.2457 0 0 0 -0.708452 0.705759
1012.000000000 10.5383 19.2625 0 0 0 -0.708452 0.705759
1016.900000000 10.5344 18.2983 0 0 0 -0.708452 0.705759
1021.300000000 10.5305 17.3298 0 0 0 -0.708452 0.705759
1022.900000000 10.5266 16.269 0 0 0 -0.708452 0.705759
1024.200000000 10.5227 15.2953 0 0 0 -0.708452 0.705759
1025.500000000 10.5185 14.3228 0 0 0 -0.708452 0.705759
1026.900000000 10.5185 13.2703 0 0 0 -0.703773 0.710425
1028.300000000 10.5713 12.2193 0 0 0 -0.690235 0.723585
1029.700000000 10.5861 11.1773 0 0 0 -0.709762 0.704442
1031.100000000 10.5254 10.1254 0 0 0 -0.727847 0.68574
1032.400000000 10.5239 9.16081 0 0 0 -0.717062 0.697009
1033.700000000 10.4641 8.17839 0 0 0 -0.701804 0.71237
1035.100000000 10.5098 7.12447 0 0 0 -0.706786 0.707428
1036.400000000 10.5052 6.15003 0 0 0 -0.706902 0.707311
1037.700000000 10.5078 5.17605 0 0 0 -0.706787 0.707426
1038.900000000 10.5078 4.27388 0 0 0 -0.70688 0.707333
1040.300000000 10.5084 3.22064 0 0 0 -0.706895 0.707318
1041.600000000 10.5088 2.24775 0 0 0 -0.706904 0.707309
1043.100000000 10.3447 1.29727 0 0 0 -0.81671 0.577048
1044.500000000 9.78242 0.603385 0 0 0 -0.921302 0.388849
1045.900000000 9.01532 -0.112181 0 0 0 -0.929342 0.369221
1047.200000000 8.33002 -0.79366 0 0 0 -0.92461 0.380914
1048.500000000 7.6359 -1.48546 0 0 0 -0.924706 0.380683
1055.700000000 7.40622 -1.52152 0 0 0 -0.998572 0.0534199
1056.500000000 7.1622 -1.36495 0 0 0 0.97758 0.210564
1057.900000000 6.47264 -0.676959 0 0 0 0.915278 0.402823
1059.300000000 5.67832 -0.0631534 0 0 0 0.962568 0.271042
1060.900000000 4.60431 0.200749 0 0 0 0.999425 0.0339072
1062.100000000 3.70973 0.100496 0 0 0 -0.998744 0.0501049
1063.500000000 2.67203 -0.0155205 0 0 0 -0.998779 0.0494026
1064.800000000 1.69924 -0.0473228 0 0 0 -0.999998 0.00197037
1066.100000000 0.712039 -0.0526301 0 0 0 0.999954 0.00959341
1067.500000000 -0.251051 -0.0222557 0 0 0 0.999974 0.00726626
1069.100000000 -1.23577 -0.0565911 0 0 0 -0.997528 0.070274
1069.800000000 -1.20044 -0.178167 0 0 0 -0.918151 0.396231
1070.500000000 -1.09059 -0.226237 0 0 0 -0.726236 0.687445
1071.000000000 -0.963305 -0.224335 0 0 0 -0.544416 0.838815
1071.700000000 -0.752451 -0.208712 0 0 0 -0.270798 0.962636
1072.300000000 -0.656835 -0.129277 0 0 0 -0.0112587 0.999937
1072.900000000 -0.666137 -0.0629574 0 0 0 0.245148 0.969486
1074.300000000 0.297638 0.474853 0 0 0 0.186804 0.982397
1075.500000000 0.646276 0.45153 0 0 0 -0.107759 0.994177
1076.300000000 0.725127 0.303546 0 0 0 -0.361623 0.932324
1077.300000000 0.791631 -0.0594323 0 0 0 -0.566312 0.824191
1078.600000000 1.05477 -0.967397 0 0 0 -0.614187 0.78916
1079.500000000 0.984018 -1.04639 0 0 0 -0.837569 0.546331
1080.300000000 0.859372 -0.93419 0 0 0 -0.971518 0.236965
1080.900000000 0.816893 -0.880216 0 0 0 0.999785 0.0207448
1081.600000000 0.826392 -0.770828 0 0 0 0.949707 0.313139
1082.400000000 0.93457 -0.647762 0 0 0 0.791029 0.611778
1084.200000000 1.05992 0.292555 0 0 0 0.707413 0.706801
1085.300000000 0.949358 0.579047 0 0 0 0.873422 0.486965
1086.100000000 0.865887 0.463936 0 0 0 0.980549 0.196276
1086.800000000 0.813357 0.333316 0 0 0 -0.998233 0.0594225
1088.100000000 0.423703 0.092732 0 0 0 -0.934928 0.354838
1089.200000000 0.374578 -0.146036 0 0 0 -0.80181 0.597579
1090.100000000 0.474985 -0.149582 0 0 0 -0.613344 0.789816
1091.000000000 0.659315 -0.120378 0 0 0 -0.360302 0.932836
1091.800000000 0.748668 -0.0221767 0 0 0 -0.098443 0.995143
1092.600000000 0.786237 0.0724505 0 0 0 0.171388 0.985204
1094.800000000 1.36921 0.761452 0 0 0 0.454856 0.890565
1095.500000000 1.26283 0.796302 0 0 0 0.70308 0.711111
1096.100000000 1.16237 0.77855 0 0 0 0.864749 0.502205
1096.700000000 1.09019 0.715265 0 0 0 0.965555 0.260197
1097.400000000 1.06818 0.599743 0 0 0 -0.999279 0.0379748
1098.000000000 1.09888 0.491162 0 0 0 -0.956262 0.29251
1098.800000000 1.20851 0.426043 0 0 0 -0.80107 0.598571
1100.500000000 1.13982 -0.6393 0 0 0 -0.763643 0.645639
1101.600000000 0.99133 -0.786219 0 0 0 -0.921996 0.387198
1102.400000000 0.924821 -0.68417 0 0 0 -0.994412 0.105566
1103.200000000 0.878887 -0.568641 0 0 0 0.986046 0.166476
1104.100000000 0.800818 -0.397912 0 0 0 0.906269 0.422701
1105.300000000 0.816239 -0.0678825 0 0 0 0.748919 0.662661
1106.900000000 0.948861 0.457038 0 0 0 0.542296 0.840188
1107.600000000 1.03721 0.39272 0 0 0 0.305664 0.952139
1108.400000000 1.08073 0.257271 0 0 0 0.0111408 0.999938
1109.200000000 1.15714 0.160757 0 0 0 -0.214173 0.976796
1110.800000000 1.43482 -0.187223 0 0 0 -0.484786 0.874633
1111.600000000 1.31782 -0.235378 0 0 0 -0.715045 0.699079
1112.400000000 1.19956 -0.211016 0 0 0 -0.885844 0.463984
1113.100000000 1.09716 -0.132131 0 0 0 -0.979049 0.203627
1113.700000000 1.00494 -0.0827355 0 0 0 0.998212 0.0597796
1114.300000000 0.973096 0.0565739 0 0 0 0.948935 0.315473
1115.000000000 0.981866 0.247172 0 0 0 0.826128 0.563482
1116.400000000 0.542517 1.17918 0 0 0 0.866434 0.499292
1117.700000000 0.242511 1.43458 0 0 0 0.975218 0.221246
1118.600000000 0.205814 1.3138 0 0 0 -0.995613 0.0935698
1120.000000000 -0.672657 0.961109 0 0 0 -0.978831 0.204672
1121.400000000 -1.12226 0.606153 0 0 0 -0.85544 0.517902
1122.000000000 -0.999145 0.584659 0 0 0 -0.667959 0.744198
1122.600000000 -0.897253 0.633069 0 0 0 -0.421916 0.906635
1123.200000000 -0.852122 0.730144 0 0 0 -0.135091 0.990833
1123.700000000 -0.839587 0.837655 0 0 0 0.113652 0.993521
1124.400000000 -0.912882 0.934405 0 0 0 0.448028 0.894019
1124.900000000 -0.976152 1.03158 0 0 0 0.62939 0.77709
1126.300000000 -0.776327 2.0495 0 0 0 0.612752 0.790276
1127.800000000 -0.79881 2.61901 0 0 0 0.809382 0.587283
1128.800000000 -1.0094 2.75912 0 0 0 0.934969 0.35473
1130.600000000 -1.91651 3.10108 0 0 0 0.995675 0.0929059
1131.800000000 -2.07048 3.01911 0 0 0 -0.98294 0.183927
1132.800000000 -1.99321 2.92818 0 0 0 -0.881447 0.472283
1133.500000000 -1.86778 2.89607 0 0 0 -0.665623 0.746288
1134.100000000 -1.76243 2.94256 0 0 0 -0.415246 0.909709
1134.700000000 -1.704 3.05444 0 0 0 -0.128542 0.991704
1135.300000000 -1.70658 3.15885 0 0 0 0.170401 0.985375
1136.000000000 -1.79307 3.25513 0 0 0 0.497902 0.867233
1136.700000000 -1.9075 3.28186 0 0 0 0.76547 0.643472
1138.200000000 -2.32578 4.22952 0 0 0 0.835387 0.549663
1140.300000000 -2.48009 5.13003 0 0 0 0.670224 0.742158
1142.100000000 -2.2238 5.43253 0 0 0 0.436777 0.89957
1143.100000000 -2.21342 5.43456 0 0 0 0.144359 0.989525
1143.700000000 -2.18238 5.32648 0 0 0 -0.121246 0.992622
1144.300000000 -2.22094 5.21926 0 0 0 -0.378689 0.925524
1145.000000000 -2.32457 5.14755 0 0 0 -0.630074 0.776535
1145.800000000 -2.44283 5.15425 0 0 0 -0.846469 0.532438
1146.600000000 -2.54077 5.23713 0 0 0 -0.973659 0.228011
1147.200000000 -2.59536 5.3148 0 0 0 0.999888 0.0149795
1147.900000000 -2.62421 5.44499 0 0 0 0.95901 0.283374
1148.600000000 -2.59841 5.56443 0 0 0 0.845467 0.534027
1150.200000000 -2.95448 6.58701 0 0 0 0.828228 0.560392
1151.700000000 -3.27453 7.05171 0 0 0 0.956369 0.292161
1152.400000000 -3.30961 6.95042 0 0 0 0.999638 0.0269023
1153.000000000 -3.28599 6.86131 0 0 0 -0.975194 0.221352
1153.800000000 -3.19408 6.76787 0 0 0 -0.847365 0.531011
1154.600000000 -3.06676 6.74904 0 0 0 -0.624517 0.781011
1156.300000000 -2.5149 5.83701 0 0 0 -0.482364 0.875971
1157.600000000 -1.89468 5.07521 0 0 0 -0.39894 0.916977
1158.800000000 -1.22731 4.45445 0 0 0 -0.371458 0.92845
1160.200000000 -0.505967 3.71361 0 0 0 -0.384912 0.922953
1161.600000000 0.238875 2.96749 0 0 0 -0.384741 0.923024
1162.900000000 0.924219 2.27116 0 0 0 -0.384734 0.923028
1164.200000000 1.61067 1.58062 0 0 0 -0.384743 0.923024
1165.500000000 2.30061 0.883662 0 0 0 -0.384747 0.923022
1166.700000000 2.9336 0.246796 0 0 0 -0.384758 0.923017
1168.100000000 3.67794 -0.498401 0 0 0 -0.38477 0.923013
1169.400000000 4.36299 -1.1916 0 0 0 -0.384839 0.922984
1170.600000000 5.02074 -1.80292 0 0 0 -0.343793 0.939046
1172.000000000 5.93276 -2.32029 0 0 0 -0.197 0.980404
1173.300000000 6.80936 -2.46265 0 0 0 -0.0397912 0.999208
1174.700000000 7.84345 -2.34991 0 0 0 0.125032 0.992153
1177.100000000 8.73495 -2.13025 0 0 0 0.0506222 0.998718
1180.700000000 9.77896 -2.22376 0 0 0 -0.0439006 0.999036
1182.000000000 10.7289 -2.32854 0 0 0 -0.0694116 0.997588
1184.200000000 11.6833 -2.39959 0 0 0 -0.0100341 0.99995
1188.600000000 12.6511 -2.36368 0 0 0 0.0218143 0.999762
1193.300000000 13.6085 -2.33108 0 0 0 0.00956715 0.999954
1197.800000000 14.58 -2.32318 0 0 0 0.00309994 0.999995
1201.500000000 15.5397 -2.31691 0 0 0 0.00309996 0.999995
1205.400000000 16.526 -2.31067 0 0 0 0.00310117 0.999995
1209.000000000 17.4505 -2.30445 0 0 0 0.00310063 0.999995
1211.500000000 18.0265 -2.42217 0 0 0 -0.28888 0.957365
1212.100000000 17.9424 -2.50393 0 0 0 -0.555045 0.83182
1212.800000000 17.827 -2.51499 0 0 0 -0.804238 0.594308
1213.800000000 17.4479 -2.88237 0 0 0 -0.927798 0.373083
1215.100000000 16.893 -3.59036 0 0 0 -0.874777 0.484525
1216.600000000 16.7182 -4.3323 0 0 0 -0.648486 0.761227
1217.200000000 16.8142 -4.27986 0 0 0 -0.394564 0.918868
1217.800000000 16.872 -4.17677 0 0 0 -0.105398 0.99443
1218.700000000 17.0918 -4.01535 0 0 0 0.216524 0.976277
1220.200000000 17.8323 -3.3168 0 0 0 0.404889 0.914366
1221.500000000 18.4777 -2.5827 0 0 0 0.417905 0.908491
1223.100000000 19.1019 -1.90961 0 0 0 0.388907 0.921277
1226.600000000 19.7967 -1.21646 0 0 0 0.385155 0.922852
1230.500000000 20.5154 -0.489934 0 0 0 0.385155 0.922852
1233.800000000 21.1895 0.191736 0 0 0 0.385156 0.922851
1237.500000000 21.8597 0.86958 0 0 0 0.385157 0.922851
1241.000000000 22.5359 1.55363 0 0 0 0.385159 0.92285
1244.400000000 23.2322 2.25767 0 0 0 0.385161 0.922849
1248.200000000 23.9201 2.9629 0 0 0 0.395959 0.918268
1252.900000000 24.5512 3.68797 0 0 0 0.42522 0.90509
1257.300000000 25.1118 4.4846 0 0 0 0.484621 0.874724
1262.100000000 25.689 5.23094 0 0 0 0.42059 0.907251
1266.500000000 26.3323 5.93543 0 0 0 0.394697 0.918811
1271.000000000 27.0153 6.63324 0 0 0 0.385736 0.922609
1275.500000000 27.7056 7.31852 0 0 0 0.384496 0.923126
1280.000000000 28.39 7.99248 0 0 0 0.378786 0.925484
1282.700000000 28.8721 8.28734 0 0 0 0.0717017 0.997426
1283.600000000 29.138 8.11315 0 0 0 -0.229662 0.973271
1285.200000000 29.9002 7.31213 0 0 0 -0.412787 0.910828
1286.500000000 30.5636 6.60808 0 0 0 -0.38365 0.923478
1287.800000000 31.2741 5.94196 0 0 0 -0.363017 0.931783
1289.100000000 31.9711 5.2634 0 0 0 -0.383304 0.923622
1290.400000000 32.6522 4.56855 0 0 0 -0.38335 0.923603
1291.700000000 33.3441 3.87363 0 0 0 -0.383388 0.923587
1293.000000000 33.9565 3.11807 0 0 0 -0.457323 0.8893
1294.300000000 34.0897 2.5537 0 0 0 -0.7014 0.712768
1294.900000000 33.9539 2.54763 0 0 0 -0.870393 0.492358
1296.000000000 33.552 2.2002 0 0 0 -0.964447 0.264277
1297.300000000 32.6289 1.90355 0 0 0 -0.994021 0.109185
1298.600000000 31.6563 1.79487 0 0 0 -0.999849 0.0173617
1300.300000000 30.8265 1.8921 0 0 0 0.955187 0.296004
1300.900000000 30.9234 1.99403 0 0 0 0.828649 0.559769
1301.400000000 30.91 2.00382 0 0 0 0.664436 0.747346
1302.100000000 30.9824 1.9859 0 0 0 0.371668 0.928366
1302.700000000 31.0435 1.95602 0 0 0 0.0853479 0.996351
1303.400000000 31.2401 1.79109 0 0 0 -0.159828 0.987145
1304.600000000 31.9091 1.28812 0 0 0 -0.388873 0.921291
1306.000000000 32.4082 0.404743 0 0 0 -0.480864 0.876795
1307.300000000 33.0729 -0.321043 0 0 0 -0.389567 0.920998
1308.600000000 33.7993 -0.995632 0 0 0 -0.373555 0.927608
1309.900000000 34.4954 -1.68696 0 0 0 -0.378758 0.925496
1311.200000000 35.2997 -2.2413 0 0 0 -0.265879 0.964006
1312.600000000 36.2076 -2.55041 0 0 0 -0.0650576 0.997882
1314.500000000 37.2166 -2.46944 0 0 0 0.0652504 0.997869
1317.400000000 38.2526 -2.34949 0 0 0 0.0457379 0.998953
1318.700000000 39.2258 -2.31959 0 0 0 0.00179168 0.999998
1320.000000000 40.1993 -2.32378 0 0 0 -0.00897334 0.99996
1321.300000000 41.1718 -2.33644 0 0 0 0.00185295 0.999998
1322.700000000 42.2254 -2.3244 0 0 0 0.00571949 0.999984
1323.900000000 43.1291 -2.31313 0 0 0 0.00494619 0.999988
1325.300000000 44.1729 -2.31473 0 0 0 -0.0012403 0.999999
1326.600000000 45.1466 -2.31727 0 0 0 -0.0012403 0.999999
1327.900000000 46.1291 -2.32 0 0 0 -0.0012403 0.999999
1329.300000000 47.1729 -2.32254 0 0 0 -0.0012403 0.999999
1330.600000000 48.1466 -2.32508 0 0 0 -0.00124029 0.999999
1331.900000000 49.1304 -2.32762 0 0 0 -0.00124029 0.999999
1333.200000000 50.1041 -2.33016 0 0 0 -0.00124028 0.999999
1334.500000000 51.0779 -2.3327 0 0 0 -0.00124027 0.999999
1335.800000000 52.0131 -2.21591 0 0 0 0.0512382 0.998686
1336.900000000 52.4993 -2.00249 0 0 0 0.313791 0.949492
1338.300000000 53.2294 -1.25426 0 0 0 0.394638 0.918837
1339.500000000 53.8651 -0.612302 0 0 0 0.386991 0.922084
1340.800000000 54.5529 0.0776596 0 0 0 0.377701 0.925927
1342.200000000 55.2587 0.725075 0 0 0 0.425153 0.905121
1342.900000000 55.2169 0.724467 0 0 0 0.683651 0.729809
1343.700000000 55.0766 0.964533 0 0 0 0.852791 0.522252
1345.400000000 54.2549 1.69009 0 0 0 0.940126 0.340828
1346.800000000 53.733 2.5004 0 0 0 0.852783 0.522265
1354.600000000 53.4978 3.46446 0 0 0 0.805933 0.592007
1357.900000000 52.9865 4.29934 0 0 0 0.881768 0.471684
1360.400000000 52.4565 5.09717 0 0 0 0.886691 0.462362
1364.500000000 51.8263 5.82815 0 0 0 0.913207 0.407496
1368.700000000 51.1392 6.56085 0 0 0 0.920388 0.391006
1372.800000000 50.4588 7.24328 0 0 0 0.922708 0.3855
1375.900000000 49.778 7.93287 0 0 0 0.92271 0.385495
1379.900000000 49.1335 8.59624 0 0 0 0.922445 0.386129
1384.200000000 48.4772 9.37198 0 0 0 0.894166 0.447737
1385.700000000 48.0811 10.2933 0 0 0 0.820761 0.571272
1388.100000000 47.874 11.2211 0 0 0 0.741712 0.670718
1391.900000000 47.9007 12.1983 0 0 0 0.688263 0.725461
1394.400000000 47.9545 13.1621 0 0 0 0.683701 0.729762
1398.100000000 47.9906 14.1694 0 0 0 0.696425 0.71763
1400.300000000 48.0619 15.2597 0 0 0 0.677025 0.73596
1401.700000000 48.2397 16.2723 0 0 0 0.605493 0.79585
1403.200000000 48.5862 17.1895 0 0 0 0.500413 0.865787
1404.600000000 49.1611 18.0236 0 0 0 0.560334 0.828267
1406.100000000 49.204 19.0185 0 0 0 0.743097 0.669184
1407.700000000 48.786 19.9832 0 0 0 0.881517 0.472153
1408.300000000 48.6771 19.949 0 0 0 0.975849 0.218444
1409.000000000 48.672 19.9492 0 0 0 -0.99151 0.130029
1409.600000000 48.7444 19.8611 0 0 0 -0.908799 0.417234
1410.200000000 48.8254 19.7104 0 0 0 -0.786493 0.6176
1411.500000000 48.6527 18.7377 0 0 0 -0.741459 0.670998
1413.100000000 48.3554 18.1581 0 0 0 -0.895675 0.444709
1414.600000000 47.6419 17.7683 0 0 0 -0.98004 0.198802
1416.300000000 46.6196 17.5947 0 0 0 -0.996425 0.0844806
1417.300000000 46.45 17.3991 0 0 0 -0.939546 0.342423
1418.600000000 46.1918 16.7241 0 0 0 -0.833035 0.553221
1420.100000000 46.1339 16.0532 0 0 0 -0.6309 0.775864
1420.700000000 46.2267 16.0967 0 0 0 -0.409303 0.912399
1421.400000000 46.2743 16.1414 0 0 0 -0.111375 0.993778
1421.900000000 46.2904 16.1427 0 0 0 0.112206 0.993685
1422.500000000 46.2405 16.3247 0 0 0 0.37319 0.927755
1423.200000000 46.2082 16.3301 0 0 0 0.64523 0.763988
1423.800000000 46.1923 16.3194 0 0 0 0.825637 0.564202
1424.500000000 45.8488 16.3597 0 0 0 0.932641 0.360806
1425.900000000 45.2809 17.2362 0 0 0 0.842647 0.538466
1426.600000000 45.3003 17.2431 0 0 0 0.656743 0.754114
1427.400000000 45.5059 17.1798 0 0 0 0.38668 0.922214
1428.100000000 45.6208 17.1079 0 0 0 0.13822 0.990402
1429.900000000 46.6227 17.0654 0 0 0 -0.127914 0.991785
1430.700000000 46.6271 17.0054 0 0 0 -0.456158 0.889899
1431.300000000 46.553 16.9523 0 0 0 -0.696941 0.717128
1431.900000000 46.4783 16.9458 0 0 0 -0.875576 0.48308
1432.500000000 46.3554 17.0358 0 0 0 -0.978293 0.207226
1433.100000000 46.3644 17.0803 0 0 0 0.996661 0.0816517
1433.800000000 46.3756 17.2926 0 0 0 0.922403 0.386229
1435.200000000 45.5977 17.9878 0 0 0 0.935009 0.354624
1436.700000000 45.1393 18.1803 0 0 0 0.999246 0.0388144
