0.300000000 0.2 0 0 0 0 0 1
5.500000000 1.25307 -0.00137231 0 0 0 -0.000168608 1
6.800000000 2.19784 0.0333596 0 0 0 0.0612095 0.998125
9.200000000 3.06691 0.236551 0 0 0 -0.206296 0.97849
9.900000000 2.9607 0.195261 0 0 0 -0.529303 0.848433
10.500000000 2.85053 0.197136 0 0 0 -0.756617 0.653858
11.100000000 2.74508 0.253991 0 0 0 -0.916263 0.400578
11.700000000 2.68799 0.286729 0 0 0 -0.993749 0.111635
12.400000000 2.70583 0.40802 0 0 0 0.971653 0.236411
13.000000000 2.78557 0.488837 0 0 0 0.858304 0.513141
13.600000000 2.89852 0.520405 0 0 0 0.668664 0.743565
14.300000000 3.02324 0.456379 0 0 0 0.373036 0.927817
14.800000000 3.0777 0.369802 0 0 0 0.132963 0.991121
17.800000000 3.1133 0.231364 0 0 0 -0.189936 0.981796
18.500000000 3.02665 0.190203 0 0 0 -0.501208 0.865327
19.200000000 2.97028 0.0165649 0 0 0 -0.720635 0.693315
20.200000000 2.7504 -0.461379 0 0 0 -0.864948 0.501862
21.600000000 2.15376 -1.3063 0 0 0 -0.874099 0.485747
23.000000000 1.80177 -2.27089 0 0 0 -0.796599 0.604507
25.000000000 1.81617 -3.03614 0 0 0 -0.543854 0.83918
25.500000000 1.90229 -3.00929 0 0 0 -0.319895 0.947453
26.200000000 1.94551 -2.90153 0 0 0 0.0249235 0.999689
27.100000000 2.28547 -2.67363 0 0 0 0.270977 0.962586
28.600000000 2.97501 -1.93352 0 0 0 0.439585 0.898201
29.900000000 3.46329 -1.02071 0 0 0 0.541802 0.840506
31.300000000 3.72638 -0.0580953 0 0 0 0.629333 0.777135
32.600000000 3.82735 0.947253 0 0 0 0.693279 0.720669
33.900000000 3.82018 1.94545 0 0 0 0.7151 0.699022
35.200000000 3.7895 2.89974 0 0 0 0.70876 0.70545
36.500000000 3.79048 3.8648 0 0 0 0.707212 0.707002
37.800000000 3.7847 4.84139 0 0 0 0.707748 0.706465
39.000000000 3.78306 5.74502 0 0 0 0.707941 0.706272
40.400000000 3.78116 6.79733 0 0 0 0.708156 0.706056
41.800000000 3.89915 7.88515 0 0 0 0.685058 0.728488
43.200000000 4.06729 8.78054 0 0 0 0.545072 0.838389
44.600000000 4.70923 9.54654 0 0 0 0.399089 0.916912
45.900000000 5.40598 10.2251 0 0 0 0.350354 0.936617
47.100000000 6.12558 10.7643 0 0 0 0.264785 0.964308
48.600000000 7.15559 11.0182 0 0 0 0.0537185 0.998556
49.300000000 7.16681 10.9184 0 0 0 -0.258596 0.965986
49.900000000 7.12802 10.8325 0 0 0 -0.528519 0.848921
50.500000000 7.0152 10.8045 0 0 0 -0.752832 0.658213
51.100000000 6.90521 10.844 0 0 0 -0.911849 0.410526
51.600000000 6.81673 10.9283 0 0 0 -0.984142 0.177384
52.300000000 6.80025 11.0636 0 0 0 0.98795 0.154773
53.300000000 6.52213 11.4016 0 0 0 0.911306 0.41173
54.800000000 6.066 12.3312 0 0 0 0.793398 0.608703
56.200000000 6.00358 13.3925 0 0 0 0.686422 0.727204
57.500000000 6.15932 14.3143 0 0 0 0.65178 0.758408
59.300000000 6.12369 15.195 0 0 0 0.866807 0.498644
59.900000000 6.03619 15.1241 0 0 0 0.975114 0.221705
60.500000000 6.00887 15.0275 0 0 0 -0.997066 0.0765505
61.000000000 6.06161 14.9405 0 0 0 -0.947264 0.320453
61.700000000 6.15918 14.8628 0 0 0 -0.779546 0.626345
62.200000000 6.27755 14.8726 0 0 0 -0.600831 0.799376
63.800000000 6.9486 14.0914 0 0 0 -0.38799 0.921664
65.100000000 7.67463 13.435 0 0 0 -0.364461 0.931219
66.500000000 8.42016 12.7081 0 0 0 -0.373676 0.927559
67.900000000 9.21915 12.0361 0 0 0 -0.302552 0.953133
69.200000000 10.112 11.6533 0 0 0 -0.149487 0.988764
70.400000000 11.0026 11.5534 0 0 0 -0.014829 0.99989
71.200000000 11.1795 11.664 0 0 0 0.26629 0.963893
71.800000000 11.0908 11.7432 0 0 0 0.539176 0.842193
72.400000000 10.9908 11.8203 0 0 0 0.741973 0.67043
73.500000000 10.6832 12.2929 0 0 0 0.893102 0.449855
75.100000000 9.82393 12.9732 0 0 0 0.957005 0.290072
76.500000000 9.15373 13.671 0 0 0 0.877128 0.480257
77.800000000 8.86154 14.5788 0 0 0 0.78452 0.620103
79.200000000 8.81685 15.6096 0 0 0 0.699308 0.71482
80.400000000 8.9152 16.5792 0 0 0 0.625503 0.780222
81.800000000 9.27158 17.4985 0 0 0 0.54989 0.835237
83.000000000 9.68654 18.3424 0 0 0 0.479428 0.877581
84.400000000 10.3953 19.0973 0 0 0 0.335087 0.942187
85.700000000 11.2254 19.4437 0 0 0 0.143283 0.989682
87.200000000 12.2581 19.4661 0 0 0 -0.0130505 0.999915
88.300000000 12.5591 19.3015 0 0 0 -0.332011 0.943276
89.000000000 12.5467 19.0918 0 0 0 -0.561183 0.827692
89.700000000 12.5223 18.8843 0 0 0 -0.747773 0.663955
91.000000000 12.6053 18.3948 0 0 0 -0.504637 0.863332
92.100000000 13.0751 18.1587 0 0 0 -0.230324 0.973114
93.700000000 14.1293 18.0656 0 0 0 0.0127478 0.999919
95.300000000 15.1336 18.1103 0 0 0 0.0238379 0.999716
96.700000000 16.1755 18.1717 0 0 0 0.0323836 0.999476
98.000000000 17.1553 18.2283 0 0 0 0.0347228 0.999397
99.400000000 18.1944 18.3827 0 0 0 0.0985168 0.995135
100.800000000 19.237 18.5682 0 0 0 0.0815798 0.996667
102.100000000 19.9053 18.5772 0 0 0 -0.185045 0.98273
102.800000000 19.8209 18.4399 0 0 0 -0.504396 0.863472
103.300000000 19.709 18.4056 0 0 0 -0.699897 0.714244
103.900000000 19.6144 18.428 0 0 0 -0.877514 0.479551
104.600000000 19.5214 18.5308 0 0 0 -0.987872 0.155272
105.200000000 19.51 18.6476 0 0 0 0.990292 0.139001
105.700000000 19.5554 18.7311 0 0 0 0.926449 0.376421
106.300000000 19.6532 18.796 0 0 0 0.776778 0.629774
106.900000000 19.7703 18.7956 0 0 0 0.559904 0.828557
107.600000000 19.8773 18.73 0 0 0 0.247473 0.968895
108.100000000 19.9105 18.6177 0 0 0 0.00359961 0.999994
109.000000000 20.1803 18.3936 0 0 0 -0.282719 0.959203
110.300000000 20.7987 17.7392 0 0 0 -0.412484 0.910965
111.700000000 21.5101 16.9677 0 0 0 -0.393597 0.919283
113.000000000 22.2435 16.3182 0 0 0 -0.332354 0.943155
114.400000000 23.1024 15.7759 0 0 0 -0.25153 0.967849
115.600000000 23.9653 15.396 0 0 0 -0.177636 0.984096
117.000000000 24.9617 15.1609 0 0 0 -0.0932782 0.99564
118.300000000 25.9538 15.0029 0 0 0 -0.0845027 0.996423
119.700000000 26.7109 14.5811 0 0 0 -0.339388 0.940646
120.900000000 27.0083 13.9921 0 0 0 -0.576342 0.817209
122.200000000 26.9508 13.2719 0 0 0 -0.78373 0.621102
123.800000000 26.3589 12.4595 0 0 0 -0.928317 0.37179
125.300000000 25.5854 12.1341 0 0 0 -0.998285 0.0585437
126.100000000 25.5097 12.2864 0 0 0 0.960185 0.279364
129.100000000 24.6446 12.8869 0 0 0 0.99091 0.134528
130.500000000 23.8731 12.723 0 0 0 -0.991346 0.131277
132.300000000 23.0001 12.4931 0 0 0 -0.997314 0.073251
135.200000000 22.0545 12.4908 0 0 0 0.999771 0.0214116
138.300000000 21.0513 12.537 0 0 0 0.999846 0.0175687
141.500000000 20.0654 12.5623 0 0 0 0.99998 0.00634838
145.200000000 19.0934 12.572 0 0 0 0.999996 0.00266495
148.900000000 18.1216 12.5782 0 0 0 0.999996 0.00265277
152.600000000 17.1581 12.5839 0 0 0 0.999997 0.0026435
154.500000000 16.8059 12.4721 0 0 0 -0.947627 0.319379
155.000000000 16.9223 12.4063 0 0 0 -0.839512 0.543342
155.700000000 17.021 12.3976 0 0 0 -0.601889 0.79858
156.300000000 17.1278 12.4565 0 0 0 -0.338996 0.940788
157.700000000 18.034 12.1609 0 0 0 -0.118354 0.992971
159.000000000 18.9874 12.059 0 0 0 -0.0187752 0.999824
160.300000000 19.9608 12.0869 0 0 0 0.0338667 0.999426
161.700000000 21.0077 12.1822 0 0 0 0.0497907 0.99876
163.100000000 22.0415 12.2758 0 0 0 0.0434505 0.999056
164.400000000 23.0147 12.3605 0 0 0 0.0326989 0.999465
165.700000000 23.9878 12.4144 0 0 0 0.0243008 0.999705
167.000000000 24.9616 12.4584 0 0 0 0.0182757 0.999833
168.200000000 25.8653 12.4942 0 0 0 0.0314635 0.999505
169.800000000 26.8477 12.8869 0 0 0 0.282016 0.95941
171.200000000 27.5876 13.5905 0 0 0 0.395492 0.918469
172.500000000 28.2465 14.3077 0 0 0 0.395733 0.918366
173.900000000 28.9941 15.0471 0 0 0 0.379066 0.92537
175.100000000 29.6338 15.6838 0 0 0 0.379045 0.925378
176.500000000 30.3836 16.4185 0 0 0 0.379044 0.925379
177.800000000 31.0795 17.1019 0 0 0 0.379042 0.925379
179.100000000 31.7696 17.7804 0 0 0 0.379043 0.925379
180.500000000 32.5201 18.5182 0 0 0 0.376018 0.926612
181.800000000 33.2285 19.1974 0 0 0 0.372194 0.928155
183.100000000 33.9219 19.8823 0 0 0 0.384055 0.92331
184.400000000 34.6042 20.5794 0 0 0 0.386917 0.922115
185.800000000 35.3441 21.3276 0 0 0 0.383355 0.923601
187.000000000 35.9831 21.9568 0 0 0 0.379792 0.925072
188.400000000 36.7304 22.6978 0 0 0 0.386398 0.922332
189.700000000 37.3665 23.4444 0 0 0 0.443987 0.896033
191.100000000 37.7878 24.3912 0 0 0 0.598175 0.801366
192.300000000 37.8427 25.2678 0 0 0 0.70532 0.708889
193.700000000 37.733 26.3135 0 0 0 0.753683 0.657238
195.000000000 37.6462 27.2834 0 0 0 0.715859 0.698245
196.700000000 37.9509 28.2893 0 0 0 0.49348 0.869757
198.200000000 38.7176 29.0575 0 0 0 0.352934 0.935648
199.500000000 39.5572 29.5516 0 0 0 0.217785 0.975997
201.000000000 40.4568 29.9978 0 0 0 0.328824 0.944391
201.600000000 40.3646 30.0622 0 0 0 0.590956 0.806704
202.200000000 40.2465 30.063 0 0 0 0.802965 0.596027
202.800000000 40.1416 30.0261 0 0 0 0.939057 0.343761
203.600000000 39.9043 29.9611 0 0 0 0.998384 0.0568283
205.000000000 38.9516 29.8161 0 0 0 -0.995073 0.0991402
206.300000000 37.9888 29.673 0 0 0 -0.998825 0.0484633
208.000000000 37.0068 29.3043 0 0 0 -0.954981 0.296668
209.400000000 36.2942 28.5844 0 0 0 -0.916078 0.401
210.600000000 35.6575 27.9333 0 0 0 -0.926707 0.375785
212.000000000 34.8434 27.2822 0 0 0 -0.957727 0.287678
213.400000000 33.9084 26.9303 0 0 0 -0.992258 0.124198
215.400000000 32.9244 26.8286 0 0 0 -0.999689 0.0249311
217.800000000 31.8485 26.8377 0 0 0 0.999856 0.0169609
219.100000000 30.8678 26.8866 0 0 0 0.999185 0.0403588
220.500000000 29.8517 27.0262 0 0 0 0.99773 0.0673459
221.800000000 28.873 27.2025 0 0 0 0.987765 0.155947
223.300000000 28.0974 27.795 0 0 0 0.916599 0.399808
224.700000000 27.6785 28.6484 0 0 0 0.804922 0.59338
225.300000000 27.7694 28.7217 0 0 0 0.622071 0.782961
226.000000000 27.8883 28.6663 0 0 0 0.323749 0.946143
226.700000000 27.9501 28.5499 0 0 0 -0.0149825 0.999888
227.400000000 27.9115 28.4352 0 0 0 -0.351528 0.936177
227.900000000 27.8152 28.3841 0 0 0 -0.567827 0.823148
228.600000000 27.6998 28.2578 0 0 0 -0.782617 0.622503
229.700000000 27.3268 27.8217 0 0 0 -0.916823 0.399293
231.000000000 26.5518 27.225 0 0 0 -0.953686 0.300804
232.400000000 25.621 26.7283 0 0 0 -0.979491 0.201487
234.100000000 24.5283 26.5042 0 0 0 -0.999122 0.0418939
235.600000000 23.5425 26.5555 0 0 0 0.999473 0.0324638
236.900000000 22.546 26.6337 0 0 0 0.99899 0.0449282
238.800000000 21.6091 26.6905 0 0 0 0.999878 0.0155921
241.100000000 20.6708 26.6974 0 0 0 0.999999 0.00117243
244.200000000 19.6646 26.7002 0 0 0 1 0.000295021
247.500000000 18.7052 26.6936 0 0 0 -0.999942 0.0107496
251.000000000 17.7572 26.6624 0 0 0 -0.999987 0.00508729
254.300000000 16.7575 26.6523 0 0 0 -0.999987 0.00518258
257.100000000 15.724 26.6595 0 0 0 0.999888 0.0149899
258.500000000 14.7479 26.733 0 0 0 0.997726 0.0673993
259.600000000 14.2071 27.0324 0 0 0 0.952526 0.304456
260.800000000 13.8652 27.6055 0 0 0 0.838512 0.544882
262.200000000 13.8643 28.4047 0 0 0 0.644194 0.764862
263.800000000 14.3916 29.3424 0 0 0 0.436078 0.899909
265.200000000 14.996 29.7726 0 0 0 0.142833 0.989747
265.900000000 14.9841 29.6357 0 0 0 -0.19966 0.979865
266.400000000 14.935 29.5493 0 0 0 -0.432607 0.901583
267.100000000 14.829 29.4966 0 0 0 -0.712598 0.701573
267.900000000 14.6135 29.2479 0 0 0 -0.86508 0.501634
269.300000000 13.9283 28.5323 0 0 0 -0.924344 0.381559
270.600000000 13.2317 27.8528 0 0 0 -0.928425 0.371519
271.900000000 12.5225 27.1926 0 0 0 -0.939861 0.341556
273.300000000 11.6078 26.682 0 0 0 -0.980617 0.195934
275.000000000 10.6792 26.5172 0 0 0 -0.999129 0.0417391
277.900000000 9.66248 26.5267 0 0 0 0.999806 0.0197172
279.200000000 8.70071 26.6001 0 0 0 0.999319 0.0369047
280.400000000 7.79975 26.6485 0 0 0 0.999291 0.0376374
281.800000000 6.75842 26.7225 0 0 0 0.999433 0.0336769
283.100000000 5.78746 26.7856 0 0 0 0.999629 0.0272318
284.500000000 4.81942 27.0546 0 0 0 0.979635 0.200785
286.000000000 4.00911 27.7261 0 0 0 0.921765 0.387748
287.300000000 3.44761 28.524 0 0 0 0.866621 0.498966
288.400000000 3.35487 29.0036 0 0 0 0.681682 0.731649
289.300000000 3.59243 29.3296 0 0 0 0.476109 0.879386
290.600000000 4.2694 30.0225 0 0 0 0.351318 0.936256
291.900000000 5.05151 30.5398 0 0 0 0.232844 0.972514
292.600000000 5.12061 30.4196 0 0 0 -0.0872665 0.996185
293.200000000 5.0761 30.321 0 0 0 -0.375021 0.927016
293.800000000 4.97862 30.261 0 0 0 -0.62887 0.777511
294.400000000 4.86636 30.2361 0 0 0 -0.821144 0.570721
296.100000000 4.09524 29.4939 0 0 0 -0.938936 0.344092
297.500000000 3.32178 28.7892 0 0 0 -0.924906 0.380197
298.800000000 2.65517 28.1084 0 0 0 -0.920697 0.390278
300.100000000 1.96694 27.3988 0 0 0 -0.922176 0.38677
301.400000000 1.28878 26.6989 0 0 0 -0.922138 0.386861
302.600000000 0.650178 26.0592 0 0 0 -0.922104 0.386942
304.000000000 -0.08749 25.3085 0 0 0 -0.922069 0.387026
305.300000000 -0.768502 24.6102 0 0 0 -0.920362 0.391067
306.800000000 -1.4934 23.8162 0 0 0 -0.914849 0.403797
308.700000000 -2.05544 23.1233 0 0 0 -0.886424 0.462875
310.200000000 -2.35604 22.3118 0 0 0 -0.717621 0.696434
311.200000000 -2.15254 21.9199 0 0 0 -0.497605 0.867404
312.700000000 -1.38354 21.1539 0 0 0 -0.356954 0.934122
314.000000000 -0.606681 20.5804 0 0 0 -0.277857 0.960622
315.200000000 0.23046 20.2589 0 0 0 -0.137588 0.99049
316.400000000 0.721421 20.2764 0 0 0 0.195719 0.98066
317.000000000 0.65636 20.3671 0 0 0 0.476809 0.879007
317.500000000 0.54336 20.3994 0 0 0 0.679058 0.734084
318.200000000 0.42881 20.3633 0 0 0 0.889929 0.456098
319.000000000 0.148451 20.4526 0 0 0 0.977297 0.211873
320.300000000 -0.669781 20.5103 0 0 0 -0.999603 0.0281826
321.500000000 -1.55641 20.3696 0 0 0 -0.994642 0.103382
322.900000000 -2.59431 20.2864 0 0 0 -0.999986 0.00537632
324.200000000 -3.5539 20.3297 0 0 0 0.99882 0.0485756
325.400000000 -4.44761 20.4497 0 0 0 0.997626 0.0688652
326.700000000 -5.41602 20.6036 0 0 0 0.995965 0.0897447
328.100000000 -6.45084 20.7928 0 0 0 0.993814 0.111055
329.400000000 -7.3353 21.1104 0 0 0 0.973736 0.22768
331.000000000 -7.9882 21.8827 0 0 0 0.866022 0.500006
332.400000000 -8.21496 22.8358 0 0 0 0.74655 0.665329
333.700000000 -8.17725 23.8078 0 0 0 0.673478 0.739207
335.600000000 -8.17395 24.7015 0 0 0 0.879921 0.47512
336.200000000 -8.27386 24.6186 0 0 0 0.979776 0.200096
337.200000000 -8.83593 24.5965 0 0 0 -0.999715 0.0238909
338.600000000 -9.86027 24.437 0 0 0 -0.995583 0.0938878
340.000000000 -10.8645 24.2977 0 0 0 -0.999602 0.0282045
341.400000000 -11.9157 24.3265 0 0 0 0.999578 0.0290488
342.800000000 -12.9561 24.3848 0 0 0 0.999844 0.0176581
344.000000000 -13.8256 24.3918 0 0 0 -0.999938 0.0111772
345.400000000 -14.8798 24.372 0 0 0 -0.999978 0.00659925
346.600000000 -15.7871 24.3577 0 0 0 -0.999977 0.00671998
348.200000000 -16.716 23.958 0 0 0 -0.956246 0.292563
349.600000000 -17.4646 23.2404 0 0 0 -0.919228 0.393726
351.000000000 -18.1062 22.5559 0 0 0 -0.917469 0.397806
352.500000000 -18.7877 21.8462 0 0 0 -0.92104 0.389468
353.600000000 -19.0992 21.7047 0 0 0 -0.998746 0.0500596
354.200000000 -19.0863 21.8426 0 0 0 0.970055 0.242887
354.800000000 -19.0158 21.9346 0 0 0 0.857449 0.514569
355.400000000 -18.8959 21.9715 0 0 0 0.670761 0.741673
356.000000000 -18.7879 21.9381 0 0 0 0.425705 0.904862
356.600000000 -18.716 21.8481 0 0 0 0.143938 0.989587
357.200000000 -18.7055 21.7209 0 0 0 -0.150471 0.988614
358.300000000 -18.2383 21.3064 0 0 0 -0.383095 0.923709
359.800000000 -17.5579 20.5509 0 0 0 -0.33821 0.941071
361.200000000 -16.6448 20.1368 0 0 0 -0.150522 0.988607
362.400000000 -16.1453 20.1424 0 0 0 0.187416 0.982281
362.900000000 -16.2104 20.2342 0 0 0 0.425361 0.905024
363.500000000 -16.3177 20.3075 0 0 0 0.663176 0.748463
364.300000000 -16.4602 20.4122 0 0 0 0.870562 0.492059
365.400000000 -16.9593 20.782 0 0 0 0.963333 0.268309
366.700000000 -17.8555 21.0216 0 0 0 0.99618 0.087318
368.000000000 -18.8089 20.9825 0 0 0 -0.997678 0.0681025
369.400000000 -19.8524 20.868 0 0 0 -0.998912 0.0466371
370.700000000 -20.8209 20.8087 0 0 0 -0.999942 0.0107754
372.100000000 -21.8734 20.8028 0 0 0 1 4.75041e-05
373.500000000 -22.9272 20.8094 0 0 0 0.999995 0.00310715
374.700000000 -23.8208 20.807 0 0 0 0.999995 0.00304456
376.400000000 -24.6316 20.6839 0 0 0 -0.94693 0.321439
377.000000000 -24.5247 20.6288 0 0 0 -0.810009 0.586418
377.700000000 -24.4033 20.6242 0 0 0 -0.559296 0.828968
378.200000000 -24.3095 20.6978 0 0 0 -0.337356 0.941377
379.400000000 -23.6688 20.5753 0 0 0 -0.062176 0.998065
380.800000000 -22.7444 20.759 0 0 0 0.165268 0.986249
382.400000000 -21.9841 21.404 0 0 0 0.443744 0.896154
383.700000000 -21.7928 22.1452 0 0 0 0.661635 0.749826
384.900000000 -21.9295 22.8362 0 0 0 0.82372 0.566997
386.500000000 -22.6407 23.6305 0 0 0 0.943396 0.331668
388.000000000 -23.4426 23.9257 0 0 0 0.99977 0.0214533
388.800000000 -23.5589 23.7751 0 0 0 -0.956204 0.292702
389.600000000 -23.5703 23.5566 0 0 0 -0.819642 0.572875
390.100000000 -23.5159 23.5306 0 0 0 -0.659269 0.751907
390.800000000 -23.3846 23.6035 0 0 0 -0.363128 0.931739
391.500000000 -23.256 23.6892 0 0 0 -0.0588787 0.998265
392.300000000 -23.0766 23.8231 0 0 0 0.237935 0.971281
393.800000000 -22.3836 24.5566 0 0 0 0.421199 0.906968
395.200000000 -21.6839 25.3307 0 0 0 0.39126 0.92028
396.500000000 -20.9598 26.0095 0 0 0 0.39053 0.92059
397.800000000 -20.4305 26.8203 0 0 0 0.502113 0.864802
399.200000000 -20.1814 27.7883 0 0 0 0.657994 0.753023
400.600000000 -20.2036 28.83 0 0 0 0.753546 0.657395
401.600000000 -20.4526 29.2151 0 0 0 0.901422 0.432941
402.800000000 -21.0529 29.462 0 0 0 0.985161 0.171635
404.100000000 -22.0176 29.6287 0 0 0 0.999059 0.0433636
405.500000000 -22.682 29.5153 0 0 0 -0.963662 0.267125
406.000000000 -22.5941 29.4466 0 0 0 -0.867057 0.498209
406.900000000 -22.5269 29.123 0 0 0 -0.675597 0.737271
408.000000000 -22.2261 28.7539 0 0 0 -0.425886 0.904777
409.400000000 -21.6031 28.0371 0 0 0 -0.491773 0.870724
410.600000000 -21.5265 27.3401 0 0 0 -0.712456 0.701717
412.100000000 -21.909 26.4982 0 0 0 -0.881627 0.471946
413.700000000 -22.7723 25.8614 0 0 0 -0.973614 0.2282
414.700000000 -23.1594 25.8694 0 0 0 0.997089 0.0762514
415.500000000 -23.3244 26.0622 0 0 0 0.941866 0.335989
417.000000000 -24.2301 26.4958 0 0 0 0.987776 0.15588
418.400000000 -25.2445 26.5696 0 0 0 -0.999904 0.0138299
419.800000000 -26.289 26.5244 0 0 0 -0.999786 0.0206834
421.000000000 -27.19 26.4884 0 0 0 -0.999968 0.00798107
422.300000000 -28.1631 26.4787 0 0 0 -0.999983 0.00576829
423.700000000 -29.2117 26.4777 0 0 0 0.997753 0.0670017
425.100000000 -30.0871 26.8766 0 0 0 0.958662 0.284547
426.300000000 -30.7481 27.4726 0 0 0 0.92269 0.385542
427.600000000 -31.0527 28.0276 0 0 0 0.77086 0.637005
428.300000000 -30.9313 28.1391 0 0 0 0.556557 0.830809
429.900000000 -30.1921 28.9421 0 0 0 0.385259 0.922809
431.200000000 -29.5036 29.6312 0 0 0 0.38659 0.922252
432.700000000 -29.1099 30.2097 0 0 0 0.645474 0.763782
433.400000000 -29.2469 30.1838 0 0 0 0.868544 0.495612
433.900000000 -29.3266 30.1163 0 0 0 0.963996 0.265917
434.700000000 -29.4998 30.0118 0 0 0 -0.998532 0.0541589
435.500000000 -29.788 29.7986 0 0 0 -0.959918 0.280282
437.000000000 -30.5481 29.0505 0 0 0 -0.915666 0.40194
438.300000000 -31.1957 28.3272 0 0 0 -0.914475 0.404642
439.700000000 -31.9291 27.5654 0 0 0 -0.922509 0.385974
441.000000000 -32.5966 26.8575 0 0 0 -0.913676 0.406444
442.200000000 -33.1408 26.1543 0 0 0 -0.885858 0.463956
443.600000000 -33.6282 25.2239 0 0 0 -0.845501 0.533973
444.900000000 -33.9688 24.305 0 0 0 -0.803266 0.59562
446.300000000 -34.1546 23.2793 0 0 0 -0.751671 0.659539
448.100000000 -34.2011 22.3122 0 0 0 -0.709064 0.705144
451.200000000 -34.1904 21.2769 0 0 0 -0.710538 0.703659
452.600000000 -34.3481 20.2546 0 0 0 -0.792911 0.609337
454.000000000 -34.8428 19.4528 0 0 0 -0.909543 0.41561
455.600000000 -35.7879 18.913 0 0 0 -0.984939 0.172904
456.700000000 -36.3266 18.9689 0 0 0 0.994952 0.100355
458.200000000 -37.1704 19.4839 0 0 0 0.938212 0.346062
459.400000000 -37.8138 20.1181 0 0 0 0.918538 0.395333
460.500000000 -37.963 20.4816 0 0 0 0.747002 0.664821
461.200000000 -37.8364 20.4602 0 0 0 0.478723 0.877966
461.800000000 -37.7533 20.3768 0 0 0 0.202537 0.979275
462.400000000 -37.6649 20.2728 0 0 0 -0.0581718 0.998307
463.400000000 -37.2362 20.0004 0 0 0 -0.303741 0.952755
464.800000000 -36.492 19.2743 0 0 0 -0.385738 0.922608
466.400000000 -35.7684 18.5491 0 0 0 -0.382948 0.92377
468.700000000 -35.0864 17.8442 0 0 0 -0.401156 0.91601
470.100000000 -34.4712 17.0057 0 0 0 -0.49306 0.869996
471.800000000 -34.2069 16.0467 0 0 0 -0.650064 0.75988
474.600000000 -34.1557 15.0279 0 0 0 -0.714864 0.699264
475.900000000 -34.2427 14.0585 0 0 0 -0.75029 0.661109
477.200000000 -34.3591 13.0685 0 0 0 -0.756562 0.653922
478.500000000 -34.5202 12.1193 0 0 0 -0.804178 0.594388
479.900000000 -35.0638 11.2652 0 0 0 -0.900865 0.434099
481.200000000 -35.7464 10.569 0 0 0 -0.924955 0.380077
482.600000000 -36.6019 9.93837 0 0 0 -0.965292 0.261174
483.800000000 -37.429 9.66344 0 0 0 -0.992059 0.125772
484.500000000 -37.5076 9.76303 0 0 0 0.983393 0.181487
485.200000000 -37.4239 9.88139 0 0 0 0.866375 0.499394
485.800000000 -37.3115 9.91757 0 0 0 0.6833 0.730138
486.300000000 -37.2177 9.89491 0 0 0 0.484435 0.874827
487.000000000 -37.1732 9.80241 0 0 0 0.159028 0.987274
487.700000000 -36.9759 9.69217 0 0 0 -0.0972802 0.995257
488.900000000 -36.4352 9.26169 0 0 0 -0.323248 0.946314
490.300000000 -35.6811 8.53292 0 0 0 -0.391713 0.920088
491.600000000 -34.9616 7.79812 0 0 0 -0.406472 0.913663
492.900000000 -34.4052 7.01214 0 0 0 -0.485798 0.874071
494.300000000 -34.1562 6.23742 0 0 0 -0.708368 0.705843
495.100000000 -34.3073 6.2003 0 0 0 -0.905684 0.423953
495.700000000 -34.3793 6.28282 0 0 0 -0.989882 0.141896
496.300000000 -34.3875 6.41028 0 0 0 0.988534 0.151
496.900000000 -34.3298 6.51186 0 0 0 0.902472 0.430748
497.400000000 -34.2313 6.58612 0 0 0 0.776731 0.629832
498.100000000 -34.129 6.74738 0 0 0 0.585388 0.810753
499.700000000 -33.4671 7.45703 0 0 0 0.374251 0.927328
501.100000000 -32.7326 8.23845 0 0 0 0.376404 0.926456
502.400000000 -31.8604 8.68969 0 0 0 0.182823 0.983146
503.800000000 -30.8632 8.78434 0 0 0 -0.00525784 0.999986
505.200000000 -29.8378 8.66986 0 0 0 -0.0442392 0.999021
506.700000000 -28.8556 8.61137 0 0 0 -0.0201622 0.999797
509.700000000 -27.9118 8.60518 0 0 0 0.00221279 0.999998
511.400000000 -26.897 8.56699 0 0 0 -0.0427805 0.999084
512.700000000 -25.9174 8.50978 0 0 0 -0.0232112 0.999731
514.400000000 -24.975 8.48485 0 0 0 -0.0035995 0.999994
517.400000000 -24.0513 8.49881 0 0 0 0.0080982 0.999967
520.800000000 -23.0696 8.52279 0 0 0 0.0117406 0.999931
524.400000000 -22.0972 8.54427 0 0 0 0.0119479 0.999929
527.500000000 -21.0965 8.56647 0 0 0 0.0122377 0.999925
531.100000000 -20.147 8.58831 0 0 0 0.0125357 0.999921
534.500000000 -19.1656 8.61206 0 0 0 0.0161059 0.99987
538.000000000 -18.1963 8.65651 0 0 0 0.0184147 0.99983
541.200000000 -17.2131 8.68551 0 0 0 0.0159506 0.999873
544.800000000 -16.2434 8.71554 0 0 0 0.0158525 0.999874
548.500000000 -15.2723 8.74333 0 0 0 0.0158196 0.999875
551.600000000 -14.3341 8.77035 0 0 0 0.0157999 0.999875
555.100000000 -13.364 8.79957 0 0 0 0.0157934 0.999875
558.600000000 -12.2958 8.81761 0 0 0 -0.00224843 0.999997
560.000000000 -11.3024 8.64886 0 0 0 -0.150262 0.988646
561.400000000 -10.4746 8.10654 0 0 0 -0.340635 0.940196
562.800000000 -9.71972 7.38573 0 0 0 -0.385488 0.922713
564.100000000 -9.02598 6.6924 0 0 0 -0.368993 0.929432
565.400000000 -8.32505 6.01271 0 0 0 -0.382713 0.923867
566.800000000 -7.71268 5.16332 0 0 0 -0.49733 0.867561
567.900000000 -7.6693 4.69709 0 0 0 -0.740458 0.672102
569.200000000 -8.07678 4.01781 0 0 0 -0.886217 0.46327
570.400000000 -8.59209 3.27413 0 0 0 -0.870206 0.492688
571.800000000 -8.85707 2.34328 0 0 0 -0.757707 0.652595
573.400000000 -8.67251 1.22735 0 0 0 -0.594796 0.803877
574.700000000 -8.33395 0.351787 0 0 0 -0.550077 0.835114
576.200000000 -8.05402 -0.685775 0 0 0 -0.626235 0.779635
578.500000000 -7.93634 -1.65156 0 0 0 -0.697232 0.716846
579.600000000 -8.03404 -1.98717 0 0 0 -0.872017 0.489475
580.200000000 -8.1238 -1.90373 0 0 0 -0.976225 0.21676
580.900000000 -8.14981 -1.72951 0 0 0 0.992024 0.126049
581.600000000 -8.08295 -1.61265 0 0 0 0.891014 0.453975
582.200000000 -7.97761 -1.56495 0 0 0 0.720202 0.693765
583.100000000 -7.78249 -1.27241 0 0 0 0.498966 0.866621
584.500000000 -7.09607 -0.578052 0 0 0 0.365291 0.930894
586.100000000 -6.45032 0.185583 0 0 0 0.519567 0.85443
587.400000000 -6.35451 0.950708 0 0 0 0.721531 0.692383
588.800000000 -6.58872 1.98317 0 0 0 0.793938 0.607999
591.500000000 -6.80611 2.93177 0 0 0 0.763398 0.645929
594.200000000 -6.85688 3.92605 0 0 0 0.702963 0.711226
595.600000000 -6.82632 4.97841 0 0 0 0.695921 0.718118
597.100000000 -6.81473 5.96299 0 0 0 0.702368 0.711814
599.200000000 -6.80825 6.93109 0 0 0 0.714307 0.699832
601.200000000 -6.68173 7.89984 0 0 0 0.679934 0.733273
602.700000000 -6.39674 8.85244 0 0 0 0.475495 0.879719
604.300000000 -5.57546 9.45961 0 0 0 0.220037 0.975491
605.600000000 -4.6472 9.65114 0 0 0 0.0524326 0.998624
606.900000000 -3.68131 9.60302 0 0 0 -0.0569522 0.998377
608.200000000 -2.71906 9.41395 0 0 0 -0.112534 0.993648
609.600000000 -1.69069 9.13895 0 0 0 -0.129832 0.991536
610.900000000 -0.760382 8.96724 0 0 0 -0.0574041 0.998351
612.400000000 0.300431 8.77898 0 0 0 -0.131419 0.991327
613.600000000 0.835242 8.37167 0 0 0 -0.383507 0.923538
615.000000000 1.10147 7.6231 0 0 0 -0.63488 0.772611
616.300000000 0.924827 6.89083 0 0 0 -0.809774 0.586742
617.600000000 0.553041 5.9978 0 0 0 -0.831867 0.554975
618.900000000 0.329412 5.06426 0 0 0 -0.764431 0.644705
620.800000000 0.269571 4.10556 0 0 0 -0.703227 0.710966
624.800000000 0.339823 3.20497 0 0 0 -0.679633 0.733552
629.400000000 0.428298 2.24665 0 0 0 -0.67196 0.740587
634.100000000 0.490949 1.28394 0 0 0 -0.686309 0.72731
638.900000000 0.532919 0.349647 0 0 0 -0.693285 0.720664
643.900000000 0.566645 -0.634342 0 0 0 -0.694617 0.719379
648.800000000 0.598732 -1.60196 0 0 0 -0.694478 0.719514
653.700000000 0.630776 -2.56887 0 0 0 -0.694333 0.719653
655.700000000 0.43426 -3.61841 0 0 0 -0.810145 0.58623
657.000000000 0.0109354 -4.49739 0 0 0 -0.847891 0.53017
658.400000000 -0.238852 -5.48915 0 0 0 -0.750942 0.660368
659.800000000 -0.222235 -6.38031 0 0 0 -0.682204 0.731162
662.300000000 -0.114047 -7.34983 0 0 0 -0.666161 0.745808
665.000000000 -0.043365 -8.40204 0 0 0 -0.695049 0.718962
666.400000000 -0.17687 -9.40907 0 0 0 -0.821966 0.569536
667.800000000 -0.773161 -10.1888 0 0 0 -0.922919 0.384993
668.800000000 -1.25568 -10.3184 0 0 0 -0.994776 0.102085
669.500000000 -1.34882 -10.1942 0 0 0 0.983353 0.181705
672.100000000 -2.43062 -9.97774 0 0 0 -0.992478 0.122423
673.300000000 -2.79475 -10.4038 0 0 0 -0.931425 0.363935
674.600000000 -3.45808 -11.1032 0 0 0 -0.915839 0.401545
675.800000000 -4.07239 -11.7439 0 0 0 -0.921245 0.388983
677.200000000 -4.94376 -12.4454 0 0 0 -0.943737 0.330697
678.500000000 -5.82516 -12.8678 0 0 0 -0.986924 0.161184
679.700000000 -6.29922 -12.8541 0 0 0 0.989642 0.14356
680.300000000 -6.25486 -12.782 0 0 0 0.904605 0.42625
681.000000000 -6.19565 -12.7328 0 0 0 0.705993 0.708219
681.800000000 -5.97953 -12.4879 0 0 0 0.510512 0.859871
683.300000000 -5.19795 -11.7726 0 0 0 0.340777 0.940144
684.600000000 -4.42063 -11.1965 0 0 0 0.301295 0.953531
691.800000000 -3.56949 -10.7014 0 0 0 0.240665 0.970608
693.100000000 -2.67619 -10.3108 0 0 0 0.185579 0.982629
694.400000000 -1.74469 -10.0084 0 0 0 0.139244 0.990258
695.600000000 -0.882047 -9.81402 0 0 0 0.124894 0.99217
697.000000000 0.0724842 -9.40365 0 0 0 0.268301 0.963335
698.300000000 0.445073 -8.83149 0 0 0 0.538295 0.842756
699.800000000 0.488332 -7.8418 0 0 0 0.726356 0.687318
701.000000000 0.368903 -6.93948 0 0 0 0.761644 0.647995
702.300000000 0.249657 -5.98617 0 0 0 0.736897 0.676005
703.700000000 0.200288 -4.93333 0 0 0 0.722692 0.69117
704.900000000 0.163969 -4.03652 0 0 0 0.720124 0.693846
706.200000000 0.153284 -3.06124 0 0 0 0.706533 0.70768
707.600000000 0.161149 -2.00954 0 0 0 0.705992 0.70822
708.800000000 0.153464 -1.10854 0 0 0 0.705651 0.70856
710.200000000 0.155138 -0.0561081 0 0 0 0.705626 0.708585
711.800000000 0.166131 0.917431 0 0 0 0.705789 0.708423
712.800000000 0.301345 1.12391 0 0 0 0.433229 0.901284
713.300000000 0.367806 1.04992 0 0 0 0.200761 0.97964
713.900000000 0.387702 0.929575 0 0 0 -0.0932282 0.995645
714.700000000 0.53686 0.704292 0 0 0 -0.36435 0.931262
716.000000000 0.786721 0.0950134 0 0 0 -0.619474 0.785017
717.600000000 1.15456 -0.428541 0 0 0 -0.341202 0.93999
718.500000000 1.43859 -0.45442 0 0 0 -0.0939894 0.995573
719.600000000 1.72452 -0.321691 0 0 0 0.208428 0.978038
721.300000000 2.30537 0.392965 0 0 0 0.428131 0.903717
723.300000000 2.8943 0.97741 0 0 0 0.13441 0.990926
724.100000000 2.89735 0.901084 0 0 0 -0.192291 0.981338
724.900000000 2.89836 0.711029 0 0 0 -0.480937 0.876755
725.700000000 2.84045 0.518779 0 0 0 -0.711192 0.702998
726.500000000 2.67818 0.309914 0 0 0 -0.854212 0.519925
728.000000000 2.12019 -0.585317 0 0 0 -0.881558 0.472076
728.800000000 1.97507 -0.596547 0 0 0 -0.987297 0.158884
729.300000000 1.963 -0.517603 0 0 0 0.996238 0.0866562
730.000000000 2.0164 -0.402119 0 0 0 0.90798 0.419013
730.500000000 2.09601 -0.332687 0 0 0 0.784498 0.620132
731.200000000 2.20968 -0.271946 0 0 0 0.556306 0.830978
731.800000000 2.34101 -0.27136 0 0 0 0.31944 0.947606
733.700000000 3.30558 0.164465 0 0 0 0.332965 0.942939
734.700000000 3.4539 0.442064 0 0 0 0.552271 0.833665
735.600000000 3.33237 0.449196 0 0 0 0.783349 0.621582
736.400000000 3.20944 0.449297 0 0 0 0.916174 0.400782
737.700000000 2.80655 0.581683 0 0 0 0.99109 0.133197
739.000000000 2.49279 0.493363 0 0 0 -0.989495 0.14457
740.300000000 2.37362 0.307431 0 0 0 -0.904034 0.427461
741.200000000 2.47943 0.278639 0 0 0 -0.750577 0.660783
742.200000000 2.59902 0.272269 0 0 0 -0.519475 0.854486
743.600000000 2.90379 0.0972817 0 0 0 -0.28347 0.958981
744.600000000 3.06567 0.0777996 0 0 0 -0.0315757 0.999501
745.500000000 3.03306 0.197848 0 0 0 0.287737 0.957709
746.200000000 2.93798 0.272372 0 0 0 0.552471 0.833532
746.900000000 2.8042 0.278827 0 0 0 0.804793 0.593555
747.600000000 2.69821 0.200635 0 0 0 0.959712 0.280985
748.200000000 2.67305 0.0980327 0 0 0 -0.99988 0.0154613
748.700000000 2.69698 0.00890524 0 0 0 -0.964871 0.262722
749.400000000 2.78492 -0.022556 0 0 0 -0.823296 0.567612
750.200000000 2.87763 -0.295112 0 0 0 -0.626568 0.779367
751.600000000 3.23217 -1.19528 0 0 0 -0.578193 0.8159
753.000000000 3.50027 -2.19144 0 0 0 -0.621142 0.783698
754.300000000 3.67508 -3.17523 0 0 0 -0.656278 0.754519
755.700000000 3.7483 -4.08408 0 0 0 -0.676645 0.73631
758.500000000 3.79389 -5.07599 0 0 0 -0.698321 0.715784
762.400000000 3.80321 -5.99203 0 0 0 -0.70546 0.708749
767.300000000 3.79971 -6.96799 0 0 0 -0.706818 0.707395
772.100000000 3.79409 -7.92456 0 0 0 -0.70665 0.707563
776.800000000 3.85229 -8.92944 0 0 0 -0.691273 0.722594
778.500000000 4.15245 -9.88911 0 0 0 -0.511111 0.859515
779.900000000 4.883 -10.5979 0 0 0 -0.37741 0.926046
781.200000000 5.53082 -11.3162 0 0 0 -0.376769 0.926307
782.500000000 6.24366 -11.9895 0 0 0 -0.433102 0.901345
783.800000000 6.69591 -12.8564 0 0 0 -0.561948 0.827173
785.100000000 6.8868 -13.843 0 0 0 -0.663353 0.748306
785.700000000 6.79541 -13.9284 0 0 0 -0.829013 0.559229
786.400000000 6.68624 -13.8402 0 0 0 -0.969363 0.245634
787.100000000 6.64061 -13.7096 0 0 0 0.995405 0.0957507
787.700000000 6.68217 -13.6005 0 0 0 0.924284 0.381704
788.200000000 6.76818 -13.5481 0 0 0 0.803046 0.595917
789.100000000 6.87927 -13.2993 0 0 0 0.574515 0.818494
790.300000000 7.3872 -12.7511 0 0 0 0.371749 0.928333
791.800000000 8.24027 -12.3906 0 0 0 0.0959327 0.995388
793.300000000 9.26405 -12.5 0 0 0 -0.138634 0.990344
794.500000000 10.1334 -12.7745 0 0 0 -0.117244 0.993103
795.900000000 11.1716 -12.86 0 0 0 -0.0331421 0.999451
797.200000000 12.1512 -12.8543 0 0 0 0.0538913 0.998547
798.500000000 13.113 -12.8222 0 0 0 0.00743667 0.999972
799.800000000 14.0951 -12.829 0 0 0 -0.00307847 0.999995
801.100000000 15.0675 -12.8358 0 0 0 -0.00301426 0.999995
802.700000000 15.8876 -13.0414 0 0 0 -0.322428 0.946594
803.300000000 15.7976 -13.1171 0 0 0 -0.583993 0.811759
803.900000000 15.6908 -13.1301 0 0 0 -0.796049 0.605232
804.500000000 15.5863 -13.0763 0 0 0 -0.937763 0.347277
805.000000000 15.5432 -12.9706 0 0 0 -0.993979 0.109573
805.700000000 15.5218 -12.9465 0 0 0 0.976262 0.216594
806.300000000 15.4928 -12.7218 0 0 0 0.895169 0.445726
807.800000000 15.0183 -11.7657 0 0 0 0.806619 0.591072
809.300000000 15.1338 -10.7745 0 0 0 0.621128 0.783709
810.800000000 15.5995 -9.89067 0 0 0 0.427778 0.903884
812.000000000 16.3348 -9.27797 0 0 0 0.370391 0.928876
813.300000000 17.0321 -8.60844 0 0 0 0.379591 0.925155
814.600000000 17.7161 -7.90503 0 0 0 0.388024 0.921649
816.000000000 18.459 -7.16036 0 0 0 0.383037 0.923733
817.300000000 19.1419 -6.47607 0 0 0 0.383042 0.923731
818.500000000 19.7849 -5.84159 0 0 0 0.383044 0.92373
819.800000000 20.4679 -5.14717 0 0 0 0.383044 0.92373
821.100000000 21.1607 -4.46288 0 0 0 0.383042 0.923731
822.500000000 21.8593 -3.71503 0 0 0 0.394213 0.919019
823.800000000 22.489 -2.94896 0 0 0 0.457111 0.88941
825.100000000 22.9648 -2.1043 0 0 0 0.525961 0.850509
826.400000000 23.3023 -1.1919 0 0 0 0.590525 0.807019
827.600000000 23.5075 -0.311564 0 0 0 0.635838 0.771823
829.000000000 23.6076 0.735702 0 0 0 0.691526 0.722352
830.400000000 23.7946 1.7322 0 0 0 0.604156 0.796866
831.600000000 24.2117 2.22759 0 0 0 0.363407 0.931631
833.100000000 25.1319 2.5327 0 0 0 0.113157 0.993577
834.100000000 25.4693 2.4651 0 0 0 -0.20919 0.977875
835.700000000 26.2628 1.79731 0 0 0 -0.285327 0.95843
837.000000000 27.1488 1.37196 0 0 0 -0.182482 0.983209
837.600000000 27.2459 1.4402 0 0 0 0.0646371 0.997909
838.300000000 27.1767 1.56769 0 0 0 0.401865 0.915699
838.900000000 27.0699 1.62841 0 0 0 0.654525 0.75604
839.500000000 26.935 1.67919 0 0 0 0.830297 0.557322
841.000000000 26.2527 2.46512 0 0 0 0.923167 0.3844
842.300000000 25.5072 3.10318 0 0 0 0.940574 0.339588
844.100000000 24.6813 3.57479 0 0 0 0.999379 0.0352358
845.100000000 24.3404 3.365 0 0 0 -0.963016 0.269445
846.600000000 23.5801 2.60299 0 0 0 -0.913954 0.405818
848.000000000 22.8579 1.87499 0 0 0 -0.920792 0.390054
849.800000000 22.365 1.10008 0 0 0 -0.752865 0.658175
850.600000000 22.513 0.87889 0 0 0 -0.543689 0.839287
852.300000000 23.2023 0.170531 0 0 0 -0.444571 0.895744
853.800000000 23.6414 -0.874906 0 0 0 -0.610287 0.79218
855.600000000 23.6793 -1.76941 0 0 0 -0.69459 0.719405
858.300000000 23.8516 -2.79262 0 0 0 -0.596002 0.802983
859.800000000 24.4399 -3.52812 0 0 0 -0.403164 0.915128
861.000000000 25.1361 -4.16933 0 0 0 -0.309184 0.951002
861.900000000 25.3945 -4.19863 0 0 0 0.00700001 0.999975
862.500000000 25.4337 -4.05899 0 0 0 0.261504 0.965202
863.900000000 25.9401 -3.45143 0 0 0 0.53717 0.843474
864.600000000 25.8704 -3.31133 0 0 0 0.75201 0.659152
865.300000000 25.7469 -3.37469 0 0 0 0.932434 0.361339
866.000000000 25.6936 -3.50077 0 0 0 0.999806 0.0197047
866.600000000 25.6395 -3.62275 0 0 0 -0.970834 0.239753
867.500000000 25.5355 -3.91421 0 0 0 -0.853419 0.521225
869.100000000 25.4086 -4.98818 0 0 0 -0.714944 0.699182
870.400000000 25.503 -5.94306 0 0 0 -0.655629 0.755083
873.800000000 25.5622 -6.90732 0 0 0 -0.697889 0.716206
878.200000000 25.5346 -7.97414 0 0 0 -0.72304 0.690806
879.900000000 25.4847 -8.98042 0 0 0 -0.729055 0.684455
881.300000000 25.5882 -9.94997 0 0 0 -0.62269 0.782469
882.800000000 26.0224 -10.7296 0 0 0 -0.362573 0.931955
883.600000000 26.0753 -10.6777 0 0 0 -0.0228858 0.999738
884.200000000 26.198 -10.5609 0 0 0 0.24404 0.969765
884.800000000 26.1136 -10.4583 0 0 0 0.519739 0.854325
885.400000000 25.9967 -10.4479 0 0 0 0.748995 0.662576
886.000000000 25.8887 -10.4971 0 0 0 0.911347 0.41164
886.600000000 25.8267 -10.5801 0 0 0 0.992291 0.12393
887.200000000 25.8322 -10.692 0 0 0 -0.984593 0.17486
887.800000000 25.8093 -10.8406 0 0 0 -0.911222 0.411915
888.800000000 25.759 -11.3087 0 0 0 -0.766052 0.642779
890.300000000 25.8871 -12.3396 0 0 0 -0.600322 0.799758
891.600000000 26.1625 -13.2535 0 0 0 -0.577443 0.816431
892.900000000 26.409 -14.2016 0 0 0 -0.642578 0.76622
894.200000000 26.4993 -15.1907 0 0 0 -0.705309 0.7089
895.600000000 26.4055 -16.2255 0 0 0 -0.748651 0.662965
896.900000000 26.2643 -17.1886 0 0 0 -0.735535 0.677486
898.200000000 26.2937 -18.1673 0 0 0 -0.678879 0.73425
899.500000000 26.3936 -19.1317 0 0 0 -0.681033 0.732253
900.800000000 26.4086 -20.1149 0 0 0 -0.706726 0.707488
902.100000000 26.3963 -21.0883 0 0 0 -0.711494 0.702692
903.300000000 26.384 -21.9817 0 0 0 -0.706589 0.707624
904.700000000 26.4008 -23.0456 0 0 0 -0.693696 0.720268
906.000000000 26.5121 -24.0133 0 0 0 -0.658177 0.752863
907.300000000 26.7164 -24.9452 0 0 0 -0.614216 0.789138
908.800000000 27.0241 -25.5787 0 0 0 -0.32816 0.944622
909.600000000 27.0671 -25.4385 0 0 0 0.0661151 0.997812
910.200000000 27.0176 -25.3312 0 0 0 0.357962 0.933736
910.700000000 26.9368 -25.2804 0 0 0 0.577371 0.816482
911.300000000 26.8256 -25.2764 0 0 0 0.792927 0.609316
912.000000000 26.7235 -25.3478 0 0 0 0.953892 0.300149
912.500000000 26.6225 -25.4039 0 0 0 0.996645 0.0818493
913.400000000 26.3407 -25.5707 0 0 0 -0.976874 0.213816
914.900000000 25.5836 -26.2764 0 0 0 -0.90478 0.42588
916.100000000 25.165 -27.0651 0 0 0 -0.839695 0.543058
917.400000000 24.9249 -28.0121 0 0 0 -0.766548 0.642187
918.900000000 24.5798 -29.0267 0 0 0 -0.853768 0.520653
920.300000000 23.9193 -29.7043 0 0 0 -0.948322 0.317309
920.900000000 23.8386 -29.6552 0 0 0 -0.998758 0.049832
921.600000000 23.8619 -29.5187 0 0 0 0.957491 0.288464
922.200000000 23.9457 -29.4471 0 0 0 0.832067 0.554675
923.000000000 24.015 -29.1727 0 0 0 0.652031 0.758192
923.800000000 24.2131 -28.9431 0 0 0 0.439812 0.89809
925.500000000 25.1187 -28.3872 0 0 0 0.295869 0.955229
926.800000000 25.5326 -27.9311 0 0 0 0.559979 0.828507
927.600000000 25.4656 -27.6106 0 0 0 0.742985 0.669308
929.200000000 25.0154 -26.6425 0 0 0 0.889061 0.457789
930.500000000 24.2793 -25.9322 0 0 0 0.928921 0.370278
931.900000000 23.4265 -25.2805 0 0 0 0.949427 0.313987
933.200000000 22.6546 -24.7421 0 0 0 0.964474 0.264178
934.800000000 21.7042 -24.3889 0 0 0 0.994113 0.108345
936.900000000 20.7022 -24.3511 0 0 0 0.999998 0.0020177
940.000000000 19.7426 -24.3968 0 0 0 -0.999515 0.0311301
943.900000000 18.7604 -24.4737 0 0 0 -0.999441 0.0334413
945.500000000 17.7252 -24.4007 0 0 0 0.993238 0.116098
946.900000000 16.8561 -23.9492 0 0 0 0.972473 0.233017
948.200000000 15.9643 -23.6383 0 0 0 0.988719 0.14978
949.600000000 14.9729 -23.5183 0 0 0 0.999829 0.0184988
951.500000000 13.9433 -23.5724 0 0 0 -0.999491 0.0318907
952.800000000 12.9322 -23.5947 0 0 0 0.999998 0.00220345
954.200000000 11.899 -23.5965 0 0 0 1 0.000574623
955.500000000 10.925 -23.5859 0 0 0 -1 0.000234873
957.200000000 10.16 -23.4555 0 0 0 0.941187 0.337887
957.800000000 10.2626 -23.3725 0 0 0 0.802136 0.597141
958.400000000 10.363 -23.2974 0 0 0 0.61983 0.784736
959.300000000 10.648 -22.9981 0 0 0 0.407414 0.913243
960.800000000 11.5483 -22.4817 0 0 0 0.187823 0.982203
962.200000000 12.5244 -22.3798 0 0 0 -0.018249 0.999833
963.300000000 13.0316 -22.6287 0 0 0 -0.280387 0.959887
964.700000000 13.7615 -23.3556 0 0 0 -0.416758 0.909017
966.000000000 14.3157 -24.162 0 0 0 -0.499182 0.866497
967.300000000 14.6703 -25.0798 0 0 0 -0.622521 0.782603
968.700000000 14.7388 -26.0834 0 0 0 -0.667008 0.745051
969.800000000 15.0052 -26.5883 0 0 0 -0.450047 0.893005
971.300000000 15.6561 -27.2213 0 0 0 -0.435153 0.900357
972.900000000 16.0186 -28.2507 0 0 0 -0.645831 0.76348
974.400000000 16.2416 -29.2013 0 0 0 -0.531646 0.846966
975.100000000 16.3738 -29.1929 0 0 0 -0.25104 0.967977
975.700000000 16.4736 -29.117 0 0 0 0.00947395 0.999955
976.300000000 16.4803 -28.9837 0 0 0 0.284993 0.95853
976.900000000 16.389 -28.908 0 0 0 0.5555 0.831517
977.500000000 16.2814 -28.9065 0 0 0 0.776359 0.630291
978.200000000 16.1953 -28.975 0 0 0 0.945494 0.32564
978.800000000 16.1154 -29.0387 0 0 0 0.998338 0.0576251
979.500000000 15.9065 -29.1933 0 0 0 -0.980135 0.198333
980.900000000 15.2473 -29.8254 0 0 0 -0.919893 0.39217
982.300000000 14.5959 -30.6194 0 0 0 -0.881081 0.472965
983.000000000 14.6929 -30.7049 0 0 0 -0.686762 0.726883
983.600000000 14.7937 -30.6636 0 0 0 -0.44128 0.897369
984.100000000 14.8617 -30.5771 0 0 0 -0.206151 0.97852
984.800000000 14.8652 -30.4498 0 0 0 0.142486 0.989797
985.400000000 14.7999 -30.3514 0 0 0 0.428622 0.903484
986.000000000 14.6901 -30.2966 0 0 0 0.676025 0.736879
986.900000000 14.4807 -30.0258 0 0 0 0.858487 0.512836
988.000000000 14.0112 -29.651 0 0 0 0.957258 0.289235
989.300000000 13.2423 -29.0538 0 0 0 0.931611 0.363458
990.800000000 12.5258 -28.4097 0 0 0 0.944855 0.327488
992.000000000 11.6619 -28.0035 0 0 0 0.980089 0.198557
993.600000000 10.6156 -27.8086 0 0 0 0.998307 0.0581587
995.900000000 9.68874 -27.7739 0 0 0 -0.999973 0.00732267
997.100000000 8.82537 -27.8255 0 0 0 -0.999188 0.0402867
998.500000000 7.7991 -27.9337 0 0 0 -0.998195 0.0600565
999.700000000 6.88597 -28.0135 0 0 0 -0.999445 0.0333125
1001.300000000 5.85865 -28.2859 0 0 0 -0.97257 0.232612
1002.700000000 5.07106 -28.9404 0 0 0 -0.926498 0.3763
1004.000000000 4.41867 -29.6635 0 0 0 -0.907619 0.419795
1005.100000000 4.31965 -30.0165 0 0 0 -0.712728 0.701441
1006.200000000 4.61733 -30.4917 0 0 0 -0.493016 0.87002
1007.600000000 5.32034 -31.2499 0 0 0 -0.362046 0.93216
1008.900000000 6.12747 -31.8043 0 0 0 -0.257353 0.966317
1009.800000000 6.42088 -31.8304 0 0 0 0.0287223 0.999587
1010.500000000 6.36951 -31.6995 0 0 0 0.368679 0.929557
1011.100000000 6.2665 -31.6508 0 0 0 0.626915 0.779088
1011.800000000 6.14057 -31.4506 0 0 0 0.800774 0.598967
1012.900000000 5.73219 -31.0489 0 0 0 0.928748 0.370711
1014.300000000 4.86766 -30.6167 0 0 0 0.985955 0.167012
1015.900000000 3.84988 -30.3776 0 0 0 0.981927 0.189262
1017.200000000 3.12335 -29.795 0 0 0 0.927888 0.372858
1018.500000000 2.45584 -29.1008 0 0 0 0.917912 0.396783
1019.900000000 1.80589 -28.3586 0 0 0 0.94446 0.328626
1021.200000000 0.868294 -27.891 0 0 0 0.978858 0.204542
1022.600000000 -0.0294841 -27.7276 0 0 0 0.998103 0.0615656
1024.600000000 -1.14242 -27.7375 0 0 0 -0.999762 0.0218029
1025.900000000 -2.10118 -27.8078 0 0 0 -0.998891 0.0470822
1027.200000000 -3.06835 -27.8947 0 0 0 -0.998618 0.0525638
1028.500000000 -4.03807 -27.9753 0 0 0 -0.999387 0.0349994
1029.800000000 -4.99596 -28.1424 0 0 0 -0.997314 0.0732473
1031.200000000 -5.97358 -28.3845 0 0 0 -0.974131 0.225982
1032.500000000 -6.44813 -28.9406 0 0 0 -0.871448 0.490488
1033.600000000 -6.54691 -29.5426 0 0 0 -0.728683 0.684852
1035.000000000 -6.24636 -30.3144 0 0 0 -0.504808 0.863231
1036.500000000 -5.49508 -30.9885 0 0 0 -0.285609 0.958346
1037.600000000 -5.02573 -31.1124 0 0 0 0.0153583 0.999882
1038.300000000 -4.94069 -30.9751 0 0 0 0.297961 0.954578
1039.100000000 -4.95019 -30.768 0 0 0 0.590907 0.80674
1039.700000000 -5.06523 -30.7661 0 0 0 0.796719 0.60435
1040.200000000 -5.16534 -30.8204 0 0 0 0.921175 0.389148
1041.300000000 -5.67493 -30.6815 0 0 0 0.994145 0.108052
1042.600000000 -6.64816 -30.608 0 0 0 0.999896 0.0143993
1043.900000000 -7.61958 -30.6366 0 0 0 -0.999561 0.0296304
1045.200000000 -8.5423 -30.752 0 0 0 -0.999995 0.00304072
1046.100000000 -8.93214 -30.5122 0 0 0 0.972139 0.234407
1047.600000000 -9.69456 -29.7784 0 0 0 0.912784 0.408443
1048.800000000 -10.2228 -29.0735 0 0 0 0.884543 0.466459
1050.100000000 -10.8042 -28.3145 0 0 0 0.920133 0.391605
1051.600000000 -11.52 -27.9041 0 0 0 0.997177 0.0750858
1052.200000000 -11.5118 -28.0184 0 0 0 -0.974828 0.222959
1052.800000000 -11.4209 -28.1052 0 0 0 -0.865436 0.50102
1053.400000000 -11.3056 -28.162 0 0 0 -0.687747 0.725951
1054.200000000 -11.1414 -28.3383 0 0 0 -0.454401 0.890797
1055.600000000 -10.4358 -29.0291 0 0 0 -0.394874 0.918735
1057.000000000 -10.0255 -29.904 0 0 0 -0.588263 0.80867
1057.700000000 -10.1178 -29.931 0 0 0 -0.81489 0.579616
1058.300000000 -10.2275 -29.8702 0 0 0 -0.948271 0.317462
1058.900000000 -10.2762 -29.7638 0 0 0 -0.999611 0.0278977
1059.500000000 -10.2467 -29.6584 0 0 0 0.964498 0.26409
1060.100000000 -10.1672 -29.5652 0 0 0 0.845876 0.533379
1060.700000000 -10.0665 -29.4789 0 0 0 0.690983 0.722871
1061.600000000 -9.86166 -29.1736 0 0 0 0.458578 0.888654
1069.200000000 -9.07403 -28.5694 0 0 0 0.313492 0.949591
1070.500000000 -8.29649 -27.9361 0 0 0 0.390066 0.920787
1071.800000000 -7.61827 -27.2454 0 0 0 0.387892 0.921705
1073.000000000 -7.00851 -26.6019 0 0 0 0.378039 0.92579
1074.300000000 -6.3267 -25.9125 0 0 0 0.391886 0.920014
1075.600000000 -5.72578 -25.1581 0 0 0 0.454299 0.890849
1077.000000000 -5.24845 -24.2381 0 0 0 0.528217 0.84911
1078.300000000 -4.87838 -23.3258 0 0 0 0.592177 0.805808
1079.500000000 -4.68455 -22.4197 0 0 0 0.644829 0.764327
1080.800000000 -4.63974 -21.4678 0 0 0 0.70374 0.710457
1082.200000000 -4.67244 -20.4193 0 0 0 0.711912 0.702268
1083.500000000 -4.67675 -19.4573 0 0 0 0.70655 0.707663
1084.900000000 -4.68114 -18.3982 0 0 0 0.706762 0.707451
1086.200000000 -4.70042 -17.4297 0 0 0 0.706655 0.707558
1087.500000000 -4.70009 -16.4704 0 0 0 0.705669 0.708542
1088.800000000 -4.6943 -15.5014 0 0 0 0.695254 0.718764
1090.100000000 -4.53642 -14.5386 0 0 0 0.614085 0.78924
1091.600000000 -4.14468 -13.6368 0 0 0 0.422194 0.906505
1092.900000000 -3.30331 -12.9989 0 0 0 0.317638 0.948212
1094.200000000 -2.54209 -12.4041 0 0 0 0.357498 0.933914
1095.600000000 -1.79311 -11.67 0 0 0 0.383398 0.923583
1096.900000000 -1.10361 -10.969 0 0 0 0.383834 0.923402
1098.200000000 -0.481416 -10.2359 0 0 0 0.425394 0.905008
1099.500000000 0.0632974 -9.44585 0 0 0 0.523872 0.851797
1101.000000000 0.213528 -8.45648 0 0 0 0.716224 0.69787
1102.300000000 0.0162152 -7.51039 0 0 0 0.793351 0.608764
1103.800000000 -0.311865 -6.87748 0 0 0 0.927495 0.373835
1104.600000000 -0.367762 -6.99775 0 0 0 0.999072 0.0430825
1105.300000000 -0.342917 -7.10318 0 0 0 -0.966078 0.258252
1106.000000000 -0.350142 -7.2557 0 0 0 -0.864552 0.502544
1106.800000000 -0.276309 -7.4055 0 0 0 -0.676473 0.736468
1108.500000000 0.194383 -8.33906 0 0 0 -0.530271 0.847828
1110.200000000 0.283152 -8.81346 0 0 0 -0.76466 0.644434
1110.900000000 0.198595 -8.79199 0 0 0 -0.895513 0.445036
1111.900000000 0.0288273 -8.75172 0 0 0 -0.98783 0.155537
1112.800000000 -0.111985 -8.66884 0 0 0 0.994908 0.100784
1113.700000000 -0.116952 -8.54159 0 0 0 0.91105 0.412295
1114.300000000 -0.041212 -8.49489 0 0 0 0.775596 0.63123
1115.100000000 0.0901994 -8.50304 0 0 0 0.518074 0.855336
1115.800000000 0.180333 -8.56415 0 0 0 0.242114 0.970248
1116.600000000 0.209978 -8.70209 0 0 0 -0.0970517 0.995279
1117.300000000 0.17186 -8.79102 0 0 0 -0.388523 0.921439
1118.000000000 0.129739 -8.92461 0 0 0 -0.624871 0.780728
1118.800000000 -0.0104296 -9.00459 0 0 0 -0.839928 0.542698
1120.500000000 -0.661573 -9.7016 0 0 0 -0.90533 0.424709
1122.600000000 -1.23263 -10.5629 0 0 0 -0.805237 0.592953
1123.900000000 -1.11045 -10.7811 0 0 0 -0.596623 0.802521
1124.700000000 -1.03516 -10.7225 0 0 0 -0.362582 0.931952
1125.400000000 -0.989615 -10.6291 0 0 0 -0.131845 0.99127
1126.300000000 -1.00134 -10.5283 0 0 0 0.19991 0.979814
1127.200000000 -1.06896 -10.4279 0 0 0 0.520865 0.853639
1127.900000000 -1.22756 -10.2803 0 0 0 0.731261 0.682098
1128.500000000 -1.25959 -10.2103 0 0 0 0.871486 0.490421
1129.300000000 -1.39132 -10.195 0 0 0 0.980209 0.197966
1130.800000000 -2.4454 -9.99136 0 0 0 0.995911 0.0903344
1132.400000000 -2.97424 -10.0036 0 0 0 -0.981844 0.189692
1133.800000000 -2.92043 -10.2665 0 0 0 -0.856021 0.51694
1135.300000000 -2.89031 -10.7191 0 0 0 -0.667976 0.744182
1136.300000000 -2.82312 -10.6674 0 0 0 -0.41519 0.909735
1137.300000000 -2.76187 -10.5839 0 0 0 -0.0894748 0.995989
1137.900000000 -2.77336 -10.4736 0 0 0 0.180816 0.983517
1138.500000000 -2.83527 -10.3894 0 0 0 0.436512 0.899698
1139.100000000 -2.93939 -10.3493 0 0 0 0.662161 0.749361
1139.700000000 -3.00523 -10.3664 0 0 0 0.837893 0.545834
1140.200000000 -3.05133 -10.4106 0 0 0 0.938989 0.343948
1140.900000000 -3.12621 -10.5464 0 0 0 0.999345 0.0361791
1141.900000000 -3.38921 -10.7549 0 0 0 -0.968828 0.247734
1143.600000000 -4.00562 -11.4112 0 0 0 -0.872038 0.489439
1145.500000000 -4.08035 -12.0307 0 0 0 -0.717139 0.69693
1146.600000000 -4.00816 -11.9798 0 0 0 -0.477224 0.878782
1147.400000000 -3.95619 -11.9206 0 0 0 -0.243154 0.969988
1148.100000000 -3.91583 -11.8305 0 0 0 0.0208806 0.999782
1148.900000000 -3.95402 -11.7251 0 0 0 0.32022 0.947343
1149.500000000 -4.02709 -11.6516 0 0 0 0.575769 0.817612
1150.200000000 -4.17455 -11.6632 0 0 0 0.820737 0.571307
1150.800000000 -4.22109 -11.7415 0 0 0 0.952929 0.303195
1151.500000000 -4.35611 -11.7978 0 0 0 -0.999955 0.00946736
1152.600000000 -4.89982 -12.0672 0 0 0 -0.964676 0.263439
1154.200000000 -5.63017 -12.7902 0 0 0 -0.930114 0.367271
1155.900000000 -6.28485 -13.2116 0 0 0 -0.996621 0.0821424
1156.700000000 -6.28563 -13.1055 0 0 0 0.979672 0.200605
1157.500000000 -6.24746 -13.0116 0 0 0 0.894612 0.446843
1159.100000000 -6.67413 -12.1038 0 0 0 0.84434 0.535808
1160.100000000 -6.69936 -11.9483 0 0 0 0.660268 0.75103
1161.000000000 -6.55837 -11.9937 0 0 0 0.384506 0.923122
1161.700000000 -6.50029 -12.0886 0 0 0 0.123583 0.992334
1162.500000000 -6.51822 -12.2105 0 0 0 -0.196313 0.980541
1163.200000000 -6.57879 -12.3018 0 0 0 -0.448748 0.893658
1165.000000000 -6.19332 -13.2644 0 0 0 -0.614734 0.788734
1166.100000000 -6.2238 -13.5472 0 0 0 -0.816884 0.576801
1166.800000000 -6.32699 -13.4836 0 0 0 -0.942062 0.335439
1167.400000000 -6.36341 -13.402 0 0 0 -0.994537 0.10438
1168.000000000 -6.37379 -13.3003 0 0 0 0.987378 0.158385
1168.600000000 -6.31373 -13.2307 0 0 0 0.912065 0.410047
1169.400000000 -6.24335 -13.0841 0 0 0 0.752854 0.658188
1170.800000000 -6.35357 -12.0338 0 0 0 0.739461 0.673199
1172.200000000 -6.26468 -11.6622 0 0 0 0.488469 0.872581
1172.900000000 -6.18643 -11.7295 0 0 0 0.229131 0.973396
1173.500000000 -6.14704 -11.8191 0 0 0 -0.0150962 0.999886
1174.300000000 -6.12244 -11.9569 0 0 0 -0.337195 0.941435
1175.100000000 -6.2176 -12.054 0 0 0 -0.621658 0.783288
1176.500000000 -6.1819 -12.9531 0 0 0 -0.68632 0.7273
1178.100000000 -6.00989 -13.5709 0 0 0 -0.390493 0.920606
1178.700000000 -5.95642 -13.4893 0 0 0 -0.124413 0.992231
1179.300000000 -5.93419 -13.3851 0 0 0 0.163967 0.986466
1180.000000000 -6.0205 -13.1983 0 0 0 0.428696 0.903449
1180.700000000 -6.04658 -13.0427 0 0 0 0.666789 0.745247
1181.400000000 -6.09449 -12.8651 0 0 0 0.819889 0.572522
1182.900000000 -6.30111 -11.8587 0 0 0 0.756961 0.65346
1184.200000000 -6.24068 -11.4887 0 0 0 0.508095 0.861301
1184.900000000 -6.15961 -11.5625 0 0 0 0.241411 0.970423
1185.600000000 -6.12765 -11.6635 0 0 0 -0.0466843 0.99891
1187.000000000 -5.45292 -12.0509 0 0 0 -0.304721 0.952442
1188.700000000 -4.98562 -12.1852 0 0 0 0.00551843 0.999985
1189.600000000 -4.94087 -12.0559 0 0 0 0.301293 0.953532
1190.200000000 -5.00255 -11.9853 0 0 0 0.57069 0.821166
1190.900000000 -5.08206 -11.802 0 0 0 0.763403 0.645923
1191.800000000 -5.33625 -11.4929 0 0 0 0.89927 0.437395
1193.300000000 -6.22031 -10.8034 0 0 0 0.949995 0.312265
1194.600000000 -7.05614 -10.3645 0 0 0 0.983317 0.181898
1196.100000000 -8.13359 -10.2087 0 0 0 0.999261 0.0384429
1198.100000000 -9.03154 -10.1935 0 0 0 -0.999644 0.0266715
1202.000000000 -9.95472 -10.2748 0 0 0 -0.998798 0.0490118
1205.200000000 -11.0067 -10.3541 0 0 0 -0.999277 0.0380208
1206.500000000 -11.9778 -10.3794 0 0 0 0.999979 0.00644331
1207.900000000 -12.9935 -10.3106 0 0 0 0.992098 0.125468
1209.400000000 -13.8194 -9.72157 0 0 0 0.93784 0.347067
1210.600000000 -14.489 -9.12381 0 0 0 0.918 0.39658
1212.000000000 -15.207 -8.36443 0 0 0 0.922271 0.386544
1213.700000000 -15.9046 -7.93088 0 0 0 0.998325 0.0578558
1214.300000000 -15.9461 -7.93432 0 0 0 -0.980142 0.198297
1215.900000000 -16.7001 -8.70935 0 0 0 -0.916452 0.400145
1217.200000000 -17.3712 -9.40605 0 0 0 -0.923144 0.384454
1218.500000000 -18.0677 -10.1063 0 0 0 -0.924252 0.381783
1219.900000000 -18.6663 -10.851 0 0 0 -0.867471 0.497487
1221.400000000 -18.8503 -11.8261 0 0 0 -0.730597 0.682809
1222.700000000 -18.875 -12.827 0 0 0 -0.673173 0.739485
1224.000000000 -18.7912 -13.7955 0 0 0 -0.675602 0.737267
1225.400000000 -18.6362 -14.7701 0 0 0 -0.613655 0.789574
1226.600000000 -18.2188 -15.329 0 0 0 -0.408718 0.912661
1228.000000000 -17.4141 -16.0168 0 0 0 -0.325047 0.945698
1229.300000000 -16.5764 -16.5079 0 0 0 -0.216619 0.976256
1231.200000000 -15.8517 -16.9151 0 0 0 -0.533916 0.845537
1231.900000000 -15.9855 -16.9397 0 0 0 -0.788165 0.615464
1232.600000000 -16.1253 -16.9282 0 0 0 -0.940586 0.339555
1233.500000000 -16.4887 -16.9394 0 0 0 -0.995827 0.0912577
1235.000000000 -17.4843 -16.7484 0 0 0 0.991518 0.12997
1236.300000000 -18.4403 -16.5173 0 0 0 0.994837 0.101484
1237.600000000 -19.3863 -16.4886 0 0 0 -0.999875 0.0157885
1239.100000000 -20.3369 -16.7563 0 0 0 -0.969134 0.246536
1240.400000000 -20.8358 -17.3577 0 0 0 -0.872239 0.48908
1241.900000000 -21.0857 -18.3679 0 0 0 -0.739738 0.672896
1243.200000000 -21.0161 -19.3339 0 0 0 -0.656061 0.754708
1244.500000000 -20.8024 -20.2869 0 0 0 -0.630802 0.775944
1245.700000000 -20.7345 -21.192 0 0 0 -0.697962 0.716135
1247.100000000 -20.784 -22.2387 0 0 0 -0.731497 0.681845
1248.400000000 -20.8532 -23.1985 0 0 0 -0.73104 0.682335
1249.600000000 -20.8782 -24.0995 0 0 0 -0.700251 0.713897
1251.000000000 -20.8705 -25.1498 0 0 0 -0.730717 0.68268
1252.400000000 -21.0379 -26.1721 0 0 0 -0.76475 0.644327
1253.700000000 -21.1278 -27.156 0 0 0 -0.725525 0.688196
1255.000000000 -21.1022 -28.1298 0 0 0 -0.686674 0.726966
1256.300000000 -20.9777 -29.0706 0 0 0 -0.629676 0.776858
1257.600000000 -20.55 -29.7289 0 0 0 -0.416079 0.909329
1258.900000000 -19.7728 -30.3207 0 0 0 -0.273595 0.961845
1260.200000000 -18.8677 -30.6885 0 0 0 -0.155993 0.987758
1261.500000000 -17.9093 -30.8746 0 0 0 -0.0685561 0.997647
1262.800000000 -16.9364 -30.9106 0 0 0 0.00722267 0.999974
1264.200000000 -16.0675 -30.7889 0 0 0 0.0999633 0.994991
1265.000000000 -16.039 -30.6637 0 0 0 0.425184 0.905107
1265.600000000 -16.1678 -30.6189 0 0 0 0.672358 0.740226
1266.200000000 -16.2741 -30.6422 0 0 0 0.861031 0.508553
1266.900000000 -16.445 -30.6264 0 0 0 0.966086 0.258221
1268.000000000 -17.0551 -30.6241 0 0 0 0.999583 0.0288608
1269.300000000 -17.9626 -30.405 0 0 0 0.988882 0.148704
1270.800000000 -18.8777 -29.9092 0 0 0 0.977174 0.212442
1272.200000000 -19.8432 -29.7714 0 0 0 0.999996 0.00286128
1273.500000000 -20.8076 -29.8913 0 0 0 -0.997337 0.0729275
1274.800000000 -21.7873 -29.9872 0 0 0 -0.999774 0.0212649
1276.200000000 -22.8303 -29.9281 0 0 0 0.999559 0.02969
1277.500000000 -23.804 -29.9155 0 0 0 -0.999998 0.00209216
1278.700000000 -24.7073 -29.933 0 0 0 -0.999969 0.007815
1280.100000000 -25.7595 -29.9417 0 0 0 -0.99995 0.0100189
1281.200000000 -26.0647 -30.0859 0 0 0 -0.938039 0.34653
1281.800000000 -25.9542 -30.1506 0 0 0 -0.794676 0.607034
1282.400000000 -25.846 -30.1574 0 0 0 -0.578302 0.815823
1282.900000000 -25.7809 -30.0875 0 0 0 -0.360681 0.932689
1283.600000000 -25.6044 -30.0102 0 0 0 -0.0795125 0.996834
1284.700000000 -25.0075 -29.9162 0 0 0 0.168313 0.985734
1286.000000000 -24.4867 -29.3943 0 0 0 0.442396 0.89682
1287.200000000 -24.2987 -28.7508 0 0 0 0.658044 0.752979
1288.700000000 -24.5343 -27.8034 0 0 0 0.835492 0.549503
1290.100000000 -25.19 -27.0366 0 0 0 0.920496 0.390752
1291.300000000 -25.8562 -26.4371 0 0 0 0.930683 0.365827
1292.700000000 -26.4578 -26.054 0 0 0 0.993963 0.109713
1293.500000000 -26.6091 -26.1713 0 0 0 -0.981125 0.193376
1294.300000000 -26.8262 -26.4245 0 0 0 -0.908473 0.417944
1295.900000000 -27.6378 -27.1503 0 0 0 -0.962309 0.27196
1297.200000000 -28.5195 -27.4019 0 0 0 -0.995805 0.0914966
1298.600000000 -29.5717 -27.4284 0 0 0 0.99993 0.0117942
1300.100000000 -30.6164 -27.5041 0 0 0 -0.993011 0.11802
1301.600000000 -31.3983 -28.0446 0 0 0 -0.925762 0.378107
1302.600000000 -31.5986 -28.463 0 0 0 -0.793476 0.608601
1303.300000000 -31.4855 -28.5738 0 0 0 -0.58634 0.810065
1304.100000000 -31.3062 -28.6075 0 0 0 -0.290435 0.956895
1304.700000000 -31.2316 -28.5179 0 0 0 -0.0184657 0.999829
1305.300000000 -31.1883 -28.4059 0 0 0 0.245339 0.969437
1306.300000000 -30.9115 -28.0039 0 0 0 0.474834 0.880076
1307.700000000 -30.371 -27.121 0 0 0 0.481546 0.876421
1309.000000000 -29.7664 -26.385 0 0 0 0.384191 0.923254
1310.200000000 -29.1054 -25.8059 0 0 0 0.340276 0.940326
1311.600000000 -28.2811 -25.0305 0 0 0 0.414646 0.909983
1312.900000000 -27.8538 -24.2485 0 0 0 0.540821 0.841138
1314.200000000 -27.6466 -23.3119 0 0 0 0.663185 0.748455
1315.900000000 -27.6729 -22.3181 0 0 0 0.743052 0.669234
1317.800000000 -28.1596 -21.3652 0 0 0 0.895901 0.444253
1319.200000000 -28.8463 -20.5606 0 0 0 0.898817 0.438324
1320.700000000 -29.1969 -19.6314 0 0 0 0.781532 0.623865
1322.100000000 -29.1661 -18.6468 0 0 0 0.650577 0.759441
1323.400000000 -29.0538 -17.6895 0 0 0 0.676798 0.736169
1325.600000000 -29.0589 -16.7394 0 0 0 0.728599 0.68494
1327.300000000 -29.3695 -15.8277 0 0 0 0.849238 0.528011
1328.800000000 -30.072 -15.0048 0 0 0 0.920584 0.390545
1330.200000000 -30.816 -14.2621 0 0 0 0.925211 0.379454
1331.400000000 -31.4553 -13.6341 0 0 0 0.921949 0.387311
1332.800000000 -32.1917 -12.8836 0 0 0 0.921949 0.387311
1334.100000000 -32.8514 -12.1198 0 0 0 0.909999 0.414611
1335.400000000 -33.424 -11.3796 0 0 0 0.879513 0.475876
1336.700000000 -33.8682 -10.5185 0 0 0 0.842181 0.539195
1337.900000000 -34.1452 -9.55226 0 0 0 0.80629 0.591521
1339.300000000 -34.3547 -8.53207 0 0 0 0.754534 0.656261
1340.900000000 -34.4236 -7.51302 0 0 0 0.762531 0.646951
1342.200000000 -34.8232 -6.65318 0 0 0 0.875486 0.483243
1343.600000000 -35.5229 -5.88979 0 0 0 0.923339 0.383985
1344.900000000 -36.2115 -5.20161 0 0 0 0.923884 0.382672
1346.200000000 -36.836 -4.54553 0 0 0 0.894544 0.446981
1346.700000000 -36.7378 -4.49853 0 0 0 0.768598 0.639732
1347.400000000 -36.622 -4.52438 0 0 0 0.504418 0.86346
1348.000000000 -36.5644 -4.54043 0 0 0 0.229487 0.973312
1348.700000000 -36.5371 -4.70186 0 0 0 -0.112451 0.993657
1349.200000000 -36.576 -4.78749 0 0 0 -0.351581 0.936157
1349.900000000 -36.6498 -4.86758 0 0 0 -0.647075 0.762426
1350.500000000 -36.7581 -4.99227 0 0 0 -0.808867 0.587991
1351.700000000 -37.2231 -5.44785 0 0 0 -0.93994 0.341341
1352.600000000 -37.5309 -5.5064 0 0 0 -0.998102 0.061586
1353.100000000 -37.5299 -5.39989 0 0 0 0.983265 0.182179
1353.800000000 -37.4401 -5.29522 0 0 0 0.863903 0.503658
1354.500000000 -37.3612 -5.16458 0 0 0 0.677357 0.735654
1355.400000000 -37.0835 -4.88753 0 0 0 0.463887 0.885895
1356.800000000 -36.3816 -4.14505 0 0 0 0.36059 0.932724
1358.200000000 -35.6197 -3.43765 0 0 0 0.36553 0.9308
1359.500000000 -34.9096 -2.72265 0 0 0 0.40808 0.912946
1360.800000000 -34.4171 -1.92234 0 0 0 0.527703 0.849429
1362.400000000 -34.1987 -1.0408 0 0 0 0.649093 0.760709
1365.300000000 -34.1686 -0.0663746 0 0 0 0.710257 0.703943
1366.900000000 -34.2044 0.958084 0 0 0 0.727644 0.685955
1368.200000000 -34.2571 1.88775 0 0 0 0.727605 0.685997
1369.400000000 -34.0411 2.40165 0 0 0 0.503962 0.863726
1371.100000000 -33.3558 3.13647 0 0 0 0.38174 0.92427
1374.100000000 -32.7015 3.7846 0 0 0 0.379368 0.925246
1381.200000000 -32.5875 4.04809 0 0 0 0.628819 0.777552
1382.100000000 -32.7239 4.38353 0 0 0 0.831157 0.556038
1383.100000000 -33.085 4.69492 0 0 0 0.949062 0.315089
1384.600000000 -33.889 5.3417 0 0 0 0.922768 0.385355
1386.100000000 -34.3553 6.20267 0 0 0 0.813391 0.581718
1387.500000000 -34.4945 7.16205 0 0 0 0.747403 0.664371
1389.200000000 -34.8231 7.73283 0 0 0 0.898213 0.43956
1390.000000000 -34.9123 7.60501 0 0 0 0.989778 0.142619
1390.400000000 -34.9174 7.58127 0 0 0 -0.999777 0.0210987
1391.500000000 -34.842 7.41104 0 0 0 -0.893465 0.449132
1392.200000000 -34.7359 7.38401 0 0 0 -0.731675 0.681654
1392.900000000 -34.632 7.40979 0 0 0 -0.509874 0.860249
1393.600000000 -34.5145 7.42548 0 0 0 -0.29835 0.954456
1395.500000000 -33.5344 7.14024 0 0 0 -0.0557102 0.998447
1396.300000000 -33.5119 7.21022 0 0 0 0.237437 0.971403
1397.100000000 -33.6256 7.26847 0 0 0 0.525877 0.850561
1398.000000000 -33.6435 7.56044 0 0 0 0.721082 0.692849
1399.200000000 -33.8721 7.87285 0 0 0 0.889718 0.45651
1400.100000000 -33.9851 7.88163 0 0 0 0.983082 0.183168
1401.000000000 -33.9842 7.73405 0 0 0 -0.99218 0.124815
1401.600000000 -33.9409 7.64307 0 0 0 -0.918312 0.395857
1402.100000000 -33.8406 7.59602 0 0 0 -0.799615 0.600513
1402.400000000 -33.8064 7.60272 0 0 0 -0.704758 0.709448
1403.400000000 -33.5659 7.6902 0 0 0 -0.307387 0.951585
1404.100000000 -33.5574 7.75202 0 0 0 -0.0180775 0.999837
1404.900000000 -33.4842 7.86776 0 0 0 0.286233 0.95816
1405.700000000 -33.4069 8.14412 0 0 0 0.520647 0.853772
1407.100000000 -33.1065 9.06535 0 0 0 0.611436 0.791294
1408.300000000 -32.9466 9.16741 0 0 0 0.33257 0.943078
1409.200000000 -32.9354 9.17299 0 0 0 0.035341 0.999375
1410.700000000 -31.8184 9.08221 0 0 0 -0.04966 0.998766
1412.300000000 -31.4387 9.10794 0 0 0 0.274145 0.961688
1413.200000000 -31.5093 9.18116 0 0 0 0.555645 0.83142
1415.800000000 -31.5106 10.1623 0 0 0 0.594549 0.804059
1416.600000000 -31.3742 10.1166 0 0 0 0.281388 0.959594
1417.200000000 -31.342 9.99928 0 0 0 0.0122314 0.999925
1418.000000000 -31.1006 9.81354 0 0 0 -0.243634 0.969867
1418.800000000 -30.9129 9.58281 0 0 0 -0.46116 0.887317
1419.900000000 -30.8468 9.10429 0 0 0 -0.67875 0.73437
1421.300000000 -30.5548 8.54573 0 0 0 -0.453055 0.891483
1422.000000000 -30.4493 8.54645 0 0 0 -0.179829 0.983698
1422.800000000 -30.4008 8.7194 0 0 0 0.164334 0.986405
1424.600000000 -29.6772 9.50508 0 0 0 0.367689 0.929949
1426.000000000 -29.2199 9.76917 0 0 0 0.101369 0.994849
1426.800000000 -29.2252 9.66909 0 0 0 -0.212586 0.977142
1427.500000000 -29.2298 9.59727 0 0 0 -0.464903 0.885362
1428.700000000 -29.228 9.13145 0 0 0 -0.690949 0.722903
1429.800000000 -29.3604 8.89708 0 0 0 -0.867866 0.496798
1430.800000000 -29.447 8.92297 0 0 0 -0.982086 0.188434
1431.500000000 -29.476 9.07427 0 0 0 0.998671 0.0515396
1432.100000000 -29.444 9.17339 0 0 0 0.950087 0.311986
1432.800000000 -29.3569 9.23094 0 0 0 0.809188 0.587549
1433.400000000 -29.2698 9.21721 0 0 0 0.626549 0.779382
1433.900000000 -29.2488 9.21569 0 0 0 0.44155 0.897237
1434.600000000 -29.1377 9.15871 0 0 0 0.151428 0.988468
1435.200000000 -29.0299 9.08089 0 0 0 -0.0998989 0.994998
1436.700000000 -28.0315 8.769 0 0 0 -0.127691 0.991814
1438.200000000 -27.555 8.72277 0 0 0 0.156267 0.987715
1439.000000000 -27.6048 8.81789 0 0 0 0.420136 0.907461
1441.200000000 -27.28 9.80993 0 0 0 0.619498 0.784998
1441.900000000 -27.3718 9.87188 0 0 0 0.80332 0.595548
1442.700000000 -27.4456 9.78578 0 0 0 0.95751 0.288401
1443.200000000 -27.5174 9.70598 0 0 0 0.997106 0.0760215
1443.900000000 -27.4895 9.65486 0 0 0 -0.972104 0.234551
1444.800000000 -27.3695 9.51431 0 0 0 -0.804354 0.59415
1445.300000000 -27.2587 9.55672 0 0 0 -0.654937 0.755683
1446.100000000 -27.1136 9.36305 0 0 0 -0.423567 0.905865
1447.400000000 -26.5147 8.62223 0 0 0 -0.500079 0.86598
1448.600000000 -26.5815 8.49709 0 0 0 -0.746923 0.66491
1449.500000000 -26.718 8.48474 0 0 0 -0.901659 0.432448
1450.200000000 -26.7857 8.58086 0 0 0 -0.984821 0.173572
1450.800000000 -26.8002 8.66171 0 0 0 0.998207 0.0598495
1451.600000000 -26.7573 8.75272 0 0 0 0.930958 0.365125
1452.300000000 -26.6697 8.84363 0 0 0 0.793987 0.607934
1453.100000000 -26.5443 8.80751 0 0 0 0.562417 0.826854
1454.300000000 -26.2242 9.18398 0 0 0 0.339799 0.940498
1455.800000000 -25.6112 9.34024 0 0 0 0.0360549 0.99935
1456.800000000 -25.4175 9.16765 0 0 0 -0.270846 0.962623
1457.700000000 -25.3283 8.89963 0 0 0 -0.486704 0.873567
1459.100000000 -24.7272 8.07529 0 0 0 -0.461196 0.887299
1460.000000000 -24.5283 7.93494 0 0 0 -0.215047 0.976604
1460.800000000 -24.5468 8.08801 0 0 0 0.118563 0.992947
1461.400000000 -24.5483 8.1473 0 0 0 0.351943 0.936022
1462.700000000 -24.3782 8.68873 0 0 0 0.631261 0.775571
1463.900000000 -24.4426 8.98862 0 0 0 0.840088 0.542451
1464.700000000 -24.5446 8.91949 0 0 0 0.944492 0.328536
1465.700000000 -24.5829 8.82513 0 0 0 -0.999943 0.0106457
1466.300000000 -24.538 8.74461 0 0 0 -0.96098 0.276618
1466.900000000 -24.4703 8.65475 0 0 0 -0.852387 0.522912
1467.500000000 -24.3724 8.6328 0 0 0 -0.685872 0.727722
1468.200000000 -24.2254 8.71123 0 0 0 -0.438222 0.898867
1468.800000000 -24.2315 8.80337 0 0 0 -0.190819 0.981625
1469.400000000 -24.2242 8.84627 0 0 0 0.0713423 0.997452
1471.000000000 -23.1677 9.15241 0 0 0 0.0890851 0.996024
1472.600000000 -22.6129 9.10703 0 0 0 -0.225478 0.974248
1473.400000000 -22.6946 9.00006 0 0 0 -0.508776 0.860899
1474.000000000 -22.7482 8.99201 0 0 0 -0.700413 0.713738
1474.800000000 -22.8933 8.99621 0 0 0 -0.888461 0.458952
1475.900000000 -23.2903 8.89127 0 0 0 -0.976606 0.215037
