0.300000000 0.2 0 0 0 0 0 1
9.200000000 0.98483 -0.132923 0 0 0 -0.343477 0.939161
9.800000000 0.885648 -0.196639 0 0 0 -0.605681 0.795708
10.400000000 0.7678 -0.193015 0 0 0 -0.813778 0.581175
10.900000000 0.682435 -0.14322 0 0 0 -0.932044 0.362345
11.600000000 0.632069 -0.0162428 0 0 0 -0.999797 0.0201631
12.200000000 0.662585 0.098287 0 0 0 0.961098 0.276207
12.800000000 0.75266 0.17587 0 0 0 0.836548 0.547894
13.400000000 0.878418 0.183868 0 0 0 0.637757 0.770238
14.100000000 0.982323 0.117849 0 0 0 0.33441 0.942428
14.700000000 1.02642 0.0181954 0 0 0 0.0409676 0.99916
15.300000000 1.0006 -0.097348 0 0 0 -0.256135 0.966641
18.900000000 1.1926 -0.0683393 0 0 0 0.139771 0.990184
19.500000000 1.14771 0.0304667 0 0 0 0.42615 0.904652
20.100000000 1.04303 0.121605 0 0 0 0.661412 0.750023
20.700000000 0.934546 0.148267 0 0 0 0.839725 0.543013
21.900000000 0.388269 0.586057 0 0 0 0.939306 0.34308
23.200000000 -0.353365 1.27794 0 0 0 0.93437 0.356303
24.400000000 -0.963955 1.92607 0 0 0 0.906604 0.421983
25.800000000 -1.54095 2.79817 0 0 0 0.869676 0.493623
27.100000000 -1.95647 3.66966 0 0 0 0.837847 0.545905
28.400000000 -2.34383 4.59282 0 0 0 0.823591 0.567184
29.700000000 -2.71649 5.49881 0 0 0 0.83467 0.550751
31.000000000 -2.95469 6.42155 0 0 0 0.767093 0.641536
31.700000000 -2.85419 6.5074 0 0 0 0.542153 0.84028
32.400000000 -2.75889 6.40207 0 0 0 0.228092 0.97364
33.000000000 -2.73109 6.32976 0 0 0 -0.0669676 0.997755
33.700000000 -2.77386 6.18443 0 0 0 -0.398496 0.91717
34.400000000 -2.89472 6.12445 0 0 0 -0.68465 0.728872
35.000000000 -3.02873 6.0138 0 0 0 -0.837356 0.546657
36.100000000 -3.38279 5.71508 0 0 0 -0.963783 0.266689
36.600000000 -3.42077 5.80569 0 0 0 -0.999729 0.0232672
37.300000000 -3.40368 5.93052 0 0 0 0.948274 0.317453
37.900000000 -3.32241 6.00104 0 0 0 0.82323 0.567707
38.600000000 -3.2286 6.14094 0 0 0 0.618893 0.785475
39.700000000 -2.85054 6.5519 0 0 0 0.410371 0.911919
41.100000000 -2.21074 7.41441 0 0 0 0.500781 0.865574
42.500000000 -1.97903 8.39057 0 0 0 0.666652 0.745369
43.800000000 -2.08076 9.34664 0 0 0 0.756051 0.654513
45.100000000 -2.19439 10.3089 0 0 0 0.75546 0.655194
46.600000000 -2.27071 11.2659 0 0 0 0.720969 0.692968
49.600000000 -2.26359 12.1982 0 0 0 0.692189 0.721716
53.800000000 -2.21098 13.1618 0 0 0 0.691259 0.722607
58.400000000 -2.18952 14.1518 0 0 0 0.701516 0.712654
62.700000000 -2.1831 15.1473 0 0 0 0.70552 0.70869
65.100000000 -2.19465 16.1452 0 0 0 0.726818 0.68683
66.500000000 -2.40863 17.0974 0 0 0 0.827429 0.561571
67.500000000 -2.66689 17.3608 0 0 0 0.960174 0.279403
68.000000000 -2.75375 17.2754 0 0 0 0.998399 0.056555
68.700000000 -2.71176 17.1492 0 0 0 -0.957082 0.289819
69.200000000 -2.64002 17.0746 0 0 0 -0.855942 0.517071
69.900000000 -2.52379 17.073 0 0 0 -0.626267 0.779609
70.500000000 -2.42811 17.1367 0 0 0 -0.368476 0.929637
71.100000000 -2.35618 17.2229 0 0 0 -0.0772919 0.997009
71.800000000 -2.35772 17.2362 0 0 0 0.247926 0.968779
72.700000000 -2.16685 17.5494 0 0 0 0.499069 0.866562
74.100000000 -1.94415 18.5774 0 0 0 0.681797 0.731542
75.500000000 -2.09612 19.4969 0 0 0 0.763911 0.645321
76.800000000 -2.15253 20.5735 0 0 0 0.738877 0.67384
78.900000000 -2.16052 21.5665 0 0 0 0.704031 0.710169
82.200000000 -2.15392 22.5092 0 0 0 0.705069 0.709139
85.900000000 -2.14809 23.4654 0 0 0 0.705062 0.709145
89.600000000 -2.14231 24.4199 0 0 0 0.705045 0.709163
93.400000000 -2.13642 25.4071 0 0 0 0.704975 0.709232
97.200000000 -2.13041 26.3521 0 0 0 0.704904 0.709303
100.800000000 -2.14458 27.3935 0 0 0 0.722942 0.690909
102.100000000 -2.23633 28.3906 0 0 0 0.741025 0.671478
103.300000000 -2.43626 29.2515 0 0 0 0.803723 0.595004
104.500000000 -2.75392 29.7364 0 0 0 0.941814 0.336136
105.300000000 -2.92303 29.6378 0 0 0 0.999988 0.00498454
105.900000000 -2.97467 29.5292 0 0 0 -0.970277 0.241996
106.500000000 -2.91252 29.4351 0 0 0 -0.855802 0.517304
107.100000000 -2.79634 29.4335 0 0 0 -0.664681 0.747127
107.800000000 -2.68837 29.4713 0 0 0 -0.367604 0.929982
108.400000000 -2.63652 29.5674 0 0 0 -0.0763037 0.997085
109.000000000 -2.53546 29.6946 0 0 0 0.179624 0.983735
109.800000000 -2.53769 29.878 0 0 0 0.426857 0.904319
111.300000000 -2.06205 30.8962 0 0 0 0.618455 0.78582
112.800000000 -1.99128 31.9283 0 0 0 0.713408 0.700749
114.000000000 -2.0606 32.8267 0 0 0 0.741899 0.670512
115.600000000 -2.12029 33.8246 0 0 0 0.722024 0.691868
117.600000000 -2.13944 34.778 0 0 0 0.710028 0.704174
121.300000000 -2.14788 35.7734 0 0 0 0.70773 0.706483
125.100000000 -2.15367 36.76 0 0 0 0.707745 0.706468
128.800000000 -2.15653 37.725 0 0 0 0.707806 0.706407
131.900000000 -2.15939 38.7417 0 0 0 0.707856 0.706357
133.200000000 -2.16869 39.7154 0 0 0 0.714452 0.699685
134.500000000 -2.18012 40.683 0 0 0 0.767457 0.6411
135.700000000 -2.48223 41.5366 0 0 0 0.832711 0.553707
136.800000000 -2.75934 41.8095 0 0 0 0.969767 0.244032
137.600000000 -2.91267 41.7045 0 0 0 -0.99602 0.0891332
138.300000000 -2.9134 41.563 0 0 0 -0.919068 0.394099
138.900000000 -2.83094 41.5104 0 0 0 -0.76159 0.64806
139.500000000 -2.74521 41.5369 0 0 0 -0.536079 0.844168
140.100000000 -2.65883 41.6064 0 0 0 -0.262674 0.964885
140.700000000 -2.65782 41.7415 0 0 0 0.0335757 0.999436
141.600000000 -2.45167 41.9389 0 0 0 0.346774 0.937949
142.900000000 -2.01985 42.6524 0 0 0 0.56265 0.826695
144.300000000 -1.86535 43.6702 0 0 0 0.698977 0.715144
145.600000000 -1.95006 44.6418 0 0 0 0.745049 0.66701
146.900000000 -2.04213 45.6113 0 0 0 0.731117 0.682252
148.300000000 -2.05812 46.662 0 0 0 0.705803 0.708409
149.700000000 -2.05108 47.7096 0 0 0 0.703589 0.710607
151.100000000 -2.04717 48.7601 0 0 0 0.706309 0.707903
152.400000000 -2.04582 49.733 0 0 0 0.706269 0.707944
153.800000000 -2.04517 50.7862 0 0 0 0.706182 0.708031
155.100000000 -2.05674 51.7682 0 0 0 0.71902 0.694989
156.400000000 -2.14204 52.717 0 0 0 0.771531 0.636192
157.800000000 -2.51182 53.7008 0 0 0 0.837714 0.54611
159.100000000 -2.85615 54.6205 0 0 0 0.800867 0.598842
160.400000000 -2.96471 55.5882 0 0 0 0.714062 0.700082
161.700000000 -2.81067 56.2202 0 0 0 0.464633 0.885503
162.200000000 -2.75832 56.1446 0 0 0 0.236368 0.971664
162.900000000 -2.72659 56.0128 0 0 0 -0.105691 0.994399
163.600000000 -2.7886 55.8921 0 0 0 -0.435349 0.900262
164.200000000 -2.8312 55.7931 0 0 0 -0.656386 0.754425
165.000000000 -2.99073 55.6178 0 0 0 -0.847908 0.530143
166.500000000 -3.69049 54.8828 0 0 0 -0.928908 0.37031
167.800000000 -4.16516 54.6472 0 0 0 -0.999395 0.0347683
168.400000000 -4.14782 54.759 0 0 0 0.966236 0.257659
169.000000000 -4.06953 54.8465 0 0 0 0.849392 0.527763
169.600000000 -3.95777 54.8729 0 0 0 0.658707 0.752399
170.700000000 -3.64409 55.3093 0 0 0 0.421352 0.906897
172.100000000 -2.88912 56.0106 0 0 0 0.351259 0.936278
173.300000000 -2.24314 56.6364 0 0 0 0.383836 0.923401
174.700000000 -1.50162 57.3889 0 0 0 0.379887 0.925033
175.900000000 -0.786463 57.8985 0 0 0 0.263797 0.964578
177.300000000 0.189262 58.1977 0 0 0 0.0907701 0.995872
179.100000000 1.1384 58.2142 0 0 0 -0.0230151 0.999735
182.500000000 2.08376 58.1547 0 0 0 -0.0335875 0.999436
187.000000000 3.04037 58.0932 0 0 0 -0.0244126 0.999702
190.900000000 4.01978 58.0727 0 0 0 -0.00706908 0.999975
194.600000000 5.00835 58.0682 0 0 0 -0.00130765 0.999999
198.000000000 5.84629 58.2114 0 0 0 0.325789 0.945443
198.600000000 5.78595 58.3072 0 0 0 0.576211 0.817301
200.200000000 5.75687 59.3525 0 0 0 0.725086 0.688658
201.000000000 5.62202 59.3966 0 0 0 0.914256 0.405136
201.500000000 5.5718 59.3148 0 0 0 0.985964 0.166959
202.200000000 5.5676 59.1965 0 0 0 -0.983326 0.181849
202.700000000 5.63059 59.1033 0 0 0 -0.908026 0.418915
203.400000000 5.7391 59.0956 0 0 0 -0.708898 0.705311
203.900000000 5.87473 59.0206 0 0 0 -0.541191 0.840899
205.500000000 6.61282 58.239 0 0 0 -0.354617 0.935012
207.100000000 7.53209 57.7578 0 0 0 -0.127389 0.991853
208.400000000 8.45848 57.773 0 0 0 0.0486349 0.998817
209.800000000 9.49134 57.9662 0 0 0 0.0917537 0.995782
211.300000000 10.5214 58.0687 0 0 0 0.0287682 0.999586
213.600000000 11.5165 58.0735 0 0 0 0.00143883 0.999999
217.400000000 12.4394 58.0778 0 0 0 0.00146336 0.999999
221.900000000 13.4162 58.0858 0 0 0 0.00144443 0.999999
226.400000000 14.3872 58.0887 0 0 0 0.00144443 0.999999
230.700000000 15.3604 58.0916 0 0 0 0.00144443 0.999999
234.400000000 16.3201 58.0945 0 0 0 0.00144443 0.999999
236.800000000 17.3642 58.1333 0 0 0 0.142078 0.989855
237.500000000 17.4315 58.3594 0 0 0 0.386996 0.922081
239.100000000 17.7331 59.2741 0 0 0 0.622503 0.782618
240.000000000 17.6462 59.5417 0 0 0 0.841758 0.539855
240.600000000 17.5482 59.4128 0 0 0 0.9637 0.266986
241.200000000 17.52 59.328 0 0 0 -0.999558 0.0297311
241.800000000 17.5716 59.2374 0 0 0 -0.946128 0.323793
242.400000000 17.6384 59.1595 0 0 0 -0.807154 0.590341
243.000000000 17.7179 59.0911 0 0 0 -0.636363 0.77139
243.900000000 18.0272 58.7279 0 0 0 -0.429166 0.903226
245.200000000 18.7498 58.0722 0 0 0 -0.333557 0.94273
246.700000000 19.485 57.4175 0 0 0 -0.369669 0.929163
249.700000000 20.1497 56.7717 0 0 0 -0.379941 0.925011
253.000000000 20.8295 56.0889 0 0 0 -0.385981 0.922507
256.700000000 21.4361 55.318 0 0 0 -0.468661 0.883378
258.100000000 21.8225 54.4237 0 0 0 -0.590533 0.807014
260.700000000 21.9466 53.4787 0 0 0 -0.686049 0.727555
265.300000000 21.9139 52.4901 0 0 0 -0.730525 0.682885
269.400000000 21.8124 51.492 0 0 0 -0.768167 0.64025
270.600000000 21.4349 50.8369 0 0 0 -0.900666 0.434512
272.500000000 20.7166 50.1676 0 0 0 -0.927592 0.373594
276.600000000 20.0113 49.475 0 0 0 -0.924723 0.38064
281.200000000 19.3397 48.7985 0 0 0 -0.924598 0.380945
285.700000000 18.6593 48.1134 0 0 0 -0.924597 0.380946
290.200000000 17.9839 47.4533 0 0 0 -0.924597 0.380948
295.100000000 17.291 46.7658 0 0 0 -0.924596 0.380949
299.800000000 16.6256 46.0957 0 0 0 -0.924596 0.38095
304.700000000 15.934 45.4096 0 0 0 -0.924595 0.380951
309.300000000 15.2374 44.7184 0 0 0 -0.924595 0.380951
312.600000000 14.5283 44.0249 0 0 0 -0.924595 0.380952
315.700000000 13.8204 43.3323 0 0 0 -0.924594 0.380953
318.700000000 13.1414 42.6488 0 0 0 -0.924594 0.380954
321.800000000 12.4298 41.9425 0 0 0 -0.924593 0.380956
324.700000000 11.7793 41.2973 0 0 0 -0.924593 0.380957
327.900000000 11.127 40.5915 0 0 0 -0.905215 0.424954
329.300000000 10.6008 39.642 0 0 0 -0.842043 0.539411
330.800000000 10.3239 38.7413 0 0 0 -0.751556 0.659669
333.800000000 10.2842 37.8555 0 0 0 -0.685738 0.727848
336.300000000 10.5961 36.8972 0 0 0 -0.497264 0.8676
337.600000000 11.2157 36.2171 0 0 0 -0.380857 0.924634
339.200000000 11.9532 35.507 0 0 0 -0.376233 0.926525
340.600000000 12.6061 34.8568 0 0 0 -0.384143 0.923273
343.200000000 13.3091 34.0974 0 0 0 -0.351215 0.936295
348.100000000 14.2309 33.7268 0 0 0 -0.176496 0.984301
351.500000000 15.184 33.5655 0 0 0 -0.0559098 0.998436
356.100000000 16.1504 33.559 0 0 0 0.00660584 0.999978
360.800000000 17.1178 33.5967 0 0 0 0.0285326 0.999593
365.400000000 18.0542 33.6441 0 0 0 0.0226318 0.999744
370.300000000 19.0325 33.6659 0 0 0 0.00803265 0.999968
375.200000000 20.0034 33.6728 0 0 0 0.00274479 0.999996
380.100000000 20.9702 33.6784 0 0 0 0.00274571 0.999996
385.000000000 21.9387 33.6839 0 0 0 0.0027467 0.999996
389.800000000 22.8897 33.6894 0 0 0 0.00274776 0.999996
394.700000000 23.8574 33.6951 0 0 0 0.0027489 0.999996
399.600000000 24.8219 33.7006 0 0 0 0.00275012 0.999996
404.500000000 25.7869 33.7062 0 0 0 0.00275141 0.999996
409.500000000 26.7737 33.7117 0 0 0 0.00275274 0.999996
413.700000000 27.7286 33.773 0 0 0 0.101479 0.994838
415.200000000 28.4748 34.3157 0 0 0 0.366503 0.930417
417.100000000 29.1498 35.0596 0 0 0 0.403145 0.915136
421.100000000 29.7875 35.7271 0 0 0 0.389898 0.920858
426.000000000 30.48 36.4275 0 0 0 0.383948 0.923355
430.600000000 31.1593 37.1109 0 0 0 0.38395 0.923354
435.000000000 31.8389 37.7943 0 0 0 0.383951 0.923353
439.500000000 32.5445 38.5039 0 0 0 0.383953 0.923353
443.500000000 33.2234 39.1878 0 0 0 0.387041 0.922063
446.300000000 33.8401 39.9969 0 0 0 0.479184 0.877715
447.700000000 34.2237 40.9485 0 0 0 0.610402 0.792092
448.900000000 34.2039 41.8914 0 0 0 0.708799 0.70541
450.000000000 34.0598 42.366 0 0 0 0.88089 0.473322
450.700000000 33.9948 42.2751 0 0 0 0.989872 0.14196
451.500000000 33.6717 42.1649 0 0 0 -0.994941 0.100461
453.000000000 32.714 41.731 0 0 0 -0.973487 0.228743
454.200000000 31.8513 41.4304 0 0 0 -0.994281 0.106794
455.800000000 30.9875 41.4898 0 0 0 0.972443 0.233141
456.400000000 31.0718 41.5828 0 0 0 0.862473 0.506103
457.000000000 31.2021 41.6482 0 0 0 0.708041 0.706171
457.800000000 31.3906 41.8364 0 0 0 0.487015 0.873394
459.300000000 32.1652 42.5633 0 0 0 0.351276 0.936272
460.600000000 32.8796 43.2568 0 0 0 0.375548 0.926803
461.800000000 33.5051 43.8808 0 0 0 0.409421 0.912346
463.100000000 34.0257 44.6899 0 0 0 0.520094 0.854109
464.500000000 34.344 45.6927 0 0 0 0.661416 0.750019
465.700000000 34.2107 46.632 0 0 0 0.74649 0.665396
467.100000000 34.0189 47.6703 0 0 0 0.773116 0.634264
468.400000000 33.9245 48.6363 0 0 0 0.709659 0.704545
469.700000000 34.0443 49.5997 0 0 0 0.645928 0.763398
471.000000000 34.1855 50.5558 0 0 0 0.683711 0.729753
472.300000000 34.1946 51.5183 0 0 0 0.710275 0.703925
473.800000000 34.0716 52.5775 0 0 0 0.779175 0.626806
475.000000000 33.6701 53.1214 0 0 0 0.907368 0.420337
476.300000000 32.9599 53.8189 0 0 0 0.929712 0.368288
477.700000000 32.2099 54.5566 0 0 0 0.923392 0.383858
479.000000000 31.5223 55.2481 0 0 0 0.923392 0.383858
486.500000000 30.7803 55.9939 0 0 0 0.923392 0.383858
487.800000000 30.0231 56.6033 0 0 0 0.958467 0.285204
489.100000000 29.1753 56.8924 0 0 0 0.993198 0.116439
490.900000000 28.0959 56.9189 0 0 0 -0.99925 0.038715
492.300000000 27.0667 56.7771 0 0 0 -0.997461 0.0712167
495.000000000 26.1095 56.7076 0 0 0 -0.999785 0.0207382
500.000000000 25.123 56.7287 0 0 0 0.999835 0.0181698
504.000000000 24.189 56.7472 0 0 0 0.999958 0.00917444
508.800000000 23.238 56.7549 0 0 0 0.999999 0.00168649
513.800000000 22.2477 56.7568 0 0 0 0.999999 0.00105812
518.700000000 21.2735 56.759 0 0 0 0.999999 0.00105812
523.200000000 20.2815 56.7612 0 0 0 0.999999 0.00105812
524.100000000 20.1569 56.6813 0 0 0 -0.947243 0.320516
524.700000000 20.1462 56.679 0 0 0 -0.812936 0.582354
525.400000000 20.3089 56.6643 0 0 0 -0.587692 0.809085
526.800000000 20.8877 55.9874 0 0 0 -0.386092 0.92246
528.300000000 21.6063 55.3224 0 0 0 -0.41366 0.910431
530.200000000 22.0512 54.255 0 0 0 -0.604612 0.79652
532.700000000 22.0484 53.2701 0 0 0 -0.738118 0.674672
536.400000000 22.0794 52.3996 0 0 0 -0.461322 0.887233
537.000000000 22.1518 52.4631 0 0 0 -0.178522 0.983936
537.600000000 22.1587 52.5811 0 0 0 0.120224 0.992747
538.600000000 22.5622 52.8955 0 0 0 0.354075 0.935217
540.000000000 23.2316 53.6735 0 0 0 0.40916 0.912463
541.300000000 23.9439 54.3687 0 0 0 0.363818 0.93147
542.600000000 24.6159 55.0432 0 0 0 0.379531 0.925179
543.800000000 25.2818 55.6751 0 0 0 0.386245 0.922396
545.100000000 25.97 56.3745 0 0 0 0.386245 0.922396
546.500000000 26.7144 57.0971 0 0 0 0.357152 0.934046
547.800000000 27.4702 57.621 0 0 0 0.321005 0.947077
549.000000000 28.312 58.1231 0 0 0 0.188215 0.982128
550.500000000 29.3932 58.2897 0 0 0 0.00891329 0.99996
552.500000000 30.3782 58.1751 0 0 0 -0.0712682 0.997457
556.400000000 31.3403 58.0627 0 0 0 -0.0471547 0.998888
560.900000000 32.329 58.0215 0 0 0 -0.0133247 0.999911
564.700000000 33.3601 58.0352 0 0 0 0.0205214 0.999789
567.000000000 34.3585 58.0848 0 0 0 0.0184639 0.99983
571.300000000 35.3057 58.0989 0 0 0 0.00420565 0.999991
576.100000000 36.2637 58.1026 0 0 0 0.00195599 0.999998
580.900000000 37.2336 58.1064 0 0 0 0.00197521 0.999998
585.800000000 38.2023 58.1104 0 0 0 0.00199534 0.999998
587.900000000 39.2531 58.1135 0 0 0 0.00200261 0.999998
589.200000000 40.227 58.1171 0 0 0 0.00201578 0.999998
590.400000000 41.131 58.1205 0 0 0 0.00203448 0.999998
591.800000000 42.1733 58.1047 0 0 0 0.000531821 1
593.000000000 43.0763 58.0936 0 0 0 -0.0217527 0.999763
594.400000000 44.1305 58.0821 0 0 0 -0.00145105 0.999999
595.700000000 45.0529 58.0754 0 0 0 0.0725306 0.997366
596.300000000 45.0199 58.2196 0 0 0 0.350249 0.936656
596.800000000 44.9577 58.2884 0 0 0 0.563534 0.826093
597.600000000 44.8429 58.4448 0 0 0 0.796347 0.60484
599.200000000 44.1688 59.1921 0 0 0 0.928847 0.370464
600.500000000 43.4333 59.8406 0 0 0 0.930653 0.365904
602.200000000 42.9628 60.5146 0 0 0 0.754448 0.65636
602.700000000 43.0698 60.516 0 0 0 0.571483 0.820614
603.400000000 43.1884 60.434 0 0 0 0.260996 0.96534
604.000000000 43.2854 60.3368 0 0 0 0.00704977 0.999975
604.800000000 43.5044 60.1851 0 0 0 -0.272086 0.962273
606.300000000 44.2019 59.4168 0 0 0 -0.417161 0.908832
607.600000000 44.8451 58.6868 0 0 0 -0.405687 0.914012
609.100000000 45.7546 58.0796 0 0 0 -0.207026 0.978336
610.400000000 46.7015 57.8967 0 0 0 -0.0440795 0.999028
611.700000000 47.6791 58.0072 0 0 0 0.0686959 0.997638
613.000000000 48.648 58.0956 0 0 0 0.0401948 0.999192
614.300000000 49.6212 58.1265 0 0 0 0.00609215 0.999981
615.600000000 50.5938 58.0826 0 0 0 -0.0360879 0.999349
616.900000000 51.5761 58.0929 0 0 0 -0.00948991 0.999955
618.200000000 52.5399 58.0784 0 0 0 0.00422087 0.999991
619.400000000 53.4252 58.0676 0 0 0 -0.0290773 0.999577
620.700000000 54.0635 57.6822 0 0 0 -0.309617 0.950861
622.000000000 54.7558 57.0128 0 0 0 -0.403718 0.914884
623.200000000 55.363 56.3533 0 0 0 -0.393392 0.919371
624.600000000 56.1037 55.6048 0 0 0 -0.382302 0.924038
626.000000000 56.8176 54.8327 0 0 0 -0.422304 0.906454
627.300000000 57.3716 54.0353 0 0 0 -0.484425 0.874833
628.600000000 57.7856 53.1691 0 0 0 -0.561657 0.82737
630.100000000 57.9551 52.1603 0 0 0 -0.674157 0.738588
632.000000000 58.099 51.2992 0 0 0 -0.523668 0.851923
632.700000000 58.2367 51.2729 0 0 0 -0.262525 0.964925
634.200000000 59.3041 51.0059 0 0 0 -0.0992209 0.995065
635.500000000 60.2342 50.8915 0 0 0 -0.0248094 0.999692
636.900000000 60.8695 50.7345 0 0 0 -0.315503 0.948924
637.500000000 60.7809 50.6675 0 0 0 -0.578058 0.815995
638.300000000 60.6767 50.4444 0 0 0 -0.787551 0.61625
639.700000000 60.1257 49.8007 0 0 0 -0.927949 0.372708
641.000000000 59.4133 49.1468 0 0 0 -0.929856 0.367923
642.200000000 58.7775 48.5149 0 0 0 -0.919377 0.393377
643.600000000 58.0503 47.7532 0 0 0 -0.922093 0.386968
645.000000000 57.3031 47.0125 0 0 0 -0.925351 0.379111
646.300000000 56.6036 46.3243 0 0 0 -0.925351 0.379111
647.600000000 55.9142 45.646 0 0 0 -0.925351 0.379111
648.900000000 55.2147 44.9577 0 0 0 -0.925351 0.379111
650.200000000 54.5858 44.1998 0 0 0 -0.908214 0.418505
651.500000000 54.0926 43.3571 0 0 0 -0.843013 0.537894
653.000000000 53.8464 42.3677 0 0 0 -0.736024 0.676955
655.200000000 53.9542 41.3933 0 0 0 -0.670091 0.742279
658.700000000 54.0219 40.3735 0 0 0 -0.702545 0.711639
660.100000000 53.8571 39.328 0 0 0 -0.796948 0.604047
661.900000000 53.4057 38.5608 0 0 0 -0.889898 0.45616
665.700000000 52.725 37.8022 0 0 0 -0.914996 0.403463
669.500000000 52.0199 37.0824 0 0 0 -0.921434 0.388534
673.100000000 51.3375 36.3869 0 0 0 -0.924083 0.382192
676.700000000 50.643 35.704 0 0 0 -0.924083 0.382192
680.600000000 49.9445 34.9971 0 0 0 -0.924083 0.382192
684.600000000 49.2485 34.3128 0 0 0 -0.923414 0.383804
688.200000000 48.6366 33.51 0 0 0 -0.877935 0.47878
689.800000000 48.2803 32.5964 0 0 0 -0.798853 0.601526
693.100000000 48.1888 31.5973 0 0 0 -0.718213 0.695824
697.000000000 48.2174 30.6214 0 0 0 -0.693601 0.720359
698.600000000 48.2732 29.5894 0 0 0 -0.686077 0.727529
699.800000000 48.3177 28.6984 0 0 0 -0.679296 0.733865
701.100000000 48.4061 27.7185 0 0 0 -0.673259 0.739407
702.700000000 48.6945 26.9371 0 0 0 -0.421743 0.906716
703.400000000 48.815 27.0093 0 0 0 -0.116329 0.993211
704.100000000 48.7891 27.1354 0 0 0 0.231289 0.972885
704.800000000 48.7173 27.26 0 0 0 0.544082 0.839032
705.500000000 48.6133 27.3831 0 0 0 0.76481 0.644256
707.100000000 48.1095 28.2197 0 0 0 0.839086 0.543998
708.700000000 48.0775 29.254 0 0 0 0.655022 0.75561
710.200000000 48.5109 30.2069 0 0 0 0.472081 0.881555
711.600000000 49.2314 30.9385 0 0 0 0.371492 0.928436
712.900000000 49.8961 31.6315 0 0 0 0.380576 0.92475
714.200000000 50.6196 32.3072 0 0 0 0.38701 0.922076
715.600000000 51.318 33.0103 0 0 0 0.328219 0.944602
716.200000000 51.4502 32.9459 0 0 0 0.0728261 0.997345
717.000000000 51.5934 32.7824 0 0 0 -0.236028 0.971746
718.700000000 52.2855 31.9644 0 0 0 -0.440594 0.897707
720.000000000 52.9505 31.2278 0 0 0 -0.384944 0.92294
721.400000000 53.7014 30.5029 0 0 0 -0.364963 0.931022
722.700000000 54.404 29.8282 0 0 0 -0.379536 0.925177
724.000000000 55.1016 29.1379 0 0 0 -0.386475 0.9223
725.300000000 55.7795 28.4381 0 0 0 -0.386475 0.9223
726.500000000 56.4075 27.7982 0 0 0 -0.386476 0.9223
727.800000000 57.0929 27.106 0 0 0 -0.392214 0.919874
729.200000000 57.7032 26.2716 0 0 0 -0.503202 0.864169
730.500000000 57.9112 25.3665 0 0 0 -0.641413 0.767196
732.400000000 57.9287 24.343 0 0 0 -0.720233 0.693732
734.000000000 57.8211 23.9159 0 0 0 -0.896098 0.443856
734.700000000 57.7482 24.0233 0 0 0 -0.993359 0.115054
735.600000000 57.4697 24.1533 0 0 0 0.981918 0.189308
737.100000000 56.7502 24.8238 0 0 0 0.920188 0.391477
738.400000000 56.0795 25.5393 0 0 0 0.920857 0.3899
740.100000000 55.6425 26.1525 0 0 0 0.736053 0.676924
740.600000000 55.7691 26.147 0 0 0 0.550092 0.835104
741.200000000 55.855 26.088 0 0 0 0.283188 0.959064
741.800000000 55.8972 25.9764 0 0 0 -0.00823854 0.999966
742.500000000 55.8609 25.8612 0 0 0 -0.345214 0.938524
743.100000000 55.7683 25.7795 0 0 0 -0.603453 0.797398
743.700000000 55.6243 25.7611 0 0 0 -0.802198 0.597058
744.700000000 55.2966 25.3159 0 0 0 -0.915961 0.401268
746.200000000 54.4666 24.8323 0 0 0 -0.960462 0.27841
747.900000000 53.7197 24.186 0 0 0 -0.928079 0.372382
751.700000000 53.0394 23.5059 0 0 0 -0.924663 0.380788
756.600000000 52.3314 22.8039 0 0 0 -0.924663 0.380788
761.300000000 51.6395 22.1331 0 0 0 -0.930005 0.367548
764.400000000 50.8405 21.5237 0 0 0 -0.964438 0.264311
765.700000000 49.8956 21.1978 0 0 0 -0.993037 0.1178
767.600000000 48.9881 21.0282 0 0 0 1 0.000522246
771.800000000 48.0357 21.061 0 0 0 0.998952 0.0457607
776.500000000 47.1083 21.1798 0 0 0 0.998255 0.0590521
781.500000000 46.1211 21.2735 0 0 0 0.999186 0.0403447
786.400000000 45.1533 21.321 0 0 0 0.999922 0.0125002
790.900000000 44.2125 21.3169 0 0 0 -0.999932 0.0116882
795.900000000 43.2312 21.2979 0 0 0 -0.999982 0.0060602
800.700000000 42.2662 21.2956 0 0 0 -1 1.21796e-05
805.600000000 41.2977 21.2955 0 0 0 -1 1.2182e-05
810.400000000 40.3392 21.2955 0 0 0 -1 1.21835e-05
815.300000000 39.3794 21.2955 0 0 0 -1 1.21838e-05
820.200000000 38.3932 21.2955 0 0 0 -1 1.21842e-05
824.400000000 37.4652 21.2954 0 0 0 -1 1.21845e-05
829.300000000 36.4984 21.2954 0 0 0 -1 1.21849e-05
834.200000000 35.5369 21.2954 0 0 0 -1 1.21853e-05
839.200000000 34.5457 21.2954 0 0 0 -1 1.21857e-05
843.800000000 33.5702 21.2953 0 0 0 -1 1.21861e-05
848.800000000 32.5789 21.2953 0 0 0 -1 1.21866e-05
853.600000000 31.6179 21.2953 0 0 0 -1 1.2187e-05
858.600000000 30.6312 21.2953 0 0 0 -1 1.21875e-05
863.500000000 29.6697 21.2952 0 0 0 -1 1.2188e-05
868.100000000 28.7264 21.2952 0 0 0 -1 1.21881e-05
873.000000000 27.7537 21.2952 0 0 0 -1 1.21885e-05
877.600000000 26.7605 21.2283 0 0 0 -0.999505 0.0314675
878.700000000 26.2747 21.0084 0 0 0 -0.955767 0.294125
880.200000000 25.5422 20.318 0 0 0 -0.913644 0.406515
884.100000000 24.8741 19.5965 0 0 0 -0.92048 0.39079
888.700000000 24.1898 18.9008 0 0 0 -0.922801 0.385276
893.300000000 23.516 18.209 0 0 0 -0.922801 0.385276
898.000000000 22.83 17.5248 0 0 0 -0.922801 0.385276
900.600000000 22.3879 17.2242 0 0 0 -0.998813 0.0487162
901.400000000 22.1361 17.4123 0 0 0 0.976479 0.215612
902.900000000 21.4604 18.1686 0 0 0 0.906437 0.422342
904.500000000 20.8156 18.857 0 0 0 0.917234 0.39835
914.400000000 20.1495 19.5335 0 0 0 0.92256 0.385854
919.200000000 19.4534 20.2278 0 0 0 0.922747 0.385407
923.900000000 18.7687 20.921 0 0 0 0.922747 0.385407
928.300000000 18.0928 21.6054 0 0 0 0.922747 0.385407
932.500000000 17.4342 22.2724 0 0 0 0.922747 0.385407
937.100000000 16.7409 22.9743 0 0 0 0.922747 0.385407
941.700000000 16.0636 23.65 0 0 0 0.922747 0.385407
946.200000000 15.3738 24.3582 0 0 0 0.922747 0.385407
948.900000000 14.7202 25.0201 0 0 0 0.922747 0.385407
952.700000000 14.0318 25.7071 0 0 0 0.922747 0.385407
956.900000000 13.3584 26.399 0 0 0 0.922747 0.385407
960.200000000 12.6841 27.0992 0 0 0 0.912682 0.408671
961.500000000 12.1511 27.8988 0 0 0 0.859232 0.511586
963.700000000 11.9224 28.83 0 0 0 0.773089 0.634298
968.200000000 11.8261 29.8092 0 0 0 0.708355 0.705856
971.400000000 11.9104 30.8718 0 0 0 0.657872 0.75313
974.400000000 12.0097 31.8635 0 0 0 0.682915 0.730498
978.500000000 12.0384 32.8138 0 0 0 0.700055 0.714089
983.500000000 12.0175 33.7977 0 0 0 0.721312 0.692611
988.400000000 12.0004 34.7678 0 0 0 0.710227 0.703972
992.200000000 12.051 35.54 0 0 0 0.458176 0.888862
992.700000000 12.0547 35.5335 0 0 0 0.244947 0.969536
993.400000000 12.0472 35.5224 0 0 0 -0.075188 0.997169
994.100000000 12.0366 35.4649 0 0 0 -0.322823 0.946459
995.600000000 12.6068 34.6377 0 0 0 -0.517421 0.855731
996.800000000 12.7943 34.5552 0 0 0 -0.277333 0.960774
997.900000000 13.0651 34.6243 0 0 0 -0.0129906 0.999916
999.400000000 13.8016 34.2911 0 0 0 -0.295435 0.955363
1001.300000000 14.4114 33.6162 0 0 0 -0.42887 0.903366
1003.700000000 15.025 33.2796 0 0 0 -0.152625 0.988284
1005.200000000 15.5455 33.3808 0 0 0 0.141822 0.989892
1006.700000000 16.5016 33.754 0 0 0 0.155729 0.9878
1008.500000000 17.369 33.8927 0 0 0 -0.201162 0.979558
1009.100000000 17.301 33.7571 0 0 0 -0.476051 0.879418
1009.700000000 17.2414 33.7153 0 0 0 -0.712647 0.701523
1010.600000000 16.9395 33.3985 0 0 0 -0.865574 0.500781
1012.000000000 16.2765 32.6686 0 0 0 -0.934753 0.355298
1013.300000000 15.5456 32.0455 0 0 0 -0.93918 0.343425
1015.500000000 14.7626 31.398 0 0 0 -0.944336 0.328982
1018.500000000 14.0494 30.8121 0 0 0 -0.938928 0.344114
1022.000000000 13.2961 30.1711 0 0 0 -0.938296 0.345833
1024.300000000 12.4867 29.4965 0 0 0 -0.942452 0.334342
1025.600000000 11.806 28.7696 0 0 0 -0.911814 0.410603
1027.000000000 11.1021 28.0469 0 0 0 -0.911172 0.412026
1028.400000000 10.6063 27.1708 0 0 0 -0.838851 0.544361
1030.400000000 10.3973 26.1906 0 0 0 -0.736345 0.676606
1031.700000000 10.4515 25.2139 0 0 0 -0.64475 0.764394
1032.900000000 10.4934 24.2421 0 0 0 -0.66806 0.744107
1034.400000000 10.5605 23.2127 0 0 0 -0.685665 0.727918
1036.000000000 10.5865 22.2495 0 0 0 -0.69791 0.716185
1038.800000000 10.5929 21.3128 0 0 0 -0.705455 0.708755
1042.400000000 10.5977 20.3531 0 0 0 -0.705455 0.708755
1046.200000000 10.6024 19.3846 0 0 0 -0.705455 0.708755
1049.500000000 10.6071 18.4396 0 0 0 -0.705455 0.708755
1051.000000000 10.5848 17.3949 0 0 0 -0.71513 0.698991
1052.200000000 10.5582 16.4933 0 0 0 -0.723193 0.690646
1053.500000000 10.5562 15.5195 0 0 0 -0.704294 0.709908
1054.900000000 10.5715 14.4659 0 0 0 -0.702128 0.712051
1056.200000000 10.5633 13.4887 0 0 0 -0.715436 0.698678
1057.600000000 10.4823 12.4443 0 0 0 -0.73242 0.680853
1058.800000000 10.4638 11.5414 0 0 0 -0.708296 0.705915
1060.200000000 10.474 10.4872 0 0 0 -0.703119 0.711073
1061.600000000 10.4852 9.43559 0 0 0 -0.704736 0.70947
1062.900000000 10.4793 8.46202 0 0 0 -0.710685 0.70351
1064.300000000 10.4717 7.40901 0 0 0 -0.708922 0.705287
1065.600000000 10.4665 6.43599 0 0 0 -0.708898 0.705311
1066.900000000 10.4602 5.46437 0 0 0 -0.708697 0.705513
1068.300000000 10.4548 4.412 0 0 0 -0.708663 0.705547
1069.700000000 10.4497 3.35966 0 0 0 -0.708631 0.705579
1071.100000000 10.4452 2.31597 0 0 0 -0.708623 0.705587
1072.400000000 10.4805 1.33258 0 0 0 -0.690984 0.72287
1073.800000000 10.5396 0.383959 0 0 0 -0.743587 0.668639
1074.900000000 10.1857 -0.121267 0 0 0 -0.886256 0.463195
1076.200000000 9.48284 -0.805399 0 0 0 -0.930734 0.365698
1077.500000000 8.78273 -1.46197 0 0 0 -0.930743 0.365673
1078.700000000 8.06355 -2.00333 0 0 0 -0.959836 0.280562
1085.800000000 7.17607 -2.35332 0 0 0 -0.995304 0.0968036
1086.600000000 6.93885 -2.2348 0 0 0 0.984095 0.177642
1088.200000000 6.14965 -1.49108 0 0 0 0.918144 0.396247
1089.400000000 5.52271 -0.872952 0 0 0 0.920064 0.391768
1090.700000000 4.76947 -0.25118 0 0 0 0.956097 0.29305
1092.000000000 3.89424 0.149393 0 0 0 0.98666 0.162796
1093.400000000 2.90065 0.248778 0 0 0 0.999972 0.00742702
1094.700000000 1.88838 0.147727 0 0 0 -0.995322 0.0966101
1095.900000000 1.00595 0.0106325 0 0 0 -0.996705 0.0811121
1097.400000000 -0.0121464 -0.0839335 0 0 0 -0.999216 0.0395794
1099.000000000 -1.0016 -0.0647335 0 0 0 0.998419 0.0562139
1099.700000000 -1.0341 -0.0164003 0 0 0 0.928699 0.370833
1100.400000000 -0.938074 0.0555286 0 0 0 0.749025 0.662542
1101.000000000 -0.801444 0.0439544 0 0 0 0.523721 0.85189
1101.600000000 -0.749966 -0.0101626 0 0 0 0.253072 0.967447
1102.200000000 -0.686144 -0.122714 0 0 0 -0.0398796 0.999204
1104.100000000 0.248849 -0.590342 0 0 0 -0.125305 0.992118
1105.500000000 1.02264 -0.489396 0 0 0 0.138834 0.990316
1106.800000000 1.35631 -0.118665 0 0 0 0.42502 0.905184
1107.700000000 1.36403 -0.111553 0 0 0 0.672674 0.739939
1108.600000000 1.2551 -0.0729071 0 0 0 0.869641 0.493684
1109.800000000 0.847561 0.18576 0 0 0 0.961104 0.276188
1111.100000000 0.496025 0.228397 0 0 0 -0.99986 0.0167416
1112.000000000 0.548966 0.102695 0 0 0 -0.945448 0.325774
1112.800000000 0.609563 -0.00348603 0 0 0 -0.833584 0.552393
1114.200000000 0.659247 -0.398613 0 0 0 -0.648796 0.760962
1115.300000000 0.798941 -0.489517 0 0 0 -0.395024 0.918671
1116.000000000 0.862346 -0.412719 0 0 0 -0.16009 0.987102
1116.900000000 0.938625 -0.269486 0 0 0 0.136934 0.99058
1118.600000000 2.02836 -0.297955 0 0 0 -0.1342 0.990954
1120.100000000 2.90286 -0.824723 0 0 0 -0.307565 0.951527
1121.400000000 3.72611 -1.35549 0 0 0 -0.230674 0.973031
1122.800000000 4.70478 -1.60146 0 0 0 -0.080243 0.996775
1124.700000000 5.65223 -1.6106 0 0 0 0.0312791 0.999511
1128.800000000 6.6312 -1.51808 0 0 0 0.0455385 0.998963
1133.300000000 7.59902 -1.44273 0 0 0 0.0343239 0.999411
1137.400000000 8.58038 -1.44009 0 0 0 -0.0115051 0.999934
1141.100000000 9.54402 -1.49465 0 0 0 -0.0287739 0.999586
1145.100000000 10.4844 -1.51932 0 0 0 -0.0112963 0.999936
1149.300000000 11.4325 -1.52659 0 0 0 -0.00224776 0.999997
1153.600000000 12.4131 -1.52122 0 0 0 -0.0022314 0.999998
1155.700000000 13.4131 -1.65118 0 0 0 -0.0893853 0.995997
1157.000000000 14.3266 -2.0059 0 0 0 -0.192537 0.98129
1158.300000000 15.2484 -2.34723 0 0 0 -0.173314 0.984867
1159.800000000 16.2264 -2.48204 0 0 0 -0.0366462 0.999328
1162.200000000 17.1511 -2.47619 0 0 0 0.0308301 0.999525
1166.600000000 18.1341 -2.38631 0 0 0 0.0323285 0.999477
1171.100000000 19.1133 -2.35858 0 0 0 0.00598692 0.999982
1174.700000000 20.0963 -2.39035 0 0 0 -0.0167392 0.99986
1178.700000000 21.0487 -2.40242 0 0 0 -0.00532302 0.999986
1183.000000000 22.0013 -2.40683 0 0 0 -0.00388474 0.999992
1187.200000000 22.9462 -2.41545 0 0 0 -0.00391077 0.999992
1189.500000000 23.8302 -2.17678 0 0 0 0.261892 0.965097
1191.000000000 24.5918 -1.41915 0 0 0 0.403571 0.914948
1192.200000000 25.215 -0.763604 0 0 0 0.387164 0.922011
1193.600000000 25.9538 -0.0123468 0 0 0 0.394287 0.918988
1195.000000000 26.5795 0.716863 0 0 0 0.464459 0.885594
1197.300000000 26.8111 1.53594 0 0 0 0.722525 0.691345
1198.100000000 26.6495 1.64215 0 0 0 0.902567 0.43055
1198.800000000 26.4996 1.60028 0 0 0 0.989139 0.146981
1199.400000000 26.4897 1.50094 0 0 0 -0.989923 0.141608
1200.900000000 25.5445 1.06027 0 0 0 -0.979686 0.200537
1201.800000000 25.2545 0.797734 0 0 0 -0.874972 0.484174
1202.500000000 25.3502 0.560114 0 0 0 -0.73674 0.676176
1204.100000000 25.6639 -0.463278 0 0 0 -0.573309 0.819339
1205.400000000 26.0646 -1.38045 0 0 0 -0.597918 0.801557
1206.600000000 26.2394 -2.2729 0 0 0 -0.661398 0.750035
1208.000000000 26.2571 -3.33639 0 0 0 -0.714367 0.699771
1209.500000000 26.0836 -4.02134 0 0 0 -0.889864 0.456226
1210.100000000 25.9832 -3.95959 0 0 0 -0.97998 0.199097
1210.700000000 25.9111 -3.86733 0 0 0 0.997475 0.0710241
1211.200000000 25.8919 -3.77212 0 0 0 0.956149 0.292882
1211.800000000 25.9258 -3.67306 0 0 0 0.843279 0.537476
1213.400000000 25.8001 -2.65233 0 0 0 0.778507 0.627635
1214.900000000 25.215 -1.81184 0 0 0 0.908207 0.41852
1216.200000000 24.4867 -1.17077 0 0 0 0.944804 0.327635
1219.800000000 23.7762 -0.541131 0 0 0 0.933915 0.357496
1224.600000000 23.0818 0.112579 0 0 0 0.926553 0.376164
1229.200000000 22.3672 0.899014 0 0 0 0.902742 0.430182
1230.500000000 21.8798 1.73114 0 0 0 0.846524 0.532351
1232.600000000 21.6516 2.67565 0 0 0 0.755687 0.654933
1237.200000000 21.6603 3.66062 0 0 0 0.692354 0.721558
1241.500000000 21.8215 4.44128 0 0 0 0.402658 0.91535
1242.100000000 21.9091 4.3357 0 0 0 0.118773 0.992921
1242.700000000 21.9051 4.20035 0 0 0 -0.174076 0.984732
1243.800000000 22.2404 3.80207 0 0 0 -0.446608 0.89473
1245.200000000 22.6151 2.90256 0 0 0 -0.562375 0.826882
1246.500000000 23.0752 2.0387 0 0 0 -0.479191 0.877711
1247.700000000 23.6979 1.38331 0 0 0 -0.369244 0.929333
1249.100000000 24.5633 0.844665 0 0 0 -0.200879 0.979616
1250.600000000 25.5896 0.72846 0 0 0 0.00532717 0.999986
1252.100000000 26.4334 1.03482 0 0 0 0.238788 0.971072
1254.900000000 27.2107 1.64062 0 0 0 0.348063 0.937471
1256.300000000 27.918 2.40246 0 0 0 0.436071 0.899912
1258.300000000 28.3198 3.25688 0 0 0 0.586033 0.810287
1260.000000000 28.782 4.05765 0 0 0 0.441464 0.897279
1261.300000000 29.4851 4.7426 0 0 0 0.362987 0.931794
1262.600000000 30.2018 5.40279 0 0 0 0.37616 0.926555
1263.900000000 30.8827 6.0897 0 0 0 0.38682 0.922155
1265.800000000 31.6828 6.6752 0 0 0 0.0870407 0.996205
1266.600000000 31.9891 6.53838 0 0 0 -0.155183 0.987886
1268.100000000 32.9105 5.99818 0 0 0 -0.29147 0.95658
1269.400000000 33.7774 5.58996 0 0 0 -0.161441 0.986882
1271.000000000 34.715 5.52397 0 0 0 0.0912451 0.995828
1272.100000000 35.273 5.90674 0 0 0 0.323479 0.946235
1273.600000000 35.9362 6.63286 0 0 0 0.398536 0.917153
1276.400000000 36.6135 7.33353 0 0 0 0.388328 0.921521
1277.800000000 36.8748 7.42062 0 0 0 0.0588048 0.99827
1278.400000000 36.8636 7.28384 0 0 0 -0.234316 0.972161
1279.000000000 36.7893 7.19306 0 0 0 -0.507172 0.861845
1279.600000000 36.6768 7.15918 0 0 0 -0.7361 0.676872
1280.400000000 36.465 6.91399 0 0 0 -0.876428 0.481533
1281.900000000 35.6533 6.23511 0 0 0 -0.9472 0.320642
1283.200000000 34.8995 5.64699 0 0 0 -0.940181 0.340676
1284.400000000 34.3549 4.9453 0 0 0 -0.878481 0.477778
1285.900000000 33.9937 3.91878 0 0 0 -0.765314 0.643657
1287.200000000 33.9953 2.95089 0 0 0 -0.675389 0.737461
1288.400000000 34.1693 2.06989 0 0 0 -0.617878 0.786274
1289.700000000 34.5963 1.19435 0 0 0 -0.48266 0.875808
1291.100000000 35.31 0.431759 0 0 0 -0.352683 0.935743
1292.400000000 36.1463 -0.0712723 0 0 0 -0.21432 0.976764
1293.700000000 37.1327 -0.256277 0 0 0 -0.055231 0.998474
1295.100000000 38.1286 -0.138854 0 0 0 0.126589 0.991955
1296.400000000 38.9965 0.319236 0 0 0 0.295153 0.95545
1297.400000000 39.1413 0.586939 0 0 0 0.590362 0.807139
1297.900000000 39.0428 0.617706 0 0 0 0.771291 0.636483
1298.600000000 38.9282 0.52191 0 0 0 0.943555 0.331215
1299.100000000 38.8944 0.431801 0 0 0 0.996111 0.0881098
1299.800000000 38.8886 0.294429 0 0 0 -0.968874 0.247556
1300.900000000 38.5736 -0.19677 0 0 0 -0.881282 0.472591
1302.200000000 38.1229 -1.09629 0 0 0 -0.806638 0.591046
1303.300000000 38.1798 -1.60221 0 0 0 -0.613216 0.789915
1304.300000000 38.503 -1.95552 0 0 0 -0.381632 0.924314
1305.900000000 39.494 -2.40197 0 0 0 -0.135709 0.990749
1307.200000000 40.4643 -2.47283 0 0 0 0.00500952 0.999987
1308.500000000 41.426 -2.29565 0 0 0 0.101919 0.994793
1309.600000000 41.8953 -2.43888 0 0 0 -0.199923 0.979812
1311.000000000 42.6206 -3.07541 0 0 0 -0.383019 0.923741
1312.400000000 43.3641 -3.79845 0 0 0 -0.340398 0.940281
1313.700000000 44.2387 -4.26821 0 0 0 -0.19309 0.981181
1315.000000000 45.1824 -4.43397 0 0 0 -0.0286475 0.99959
1316.400000000 46.2282 -4.3528 0 0 0 0.0619656 0.998078
1317.700000000 47.1975 -4.18715 0 0 0 0.082649 0.996579
1319.000000000 48.156 -4.14985 0 0 0 -0.0294383 0.999567
1320.400000000 49.0871 -4.47234 0 0 0 -0.232329 0.972637
1321.300000000 49.2056 -4.72761 0 0 0 -0.522596 0.85258
1321.900000000 49.1261 -4.80442 0 0 0 -0.727652 0.685947
1322.500000000 48.9978 -4.84113 0 0 0 -0.881439 0.472298
1323.100000000 48.9059 -4.78653 0 0 0 -0.977553 0.210692
1323.700000000 48.8912 -4.6614 0 0 0 0.996551 0.08298
1324.400000000 48.9479 -4.53752 0 0 0 0.909939 0.414743
1325.100000000 49.0777 -4.43057 0 0 0 0.734734 0.678356
1325.800000000 49.1753 -4.35083 0 0 0 0.510776 0.859714
1327.300000000 49.9208 -3.65484 0 0 0 0.344955 0.938619
1328.700000000 50.7304 -3.00216 0 0 0 0.335573 0.942014
1330.000000000 51.5528 -2.44979 0 0 0 0.235116 0.971967
1331.300000000 52.4903 -2.21297 0 0 0 0.0793357 0.996848
1332.600000000 53.4634 -2.19869 0 0 0 -0.0341555 0.999417
1333.900000000 54.449 -2.27427 0 0 0 -0.0465831 0.998914
1335.500000000 55.4686 -2.34555 0 0 0 0.0874801 0.996166
1336.300000000 55.532 -2.16203 0 0 0 0.402604 0.915374
1337.100000000 55.6046 -1.82078 0 0 0 0.604505 0.796601
1338.600000000 55.5476 -0.780593 0 0 0 0.758574 0.651587
1340.900000000 55.4 0.142038 0 0 0 0.75807 0.652173
1345.100000000 55.3747 1.1321 0 0 0 0.703523 0.710672
1346.700000000 55.4988 2.09805 0 0 0 0.626366 0.779529
1348.100000000 55.884 2.71626 0 0 0 0.331134 0.943584
1348.700000000 55.9838 2.63377 0 0 0 0.0620351 0.998074
1350.300000000 57.0735 2.59707 0 0 0 -0.0112934 0.999936
1351.700000000 57.973 2.52886 0 0 0 -0.106779 0.994283
1352.200000000 57.9314 2.44847 0 0 0 -0.346604 0.938011
1352.900000000 57.8278 2.37762 0 0 0 -0.641479 0.767141
1353.500000000 57.7002 2.36191 0 0 0 -0.837 0.547203
1354.100000000 57.6146 2.44087 0 0 0 -0.960524 0.278196
1354.700000000 57.5835 2.53135 0 0 0 0.99991 0.013446
1355.300000000 57.6205 2.6531 0 0 0 0.953116 0.302604
1356.000000000 57.6437 2.80001 0 0 0 0.827399 0.561614
1357.100000000 57.6712 3.36897 0 0 0 0.645583 0.76369
1358.500000000 57.9653 4.28589 0 0 0 0.627933 0.778268
1360.000000000 57.95 5.3387 0 0 0 0.72987 0.683586
1361.500000000 57.8685 6.35631 0 0 0 0.740046 0.672556
1362.800000000 57.7918 7.27728 0 0 0 0.729585 0.683891
1364.200000000 57.3442 8.03864 0 0 0 0.885904 0.463868
1365.700000000 56.7921 8.72777 0 0 0 0.89356 0.448944
1367.000000000 56.3897 9.59156 0 0 0 0.813824 0.581112
1369.100000000 56.2982 10.5737 0 0 0 0.72443 0.689348
1373.000000000 56.2844 11.5432 0 0 0 0.693578 0.720382
1376.800000000 56.3315 12.4808 0 0 0 0.685396 0.728171
1379.700000000 56.4158 13.5007 0 0 0 0.662121 0.749397
1381.300000000 56.6783 14.5312 0 0 0 0.547453 0.836836
1382.300000000 56.9564 14.7658 0 0 0 0.26201 0.965065
1383.200000000 57.2983 14.6843 0 0 0 -0.000544733 1
1384.400000000 58.1906 14.6557 0 0 0 -0.0279961 0.999608
1386.000000000 58.8675 14.4995 0 0 0 -0.344192 0.938899
1386.600000000 58.8027 14.3968 0 0 0 -0.587817 0.808994
1387.300000000 58.6811 14.3614 0 0 0 -0.822487 0.568784
1387.900000000 58.5836 14.4362 0 0 0 -0.952411 0.304816
1388.600000000 58.5351 14.5633 0 0 0 0.999406 0.0344717
1389.100000000 58.5677 14.638 0 0 0 0.960786 0.277292
1389.700000000 58.6404 14.712 0 0 0 0.838471 0.544946
1390.400000000 58.776 14.7404 0 0 0 0.605385 0.795932
1390.900000000 58.8599 14.7063 0 0 0 0.392888 0.919586
1391.600000000 58.926 14.6085 0 0 0 0.057824 0.998327
1392.200000000 58.9162 14.4899 0 0 0 -0.235007 0.971994
1392.800000000 58.8323 14.399 0 0 0 -0.509131 0.860689
1393.300000000 58.7502 14.3551 0 0 0 -0.70123 0.712935
1394.000000000 58.6136 14.3826 0 0 0 -0.89971 0.436488
1394.600000000 58.5331 14.4805 0 0 0 -0.987033 0.16052
1395.800000000 57.9239 14.6058 0 0 0 0.992955 0.118489
1397.100000000 56.9745 14.7565 0 0 0 -0.9999 0.0141618
1398.500000000 56.2791 14.3837 0 0 0 -0.956032 0.293264
1400.000000000 55.5221 13.6358 0 0 0 -0.919656 0.392725
1402.500000000 54.8861 12.9793 0 0 0 -0.921013 0.389531
1405.600000000 54.1763 12.2519 0 0 0 -0.923252 0.384196
1407.200000000 53.4097 11.4799 0 0 0 -0.923252 0.384196
1408.600000000 52.6727 10.7378 0 0 0 -0.923252 0.384196
1410.000000000 51.9312 9.99153 0 0 0 -0.923252 0.384196
1411.600000000 51.3178 9.53652 0 0 0 -0.9943 0.106614
1412.500000000 51.0708 9.69346 0 0 0 0.97788 0.209165
1414.100000000 50.3867 10.4408 0 0 0 0.911214 0.411933
1415.600000000 49.5097 11.027 0 0 0 0.97334 0.229369
1417.000000000 48.5885 11.2458 0 0 0 0.997945 0.0640756
1418.500000000 47.6878 11.4633 0 0 0 0.980395 0.197043
1420.300000000 46.9471 12.018 0 0 0 0.930146 0.36719
1421.900000000 46.3677 12.8617 0 0 0 0.852656 0.522473
1423.600000000 46.1417 13.833 0 0 0 0.733602 0.67958
1425.200000000 46.3121 14.8996 0 0 0 0.566461 0.824089
1426.300000000 46.6219 15.2566 0 0 0 0.317588 0.948229
1427.000000000 46.7322 15.153 0 0 0 0.0054606 0.999985
1427.500000000 46.7567 15.092 0 0 0 -0.222467 0.97494
1428.200000000 46.726 14.9542 0 0 0 -0.509864 0.860255
1428.800000000 46.6559 14.8841 0 0 0 -0.726086 0.687604
1429.400000000 46.5728 14.9151 0 0 0 -0.894795 0.446477
1429.900000000 46.4661 15.0039 0 0 0 -0.976315 0.216354
1430.600000000 46.4802 15.0783 0 0 0 0.991608 0.129279
1431.200000000 46.4993 15.2516 0 0 0 0.927785 0.373115
1432.100000000 46.3523 15.612 0 0 0 0.793991 0.60793
1434.500000000 46.4041 16.5999 0 0 0 0.688768 0.724982
1444.300000000 46.2443 17.5775 0 0 0 0.746192 0.665731
1446.800000000 46.0906 18.5803 0 0 0 0.762277 0.647251
1451.500000000 46.0195 19.5357 0 0 0 0.721384 0.692535
1456.400000000 46.0526 20.5064 0 0 0 0.692605 0.721317
1461.000000000 45.9661 21.4336 0 0 0 0.839574 0.543245
1461.700000000 45.9275 21.4098 0 0 0 0.961913 0.273354
1462.400000000 45.8122 21.335 0 0 0 -0.999789 0.02054
1464.200000000 44.9112 20.8241 0 0 0 -0.980017 0.198914
1465.700000000 44.1891 20.7182 0 0 0 0.997036 0.0769383
1466.700000000 43.9969 20.9218 0 0 0 0.935221 0.354064
1468.000000000 43.8099 21.2755 0 0 0 0.799737 0.600351
1469.000000000 43.8822 21.4651 0 0 0 0.601913 0.798562
1469.700000000 44.0109 21.464 0 0 0 0.35765 0.933856
1470.400000000 44.0771 21.3999 0 0 0 0.0899591 0.995945
1471.100000000 44.0544 21.2864 0 0 0 -0.24188 0.970306
1471.700000000 43.9415 21.1669 0 0 0 -0.512656 0.858594
1472.400000000 43.809 21.1757 0 0 0 -0.772559 0.634943
1473.200000000 43.6976 21.062 0 0 0 -0.932811 0.360367
1474.200000000 43.3929 21.0667 0 0 0 -0.994218 0.107379
1478.900000000 42.4258 21.2013 0 0 0 0.998232 0.0594423
1483.900000000 41.4821 21.2836 0 0 0 0.999311 0.0371158
