0.300000000 0.2 0 0 0 0 0 1
5.700000000 1.2539 -0.000553981 0 0 0 5.79568e-05 1
6.900000000 2.14832 0.00555804 0 0 0 0.0292523 0.999572
8.500000000 3.06547 0.378664 0 0 0 0.229842 0.973228
9.100000000 3.08354 0.255943 0 0 0 -0.0683669 0.99766
9.700000000 3.03879 0.238843 0 0 0 -0.360008 0.932949
10.400000000 2.92799 0.199866 0 0 0 -0.658565 0.752524
11.000000000 2.80817 0.22068 0 0 0 -0.851564 0.52425
11.600000000 2.71345 0.261889 0 0 0 -0.968286 0.249844
12.300000000 2.69671 0.318883 0 0 0 0.995199 0.09787
12.900000000 2.75135 0.426241 0 0 0 0.921853 0.387541
13.500000000 2.84489 0.483695 0 0 0 0.766193 0.642611
14.100000000 2.96387 0.465083 0 0 0 0.541631 0.840616
14.700000000 3.05911 0.394066 0 0 0 0.270202 0.962804
15.300000000 3.09636 0.26143 0 0 0 -0.0261652 0.999658
18.300000000 3.09915 0.22019 0 0 0 -0.340581 0.940215
18.900000000 3.03214 0.190527 0 0 0 -0.579539 0.814945
19.600000000 2.94136 -0.000502627 0 0 0 -0.769062 0.639174
21.200000000 2.37485 -0.859547 0 0 0 -0.89539 0.445282
22.500000000 1.85587 -1.76403 0 0 0 -0.852772 0.522284
24.300000000 1.68284 -2.75109 0 0 0 -0.7294 0.684088
25.400000000 1.80751 -2.91001 0 0 0 -0.448225 0.893921
26.100000000 1.88384 -2.85282 0 0 0 -0.113812 0.993502
26.700000000 1.95507 -2.76455 0 0 0 0.15212 0.988362
28.100000000 2.62113 -2.18581 0 0 0 0.378985 0.925403
29.400000000 3.21102 -1.39981 0 0 0 0.484867 0.874588
30.800000000 3.61244 -0.449028 0 0 0 0.582581 0.812772
32.000000000 3.79058 0.469403 0 0 0 0.655448 0.755241
33.300000000 3.83308 1.4294 0 0 0 0.705549 0.708661
34.600000000 3.802 2.3931 0 0 0 0.711742 0.702441
36.000000000 3.79756 3.43587 0 0 0 0.709629 0.704576
37.200000000 3.785 4.33514 0 0 0 0.709371 0.704835
38.500000000 3.78542 5.31063 0 0 0 0.709728 0.704475
39.800000000 3.76323 6.28867 0 0 0 0.710372 0.703826
41.100000000 3.75537 7.26158 0 0 0 0.710826 0.703368
42.400000000 3.82366 8.231 0 0 0 0.661796 0.749684
44.000000000 4.25345 9.17628 0 0 0 0.446293 0.894887
45.500000000 5.0244 9.71433 0 0 0 0.203144 0.979149
46.900000000 6.06868 9.88182 0 0 0 0.0332721 0.999446
48.200000000 7.03692 9.79498 0 0 0 -0.0694179 0.997588
49.600000000 8.06154 9.57891 0 0 0 -0.115078 0.993356
51.000000000 9.08317 9.3289 0 0 0 -0.11744 0.99308
52.200000000 9.95992 9.1297 0 0 0 -0.106869 0.994273
53.500000000 10.908 8.91192 0 0 0 -0.116697 0.993168
54.600000000 11.1446 8.71775 0 0 0 -0.449762 0.893148
55.200000000 11.0263 8.66956 0 0 0 -0.690163 0.723654
55.700000000 10.8986 8.66923 0 0 0 -0.845768 0.533551
56.400000000 10.8435 8.7647 0 0 0 -0.97656 0.215246
57.000000000 10.7256 8.83789 0 0 0 0.999876 0.0157776
58.000000000 10.329 9.10797 0 0 0 0.959551 0.281536
59.500000000 9.59478 9.88553 0 0 0 0.908089 0.418778
60.500000000 9.50445 10.2273 0 0 0 0.742567 0.669771
61.300000000 9.61863 10.4413 0 0 0 0.525344 0.85089
62.400000000 10.0546 10.7606 0 0 0 0.281555 0.959545
63.800000000 11.0316 11.0903 0 0 0 0.120842 0.992672
65.100000000 11.9699 11.2155 0 0 0 0.0303629 0.999539
66.800000000 12.9943 10.9536 0 0 0 -0.241828 0.970319
68.200000000 13.7726 10.3506 0 0 0 -0.406163 0.913801
69.400000000 14.3568 9.63255 0 0 0 -0.339239 0.9407
70.700000000 15.1998 9.16453 0 0 0 -0.204328 0.978902
72.300000000 16.1257 9.02133 0 0 0 0.101562 0.994829
73.000000000 16.0903 9.12991 0 0 0 0.43708 0.899423
73.600000000 15.9643 9.20228 0 0 0 0.673099 0.739553
74.400000000 15.8615 9.42577 0 0 0 0.849981 0.526814
75.900000000 15.124 10.1185 0 0 0 0.935875 0.352332
77.200000000 14.3972 10.7732 0 0 0 0.93283 0.360318
78.500000000 13.6333 11.376 0 0 0 0.952718 0.303856
79.700000000 12.8425 11.819 0 0 0 0.970127 0.242597
81.100000000 11.8832 12.226 0 0 0 0.984987 0.17263
82.400000000 10.9474 12.4931 0 0 0 0.99213 0.125213
83.800000000 9.92329 12.7586 0 0 0 0.99282 0.119616
85.200000000 9.17057 13.239 0 0 0 0.93283 0.360318
86.300000000 8.9141 13.7295 0 0 0 0.801395 0.598136
87.900000000 8.94493 14.8291 0 0 0 0.685302 0.728259
89.200000000 9.05242 15.795 0 0 0 0.655773 0.754958
90.500000000 9.22267 16.7509 0 0 0 0.633656 0.773615
91.800000000 9.43642 17.7042 0 0 0 0.609472 0.792807
93.100000000 9.82701 18.6022 0 0 0 0.514732 0.857351
94.400000000 10.3241 19.443 0 0 0 0.515352 0.856979
95.700000000 10.5766 20.4443 0 0 0 0.632533 0.774533
96.600000000 10.5077 20.6248 0 0 0 0.857863 0.513879
97.200000000 10.425 20.4795 0 0 0 0.971406 0.237423
97.800000000 10.4032 20.3656 0 0 0 -0.998177 0.0603627
98.300000000 10.4416 20.2675 0 0 0 -0.952401 0.304848
99.000000000 10.5357 20.1858 0 0 0 -0.789754 0.613424
99.600000000 10.6583 20.174 0 0 0 -0.583706 0.811965
101.200000000 11.3457 19.4276 0 0 0 -0.369908 0.929069
102.500000000 11.9851 18.7213 0 0 0 -0.45089 0.89258
103.800000000 12.362 17.8489 0 0 0 -0.596169 0.802859
105.200000000 12.401 17.0378 0 0 0 -0.787613 0.61617
105.900000000 12.2819 17.1037 0 0 0 -0.950009 0.312223
106.500000000 12.2341 17.2106 0 0 0 -0.999754 0.0221637
107.200000000 12.2642 17.3658 0 0 0 0.948579 0.31654
107.700000000 12.3536 17.4415 0 0 0 0.843582 0.537001
108.400000000 12.4507 17.4643 0 0 0 0.611353 0.791358
109.400000000 12.846 17.8134 0 0 0 0.399955 0.916535
110.800000000 13.623 18.5131 0 0 0 0.340182 0.94036
112.100000000 14.2931 19.2236 0 0 0 0.40117 0.916004
113.400000000 14.8772 20.0053 0 0 0 0.480143 0.87719
114.700000000 15.305 20.8499 0 0 0 0.553 0.833181
116.000000000 15.5946 21.7796 0 0 0 0.615745 0.787946
117.300000000 15.7091 22.7691 0 0 0 0.666325 0.745661
118.700000000 15.7244 23.8078 0 0 0 0.678712 0.734404
120.100000000 16.0652 24.7263 0 0 0 0.512994 0.858392
121.500000000 16.7464 25.5034 0 0 0 0.383096 0.923709
122.800000000 17.5146 26.0961 0 0 0 0.291155 0.956676
124.200000000 18.4673 26.5548 0 0 0 0.207743 0.978183
125.400000000 19.3057 26.8853 0 0 0 0.150986 0.988536
126.700000000 20.2006 27.2432 0 0 0 0.247584 0.968866
128.200000000 20.9982 27.9903 0 0 0 0.39114 0.920331
129.400000000 21.2776 28.4456 0 0 0 0.636486 0.771288
130.100000000 21.1492 28.4227 0 0 0 0.862615 0.505861
130.700000000 21.067 28.3377 0 0 0 0.973956 0.226737
131.300000000 21.0464 28.2229 0 0 0 -0.997481 0.070932
131.900000000 21.1014 28.1127 0 0 0 -0.931591 0.363509
132.600000000 21.2015 28.0161 0 0 0 -0.764004 0.645211
133.200000000 21.2699 27.9005 0 0 0 -0.587028 0.809567
134.200000000 21.652 27.6088 0 0 0 -0.351069 0.93635
135.700000000 22.6336 27.1227 0 0 0 -0.171673 0.985154
137.000000000 23.6 26.9887 0 0 0 -0.0241914 0.999707
138.200000000 24.5037 27.0527 0 0 0 0.0439008 0.999036
139.600000000 25.5466 27.1477 0 0 0 0.0364608 0.999335
141.000000000 26.6003 27.1517 0 0 0 -0.0144642 0.999895
142.300000000 27.572 27.1124 0 0 0 -0.0191846 0.999816
143.900000000 28.4945 26.7886 0 0 0 -0.270551 0.962706
145.300000000 29.2522 26.126 0 0 0 -0.341542 0.939866
146.500000000 29.9846 25.5869 0 0 0 -0.299155 0.954205
147.800000000 30.8122 25.0799 0 0 0 -0.255648 0.96677
149.100000000 31.6947 24.6459 0 0 0 -0.217851 0.975982
150.400000000 32.544 24.1713 0 0 0 -0.281964 0.959425
151.800000000 33.3244 23.4664 0 0 0 -0.381066 0.924548
153.100000000 33.9786 22.7461 0 0 0 -0.433615 0.901098
154.400000000 34.4473 21.894 0 0 0 -0.551835 0.833953
155.500000000 34.4724 21.4786 0 0 0 -0.791969 0.610561
156.000000000 34.3871 21.5108 0 0 0 -0.916997 0.398895
156.700000000 34.3103 21.6082 0 0 0 -0.997951 0.063979
157.200000000 34.32 21.729 0 0 0 0.983838 0.179059
157.800000000 34.3822 21.8291 0 0 0 0.889079 0.457754
158.400000000 34.4761 21.879 0 0 0 0.717267 0.696799
159.400000000 34.6899 22.2419 0 0 0 0.486763 0.873534
160.800000000 35.4026 22.9936 0 0 0 0.352972 0.935634
162.200000000 36.1867 23.6902 0 0 0 0.370301 0.928912
163.500000000 36.8758 24.3818 0 0 0 0.385123 0.922865
164.800000000 37.4881 25.1385 0 0 0 0.461424 0.88718
166.200000000 37.8527 26.0745 0 0 0 0.616563 0.787305
167.800000000 38.0708 27.0918 0 0 0 0.548257 0.83631
169.300000000 38.7384 27.8453 0 0 0 0.391796 0.920052
170.700000000 39.4847 28.5882 0 0 0 0.380752 0.924677
172.000000000 40.1444 29.2918 0 0 0 0.409376 0.912366
173.500000000 40.46 29.8834 0 0 0 0.697833 0.716261
174.100000000 40.3546 29.8518 0 0 0 0.879042 0.476745
174.600000000 40.2773 29.796 0 0 0 0.96641 0.257005
175.800000000 39.6153 29.8478 0 0 0 -0.99994 0.0109491
177.100000000 38.6509 29.7134 0 0 0 -0.99781 0.0661392
178.400000000 37.6792 29.6422 0 0 0 -0.999921 0.0125369
180.100000000 36.6704 29.3797 0 0 0 -0.967191 0.254052
181.500000000 35.9646 28.6666 0 0 0 -0.91366 0.40648
182.700000000 35.3612 27.9967 0 0 0 -0.91862 0.395143
184.100000000 34.6322 27.2538 0 0 0 -0.923177 0.384376
185.400000000 33.9337 26.5736 0 0 0 -0.922342 0.386374
186.700000000 33.2014 25.9155 0 0 0 -0.931286 0.36429
188.200000000 32.6228 25.0024 0 0 0 -0.834589 0.550873
189.600000000 32.4886 24.0058 0 0 0 -0.713701 0.70045
190.900000000 32.6063 23.0295 0 0 0 -0.644554 0.764559
192.300000000 32.7095 22.0025 0 0 0 -0.688255 0.725468
193.700000000 32.6937 20.9591 0 0 0 -0.721188 0.69274
195.000000000 32.6661 19.9789 0 0 0 -0.723634 0.690184
196.300000000 32.5489 19.0052 0 0 0 -0.762431 0.647069
197.900000000 32.0845 18.1526 0 0 0 -0.91629 0.400514
199.100000000 31.4727 17.8778 0 0 0 -0.989301 0.145888
200.300000000 30.7911 17.9175 0 0 0 0.993489 0.113926
201.800000000 29.871 18.3343 0 0 0 0.974911 0.222594
203.100000000 28.929 18.6783 0 0 0 0.996037 0.0889415
204.500000000 27.9718 18.5632 0 0 0 -0.991875 0.127215
205.800000000 27.0403 18.324 0 0 0 -0.993559 0.113315
207.100000000 26.0706 18.2289 0 0 0 -0.999879 0.0155546
208.300000000 25.1698 18.251 0 0 0 0.999399 0.0346626
209.600000000 24.1922 18.3529 0 0 0 0.998931 0.0462189
211.000000000 23.1515 18.4117 0 0 0 0.999886 0.0151062
212.200000000 22.258 18.4171 0 0 0 -0.999971 0.00762664
213.600000000 21.2047 18.4055 0 0 0 -0.999995 0.00303825
214.800000000 20.3013 18.3995 0 0 0 -0.999995 0.00314058
216.200000000 19.2482 18.3871 0 0 0 -0.999969 0.00784895
217.500000000 18.2749 18.3692 0 0 0 -0.999962 0.00872412
218.700000000 17.3816 18.3673 0 0 0 -0.999994 0.0034185
220.200000000 16.3224 18.4963 0 0 0 0.990306 0.1389
221.600000000 15.5214 19.094 0 0 0 0.941055 0.338253
222.900000000 14.8335 19.7233 0 0 0 0.918227 0.396054
224.100000000 14.2451 20.3977 0 0 0 0.898395 0.439189
225.500000000 13.792 21.3463 0 0 0 0.811218 0.584744
226.900000000 13.7078 22.3507 0 0 0 0.690197 0.723621
228.200000000 13.7361 23.3387 0 0 0 0.672115 0.740447
229.500000000 13.8348 24.2984 0 0 0 0.688654 0.72509
230.900000000 13.8826 25.341 0 0 0 0.694792 0.71921
232.100000000 13.9027 26.2448 0 0 0 0.708089 0.706123
233.500000000 13.8792 27.2885 0 0 0 0.711901 0.70228
234.800000000 13.8879 28.271 0 0 0 0.706449 0.707764
236.200000000 13.9346 29.2429 0 0 0 0.643005 0.765862
237.100000000 14.1515 29.5367 0 0 0 0.417944 0.908473
237.800000000 14.3279 29.5311 0 0 0 0.151556 0.988449
238.500000000 14.3578 29.402 0 0 0 -0.182158 0.983269
239.100000000 14.3035 29.3039 0 0 0 -0.460483 0.887668
239.700000000 14.1816 29.2032 0 0 0 -0.680142 0.733081
240.500000000 14.0533 29.0009 0 0 0 -0.859847 0.510551
242.000000000 13.3356 28.2658 0 0 0 -0.931209 0.364486
243.300000000 12.6373 27.5937 0 0 0 -0.924957 0.380071
244.500000000 11.9565 26.9895 0 0 0 -0.942569 0.334013
246.000000000 11.0055 26.6059 0 0 0 -0.992425 0.122848
247.600000000 10.09 26.5736 0 0 0 -0.99991 0.0134438
249.000000000 9.02756 26.6044 0 0 0 0.999373 0.0354018
250.300000000 8.06952 26.6742 0 0 0 0.99915 0.041234
251.700000000 7.07703 26.7364 0 0 0 0.999571 0.0292827
253.400000000 6.0857 26.7893 0 0 0 0.999481 0.0322102
254.800000000 5.08673 27.0143 0 0 0 0.985469 0.169854
256.400000000 4.34117 27.656 0 0 0 0.89424 0.447589
257.100000000 4.32883 27.8317 0 0 0 0.744622 0.667486
258.800000000 4.6384 28.788 0 0 0 0.618848 0.785511
260.400000000 5.04755 29.554 0 0 0 0.337139 0.941455
261.100000000 5.14844 29.479 0 0 0 0.0248176 0.999692
261.600000000 5.17431 29.3705 0 0 0 -0.204363 0.978895
262.300000000 5.09635 29.2609 0 0 0 -0.518411 0.855131
262.900000000 5.00015 29.1961 0 0 0 -0.731908 0.681403
263.600000000 4.84451 29.1102 0 0 0 -0.892554 0.45094
265.000000000 4.09653 28.4055 0 0 0 -0.931091 0.364787
266.300000000 3.40627 27.7295 0 0 0 -0.923314 0.384045
268.200000000 2.73007 27.0432 0 0 0 -0.92251 0.385974
272.300000000 2.03342 26.3346 0 0 0 -0.922531 0.385924
276.200000000 1.35504 25.6452 0 0 0 -0.922559 0.385857
280.100000000 0.683623 24.9646 0 0 0 -0.922541 0.3859
284.500000000 0.00824987 24.2802 0 0 0 -0.922527 0.385934
287.000000000 -0.315254 23.6463 0 0 0 -0.751167 0.660112
288.700000000 -0.0552398 22.6395 0 0 0 -0.627147 0.778901
290.000000000 0.149729 21.6912 0 0 0 -0.615694 0.787985
291.500000000 0.555931 20.7954 0 0 0 -0.457352 0.889286
292.500000000 0.855701 20.6171 0 0 0 -0.15103 0.988529
293.100000000 0.866442 20.7344 0 0 0 0.146107 0.989269
293.600000000 0.810807 20.8114 0 0 0 0.385767 0.922596
294.300000000 0.705309 20.8856 0 0 0 0.679184 0.733968
294.900000000 0.591055 20.8584 0 0 0 0.865724 0.500521
295.500000000 0.502777 20.7587 0 0 0 0.973537 0.228528
296.200000000 0.416405 20.6805 0 0 0 -0.996693 0.0812595
296.900000000 0.248381 20.4726 0 0 0 -0.95193 0.306317
298.200000000 -0.122128 19.9379 0 0 0 -0.804156 0.594418
298.800000000 -0.0137209 19.9383 0 0 0 -0.592674 0.805442
299.300000000 0.0739331 19.9853 0 0 0 -0.375596 0.926784
300.000000000 0.127349 20.1111 0 0 0 -0.0344465 0.999407
300.600000000 0.100617 20.2276 0 0 0 0.262432 0.964951
301.100000000 0.0336337 20.2976 0 0 0 0.492476 0.870326
301.800000000 -0.0617798 20.383 0 0 0 0.742564 0.669775
302.500000000 -0.20912 20.4333 0 0 0 0.906046 0.423179
303.800000000 -0.882946 20.7497 0 0 0 0.987031 0.160527
305.200000000 -1.90861 20.9172 0 0 0 0.998194 0.0600717
306.600000000 -2.94964 20.9525 0 0 0 -0.999998 0.0020661
307.900000000 -3.92702 20.9319 0 0 0 -0.999983 0.0057646
309.200000000 -4.89218 20.9252 0 0 0 0.999998 0.00202776
310.500000000 -5.87368 20.9478 0 0 0 0.999806 0.0197027
311.900000000 -6.89504 21.0488 0 0 0 0.996706 0.0810939
313.100000000 -7.40066 21.382 0 0 0 0.930142 0.367201
313.700000000 -7.3128 21.4415 0 0 0 0.782439 0.622728
314.300000000 -7.19553 21.4429 0 0 0 0.567298 0.823513
314.900000000 -7.09799 21.3887 0 0 0 0.303116 0.952954
315.500000000 -7.06419 21.2611 0 0 0 0.0142563 0.999898
316.300000000 -7.01082 21.0951 0 0 0 -0.320711 0.947177
317.800000000 -6.40139 20.2642 0 0 0 -0.478668 0.877996
319.500000000 -6.05793 19.4368 0 0 0 -0.724583 0.689188
320.000000000 -6.14133 19.4489 0 0 0 -0.870614 0.491966
320.700000000 -6.23578 19.5201 0 0 0 -0.984987 0.172628
321.300000000 -6.27332 19.6395 0 0 0 0.993624 0.112747
322.400000000 -6.78746 20.0464 0 0 0 0.942258 0.334887
323.700000000 -7.47386 20.7497 0 0 0 0.919484 0.393127
324.900000000 -8.10174 21.3893 0 0 0 0.922819 0.385233
326.300000000 -8.84968 22.1296 0 0 0 0.924602 0.380934
327.500000000 -9.49009 22.7595 0 0 0 0.924605 0.380928
328.800000000 -10.1765 23.4465 0 0 0 0.924605 0.380926
330.100000000 -10.873 24.1352 0 0 0 0.924607 0.380922
331.400000000 -11.5695 24.827 0 0 0 0.924588 0.380969
332.700000000 -12.2729 25.4912 0 0 0 0.934353 0.356348
334.100000000 -13.1138 26.1196 0 0 0 0.956715 0.291026
335.500000000 -14.026 26.6323 0 0 0 0.97096 0.239243
336.800000000 -14.9184 27.0125 0 0 0 0.982861 0.184347
338.100000000 -15.7956 27.4186 0 0 0 0.96377 0.266733
339.400000000 -16.513 28.0792 0 0 0 0.925441 0.378892
340.700000000 -17.2173 28.7726 0 0 0 0.922457 0.3861
342.100000000 -17.9634 29.5143 0 0 0 0.924534 0.381099
343.600000000 -18.69 30.0467 0 0 0 0.982839 0.184466
344.600000000 -19.1159 29.953 0 0 0 -0.995208 0.0977772
345.900000000 -20.0251 29.625 0 0 0 -0.981009 0.193963
347.100000000 -20.8859 29.3574 0 0 0 -0.994008 0.109309
348.400000000 -21.8565 29.2898 0 0 0 -0.999958 0.00915713
349.700000000 -22.4315 29.4362 0 0 0 0.95447 0.298306
350.300000000 -22.3474 29.5045 0 0 0 0.827059 0.562115
351.000000000 -22.2214 29.5247 0 0 0 0.587387 0.809306
351.600000000 -22.1267 29.4514 0 0 0 0.325987 0.945374
352.300000000 -22.0659 29.3472 0 0 0 -0.0138966 0.999903
352.800000000 -22.0526 29.2406 0 0 0 -0.236422 0.971651
353.500000000 -22.054 29.0973 0 0 0 -0.509261 0.860612
355.000000000 -21.85 28.056 0 0 0 -0.687709 0.725986
356.500000000 -22.0641 27.0348 0 0 0 -0.826355 0.56315
358.000000000 -22.7082 26.3135 0 0 0 -0.943741 0.330685
359.200000000 -23.2613 26.1257 0 0 0 -0.999381 0.0351797
359.900000000 -23.3884 26.2495 0 0 0 0.972298 0.233744
360.500000000 -23.3229 26.3452 0 0 0 0.862619 0.505854
361.100000000 -23.2123 26.3767 0 0 0 0.677904 0.735151
361.700000000 -23.1105 26.3406 0 0 0 0.434633 0.900608
362.400000000 -23.0322 26.2503 0 0 0 0.105578 0.994411
363.100000000 -22.8308 26.1303 0 0 0 -0.144868 0.989451
364.300000000 -22.334 25.6461 0 0 0 -0.38901 0.921233
365.500000000 -21.6964 25.0031 0 0 0 -0.364301 0.931281
367.100000000 -21.2734 24.3187 0 0 0 -0.634997 0.772514
368.200000000 -21.4215 23.8564 0 0 0 -0.833277 0.552856
369.700000000 -21.9214 22.9516 0 0 0 -0.831562 0.555432
371.000000000 -22.1295 22.0139 0 0 0 -0.782572 0.622561
372.400000000 -22.4353 21.0581 0 0 0 -0.837192 0.546909
373.100000000 -22.6007 20.9575 0 0 0 -0.948065 0.318077
373.800000000 -22.7051 21.034 0 0 0 -0.99994 0.0109178
374.300000000 -22.7318 21.1376 0 0 0 0.974795 0.223102
375.000000000 -22.6405 21.2391 0 0 0 0.841336 0.540512
375.600000000 -22.5051 21.2621 0 0 0 0.648545 0.761176
376.200000000 -22.406 21.2185 0 0 0 0.398606 0.917122
377.000000000 -22.1581 21.2118 0 0 0 0.122107 0.992517
378.400000000 -21.2338 21.1074 0 0 0 -0.111608 0.993752
379.800000000 -20.2103 20.9067 0 0 0 -0.0791299 0.996864
381.100000000 -19.2395 20.8114 0 0 0 0.0117071 0.999931
382.400000000 -18.268 20.8996 0 0 0 0.0253467 0.999679
383.800000000 -17.2157 20.9311 0 0 0 0.0122773 0.999925
385.100000000 -16.242 20.9464 0 0 0 0.00533055 0.999986
386.400000000 -15.2682 20.937 0 0 0 -0.0139234 0.999903
387.600000000 -14.8145 20.7286 0 0 0 -0.357457 0.93393
388.200000000 -14.9184 20.6902 0 0 0 -0.612772 0.79026
388.900000000 -15.0369 20.6539 0 0 0 -0.844584 0.535423
389.400000000 -15.1324 20.7443 0 0 0 -0.949115 0.31493
390.600000000 -15.7937 20.5951 0 0 0 -0.998419 0.0562045
392.100000000 -16.6998 20.8541 0 0 0 0.975957 0.217965
393.600000000 -17.4784 21.5603 0 0 0 0.917883 0.396851
394.900000000 -18.1534 22.2611 0 0 0 0.920886 0.389831
396.300000000 -18.8979 23.001 0 0 0 0.924718 0.380652
397.600000000 -19.5905 23.6838 0 0 0 0.924743 0.380592
399.000000000 -20.3382 24.4191 0 0 0 0.92475 0.380575
400.200000000 -20.9909 25.0407 0 0 0 0.93381 0.35777
401.600000000 -21.8329 25.6673 0 0 0 0.9579 0.287102
403.000000000 -22.767 26.1488 0 0 0 0.97837 0.206863
404.400000000 -23.74 26.4618 0 0 0 0.99086 0.134892
405.700000000 -24.7227 26.6423 0 0 0 0.997728 0.0673709
407.100000000 -25.7713 26.6905 0 0 0 0.999974 0.00725667
408.400000000 -26.7434 26.6753 0 0 0 -0.999973 0.00730295
409.700000000 -27.713 26.6804 0 0 0 0.999915 0.0130503
411.000000000 -28.6942 26.7301 0 0 0 0.999446 0.033293
412.300000000 -29.6234 26.8501 0 0 0 0.990241 0.139366
413.700000000 -30.4005 27.3656 0 0 0 0.932149 0.362075
415.000000000 -30.6857 28.0147 0 0 0 0.79061 0.61232
416.100000000 -30.6253 28.6095 0 0 0 0.612744 0.790282
417.700000000 -30.0136 29.4673 0 0 0 0.379398 0.925234
419.000000000 -29.3883 29.7586 0 0 0 0.0883202 0.996092
419.700000000 -29.2423 29.6389 0 0 0 -0.182602 0.983187
420.300000000 -29.2677 29.5349 0 0 0 -0.441494 0.897264
420.900000000 -29.3422 29.4553 0 0 0 -0.670303 0.742088
421.500000000 -29.4505 29.4143 0 0 0 -0.841981 0.539507
422.700000000 -29.9977 28.9543 0 0 0 -0.938381 0.345602
423.900000000 -30.666 28.3383 0 0 0 -0.929802 0.36806
425.300000000 -31.4049 27.5837 0 0 0 -0.920717 0.390232
426.700000000 -32.1326 26.8402 0 0 0 -0.921619 0.388097
428.000000000 -32.7808 26.1022 0 0 0 -0.905947 0.423391
429.300000000 -33.3378 25.2973 0 0 0 -0.874024 0.485884
430.600000000 -33.766 24.4008 0 0 0 -0.834023 0.551729
432.000000000 -34.0663 23.4192 0 0 0 -0.790595 0.612339
433.200000000 -34.2132 22.5158 0 0 0 -0.749829 0.661632
435.100000000 -34.2666 21.4959 0 0 0 -0.712281 0.701894
436.700000000 -34.3462 20.4485 0 0 0 -0.769374 0.638798
438.200000000 -34.7922 19.7262 0 0 0 -0.923976 0.38245
438.900000000 -34.9298 19.7454 0 0 0 -0.995894 0.0905246
439.500000000 -35.0123 19.8404 0 0 0 0.98574 0.168278
441.300000000 -36.0718 20.0782 0 0 0 0.998112 0.0614204
442.600000000 -37.0329 20.2372 0 0 0 0.995706 0.0925678
443.800000000 -37.9263 20.3728 0 0 0 0.997877 0.0651329
444.900000000 -38.2324 20.2723 0 0 0 -0.957329 0.289001
445.500000000 -38.1411 20.1972 0 0 0 -0.82918 0.558982
446.100000000 -38.0226 20.1872 0 0 0 -0.627037 0.77899
446.800000000 -37.9361 20.2713 0 0 0 -0.320311 0.947313
447.300000000 -37.8972 20.3502 0 0 0 -0.0743836 0.99723
448.200000000 -37.6135 20.5327 0 0 0 0.215264 0.976556
449.500000000 -37.1009 21.1177 0 0 0 0.461304 0.887242
450.600000000 -37.0136 21.5123 0 0 0 0.732345 0.680934
451.200000000 -37.1239 21.4688 0 0 0 0.90087 0.434088
451.800000000 -37.1658 21.3615 0 0 0 0.988565 0.150797
452.500000000 -37.1562 21.2228 0 0 0 -0.980218 0.197921
453.100000000 -37.0833 21.1412 0 0 0 -0.878249 0.478203
453.800000000 -36.9869 20.9773 0 0 0 -0.706512 0.707701
455.300000000 -36.6521 20.1054 0 0 0 -0.491563 0.870842
456.600000000 -35.9941 19.4634 0 0 0 -0.351654 0.93613
459.200000000 -35.2837 18.84 0 0 0 -0.368631 0.929576
463.600000000 -34.5667 18.1438 0 0 0 -0.378066 0.925779
466.300000000 -33.8166 17.4141 0 0 0 -0.377805 0.925885
468.100000000 -33.0809 16.7046 0 0 0 -0.377767 0.925901
469.000000000 -33.0368 16.4821 0 0 0 -0.624755 0.780821
469.600000000 -33.1526 16.4423 0 0 0 -0.838064 0.545572
470.600000000 -33.5203 16.1518 0 0 0 -0.953895 0.300141
472.000000000 -34.2196 15.4492 0 0 0 -0.894668 0.446732
473.300000000 -34.5741 14.56 0 0 0 -0.799474 0.600701
474.900000000 -34.6405 13.5881 0 0 0 -0.702897 0.711292
477.500000000 -34.6049 12.603 0 0 0 -0.690404 0.723424
480.400000000 -34.6181 11.5939 0 0 0 -0.759818 0.650136
481.900000000 -35.1381 10.8301 0 0 0 -0.90854 0.417799
483.200000000 -35.8468 10.1613 0 0 0 -0.930345 0.366684
484.600000000 -36.6599 9.47576 0 0 0 -0.953008 0.302946
485.900000000 -37.5579 9.114 0 0 0 -0.988939 0.148325
486.800000000 -37.8768 9.20488 0 0 0 0.990782 0.135464
487.700000000 -38.1709 9.50049 0 0 0 0.926258 0.376889
489.200000000 -38.5662 10.3879 0 0 0 0.796775 0.604276
490.500000000 -38.6171 11.3523 0 0 0 0.690565 0.723271
491.800000000 -38.4346 11.9073 0 0 0 0.421467 0.906844
492.300000000 -38.4022 11.8341 0 0 0 0.185762 0.982595
493.100000000 -38.1494 11.7254 0 0 0 -0.106092 0.994356
494.300000000 -37.603 11.2868 0 0 0 -0.345887 0.938276
495.700000000 -36.8497 10.5321 0 0 0 -0.399072 0.91692
497.000000000 -36.1728 9.83812 0 0 0 -0.381768 0.924258
498.400000000 -35.3659 9.16461 0 0 0 -0.306221 0.95196
499.700000000 -34.4789 8.75381 0 0 0 -0.157911 0.987453
501.300000000 -33.4697 8.64445 0 0 0 -0.00622366 0.999981
504.100000000 -32.4806 8.72845 0 0 0 0.0536114 0.998562
508.500000000 -31.528 8.81756 0 0 0 0.0420787 0.999114
512.800000000 -30.5222 8.85579 0 0 0 0.0164002 0.999866
515.800000000 -29.55 8.87786 0 0 0 0.00285089 0.999996
518.600000000 -28.6268 8.88346 0 0 0 0.00284016 0.999996
521.900000000 -27.5585 8.82137 0 0 0 -0.0112688 0.999937
523.100000000 -26.6362 8.80325 0 0 0 -0.0396995 0.999212
524.800000000 -25.6115 8.7438 0 0 0 -0.0166971 0.999861
526.900000000 -24.6357 8.73752 0 0 0 0.00117389 0.999999
530.000000000 -23.6215 8.74366 0 0 0 0.00266136 0.999996
533.800000000 -22.6145 8.74898 0 0 0 0.00262975 0.999997
536.700000000 -21.66 8.75421 0 0 0 0.00261911 0.999997
539.700000000 -20.6737 8.75949 0 0 0 0.00260853 0.999997
542.900000000 -19.7137 8.76466 0 0 0 0.00259795 0.999997
546.300000000 -18.7225 8.76977 0 0 0 0.00258739 0.999997
548.400000000 -17.754 8.77508 0 0 0 0.00257314 0.999997
550.400000000 -16.7243 8.78036 0 0 0 0.00256683 0.999997
554.000000000 -15.7761 8.78537 0 0 0 0.00255399 0.999997
557.000000000 -14.7952 8.79056 0 0 0 0.00254057 0.999997
559.200000000 -13.8298 8.79553 0 0 0 0.00254915 0.999997
561.500000000 -12.8333 8.80076 0 0 0 0.00255957 0.999997
562.900000000 -11.7978 8.67655 0 0 0 -0.0459003 0.998946
564.400000000 -10.8812 8.35842 0 0 0 -0.291207 0.95666
565.700000000 -10.1892 7.65451 0 0 0 -0.387264 0.921969
566.900000000 -9.57121 7.02541 0 0 0 -0.39897 0.916964
568.300000000 -8.88225 6.23573 0 0 0 -0.465538 0.885028
570.100000000 -8.35432 5.52936 0 0 0 -0.188262 0.982119
571.000000000 -8.00134 5.63211 0 0 0 0.0870742 0.996202
572.500000000 -7.04262 6.00894 0 0 0 0.15302 0.988223
573.900000000 -6.43255 6.00981 0 0 0 -0.203669 0.97904
574.500000000 -6.50207 5.93304 0 0 0 -0.47987 0.87734
575.100000000 -6.61271 5.91979 0 0 0 -0.714548 0.699587
575.700000000 -6.75341 5.86974 0 0 0 -0.871132 0.491049
577.300000000 -7.56733 5.16222 0 0 0 -0.941259 0.337686
578.500000000 -8.23177 4.52189 0 0 0 -0.925805 0.378003
579.800000000 -8.50647 4.06986 0 0 0 -0.751881 0.659298
580.400000000 -8.37679 4.07982 0 0 0 -0.523985 0.851728
581.100000000 -8.29198 4.18204 0 0 0 -0.19956 0.979886
581.600000000 -8.24477 4.27931 0 0 0 0.0362084 0.999344
582.500000000 -7.9516 4.48686 0 0 0 0.303785 0.952741
584.000000000 -7.31684 5.32111 0 0 0 0.497218 0.867626
585.300000000 -7.00955 6.25301 0 0 0 0.618405 0.78586
586.800000000 -6.91328 7.19434 0 0 0 0.709217 0.70499
588.300000000 -6.9309 8.22448 0 0 0 0.666719 0.745309
589.600000000 -6.46485 8.82344 0 0 0 0.439781 0.898105
590.900000000 -5.9059 9.1563 0 0 0 0.142516 0.989792
591.600000000 -5.80374 9.10407 0 0 0 -0.128704 0.991683
593.000000000 -4.84022 8.82589 0 0 0 -0.103411 0.994639
594.300000000 -3.8757 8.70669 0 0 0 -0.0441352 0.999026
595.900000000 -2.854 8.67503 0 0 0 -0.000608565 1
598.700000000 -1.85391 8.67769 0 0 0 0.00346267 0.999994
600.300000000 -0.816723 8.66384 0 0 0 -0.00430217 0.999991
601.800000000 0.162597 8.50235 0 0 0 -0.168156 0.98576
603.100000000 0.631953 7.89153 0 0 0 -0.453113 0.891453
604.300000000 0.81188 7.21021 0 0 0 -0.675978 0.736922
605.900000000 0.50972 6.20233 0 0 0 -0.828534 0.559939
607.100000000 0.205701 5.36646 0 0 0 -0.802888 0.59613
608.800000000 0.0882512 4.3448 0 0 0 -0.714802 0.699327
611.800000000 0.137519 3.39713 0 0 0 -0.687534 0.726152
616.700000000 0.181744 2.43748 0 0 0 -0.697084 0.716989
621.600000000 0.192931 1.47555 0 0 0 -0.704425 0.709778
626.500000000 0.196636 0.51816 0 0 0 -0.705458 0.708752
631.400000000 0.199309 -0.435082 0 0 0 -0.705389 0.70882
636.400000000 0.201772 -1.40515 0 0 0 -0.705329 0.70888
641.200000000 0.205217 -2.35235 0 0 0 -0.705252 0.708956
646.000000000 0.210248 -3.30768 0 0 0 -0.710244 0.703956
650.100000000 0.162356 -4.29006 0 0 0 -0.72609 0.6876
651.500000000 0.0786106 -5.3084 0 0 0 -0.741918 0.670491
652.900000000 0.00672524 -6.358 0 0 0 -0.730759 0.682635
654.100000000 -0.0377264 -7.26062 0 0 0 -0.715654 0.698455
655.500000000 -0.0315149 -8.31302 0 0 0 -0.707472 0.706741
656.900000000 -0.170943 -9.35339 0 0 0 -0.772054 0.635557
658.500000000 -0.752055 -10.2646 0 0 0 -0.907003 0.421125
659.800000000 -1.49301 -10.9282 0 0 0 -0.944311 0.329055
661.100000000 -2.34606 -11.3703 0 0 0 -0.983742 0.179585
662.300000000 -3.18747 -11.6312 0 0 0 -0.985114 0.171902
663.900000000 -3.85014 -12.0122 0 0 0 -0.868334 0.49598
664.500000000 -3.73074 -12.0594 0 0 0 -0.68288 0.73053
665.100000000 -3.63548 -12.0087 0 0 0 -0.435613 0.900134
665.700000000 -3.53472 -11.9462 0 0 0 -0.160195 0.987085
666.300000000 -3.40654 -11.8316 0 0 0 0.111774 0.993734
667.300000000 -3.19964 -11.5163 0 0 0 0.405284 0.914191
668.700000000 -2.4388 -10.7595 0 0 0 0.361648 0.932315
676.100000000 -1.65268 -10.18 0 0 0 0.282854 0.959163
677.400000000 -0.788155 -9.77841 0 0 0 0.204835 0.978797
678.700000000 0.0475348 -9.28298 0 0 0 0.306487 0.951875
680.000000000 0.758006 -8.56814 0 0 0 0.385503 0.922707
681.300000000 1.42633 -7.86717 0 0 0 0.41024 0.911977
682.600000000 2.01466 -7.0838 0 0 0 0.47794 0.878393
683.900000000 2.29424 -6.22495 0 0 0 0.632175 0.774826
685.300000000 2.31363 -5.14776 0 0 0 0.748902 0.662681
686.600000000 2.03956 -4.22431 0 0 0 0.78928 0.614033
688.000000000 1.98494 -3.20713 0 0 0 0.682955 0.730461
689.500000000 2.18488 -2.29554 0 0 0 0.610057 0.792358
690.900000000 2.44648 -1.88796 0 0 0 0.31945 0.947603
691.500000000 2.49229 -1.98284 0 0 0 0.0285921 0.999591
692.500000000 2.79625 -2.21957 0 0 0 -0.286991 0.957933
694.000000000 3.43291 -3.02379 0 0 0 -0.498732 0.866756
695.300000000 3.72826 -3.93362 0 0 0 -0.627427 0.778676
696.900000000 3.75228 -4.78321 0 0 0 -0.69914 0.714985
700.000000000 3.77502 -5.79208 0 0 0 -0.706602 0.707611
704.800000000 3.78272 -6.76231 0 0 0 -0.706738 0.707476
709.800000000 3.78402 -7.74989 0 0 0 -0.70687 0.707343
713.500000000 3.81171 -8.71403 0 0 0 -0.681256 0.732045
715.100000000 4.07336 -9.70847 0 0 0 -0.546514 0.83745
716.500000000 4.72192 -10.4859 0 0 0 -0.396664 0.917964
717.800000000 5.38114 -11.1753 0 0 0 -0.378506 0.925599
719.100000000 6.09326 -11.8604 0 0 0 -0.384134 0.923277
720.400000000 6.74325 -12.5562 0 0 0 -0.438303 0.898827
721.800000000 7.14192 -13.4782 0 0 0 -0.603255 0.797549
722.800000000 7.09301 -13.83 0 0 0 -0.81933 0.573322
723.300000000 7.01426 -13.7758 0 0 0 -0.933784 0.357837
724.000000000 6.94837 -13.6695 0 0 0 -0.999761 0.0218614
724.600000000 6.96936 -13.5631 0 0 0 0.962829 0.270113
725.200000000 7.04756 -13.48 0 0 0 0.842397 0.538858
725.700000000 7.15315 -13.4063 0 0 0 0.706254 0.707959
726.600000000 7.30615 -13.1419 0 0 0 0.468481 0.883473
728.000000000 8.06872 -12.5149 0 0 0 0.281839 0.959462
729.300000000 8.78197 -12.4117 0 0 0 -0.000535953 1
730.800000000 9.82904 -12.6698 0 0 0 -0.153509 0.988147
732.000000000 10.7289 -12.8907 0 0 0 -0.0935896 0.995611
733.400000000 11.7444 -12.9262 0 0 0 -0.00599104 0.999982
734.700000000 12.7304 -12.8379 0 0 0 0.0298622 0.999554
736.000000000 13.7044 -12.8408 0 0 0 -0.002811 0.999996
737.200000000 14.5987 -12.8404 0 0 0 -0.00137196 0.999999
738.700000000 15.6845 -12.9104 0 0 0 -0.0940343 0.995569
739.700000000 16.1118 -13.1505 0 0 0 -0.336651 0.94163
740.400000000 16.0131 -13.2718 0 0 0 -0.636066 0.771634
741.000000000 15.8989 -13.269 0 0 0 -0.833148 0.55305
741.500000000 15.8196 -13.1823 0 0 0 -0.942357 0.334608
742.200000000 15.7663 -13.0806 0 0 0 0.999988 0.00494659
742.800000000 15.6749 -12.903 0 0 0 0.972137 0.234414
744.100000000 15.1306 -12.3472 0 0 0 0.882328 0.470635
745.600000000 14.944 -11.4127 0 0 0 0.723312 0.690522
747.100000000 15.2499 -10.4867 0 0 0 0.524525 0.851395
748.600000000 15.963 -9.66009 0 0 0 0.376052 0.926598
749.900000000 16.6666 -8.97637 0 0 0 0.375678 0.92675
751.100000000 17.295 -8.3302 0 0 0 0.403108 0.915153
751.800000000 17.3045 -8.141 0 0 0 0.628676 0.777667
752.500000000 17.1172 -8.08812 0 0 0 0.833069 0.553169
753.700000000 16.6585 -7.56453 0 0 0 0.936919 0.349546
755.000000000 15.9317 -6.92006 0 0 0 0.932253 0.361807
756.300000000 15.2189 -6.23987 0 0 0 0.920815 0.389999
757.700000000 14.4972 -5.48001 0 0 0 0.921094 0.389341
759.000000000 13.8143 -4.78393 0 0 0 0.923519 0.383552
760.300000000 13.1701 -4.05414 0 0 0 0.900639 0.434568
761.700000000 12.6113 -3.16674 0 0 0 0.860954 0.508684
763.100000000 12.2093 -2.20896 0 0 0 0.817564 0.575838
764.400000000 11.9623 -1.25283 0 0 0 0.773111 0.634271
765.600000000 11.8759 -0.351751 0 0 0 0.724669 0.689097
767.000000000 11.9315 0.690698 0 0 0 0.678685 0.734429
768.300000000 11.9359 1.64635 0 0 0 0.748686 0.662925
769.600000000 11.6227 2.37315 0 0 0 0.889446 0.45704
770.900000000 10.9719 2.71082 0 0 0 0.98165 0.190691
772.500000000 9.97295 2.76759 0 0 0 -0.994575 0.104026
773.200000000 9.8626 2.59758 0 0 0 -0.933262 0.359198
774.800000000 9.22455 1.75789 0 0 0 -0.927559 0.373676
775.800000000 8.84887 1.58297 0 0 0 -0.99433 0.106338
776.500000000 8.84891 1.72028 0 0 0 0.971885 0.235457
777.100000000 8.9305 1.82098 0 0 0 0.861081 0.508468
777.800000000 9.02063 1.94743 0 0 0 0.675173 0.737659
778.600000000 9.20175 2.08858 0 0 0 0.431079 0.902314
780.000000000 9.99995 2.73142 0 0 0 0.321905 0.946772
781.300000000 10.7652 3.33834 0 0 0 0.322725 0.946493
782.800000000 11.7329 3.72415 0 0 0 0.10668 0.994293
784.100000000 12.6694 3.69892 0 0 0 -0.0502356 0.998737
785.500000000 13.7101 3.5333 0 0 0 -0.0782101 0.996937
786.800000000 14.6827 3.52805 0 0 0 0.00837282 0.999965
788.100000000 15.6643 3.5813 0 0 0 0.0131871 0.999913
789.400000000 16.6264 3.56719 0 0 0 -0.000498394 1
790.800000000 17.6797 3.55657 0 0 0 -0.000288078 1
792.100000000 18.6533 3.55546 0 0 0 -0.000355578 1
793.300000000 19.5569 3.55401 0 0 0 -0.000401111 1
794.700000000 20.5994 3.55302 0 0 0 -0.000405769 1
796.000000000 21.5731 3.55213 0 0 0 -0.000407682 1
797.400000000 22.6268 3.55129 0 0 0 -0.000409371 1
798.700000000 23.6006 3.55039 0 0 0 -0.00041263 1
800.200000000 24.3969 3.32595 0 0 0 -0.274434 0.961606
801.800000000 25.1585 2.54436 0 0 0 -0.370808 0.928709
803.000000000 25.6342 2.27414 0 0 0 -0.0865699 0.996246
803.700000000 25.7162 2.43095 0 0 0 0.205736 0.978607
804.800000000 26.0519 2.86335 0 0 0 0.46439 0.885631
806.000000000 26.4023 3.6931 0 0 0 0.58409 0.811689
807.600000000 26.4742 4.58234 0 0 0 0.807608 0.58972
808.200000000 26.3772 4.51446 0 0 0 0.945805 0.324735
808.700000000 26.3088 4.43623 0 0 0 0.995097 0.0989044
809.400000000 26.1865 4.32788 0 0 0 -0.982569 0.185899
811.100000000 25.4541 3.53547 0 0 0 -0.90876 0.417319
812.300000000 24.8427 2.86949 0 0 0 -0.920279 0.391263
813.900000000 24.0698 2.11241 0 0 0 -0.912208 0.409728
815.200000000 23.5751 1.24715 0 0 0 -0.841063 0.540937
816.800000000 23.383 0.289463 0 0 0 -0.74714 0.664667
819.900000000 23.3883 -0.693125 0 0 0 -0.677421 0.735596
823.800000000 23.4969 -1.68571 0 0 0 -0.663605 0.748083
825.100000000 23.7075 -2.63603 0 0 0 -0.614002 0.789305
826.500000000 24.1701 -3.54321 0 0 0 -0.446705 0.894681
827.900000000 24.9033 -4.29054 0 0 0 -0.375175 0.926954
829.200000000 25.6165 -4.97503 0 0 0 -0.38115 0.924513
830.500000000 26.282 -5.66778 0 0 0 -0.400605 0.916251
831.300000000 26.2539 -5.82059 0 0 0 -0.679192 0.733961
832.000000000 26.1145 -5.79474 0 0 0 -0.887779 0.46027
832.600000000 26.0444 -5.70848 0 0 0 -0.983316 0.181906
833.200000000 26.0259 -5.58214 0 0 0 0.993681 0.112242
833.800000000 25.9792 -5.44162 0 0 0 0.936418 0.350886
834.700000000 25.8437 -5.04298 0 0 0 0.823776 0.566915
836.200000000 25.8758 -4.18747 0 0 0 0.606928 0.794757
836.900000000 25.9844 -4.25139 0 0 0 0.304893 0.952387
837.600000000 26.0306 -4.37955 0 0 0 -0.0360481 0.99935
838.100000000 25.9976 -4.48252 0 0 0 -0.277107 0.960839
838.800000000 25.9956 -4.66803 0 0 0 -0.534709 0.845036
839.900000000 25.9319 -5.20116 0 0 0 -0.752918 0.658114
841.300000000 25.6009 -6.13982 0 0 0 -0.82114 0.570727
842.500000000 25.3069 -7.00033 0 0 0 -0.79747 0.603359
844.200000000 25.2388 -8.03317 0 0 0 -0.708028 0.706184
845.800000000 25.319 -9.02134 0 0 0 -0.651375 0.758756
847.200000000 25.6708 -10.1082 0 0 0 -0.576707 0.816951
848.500000000 26.162 -10.8877 0 0 0 -0.41979 0.907621
849.300000000 26.3283 -10.8932 0 0 0 -0.113404 0.993549
849.900000000 26.4265 -10.7818 0 0 0 0.148055 0.988979
850.600000000 26.4026 -10.6576 0 0 0 0.45182 0.892109
851.200000000 26.2709 -10.6189 0 0 0 0.701509 0.71266
851.900000000 26.1781 -10.6622 0 0 0 0.903618 0.428339
852.500000000 26.113 -10.7409 0 0 0 0.989854 0.142087
853.000000000 26.025 -10.78 0 0 0 -0.994666 0.10315
853.700000000 26.0408 -10.9184 0 0 0 -0.911316 0.411707
854.600000000 26.0192 -11.3548 0 0 0 -0.771709 0.635976
856.100000000 26.1608 -12.3392 0 0 0 -0.595512 0.803347
857.500000000 26.351 -13.3169 0 0 0 -0.662277 0.749259
858.800000000 26.3565 -14.3513 0 0 0 -0.735748 0.677256
860.100000000 26.2619 -15.3248 0 0 0 -0.740529 0.672024
861.400000000 26.2234 -16.2966 0 0 0 -0.707397 0.706816
862.700000000 26.2514 -17.2191 0 0 0 -0.686575 0.727059
864.000000000 26.2693 -18.2497 0 0 0 -0.709692 0.704512
865.200000000 26.2708 -19.1463 0 0 0 -0.709136 0.705071
866.500000000 26.271 -20.1196 0 0 0 -0.707367 0.706847
867.900000000 26.271 -21.1732 0 0 0 -0.70732 0.706894
869.200000000 26.2716 -22.1467 0 0 0 -0.707225 0.706989
870.400000000 26.2801 -23.0486 0 0 0 -0.707232 0.706981
871.800000000 26.3477 -24.0959 0 0 0 -0.649998 0.759936
873.100000000 26.6203 -25.0276 0 0 0 -0.595597 0.803283
874.800000000 26.976 -25.7043 0 0 0 -0.277307 0.960781
875.400000000 27.0059 -25.6003 0 0 0 0.0189344 0.999821
876.000000000 26.9662 -25.4885 0 0 0 0.313481 0.949595
876.600000000 26.8705 -25.4181 0 0 0 0.580118 0.814532
877.200000000 26.7414 -25.4199 0 0 0 0.794618 0.60711
877.800000000 26.6393 -25.4707 0 0 0 0.938589 0.345037
878.400000000 26.625 -25.5687 0 0 0 0.998729 0.0503964
879.300000000 26.308 -25.7398 0 0 0 -0.973795 0.227429
880.800000000 25.5757 -26.4811 0 0 0 -0.906041 0.423189
882.100000000 25.0552 -27.3123 0 0 0 -0.854309 0.519765
883.400000000 24.7238 -28.2306 0 0 0 -0.800203 0.599729
884.700000000 24.4322 -29.1608 0 0 0 -0.826619 0.562762
885.900000000 24.1019 -29.5534 0 0 0 -0.95644 0.291929
886.500000000 24.0573 -29.4448 0 0 0 -1 0.0005021
887.200000000 24.1018 -29.3139 0 0 0 0.940187 0.340658
888.000000000 24.1329 -29.1175 0 0 0 0.785037 0.619449
888.800000000 24.2587 -28.9143 0 0 0 0.571072 0.8209
889.600000000 24.5057 -28.7755 0 0 0 0.336043 0.941847
891.100000000 25.1511 -28.0125 0 0 0 0.514137 0.857708
892.400000000 25.2327 -27.2465 0 0 0 0.721203 0.692724
893.800000000 24.8558 -26.5071 0 0 0 0.887878 0.460079
895.200000000 24.1467 -26.0255 0 0 0 0.976897 0.213711
897.000000000 23.128 -25.8766 0 0 0 0.999713 0.0239733
899.200000000 22.113 -25.9599 0 0 0 -0.997973 0.0636366
900.500000000 21.1433 -26.1198 0 0 0 -0.996273 0.0862505
901.900000000 20.1105 -26.2853 0 0 0 -0.997131 0.0756914
903.100000000 19.2153 -26.3921 0 0 0 -0.998178 0.0603388
904.900000000 18.2707 -26.4928 0 0 0 -0.998938 0.0460839
909.000000000 17.2739 -26.5505 0 0 0 -0.999736 0.0229811
910.800000000 16.2156 -26.8126 0 0 0 -0.994247 0.107111
912.200000000 15.3234 -27.2198 0 0 0 -0.962447 0.271468
913.500000000 14.5063 -27.781 0 0 0 -0.958134 0.286321
914.800000000 13.598 -28.1214 0 0 0 -0.991875 0.127217
916.200000000 12.6778 -28.1738 0 0 0 -0.999867 0.0162838
918.100000000 11.6949 -28.0687 0 0 0 0.998066 0.0621702
921.500000000 10.6995 -27.9798 0 0 0 0.999716 0.0238162
924.600000000 9.73096 -27.9645 0 0 0 0.999994 0.00340357
927.500000000 8.74042 -27.962 0 0 0 -0.999997 0.00259619
928.900000000 7.6831 -28.017 0 0 0 -0.999172 0.0406948
930.200000000 6.81527 -28.0786 0 0 0 -0.999699 0.0245343
931.600000000 5.83195 -28.2796 0 0 0 -0.986948 0.161039
933.100000000 4.92337 -28.8916 0 0 0 -0.935177 0.354181
934.300000000 4.40405 -29.5853 0 0 0 -0.880649 0.473769
935.100000000 4.44767 -29.7929 0 0 0 -0.700332 0.713817
936.100000000 4.7164 -30.2082 0 0 0 -0.491169 0.871064
937.500000000 5.42034 -30.943 0 0 0 -0.360472 0.93277
939.200000000 6.26592 -31.3938 0 0 0 -0.0585805 0.998283
940.100000000 6.47817 -31.2445 0 0 0 0.265109 0.964218
940.700000000 6.42083 -31.1426 0 0 0 0.524804 0.851223
941.300000000 6.31437 -31.1341 0 0 0 0.752866 0.658174
942.000000000 6.1273 -30.9917 0 0 0 0.895447 0.445169
943.000000000 5.65307 -30.7638 0 0 0 0.974755 0.223279
944.500000000 4.58423 -30.5306 0 0 0 0.99957 0.0293383
945.800000000 3.59223 -30.5811 0 0 0 -0.999671 0.0256419
947.100000000 2.6427 -30.6376 0 0 0 -0.999235 0.0391005
948.400000000 1.65025 -30.7078 0 0 0 -0.999846 0.0175658
949.600000000 0.76652 -30.72 0 0 0 -0.999998 0.00202435
951.200000000 -0.19474 -31.0568 0 0 0 -0.958973 0.283498
951.900000000 -0.144081 -31.1621 0 0 0 -0.819691 0.572806
952.500000000 -0.026188 -31.1682 0 0 0 -0.613806 0.789457
953.100000000 0.0743057 -31.1067 0 0 0 -0.353086 0.935591
953.700000000 0.186017 -31.048 0 0 0 -0.0939321 0.995579
955.100000000 1.01951 -30.8348 0 0 0 0.170336 0.985386
956.500000000 1.80936 -30.2865 0 0 0 0.366683 0.930346
957.900000000 2.42513 -29.5398 0 0 0 0.441993 0.897018
959.100000000 3.05982 -28.7503 0 0 0 0.381181 0.924501
960.500000000 3.9043 -28.1068 0 0 0 0.257093 0.966387
961.800000000 4.8212 -27.8024 0 0 0 0.11542 0.993317
963.100000000 5.79104 -27.7006 0 0 0 0.0216342 0.999766
964.400000000 6.75829 -27.7318 0 0 0 -0.0286358 0.99959
965.700000000 7.72867 -27.8413 0 0 0 -0.046526 0.998917
967.100000000 8.77794 -27.9256 0 0 0 -0.0402872 0.999188
968.400000000 9.75104 -27.9548 0 0 0 0.000336321 1
969.600000000 10.6518 -27.9281 0 0 0 0.0309087 0.999522
971.000000000 11.6375 -28.0901 0 0 0 -0.153736 0.988112
972.500000000 12.4841 -28.6934 0 0 0 -0.37123 0.928541
973.800000000 13.1559 -29.4116 0 0 0 -0.401877 0.915693
975.000000000 13.7805 -30.0546 0 0 0 -0.385286 0.922797
976.200000000 14.1413 -30.2264 0 0 0 -0.0382675 0.999268
976.800000000 14.1151 -30.111 0 0 0 0.258707 0.965956
977.400000000 14.0298 -30.0224 0 0 0 0.532099 0.846682
978.100000000 13.8926 -30.0133 0 0 0 0.790541 0.612409
978.700000000 13.798 -30.0433 0 0 0 0.931174 0.364576
979.500000000 13.64 -30.1353 0 0 0 0.998938 0.0460804
980.700000000 12.9298 -30.3133 0 0 0 -0.981392 0.192014
982.100000000 12.0419 -30.7986 0 0 0 -0.980989 0.194063
983.400000000 11.1725 -31.1879 0 0 0 -0.981637 0.190757
984.200000000 10.995 -31.0883 0 0 0 0.992472 0.12247
984.900000000 10.9555 -30.94 0 0 0 0.916666 0.399655
985.600000000 10.9834 -30.788 0 0 0 0.759411 0.650611
986.400000000 11.1239 -30.6438 0 0 0 0.526687 0.850059
987.100000000 11.3099 -30.5738 0 0 0 0.281584 0.959536
988.900000000 12.2891 -30.3342 0 0 0 0.231471 0.972842
989.700000000 12.3968 -30.07 0 0 0 0.482645 0.875816
990.900000000 12.5277 -29.395 0 0 0 0.690097 0.723717
992.400000000 12.205 -28.5413 0 0 0 0.86875 0.495252
994.000000000 11.3885 -27.8807 0 0 0 0.969037 0.246915
995.400000000 10.4122 -27.6091 0 0 0 0.996175 0.0873818
996.900000000 9.44943 -27.5582 0 0 0 -0.999945 0.0104989
998.200000000 8.46895 -27.6915 0 0 0 -0.998081 0.0619195
999.600000000 7.45054 -27.8678 0 0 0 -0.994929 0.10058
1000.900000000 6.47268 -28.0241 0 0 0 -0.998386 0.0567839
1002.800000000 5.40146 -28.0563 0 0 0 -0.999998 0.00207208
1006.300000000 4.40354 -28.0159 0 0 0 0.99967 0.0256831
1009.600000000 3.39477 -27.9914 0 0 0 0.999986 0.00534432
1013.100000000 2.42531 -27.9893 0 0 0 1 0.000873522
1017.000000000 1.43265 -27.987 0 0 0 1 0.000594626
1021.000000000 0.478545 -27.9745 0 0 0 -1 0.000134926
1025.500000000 -0.481611 -27.9632 0 0 0 -1 0.000301057
1028.200000000 -1.45055 -27.9617 0 0 0 -1 0.00028599
1030.100000000 -2.48983 -27.9517 0 0 0 -1 0.000298876
1031.500000000 -3.48797 -27.9744 0 0 0 -0.99983 0.0184393
1032.600000000 -4.54524 -28.0137 0 0 0 -0.999277 0.038016
1034.200000000 -5.49979 -28.2044 0 0 0 -0.99569 0.0927409
1035.900000000 -6.39189 -28.7424 0 0 0 -0.925964 0.377611
1036.800000000 -6.42526 -28.9867 0 0 0 -0.756716 0.653744
1037.400000000 -6.32701 -29.0064 0 0 0 -0.544463 0.838785
1039.200000000 -6.00018 -30.0022 0 0 0 -0.636299 0.771443
1040.900000000 -5.55151 -31.1217 0 0 0 -0.482435 0.875932
1042.100000000 -5.16569 -31.4214 0 0 0 -0.160295 0.987069
1042.900000000 -5.17795 -31.2655 0 0 0 0.236901 0.971534
1043.600000000 -5.28915 -31.1632 0 0 0 0.557226 0.830361
1044.300000000 -5.41711 -31.1619 0 0 0 0.808676 0.588254
1045.000000000 -5.63487 -31.0517 0 0 0 0.92647 0.376368
1046.600000000 -6.62474 -30.6779 0 0 0 0.993659 0.112434
1047.900000000 -7.59578 -30.6008 0 0 0 0.99998 0.00630643
1049.200000000 -8.56167 -30.7039 0 0 0 -0.997064 0.0765672
1050.200000000 -9.0175 -30.5745 0 0 0 0.98266 0.185415
1051.700000000 -9.81404 -29.8687 0 0 0 0.924058 0.382253
1053.000000000 -10.3854 -29.1038 0 0 0 0.881071 0.472984
1054.300000000 -10.9411 -28.3205 0 0 0 0.909086 0.416609
1055.800000000 -11.7916 -27.7902 0 0 0 0.984635 0.174624
1056.400000000 -11.7367 -27.8992 0 0 0 -0.992307 0.123803
1056.900000000 -11.7424 -27.9917 0 0 0 -0.931166 0.364597
1057.600000000 -11.6029 -28.0919 0 0 0 -0.765726 0.643167
1058.200000000 -11.5137 -28.2242 0 0 0 -0.597189 0.8021
1058.900000000 -11.3577 -28.3057 0 0 0 -0.360515 0.932753
1059.700000000 -11.094 -28.3138 0 0 0 -0.0880935 0.996112
1061.100000000 -10.1201 -28.6476 0 0 0 -0.231848 0.972752
1061.900000000 -9.98408 -28.8861 0 0 0 -0.481187 0.876618
1062.800000000 -9.99913 -29.2579 0 0 0 -0.697211 0.716866
1064.400000000 -10.3446 -30.2356 0 0 0 -0.869301 0.494284
1065.600000000 -11.1728 -30.7968 0 0 0 -0.945686 0.325081
1066.700000000 -11.3953 -30.9423 0 0 0 -0.999799 0.0200375
1067.300000000 -11.4526 -30.8108 0 0 0 0.972145 0.234382
1068.100000000 -11.4424 -30.6419 0 0 0 0.836809 0.547495
1068.600000000 -11.3692 -30.5744 0 0 0 0.695816 0.71822
1069.400000000 -11.2165 -30.5019 0 0 0 0.418708 0.908121
1071.000000000 -10.2856 -29.9872 0 0 0 0.277234 0.960802
1072.300000000 -9.53922 -29.3606 0 0 0 0.371349 0.928493
1073.500000000 -8.94231 -28.7002 0 0 0 0.392055 0.919942
1080.600000000 -8.26891 -27.9863 0 0 0 0.392987 0.919544
1082.000000000 -7.52197 -27.2349 0 0 0 0.380455 0.9248
1083.300000000 -6.83688 -26.5501 0 0 0 0.380573 0.924751
1084.700000000 -6.15654 -25.7409 0 0 0 0.427133 0.904189
1086.000000000 -5.61786 -24.9232 0 0 0 0.495778 0.868449
1087.300000000 -5.20205 -24.0384 0 0 0 0.561973 0.827155
1088.600000000 -4.91654 -23.1022 0 0 0 0.619428 0.785053
1089.800000000 -4.77346 -22.2177 0 0 0 0.664095 0.747648
1091.200000000 -4.73202 -21.1716 0 0 0 0.704427 0.709776
1092.600000000 -4.77844 -20.1255 0 0 0 0.722575 0.691292
1094.000000000 -4.79281 -19.0798 0 0 0 0.7096 0.704605
1095.300000000 -4.80153 -18.1206 0 0 0 0.707022 0.707191
1096.600000000 -4.80156 -17.1274 0 0 0 0.706792 0.707422
1097.900000000 -4.79897 -16.1509 0 0 0 0.706632 0.707582
1099.300000000 -4.72965 -15.139 0 0 0 0.68818 0.72554
1100.700000000 -4.56633 -14.1731 0 0 0 0.529229 0.848479
1102.000000000 -3.78834 -13.4516 0 0 0 0.410976 0.911646
1103.200000000 -3.1155 -12.7955 0 0 0 0.370678 0.928762
1104.600000000 -2.37207 -12.0998 0 0 0 0.394868 0.918738
1106.100000000 -2.10204 -11.2317 0 0 0 0.623752 0.781622
1107.800000000 -1.77663 -10.2882 0 0 0 0.524116 0.851647
1108.800000000 -1.53162 -10.133 0 0 0 0.257327 0.966324
1109.500000000 -1.62958 -10.2251 0 0 0 -0.0443365 0.999017
1110.300000000 -1.63967 -10.3476 0 0 0 -0.374045 0.927411
1111.100000000 -1.80266 -10.3934 0 0 0 -0.651446 0.758695
1111.700000000 -1.83909 -10.4079 0 0 0 -0.81969 0.572808
1112.500000000 -2.03792 -10.4645 0 0 0 -0.948632 0.316382
1113.800000000 -2.86676 -10.9737 0 0 0 -0.967106 0.254372
1115.300000000 -3.67547 -11.5335 0 0 0 -0.932294 0.361702
1117.000000000 -4.05481 -12.2438 0 0 0 -0.793788 0.608195
1117.600000000 -3.98597 -12.2474 0 0 0 -0.65009 0.759857
1118.700000000 -3.87102 -12.138 0 0 0 -0.317523 0.948251
1119.800000000 -3.66732 -12.0684 0 0 0 -0.0611043 0.998131
1121.200000000 -3.39749 -11.9472 0 0 0 0.21849 0.975839
1122.200000000 -3.46616 -11.8776 0 0 0 0.475471 0.879732
1123.000000000 -3.52608 -11.8493 0 0 0 0.723609 0.69021
1123.600000000 -3.67782 -11.899 0 0 0 0.861076 0.508476
1124.500000000 -3.7341 -12.0046 0 0 0 0.981862 0.189595
1125.400000000 -3.74922 -12.1075 0 0 0 -0.99388 0.110468
1126.200000000 -3.70204 -12.2068 0 0 0 -0.929142 0.369723
1126.900000000 -3.66362 -12.185 0 0 0 -0.785689 0.618622
1127.400000000 -3.51563 -12.2565 0 0 0 -0.634148 0.773211
1128.100000000 -3.4286 -12.1984 0 0 0 -0.369959 0.929048
1128.900000000 -3.3076 -12.0747 0 0 0 -0.0607953 0.99815
1129.600000000 -3.19249 -11.9619 0 0 0 0.178989 0.983851
1132.000000000 -2.45267 -11.0705 0 0 0 0.427108 0.904201
1133.300000000 -2.07983 -10.7151 0 0 0 0.180212 0.983628
1134.000000000 -2.0831 -10.8426 0 0 0 -0.163486 0.986546
1134.600000000 -2.12902 -10.9669 0 0 0 -0.44255 0.896744
1135.200000000 -2.2527 -10.9702 0 0 0 -0.683195 0.730236
1135.800000000 -2.35251 -10.9562 0 0 0 -0.866315 0.499497
1136.400000000 -2.42715 -10.9168 0 0 0 -0.974295 0.225274
1137.300000000 -2.71797 -10.826 0 0 0 0.996224 0.0868253
1138.100000000 -2.9213 -10.6197 0 0 0 0.940001 0.341171
1140.200000000 -3.73389 -9.96494 0 0 0 0.986774 0.1621
1141.600000000 -4.63269 -10.0144 0 0 0 -0.996702 0.0811468
1143.000000000 -5.53522 -10.2779 0 0 0 -0.993431 0.114436
1146.500000000 -6.47376 -10.3604 0 0 0 -0.999308 0.0371823
1149.200000000 -7.5099 -10.3499 0 0 0 0.999763 0.0217519
1150.500000000 -8.48236 -10.2732 0 0 0 0.998767 0.0496451
1152.400000000 -9.41221 -10.2344 0 0 0 0.999924 0.0123541
1156.000000000 -10.3614 -10.2336 0 0 0 -0.999906 0.0137056
1157.900000000 -11.3623 -10.2705 0 0 0 -0.999723 0.0235409
1159.300000000 -12.4166 -10.2327 0 0 0 0.999879 0.0155303
1160.600000000 -13.3217 -10.1397 0 0 0 0.991159 0.132682
1162.100000000 -14.0739 -9.56867 0 0 0 0.917408 0.397949
1163.200000000 -14.17 -9.13018 0 0 0 0.735844 0.677152
1163.800000000 -14.0678 -9.11357 0 0 0 0.538806 0.84243
1164.500000000 -13.9154 -9.11584 0 0 0 0.266056 0.963958
1165.200000000 -13.8784 -9.22774 0 0 0 -0.0748334 0.997196
1165.700000000 -13.9119 -9.3181 0 0 0 -0.31583 0.948816
1166.400000000 -13.9878 -9.42406 0 0 0 -0.618741 0.785595
1167.100000000 -14.11 -9.63314 0 0 0 -0.788017 0.615654
1168.300000000 -14.5865 -10.1409 0 0 0 -0.917514 0.397703
1169.900000000 -15.4794 -10.9292 0 0 0 -0.938361 0.345657
1171.200000000 -16.2125 -11.5784 0 0 0 -0.931458 0.36385
1172.400000000 -16.8534 -12.1946 0 0 0 -0.921065 0.389409
1173.800000000 -17.491 -13.0364 0 0 0 -0.877596 0.479401
1175.200000000 -17.8897 -13.9986 0 0 0 -0.787489 0.616328
1176.500000000 -17.8902 -14.9165 0 0 0 -0.656925 0.753956
1177.500000000 -17.6164 -15.2554 0 0 0 -0.417834 0.908523
1178.900000000 -16.8381 -15.952 0 0 0 -0.345207 0.938526
1180.200000000 -16.109 -16.5888 0 0 0 -0.35385 0.935302
1181.900000000 -15.4716 -16.9053 0 0 0 0.016665 0.999861
1182.600000000 -15.3778 -16.7643 0 0 0 0.29636 0.955076
1183.300000000 -15.459 -16.6785 0 0 0 0.596633 0.802514
1183.900000000 -15.5773 -16.6448 0 0 0 0.798082 0.602548
1184.500000000 -15.6997 -16.6471 0 0 0 0.928836 0.370492
1185.800000000 -16.4113 -16.4363 0 0 0 0.99415 0.10801
1187.100000000 -17.3869 -16.3867 0 0 0 -0.999929 0.0119107
1188.400000000 -18.3555 -16.537 0 0 0 -0.993284 0.1157
1189.800000000 -19.395 -16.6304 0 0 0 -0.999902 0.0140114
1191.100000000 -20.3726 -16.6394 0 0 0 0.999993 0.00372178
1192.400000000 -21.3459 -16.6283 0 0 0 0.999934 0.0114596
1194.100000000 -22.1925 -16.726 0 0 0 -0.959097 0.283079
1194.800000000 -22.1105 -16.8353 0 0 0 -0.811102 0.584905
1195.300000000 -22.0008 -16.8603 0 0 0 -0.661776 0.749702
1196.600000000 -21.6292 -17.4715 0 0 0 -0.424962 0.905211
1197.800000000 -21.0621 -18.2127 0 0 0 -0.483576 0.875302
1199.100000000 -20.7284 -19.1268 0 0 0 -0.611248 0.791439
1200.500000000 -20.6963 -20.1566 0 0 0 -0.741354 0.671114
1201.800000000 -20.8409 -21.1295 0 0 0 -0.75441 0.656403
1203.200000000 -20.9433 -22.1647 0 0 0 -0.736799 0.676112
1204.500000000 -20.9667 -23.1446 0 0 0 -0.706901 0.707312
1205.900000000 -20.9824 -24.2073 0 0 0 -0.701856 0.712319
1207.200000000 -20.9817 -25.1691 0 0 0 -0.709749 0.704455
1208.600000000 -21.0224 -26.2219 0 0 0 -0.72804 0.685535
1209.800000000 -21.0615 -27.1254 0 0 0 -0.710429 0.703769
1211.200000000 -21.0414 -28.169 0 0 0 -0.695093 0.71892
1212.700000000 -20.707 -28.9972 0 0 0 -0.474887 0.880047
1214.100000000 -19.9685 -29.7299 0 0 0 -0.365846 0.930676
1215.400000000 -19.2338 -30.3791 0 0 0 -0.343929 0.938996
1216.600000000 -18.3807 -30.8611 0 0 0 -0.241292 0.970453
1218.200000000 -17.323 -31.2005 0 0 0 -0.0845327 0.996421
1219.100000000 -16.9916 -31.0812 0 0 0 0.229964 0.973199
1219.800000000 -16.939 -30.8734 0 0 0 0.479173 0.87772
1220.400000000 -17.0245 -30.8286 0 0 0 0.704132 0.710069
1221.000000000 -17.2314 -30.6854 0 0 0 0.838862 0.544344
1222.000000000 -17.5901 -30.4853 0 0 0 0.961024 0.276463
1223.400000000 -18.5064 -30.1085 0 0 0 0.985112 0.171912
1224.800000000 -19.5248 -29.8372 0 0 0 0.992034 0.12597
1226.100000000 -20.4792 -29.6617 0 0 0 0.999497 0.0317206
1227.500000000 -21.5147 -29.7941 0 0 0 -0.993455 0.114225
1228.700000000 -22.4029 -29.9642 0 0 0 -0.997352 0.0727303
1230.100000000 -23.4455 -30.0287 0 0 0 -0.999768 0.0215486
1231.300000000 -24.3483 -30.0304 0 0 0 0.999999 0.00144492
1232.700000000 -25.4006 -30.0309 0 0 0 0.999985 0.00554831
1234.000000000 -26.3744 -30.0164 0 0 0 0.999959 0.00904706
1235.500000000 -27.3962 -30.1741 0 0 0 -0.985964 0.166958
1236.400000000 -27.5213 -30.3654 0 0 0 -0.876807 0.480843
1237.000000000 -27.4112 -30.3977 0 0 0 -0.695542 0.718486
1237.700000000 -27.2627 -30.3932 0 0 0 -0.42831 0.903632
1238.500000000 -27.0882 -30.3449 0 0 0 -0.106502 0.994313
1240.000000000 -26.0326 -30.252 0 0 0 0.0814918 0.996674
1241.300000000 -25.098 -29.9528 0 0 0 0.183269 0.983063
1242.700000000 -24.5004 -29.4053 0 0 0 0.452614 0.891706
1244.000000000 -24.3175 -28.6625 0 0 0 0.669234 0.743052
1245.500000000 -24.5464 -27.7255 0 0 0 0.843322 0.537409
1246.900000000 -25.1976 -27.009 0 0 0 0.939515 0.342507
1248.300000000 -25.9945 -26.3732 0 0 0 0.935007 0.35463
1249.500000000 -26.6587 -25.7815 0 0 0 0.920089 0.39171
1250.900000000 -27.3946 -25.0086 0 0 0 0.921961 0.387282
1252.300000000 -28.181 -24.352 0 0 0 0.946687 0.322153
1253.600000000 -29.0084 -23.7919 0 0 0 0.963898 0.26627
1254.700000000 -29.2992 -23.3301 0 0 0 0.857895 0.513825
1255.900000000 -29.3752 -22.68 0 0 0 0.697752 0.716339
1257.300000000 -29.1459 -21.6492 0 0 0 0.611875 0.790955
1258.900000000 -29.0156 -20.5892 0 0 0 0.683394 0.73005
1260.400000000 -29.1064 -20.0688 0 0 0 0.874252 0.485472
1261.000000000 -29.1908 -20.137 0 0 0 0.978545 0.206033
1261.600000000 -29.2306 -20.2538 0 0 0 -0.996787 0.0801011
1262.800000000 -29.7338 -20.6488 0 0 0 -0.93809 0.346391
1264.200000000 -30.4554 -21.404 0 0 0 -0.918552 0.3953
1265.600000000 -31.1861 -22.1651 0 0 0 -0.918069 0.39642
1266.800000000 -31.3713 -22.7713 0 0 0 -0.775293 0.631602
1268.300000000 -31.2515 -23.8097 0 0 0 -0.616551 0.787315
1269.500000000 -30.9503 -24.6682 0 0 0 -0.616402 0.787431
1270.800000000 -30.8789 -25.6374 0 0 0 -0.693673 0.72029
1272.200000000 -30.9731 -26.6852 0 0 0 -0.751201 0.660074
1273.600000000 -31.0828 -27.7336 0 0 0 -0.732465 0.680805
1274.900000000 -31.1016 -28.708 0 0 0 -0.705198 0.709011
1276.200000000 -31.0748 -29.6819 0 0 0 -0.692978 0.720959
1277.800000000 -31.1561 -30.4581 0 0 0 -0.871769 0.489917
1278.500000000 -31.2421 -30.3783 0 0 0 -0.976649 0.21484
1279.000000000 -31.2686 -30.2645 0 0 0 0.997025 0.0770811
1279.700000000 -31.2443 -30.1244 0 0 0 0.921348 0.388738
1280.400000000 -31.1985 -30.0007 0 0 0 0.766651 0.642065
1282.000000000 -31.0566 -28.9381 0 0 0 0.680014 0.733199
1283.300000000 -31.0643 -27.9801 0 0 0 0.670297 0.742093
1284.900000000 -30.5673 -27.0722 0 0 0 0.453365 0.891325
1286.100000000 -29.9216 -26.4346 0 0 0 0.375226 0.926934
1287.400000000 -29.2917 -25.6893 0 0 0 0.458014 0.888945
1288.800000000 -28.9226 -24.7481 0 0 0 0.615656 0.788015
1290.300000000 -28.9181 -23.7578 0 0 0 0.71956 0.69443
1292.900000000 -28.9536 -22.8124 0 0 0 0.735959 0.677026
1296.700000000 -29.0249 -21.8331 0 0 0 0.72495 0.688802
1299.500000000 -29.0529 -20.9029 0 0 0 0.71128 0.702909
1302.500000000 -29.0535 -19.9337 0 0 0 0.70847 0.705741
1305.600000000 -29.0528 -18.9153 0 0 0 0.708518 0.705692
1308.400000000 -29.0568 -17.9926 0 0 0 0.708518 0.705692
1311.800000000 -29.0749 -16.9814 0 0 0 0.723973 0.689828
1314.400000000 -29.2946 -15.9884 0 0 0 0.818615 0.574343
1315.800000000 -29.8597 -15.1535 0 0 0 0.906406 0.422407
1317.100000000 -30.5598 -14.4758 0 0 0 0.928937 0.370238
1318.500000000 -31.2739 -13.7038 0 0 0 0.904349 0.426794
1320.200000000 -31.6592 -12.9049 0 0 0 0.712829 0.701338
1321.200000000 -31.3577 -12.472 0 0 0 0.478152 0.878277
1322.600000000 -30.6685 -11.902 0 0 0 0.333747 0.942663
1324.000000000 -29.7952 -11.181 0 0 0 0.357622 0.933866
1325.300000000 -29.22 -10.3926 0 0 0 0.495896 0.868382
1326.600000000 -28.9071 -9.45935 0 0 0 0.621591 0.783342
1328.000000000 -28.8876 -8.42643 0 0 0 0.701359 0.712808
1330.400000000 -28.9032 -7.429 0 0 0 0.714495 0.699641
1333.400000000 -28.8898 -6.45149 0 0 0 0.699155 0.71497
1336.500000000 -28.8662 -5.456 0 0 0 0.701726 0.712447
1340.000000000 -28.862 -4.47418 0 0 0 0.707277 0.706937
1343.500000000 -28.8644 -3.4931 0 0 0 0.708192 0.70602
1346.300000000 -28.9902 -2.86864 0 0 0 0.896938 0.442156
1346.900000000 -29.1119 -2.89525 0 0 0 0.981996 0.188903
1347.700000000 -29.3476 -3.03161 0 0 0 -0.995435 0.0954397
1349.100000000 -30.216 -3.45259 0 0 0 -0.96998 0.243184
1350.500000000 -31.2011 -3.83136 0 0 0 -0.992461 0.122563
1351.900000000 -32.2031 -3.82937 0 0 0 0.999821 0.0189406
1353.100000000 -33.1379 -3.81194 0 0 0 0.998277 0.0586799
1354.500000000 -34.1867 -3.70079 0 0 0 0.999388 0.034968
1355.900000000 -35.2384 -3.6586 0 0 0 0.999771 0.0213863
1357.200000000 -36.212 -3.6726 0 0 0 -0.999995 0.00312716
1358.200000000 -36.5831 -3.45678 0 0 0 0.960481 0.278345
1359.300000000 -36.8682 -2.94884 0 0 0 0.858142 0.513413
1360.700000000 -37.0512 -2.04445 0 0 0 0.730022 0.683424
1362.100000000 -37.0585 -0.990943 0 0 0 0.703005 0.711185
1363.500000000 -36.9953 -0.0740545 0 0 0 0.625709 0.780056
1364.000000000 -36.9049 -0.116575 0 0 0 0.417554 0.908652
1364.700000000 -36.775 -0.179027 0 0 0 0.118509 0.992953
1366.400000000 -35.7254 -0.405934 0 0 0 -0.124847 0.992176
1367.900000000 -34.7705 -0.339756 0 0 0 0.12516 0.992137
1375.900000000 -33.9189 0.242182 0 0 0 0.351501 0.936187
1377.200000000 -33.2279 0.962577 0 0 0 0.38887 0.921292
1378.500000000 -32.5444 1.63544 0 0 0 0.385959 0.922516
1380.000000000 -31.8771 2.54689 0 0 0 0.481974 0.876186
1381.200000000 -31.5606 3.34854 0 0 0 0.598743 0.800941
1383.300000000 -31.4681 4.31134 0 0 0 0.695817 0.718219
1386.400000000 -31.5205 5.29325 0 0 0 0.739641 0.673001
1388.200000000 -31.6665 6.29471 0 0 0 0.755801 0.654801
1392.400000000 -31.7412 7.25321 0 0 0 0.719649 0.694338
1396.700000000 -31.7055 8.24919 0 0 0 0.689655 0.724138
1398.500000000 -31.6078 9.27568 0 0 0 0.663153 0.748484
1400.000000000 -31.336 10.2371 0 0 0 0.557175 0.830395
1400.500000000 -31.3228 10.2122 0 0 0 0.335102 0.942182
1401.200000000 -31.2459 10.1116 0 0 0 -0.00250777 0.999997
1401.800000000 -31.1241 9.99051 0 0 0 -0.241852 0.970313
1402.800000000 -30.9278 9.58359 0 0 0 -0.480495 0.876997
1404.400000000 -30.6355 8.5797 0 0 0 -0.577845 0.816146
1406.100000000 -30.1953 7.88247 0 0 0 -0.27395 0.961744
1406.800000000 -30.1573 8.01386 0 0 0 0.0724371 0.997373
1407.400000000 -30.2173 8.08998 0 0 0 0.350903 0.936412
1408.800000000 -29.7698 9.01209 0 0 0 0.524777 0.85124
1410.500000000 -29.2469 9.56527 0 0 0 0.211646 0.977347
1411.200000000 -29.2422 9.51652 0 0 0 -0.0998025 0.995007
1412.000000000 -29.0621 9.30044 0 0 0 -0.353424 0.935463
1413.100000000 -28.8365 8.78911 0 0 0 -0.584425 0.811448
1413.900000000 -28.805 8.49177 0 0 0 -0.772038 0.635576
1414.500000000 -28.8918 8.50819 0 0 0 -0.92426 0.381763
1415.100000000 -28.965 8.61237 0 0 0 -0.995363 0.0961939
1415.800000000 -28.9525 8.71952 0 0 0 0.969433 0.245356
1416.400000000 -28.8752 8.81987 0 0 0 0.856029 0.516928
1417.000000000 -28.7604 8.85561 0 0 0 0.668485 0.743726
1417.600000000 -28.7689 8.86903 0 0 0 0.42305 0.906107
1418.600000000 -28.1632 9.10429 0 0 0 0.211718 0.977331
1420.300000000 -27.3203 9.08741 0 0 0 -0.0930306 0.995663
1422.300000000 -26.4913 8.67804 0 0 0 -0.190736 0.981641
