0.300000000 0.2 0 0 0 0 0 1
8.800000000 0.995085 -0.128918 0 0 0 -0.342878 0.93938
9.500000000 0.896188 -0.202805 0 0 0 -0.64463 0.764495
10.100000000 0.77922 -0.187505 0 0 0 -0.841733 0.539894
10.700000000 0.691336 -0.1088 0 0 0 -0.963673 0.267084
11.300000000 0.663337 0.00600461 0 0 0 0.999563 0.0295663
11.900000000 0.705113 0.116451 0 0 0 0.946202 0.323577
12.500000000 0.801092 0.191752 0 0 0 0.808662 0.588274
13.200000000 0.918497 0.182025 0 0 0 0.557193 0.830383
13.700000000 1.00916 0.126495 0 0 0 0.334955 0.942234
14.400000000 1.03407 -0.00329879 0 0 0 -0.00842875 0.999964
15.000000000 0.997285 -0.115687 0 0 0 -0.303554 0.952814
18.100000000 1.20538 -0.111726 0 0 0 -0.0104229 0.999946
18.800000000 1.18247 0.00169762 0 0 0 0.333639 0.942701
19.400000000 1.12213 0.117829 0 0 0 0.588029 0.80884
20.000000000 0.991945 0.159166 0 0 0 0.783949 0.620825
21.100000000 0.600263 0.526091 0 0 0 0.927537 0.373731
22.500000000 -0.196367 1.19836 0 0 0 0.936731 0.35005
23.800000000 -0.870831 1.9011 0 0 0 0.909828 0.414985
25.100000000 -1.43203 2.69355 0 0 0 0.876643 0.481141
26.400000000 -1.88264 3.55463 0 0 0 0.844666 0.535294
27.700000000 -2.22774 4.46493 0 0 0 0.820901 0.571071
29.000000000 -2.5981 5.36188 0 0 0 0.835289 0.549811
30.400000000 -2.89961 6.36624 0 0 0 0.771844 0.635812
31.100000000 -2.79181 6.44894 0 0 0 0.547184 0.837013
31.800000000 -2.74467 6.37624 0 0 0 0.23096 0.972963
32.400000000 -2.6971 6.24199 0 0 0 -0.0608274 0.998148
33.100000000 -2.70861 6.11545 0 0 0 -0.394415 0.918932
33.800000000 -2.81029 6.04031 0 0 0 -0.675948 0.736949
34.400000000 -2.93707 6.03106 0 0 0 -0.856065 0.516868
35.100000000 -3.03705 6.12617 0 0 0 -0.980267 0.19768
35.700000000 -3.05866 6.2407 0 0 0 0.995364 0.0961795
36.300000000 -2.99871 6.35133 0 0 0 0.92416 0.382006
37.000000000 -2.89871 6.43076 0 0 0 0.739897 0.67272
37.700000000 -2.74594 6.59543 0 0 0 0.554864 0.831941
39.200000000 -2.04869 7.31194 0 0 0 0.358222 0.933636
40.500000000 -1.32918 7.98028 0 0 0 0.377121 0.926164
41.400000000 -1.25339 8.30105 0 0 0 0.623432 0.781878
42.400000000 -1.39272 8.72577 0 0 0 0.815979 0.578081
43.600000000 -1.82857 9.52678 0 0 0 0.863324 0.50465
44.900000000 -2.21096 10.4131 0 0 0 0.810659 0.585519
46.400000000 -2.32739 11.385 0 0 0 0.714675 0.699457
49.200000000 -2.25609 12.3611 0 0 0 0.674921 0.73789
53.700000000 -2.18844 13.3179 0 0 0 0.682473 0.730911
57.800000000 -2.15748 14.2836 0 0 0 0.699494 0.714639
62.100000000 -2.13923 15.2619 0 0 0 0.705873 0.708338
64.900000000 -2.15261 16.2263 0 0 0 0.727307 0.686313
66.400000000 -2.45603 17.244 0 0 0 0.845953 0.533257
67.800000000 -3.09391 18.0291 0 0 0 0.918192 0.396137
69.100000000 -3.79552 18.7051 0 0 0 0.927777 0.373136
70.300000000 -3.9861 19.0895 0 0 0 0.754965 0.655765
71.000000000 -3.89032 19.281 0 0 0 0.568167 0.822913
72.500000000 -3.21412 19.9971 0 0 0 0.363277 0.931681
73.900000000 -2.40294 20.7533 0 0 0 0.421169 0.906982
75.200000000 -2.08196 21.5347 0 0 0 0.593881 0.804553
76.600000000 -2.03172 22.534 0 0 0 0.716512 0.697575
78.000000000 -2.12926 23.5832 0 0 0 0.740094 0.672504
79.800000000 -2.17728 24.4833 0 0 0 0.719863 0.694117
82.500000000 -2.1911 25.4799 0 0 0 0.710011 0.704191
86.100000000 -2.19576 26.4266 0 0 0 0.708848 0.705361
89.800000000 -2.20086 27.4391 0 0 0 0.708848 0.705362
91.900000000 -2.25762 28.4172 0 0 0 0.749529 0.661971
93.200000000 -2.53634 29.3423 0 0 0 0.827533 0.561417
94.300000000 -2.8464 29.6297 0 0 0 0.961441 0.275012
95.000000000 -2.98195 29.5451 0 0 0 -0.999899 0.0141911
95.700000000 -3.02154 29.407 0 0 0 -0.946307 0.32327
96.300000000 -2.9248 29.3592 0 0 0 -0.806449 0.591303
96.800000000 -2.81665 29.3587 0 0 0 -0.635563 0.772049
97.500000000 -2.72204 29.4155 0 0 0 -0.331718 0.943379
98.000000000 -2.65837 29.5073 0 0 0 -0.0886235 0.996065
98.800000000 -2.54537 29.6681 0 0 0 0.241817 0.970322
99.800000000 -2.3544 30.1039 0 0 0 0.505445 0.862859
101.200000000 -2.10466 31.0745 0 0 0 0.655855 0.754887
102.600000000 -2.08774 32.0647 0 0 0 0.717024 0.697049
104.000000000 -2.17526 33.1134 0 0 0 0.738024 0.674775
105.700000000 -2.2267 34.0557 0 0 0 0.71595 0.698151
109.000000000 -2.20395 35.0003 0 0 0 0.693783 0.720184
113.200000000 -2.1804 35.9642 0 0 0 0.701587 0.712584
117.400000000 -2.17411 36.947 0 0 0 0.705475 0.708734
121.900000000 -2.16931 37.9082 0 0 0 0.705475 0.708734
124.800000000 -2.16437 39.0092 0 0 0 0.705475 0.708734
126.100000000 -2.15929 39.9817 0 0 0 0.705475 0.708734
127.500000000 -2.27134 41.0117 0 0 0 0.790908 0.611935
128.800000000 -2.66504 41.9052 0 0 0 0.838773 0.544481
130.100000000 -2.99835 42.8373 0 0 0 0.778046 0.628207
131.400000000 -3.04175 43.8099 0 0 0 0.691523 0.722355
132.800000000 -2.71058 44.7213 0 0 0 0.533846 0.845582
134.100000000 -2.18011 45.576 0 0 0 0.525322 0.850903
135.600000000 -1.96191 46.6407 0 0 0 0.678039 0.735026
136.900000000 -2.07414 47.6076 0 0 0 0.747226 0.66457
138.300000000 -2.21084 48.6499 0 0 0 0.74106 0.671439
139.600000000 -2.21792 49.6235 0 0 0 0.694848 0.719156
141.000000000 -2.16108 50.6743 0 0 0 0.697972 0.716125
142.300000000 -2.17109 51.6479 0 0 0 0.71675 0.697331
143.600000000 -2.32882 52.6048 0 0 0 0.782278 0.62293
145.100000000 -2.73501 53.6149 0 0 0 0.867425 0.497568
146.300000000 -3.32113 54.2946 0 0 0 0.920767 0.390113
147.600000000 -4.02433 54.9683 0 0 0 0.931789 0.363
148.500000000 -4.2266 54.9725 0 0 0 0.999844 0.0176374
149.100000000 -4.19598 54.8679 0 0 0 -0.960407 0.2786
149.800000000 -4.08726 54.7838 0 0 0 -0.806662 0.591014
150.500000000 -3.95036 54.7824 0 0 0 -0.554587 0.832126
151.000000000 -3.86997 54.8476 0 0 0 -0.332053 0.943261
151.700000000 -3.75041 54.9303 0 0 0 -0.0308011 0.999526
152.500000000 -3.54139 55.1064 0 0 0 0.24851 0.968629
154.000000000 -2.85359 55.8472 0 0 0 0.432735 0.901521
155.300000000 -2.19837 56.5642 0 0 0 0.386595 0.92225
156.600000000 -1.49683 57.2384 0 0 0 0.362901 0.931828
157.900000000 -0.721838 57.8315 0 0 0 0.289932 0.957047
159.300000000 0.22292 58.2062 0 0 0 0.118274 0.992981
161.100000000 1.26399 58.2588 0 0 0 -0.00738186 0.999973
164.400000000 2.23354 58.2041 0 0 0 -0.029947 0.999551
168.700000000 3.19584 58.1378 0 0 0 -0.0330084 0.999455
172.500000000 4.14601 58.1092 0 0 0 -0.0127054 0.999919
175.800000000 5.12619 58.0981 0 0 0 -0.00343612 0.999994
178.300000000 5.80375 58.2207 0 0 0 0.285422 0.958402
179.000000000 5.78875 58.3714 0 0 0 0.554231 0.832363
179.800000000 5.68756 58.5912 0 0 0 0.772577 0.634921
180.600000000 5.49839 58.7266 0 0 0 0.922945 0.384932
181.200000000 5.44421 58.6189 0 0 0 0.995405 0.0957591
181.800000000 5.46698 58.5014 0 0 0 -0.979245 0.202679
182.500000000 5.54388 58.4115 0 0 0 -0.850055 0.526695
183.100000000 5.65057 58.4025 0 0 0 -0.65644 0.754379
183.800000000 5.83185 58.2421 0 0 0 -0.448494 0.893786
184.800000000 6.27434 58.0545 0 0 0 -0.198773 0.980045
186.500000000 7.33613 57.9303 0 0 0 0.0148251 0.99989
187.800000000 8.30604 58.073 0 0 0 0.0697588 0.997564
189.400000000 9.3119 58.1655 0 0 0 0.0250745 0.999686
192.200000000 10.2197 58.1576 0 0 0 -0.0117048 0.999931
196.400000000 11.2248 58.1404 0 0 0 -0.00727207 0.999974
200.400000000 12.208 58.1353 0 0 0 -0.00160371 0.999999
204.700000000 13.1613 58.132 0 0 0 -0.00160371 0.999999
209.200000000 14.1263 58.1288 0 0 0 -0.00160371 0.999999
213.400000000 15.1405 58.1254 0 0 0 -0.00160371 0.999999
216.400000000 16.1158 58.1221 0 0 0 -0.00160371 0.999999
219.400000000 17.093 58.1188 0 0 0 -0.00160371 0.999999
222.400000000 18.0703 58.1155 0 0 0 -0.00160371 0.999999
223.600000000 18.3086 58.2446 0 0 0 0.340536 0.940231
224.200000000 18.2095 58.3289 0 0 0 0.593395 0.804911
225.100000000 18.1258 58.6721 0 0 0 0.791726 0.610877
225.900000000 17.94 58.8034 0 0 0 0.935386 0.353629
226.400000000 17.9015 58.7156 0 0 0 0.993728 0.111828
227.100000000 17.9205 58.5977 0 0 0 -0.971681 0.236296
227.700000000 17.9934 58.5134 0 0 0 -0.858452 0.512894
228.300000000 17.9994 58.5107 0 0 0 -0.671132 0.741338
229.200000000 18.3298 58.1531 0 0 0 -0.458653 0.888615
230.600000000 19.0743 57.47 0 0 0 -0.364498 0.931204
232.100000000 19.8596 56.7191 0 0 0 -0.368299 0.929707
234.400000000 20.5234 56.0725 0 0 0 -0.379338 0.925258
238.300000000 21.1755 55.3855 0 0 0 -0.414951 0.909844
240.800000000 21.7405 54.4492 0 0 0 -0.532961 0.84614
242.600000000 21.9781 53.5069 0 0 0 -0.651918 0.75829
246.500000000 21.976 52.5559 0 0 0 -0.721718 0.692187
251.000000000 21.9103 51.5818 0 0 0 -0.730163 0.683273
255.400000000 21.8681 50.614 0 0 0 -0.725237 0.6885
257.000000000 21.5436 49.8629 0 0 0 -0.880899 0.473304
258.500000000 20.822 49.1409 0 0 0 -0.928841 0.370478
261.000000000 20.1196 48.4605 0 0 0 -0.926026 0.377459
265.000000000 19.438 47.784 0 0 0 -0.924467 0.381263
269.200000000 18.7543 47.1048 0 0 0 -0.924467 0.381263
273.400000000 18.0894 46.4442 0 0 0 -0.924467 0.381263
277.900000000 17.3958 45.7551 0 0 0 -0.924467 0.381263
282.300000000 16.7121 45.0758 0 0 0 -0.924467 0.381263
286.900000000 16.011 44.379 0 0 0 -0.924467 0.381263
290.800000000 15.3472 43.7197 0 0 0 -0.924467 0.381263
294.500000000 14.6486 43.0256 0 0 0 -0.924467 0.381263
298.400000000 13.9487 42.3201 0 0 0 -0.924467 0.381263
302.600000000 13.2689 41.6547 0 0 0 -0.924467 0.381263
306.500000000 12.5639 40.9541 0 0 0 -0.924467 0.381263
310.400000000 11.8804 40.2752 0 0 0 -0.924467 0.381263
313.100000000 11.2045 39.5527 0 0 0 -0.908916 0.416979
314.500000000 10.656 38.7173 0 0 0 -0.846829 0.531865
316.000000000 10.4875 37.7737 0 0 0 -0.709802 0.704401
317.000000000 10.7427 37.3317 0 0 0 -0.510112 0.860108
318.500000000 11.4621 36.5398 0 0 0 -0.373177 0.92776
320.400000000 12.1589 35.879 0 0 0 -0.374428 0.927256
324.300000000 12.8563 35.1934 0 0 0 -0.379775 0.925079
328.500000000 13.5436 34.5201 0 0 0 -0.372383 0.928079
333.200000000 14.2891 33.9476 0 0 0 -0.289808 0.957085
336.900000000 15.2508 33.5706 0 0 0 -0.132094 0.991237
339.400000000 16.2731 33.4727 0 0 0 -0.0172789 0.999851
343.700000000 17.1972 33.483 0 0 0 0.0194059 0.999812
346.700000000 18.1548 33.7223 0 0 0 0.227662 0.97374
348.200000000 18.9291 34.4236 0 0 0 0.390178 0.920739
350.000000000 19.6435 35.1585 0 0 0 0.38703 0.922067
352.500000000 20.3137 35.4587 0 0 0 0.0755791 0.99714
353.200000000 20.3202 35.4632 0 0 0 -0.221185 0.975232
354.700000000 20.975 34.7305 0 0 0 -0.421681 0.906744
356.800000000 21.6396 34.0544 0 0 0 -0.347091 0.937831
358.900000000 22.6919 33.4905 0 0 0 -0.160441 0.987045
360.800000000 23.5611 33.4773 0 0 0 -0.00736322 0.999973
364.700000000 24.4835 33.4949 0 0 0 0.0280339 0.999607
369.700000000 25.4698 33.5613 0 0 0 0.0333202 0.999445
374.500000000 26.4172 33.5979 0 0 0 0.0152414 0.999884
376.900000000 27.2736 33.8975 0 0 0 0.272772 0.962079
378.500000000 27.9674 34.5767 0 0 0 0.389658 0.92096
382.100000000 28.6375 35.2545 0 0 0 0.386122 0.922448
386.900000000 29.3224 35.955 0 0 0 0.384649 0.923063
391.400000000 30.0072 36.6358 0 0 0 0.384649 0.923063
395.400000000 30.6816 37.3265 0 0 0 0.384649 0.923063
399.200000000 31.3588 37.9998 0 0 0 0.384649 0.923063
403.400000000 32.0584 38.7055 0 0 0 0.384649 0.923063
407.800000000 32.7416 39.3949 0 0 0 0.384649 0.923063
412.300000000 33.4716 40.154 0 0 0 0.415191 0.909734
413.600000000 33.8875 40.9987 0 0 0 0.517539 0.85566
414.800000000 34.1539 41.8564 0 0 0 0.626326 0.779561
416.100000000 34.2227 42.8284 0 0 0 0.702724 0.711462
417.500000000 34.1149 43.8698 0 0 0 0.739446 0.673216
418.800000000 34.1156 44.8497 0 0 0 0.705321 0.708888
420.200000000 34.1299 45.8928 0 0 0 0.702281 0.7119
421.400000000 34.1479 46.7966 0 0 0 0.707608 0.706605
422.700000000 34.1464 47.7703 0 0 0 0.707608 0.706605
424.000000000 34.1449 48.7441 0 0 0 0.707608 0.706605
425.300000000 34.1435 49.7178 0 0 0 0.707608 0.706605
426.600000000 34.142 50.7016 0 0 0 0.707608 0.706605
427.900000000 34.1406 51.6753 0 0 0 0.707608 0.706605
429.200000000 34.1391 52.6491 0 0 0 0.707608 0.706605
430.900000000 34.4474 53.6477 0 0 0 0.502575 0.864534
432.300000000 35.0859 54.3525 0 0 0 0.354279 0.93514
433.600000000 35.8017 55.0139 0 0 0 0.368725 0.929539
434.900000000 36.4901 55.7036 0 0 0 0.386207 0.922412
436.200000000 37.1637 56.4084 0 0 0 0.3868 0.922163
437.600000000 38.0115 57.0798 0 0 0 0.314184 0.949362
438.900000000 38.8429 57.5823 0 0 0 0.250147 0.968208
440.200000000 39.729 57.9865 0 0 0 0.192858 0.981227
441.500000000 40.654 58.2108 0 0 0 0.0917641 0.995781
442.700000000 41.5661 58.2767 0 0 0 -0.00740414 0.999973
444.100000000 42.606 58.1563 0 0 0 -0.0778525 0.996965
445.500000000 43.6489 58.0885 0 0 0 -0.0261392 0.999658
446.800000000 44.6001 58.0575 0 0 0 0.0444508 0.999012
447.400000000 44.7123 58.1855 0 0 0 0.282317 0.959321
448.100000000 44.5852 58.269 0 0 0 0.595443 0.803398
448.900000000 44.4599 58.4687 0 0 0 0.806207 0.591634
450.200000000 43.9199 59.0569 0 0 0 0.92882 0.370532
451.600000000 43.1425 59.7665 0 0 0 0.930133 0.367222
453.000000000 42.5327 60.5144 0 0 0 0.866943 0.498407
453.600000000 42.6391 60.561 0 0 0 0.688316 0.725411
454.300000000 42.7831 60.5193 0 0 0 0.401479 0.915868
454.800000000 42.8136 60.4433 0 0 0 0.167561 0.985862
455.500000000 42.8444 60.3231 0 0 0 -0.176517 0.984298
456.100000000 42.7442 60.2344 0 0 0 -0.454147 0.890927
456.800000000 42.7062 60.0686 0 0 0 -0.692437 0.721478
457.700000000 42.497 59.7939 0 0 0 -0.87324 0.48729
458.500000000 42.2059 59.6502 0 0 0 -0.962162 0.272478
459.300000000 42.0781 59.7231 0 0 0 0.997797 0.0663448
459.900000000 42.118 59.8109 0 0 0 0.935273 0.353926
460.500000000 42.2123 59.8796 0 0 0 0.791773 0.610815
461.100000000 42.331 59.8939 0 0 0 0.579735 0.814805
461.800000000 42.452 59.8142 0 0 0 0.269072 0.96312
462.400000000 42.5173 59.7195 0 0 0 0.00476912 0.999989
463.200000000 42.7542 59.5677 0 0 0 -0.264447 0.9644
464.600000000 43.3862 58.8429 0 0 0 -0.468603 0.883409
466.300000000 44.1003 58.0997 0 0 0 -0.269912 0.962885
467.700000000 45.0028 57.907 0 0 0 -0.0370328 0.999314
469.100000000 46.0306 58.0321 0 0 0 0.0884336 0.996082
470.500000000 47.0657 58.1463 0 0 0 0.0327761 0.999463
471.700000000 47.9717 58.1608 0 0 0 -0.00123437 0.999999
473.100000000 49.0267 58.1492 0 0 0 -0.00156607 0.999999
474.500000000 50.0802 58.1459 0 0 0 -0.00163581 0.999999
475.800000000 51.054 58.1426 0 0 0 -0.00163581 0.999999
477.100000000 52.0277 58.1392 0 0 0 -0.00163581 0.999999
478.400000000 53.0014 58.1359 0 0 0 -0.00163581 0.999999
479.700000000 53.9752 58.1325 0 0 0 -0.00163581 0.999999
481.000000000 54.9477 58.1289 0 0 0 -0.00163581 0.999999
482.400000000 56.0014 58.1256 0 0 0 -0.00163581 0.999999
483.900000000 56.9081 57.9693 0 0 0 -0.208015 0.978126
485.500000000 57.6448 57.2082 0 0 0 -0.46209 0.886833
486.900000000 57.9625 56.2748 0 0 0 -0.632469 0.774586
488.700000000 57.9683 55.3066 0 0 0 -0.734381 0.678738
492.600000000 57.8673 54.3319 0 0 0 -0.734425 0.67869
497.400000000 57.836 53.3744 0 0 0 -0.715304 0.698813
501.400000000 57.8271 52.4417 0 0 0 -0.708843 0.705367
505.300000000 57.8252 51.4767 0 0 0 -0.707872 0.70634
507.700000000 58.0082 50.8238 0 0 0 -0.440402 0.897801
508.600000000 58.3803 50.7218 0 0 0 -0.186671 0.982423
509.900000000 59.3227 50.5096 0 0 0 -0.0659126 0.997825
510.700000000 59.3824 50.6332 0 0 0 0.28226 0.959338
511.200000000 59.3119 50.7092 0 0 0 0.510301 0.859996
511.800000000 59.1861 50.7227 0 0 0 0.741655 0.670782
512.400000000 59.0772 50.6866 0 0 0 0.90676 0.421648
513.000000000 59.0134 50.5872 0 0 0 0.990866 0.13485
513.800000000 58.8179 50.4771 0 0 0 -0.986677 0.162692
514.900000000 58.363 49.9936 0 0 0 -0.923736 0.38303
516.200000000 57.7925 49.2046 0 0 0 -0.886086 0.463521
517.700000000 57.0728 48.4099 0 0 0 -0.920506 0.390727
519.100000000 56.3258 47.6691 0 0 0 -0.924511 0.381156
520.400000000 55.6689 47.0186 0 0 0 -0.925208 0.379461
522.300000000 54.9527 46.3227 0 0 0 -0.927256 0.374427
523.700000000 54.2124 45.5875 0 0 0 -0.923541 0.383499
525.000000000 53.5305 44.8903 0 0 0 -0.922052 0.387067
526.500000000 52.777 44.1374 0 0 0 -0.924939 0.380116
529.400000000 52.0541 43.4693 0 0 0 -0.938998 0.343923
532.300000000 51.1496 42.947 0 0 0 -0.978341 0.207001
533.700000000 50.1194 42.7304 0 0 0 -0.995925 0.0901844
535.500000000 49.2866 42.3327 0 0 0 -0.960976 0.276631
539.400000000 48.5694 41.6993 0 0 0 -0.935524 0.353263
544.200000000 47.8892 41.047 0 0 0 -0.927304 0.374309
548.100000000 47.202 40.3282 0 0 0 -0.909291 0.416161
549.500000000 46.6404 39.4206 0 0 0 -0.851796 0.523874
551.000000000 46.3582 38.5054 0 0 0 -0.75642 0.654086
552.500000000 46.4438 37.4622 0 0 0 -0.631295 0.775543
553.700000000 46.6211 36.5566 0 0 0 -0.615978 0.787763
555.200000000 46.776 35.5631 0 0 0 -0.666204 0.745769
558.300000000 46.838 34.4862 0 0 0 -0.676946 0.736033
559.500000000 47.2223 33.9894 0 0 0 -0.436039 0.899928
560.800000000 47.8677 33.576 0 0 0 -0.195912 0.980622
562.300000000 48.9534 33.4407 0 0 0 -0.00923362 0.999957
563.600000000 49.9202 33.535 0 0 0 0.0795563 0.99683
564.900000000 50.8825 33.684 0 0 0 0.0531475 0.998587
566.300000000 51.9336 33.6639 0 0 0 -0.0394144 0.999223
567.700000000 53.0337 33.6489 0 0 0 -0.0300152 0.999549
569.000000000 53.9762 33.5847 0 0 0 0.00880542 0.999961
570.600000000 54.9792 33.4974 0 0 0 -0.157866 0.98746
572.200000000 55.7578 32.8057 0 0 0 -0.394848 0.918747
573.500000000 56.4242 32.0853 0 0 0 -0.3971 0.917775
574.900000000 57.162 31.3353 0 0 0 -0.391927 0.919996
576.200000000 57.8653 30.6909 0 0 0 -0.412585 0.910919
577.600000000 58.1066 29.8652 0 0 0 -0.642611 0.766192
579.000000000 58.0285 28.9626 0 0 0 -0.761028 0.648719
582.300000000 57.8672 27.9789 0 0 0 -0.753881 0.657011
586.300000000 57.8041 27.0151 0 0 0 -0.72278 0.691078
588.500000000 57.9161 26.4751 0 0 0 -0.484956 0.874539
589.100000000 58.0029 26.5422 0 0 0 -0.218061 0.975935
590.600000000 58.9738 26.4975 0 0 0 -0.0202477 0.999795
591.600000000 59.2709 26.6178 0 0 0 0.292967 0.956123
592.200000000 59.1787 26.6918 0 0 0 0.562431 0.826844
592.700000000 59.081 26.6909 0 0 0 0.749105 0.662452
593.400000000 58.9733 26.6425 0 0 0 0.931066 0.36485
594.000000000 58.9203 26.5163 0 0 0 0.997257 0.0740185
594.900000000 58.6103 26.3532 0 0 0 -0.977026 0.213118
596.500000000 57.7524 25.5601 0 0 0 -0.904477 0.426522
597.900000000 57.5519 24.8509 0 0 0 -0.744242 0.66791
599.400000000 57.8091 23.8656 0 0 0 -0.590403 0.807108
600.700000000 58.09 22.9232 0 0 0 -0.614641 0.788807
602.200000000 58.1966 21.973 0 0 0 -0.688306 0.72542
603.700000000 58.0255 21.4054 0 0 0 -0.875618 0.483005
604.600000000 57.6753 21.2424 0 0 0 -0.970769 0.240018
606.100000000 56.6968 21.1541 0 0 0 0.999852 0.0172133
608.500000000 55.7141 21.2298 0 0 0 0.999182 0.0404373
613.200000000 54.7758 21.293 0 0 0 0.999513 0.0312034
615.900000000 54.1728 21.1435 0 0 0 -0.957833 0.287325
616.800000000 54.0285 20.7832 0 0 0 -0.856219 0.516613
618.200000000 53.8454 19.8459 0 0 0 -0.713672 0.70048
620.500000000 53.9245 18.8507 0 0 0 -0.671645 0.740874
625.000000000 54.0144 17.8954 0 0 0 -0.675157 0.737674
626.900000000 54.0352 16.8482 0 0 0 -0.712477 0.701696
628.200000000 54.0275 15.8762 0 0 0 -0.717321 0.696743
629.600000000 53.807 14.8849 0 0 0 -0.8189 0.573936
630.900000000 53.2904 14.0751 0 0 0 -0.9028 0.430061
632.200000000 52.5776 13.3426 0 0 0 -0.927064 0.374903
633.700000000 51.8317 12.6692 0 0 0 -0.928514 0.371296
635.400000000 51.0987 11.9404 0 0 0 -0.923804 0.382866
637.700000000 50.3692 11.2004 0 0 0 -0.923805 0.382863
639.700000000 49.6782 10.6649 0 0 0 -0.998937 0.0461065
640.300000000 49.6723 10.6514 0 0 0 0.972041 0.234811
641.200000000 49.3674 10.9831 0 0 0 0.881555 0.472082
642.500000000 49.1641 11.8653 0 0 0 0.78868 0.614804
643.900000000 49.0734 12.8796 0 0 0 0.712274 0.701901
644.800000000 48.9532 12.9729 0 0 0 0.90095 0.433923
645.400000000 48.9464 12.9733 0 0 0 0.987365 0.158466
646.000000000 48.8881 12.8951 0 0 0 -0.9934 0.114706
647.000000000 48.5583 12.5448 0 0 0 -0.92754 0.373725
648.400000000 47.7885 11.788 0 0 0 -0.913635 0.406536
649.700000000 47.1011 11.0877 0 0 0 -0.925142 0.379621
650.900000000 46.7443 10.8197 0 0 0 -0.997174 0.0751204
651.400000000 46.7416 10.807 0 0 0 0.985659 0.168748
652.000000000 46.7332 10.7967 0 0 0 0.893058 0.449941
652.700000000 46.8394 10.8465 0 0 0 0.68856 0.725179
653.400000000 46.9421 10.8158 0 0 0 0.401829 0.915715
654.000000000 47.0096 10.7199 0 0 0 0.117874 0.993029
654.700000000 47.2061 10.6164 0 0 0 -0.131938 0.991258
655.700000000 47.509 10.3073 0 0 0 -0.405871 0.91393
657.000000000 48.114 9.56023 0 0 0 -0.409132 0.912475
658.400000000 48.8298 8.83685 0 0 0 -0.36854 0.929612
659.800000000 49.6287 8.10861 0 0 0 -0.367737 0.92993
661.100000000 50.3638 7.48164 0 0 0 -0.33405 0.942555
662.400000000 51.2213 6.92012 0 0 0 -0.268149 0.963377
663.700000000 52.0359 6.50243 0 0 0 -0.233047 0.972465
665.000000000 52.9301 5.97426 0 0 0 -0.300942 0.953642
666.300000000 53.6062 5.36625 0 0 0 -0.359262 0.933237
667.700000000 54.3556 4.61836 0 0 0 -0.388134 0.921603
669.000000000 55.0386 3.92269 0 0 0 -0.38793 0.921689
670.400000000 55.7846 3.17998 0 0 0 -0.379087 0.925361
671.700000000 56.4723 2.48967 0 0 0 -0.381827 0.924234
672.900000000 57.102 1.8416 0 0 0 -0.39649 0.918039
674.600000000 57.8129 1.28714 0 0 0 -0.134017 0.990979
675.400000000 58.0354 1.44195 0 0 0 0.148148 0.988965
676.900000000 58.7955 1.94446 0 0 0 0.270181 0.96281
678.300000000 59.7871 2.31044 0 0 0 0.120221 0.992747
679.800000000 60.8525 2.32953 0 0 0 -0.0668267 0.997765
680.500000000 60.9112 2.20607 0 0 0 -0.358054 0.933701
681.100000000 60.8161 2.13718 0 0 0 -0.614237 0.789122
682.000000000 60.6713 1.89601 0 0 0 -0.834306 0.551302
683.300000000 60.0493 1.3498 0 0 0 -0.939498 0.342555
684.600000000 59.3383 0.698002 0 0 0 -0.932227 0.361873
686.000000000 58.6123 -0.0635629 0 0 0 -0.912528 0.409015
687.300000000 57.9333 -0.759637 0 0 0 -0.923896 0.382643
688.600000000 57.239 -1.44107 0 0 0 -0.929462 0.368917
689.900000000 56.4203 -2.00874 0 0 0 -0.956163 0.292835
691.200000000 55.5618 -2.39258 0 0 0 -0.992337 0.123563
693.000000000 54.5497 -2.42588 0 0 0 0.99996 0.00895184
696.300000000 53.5983 -2.3835 0 0 0 0.999505 0.0314676
700.500000000 52.6294 -2.31378 0 0 0 0.999517 0.0310726
704.100000000 51.5903 -2.28657 0 0 0 -0.999991 0.00430568
705.400000000 50.6433 -2.43329 0 0 0 -0.994063 0.108803
706.900000000 49.7416 -2.9528 0 0 0 -0.939712 0.341967
707.800000000 49.5958 -3.26294 0 0 0 -0.810603 0.585596
708.600000000 49.7372 -3.3627 0 0 0 -0.56365 0.826014
709.100000000 49.8145 -3.34253 0 0 0 -0.360446 0.93278
709.800000000 49.8647 -3.21518 0 0 0 -0.0181531 0.999835
710.400000000 49.854 -3.10039 0 0 0 0.278062 0.960563
711.000000000 49.743 -3.01648 0 0 0 0.549008 0.835817
711.700000000 49.6517 -2.9656 0 0 0 0.788722 0.61475
712.400000000 49.4698 -2.92009 0 0 0 0.929388 0.369104
713.900000000 48.5257 -2.50237 0 0 0 0.985085 0.172067
715.500000000 47.574 -2.28622 0 0 0 0.996976 0.0777135
717.000000000 46.6202 -2.27132 0 0 0 -0.999691 0.0248411
718.300000000 45.6513 -2.36217 0 0 0 -0.998821 0.0485545
719.800000000 44.6693 -2.42953 0 0 0 -0.999712 0.0239998
723.300000000 43.6779 -2.42158 0 0 0 0.9999 0.0141366
727.600000000 42.7204 -2.37672 0 0 0 0.999545 0.0301749
732.200000000 41.7538 -2.3143 0 0 0 0.999664 0.0259398
736.100000000 40.7873 -2.29141 0 0 0 0.999964 0.00849395
739.200000000 39.7994 -2.29515 0 0 0 1 0.000953605
740.800000000 38.8655 -2.6767 0 0 0 -0.957556 0.288248
742.300000000 38.3708 -3.34794 0 0 0 -0.811859 0.583854
742.900000000 38.4973 -3.34605 0 0 0 -0.602773 0.797913
743.600000000 38.5984 -3.26559 0 0 0 -0.292626 0.956227
744.200000000 38.6426 -3.14246 0 0 0 0.00302843 0.999995
744.900000000 38.597 -3.04974 0 0 0 0.346318 0.938117
745.400000000 38.5387 -2.97368 0 0 0 0.567303 0.823509
746.000000000 38.4527 -2.97605 0 0 0 0.782448 0.622716
747.100000000 37.9973 -2.5661 0 0 0 0.924917 0.380169
748.600000000 37.0938 -2.02195 0 0 0 0.959779 0.280756
750.100000000 36.3365 -1.33239 0 0 0 0.925301 0.379233
751.700000000 35.6463 -0.64521 0 0 0 0.922075 0.387012
753.700000000 34.9323 0.0560881 0 0 0 0.925146 0.379611
755.900000000 34.3118 0.828089 0 0 0 0.876212 0.481925
757.600000000 33.9975 1.82682 0 0 0 0.7673 0.641288
760.800000000 33.9831 2.815 0 0 0 0.693928 0.720044
765.200000000 34.0553 3.76552 0 0 0 0.680352 0.732886
767.500000000 33.8429 4.51832 0 0 0 0.857746 0.514075
769.200000000 33.0993 5.26604 0 0 0 0.930376 0.366608
771.900000000 32.432 5.91587 0 0 0 0.92691 0.375283
776.700000000 31.7343 6.61325 0 0 0 0.924972 0.380034
781.200000000 31.0474 7.28192 0 0 0 0.924972 0.380034
785.700000000 30.3507 7.98027 0 0 0 0.924972 0.380034
790.100000000 29.6551 8.66771 0 0 0 0.924972 0.380034
794.800000000 28.987 9.32761 0 0 0 0.924972 0.380034
799.400000000 28.3027 10.0038 0 0 0 0.924972 0.380034
804.200000000 27.6034 10.6946 0 0 0 0.924972 0.380034
809.000000000 26.9128 11.377 0 0 0 0.924972 0.380034
813.900000000 26.2235 12.0581 0 0 0 0.924972 0.380034
818.700000000 25.5192 12.7542 0 0 0 0.924972 0.380034
822.800000000 24.8399 13.4251 0 0 0 0.924972 0.380034
827.600000000 24.1369 14.12 0 0 0 0.924972 0.380034
831.900000000 23.4463 14.8023 0 0 0 0.924972 0.380034
832.800000000 23.2145 14.9078 0 0 0 0.99832 0.0579393
833.300000000 23.2048 14.9048 0 0 0 -0.985458 0.169918
834.800000000 22.4968 14.254 0 0 0 -0.916939 0.399026
836.300000000 21.8096 13.48 0 0 0 -0.916047 0.401072
837.900000000 21.0324 12.71 0 0 0 -0.92607 0.377351
839.200000000 20.3547 12.0199 0 0 0 -0.923718 0.383073
840.500000000 19.6714 11.3354 0 0 0 -0.923718 0.383073
841.800000000 18.9781 10.6409 0 0 0 -0.923718 0.383073
843.100000000 18.2948 9.95639 0 0 0 -0.923718 0.383073
844.400000000 17.6015 9.26188 0 0 0 -0.923718 0.383073
845.700000000 16.9083 8.56737 0 0 0 -0.923718 0.383073
846.900000000 16.275 7.93286 0 0 0 -0.923718 0.383073
848.300000000 15.5317 7.18835 0 0 0 -0.923718 0.383073
849.500000000 14.8984 6.55384 0 0 0 -0.923718 0.383073
850.900000000 14.1551 5.80933 0 0 0 -0.923718 0.383073
852.200000000 13.4618 5.12482 0 0 0 -0.923718 0.383073
853.400000000 12.8285 4.48031 0 0 0 -0.923718 0.383073
854.700000000 12.1452 3.7958 0 0 0 -0.923718 0.383073
856.100000000 11.4605 3.06851 0 0 0 -0.898093 0.439806
856.800000000 11.5287 2.94694 0 0 0 -0.725627 0.688088
857.500000000 11.6753 2.79614 0 0 0 -0.523009 0.852327
859.000000000 12.384 2.11653 0 0 0 -0.364243 0.931304
860.400000000 13.1468 1.39053 0 0 0 -0.379819 0.925061
861.800000000 13.8745 0.640468 0 0 0 -0.389099 0.921196
863.100000000 14.5618 -0.0499504 0 0 0 -0.384107 0.923289
864.400000000 15.2627 -0.736773 0 0 0 -0.371309 0.92851
865.700000000 15.9868 -1.3881 0 0 0 -0.351505 0.936186
867.000000000 16.7623 -1.96255 0 0 0 -0.284307 0.958733
