0.200000000 0.2 0 0 0 0 0 1
9.100000000 0.991381 -0.122864 0 0 0 -0.343474 0.939162
9.600000000 0.900391 -0.186214 0 0 0 -0.56464 0.825337
10.300000000 0.781659 -0.18419 0 0 0 -0.81377 0.581188
10.900000000 0.673909 -0.117707 0 0 0 -0.948982 0.31533
11.600000000 0.633534 0.0140348 0 0 0 0.999556 0.0298043
12.200000000 0.674725 0.124683 0 0 0 0.946111 0.323843
12.800000000 0.775229 0.19085 0 0 0 0.808156 0.588969
13.400000000 0.903852 0.195202 0 0 0 0.598485 0.801134
14.000000000 1.00242 0.130239 0 0 0 0.334985 0.942223
14.700000000 1.03636 0.000551296 0 0 0 -0.00902241 0.999959
15.200000000 0.999194 -0.101715 0 0 0 -0.255541 0.966798
18.400000000 1.2101 -0.0745387 0 0 0 0.0371846 0.999308
19.000000000 1.17727 0.0352895 0 0 0 0.330841 0.943686
19.700000000 1.02978 0.142288 0 0 0 0.620922 0.783873
20.300000000 0.966756 0.224828 0 0 0 0.797845 0.602863
21.500000000 0.495975 0.675782 0 0 0 0.935323 0.353796
22.800000000 -0.248025 1.29924 0 0 0 0.935192 0.35414
24.100000000 -0.914039 2.00741 0 0 0 0.908541 0.417796
25.500000000 -1.51389 2.86731 0 0 0 0.874089 0.485765
26.700000000 -1.94837 3.66881 0 0 0 0.844926 0.534883
28.000000000 -2.30455 4.57577 0 0 0 0.825559 0.564315
29.400000000 -2.71317 5.53242 0 0 0 0.837497 0.546442
30.700000000 -2.99628 6.52418 0 0 0 0.778416 0.627748
31.500000000 -2.82342 6.67941 0 0 0 0.54529 0.838247
32.100000000 -2.79036 6.59971 0 0 0 0.272659 0.962111
32.800000000 -2.75281 6.43037 0 0 0 -0.0680257 0.997684
33.400000000 -2.79342 6.32907 0 0 0 -0.355491 0.93468
34.000000000 -2.88842 6.24965 0 0 0 -0.612167 0.790728
34.500000000 -2.98564 6.2346 0 0 0 -0.785525 0.61883
35.200000000 -3.11129 6.30529 0 0 0 -0.948832 0.31578
35.800000000 -3.16006 6.40208 0 0 0 -0.999664 0.0259218
36.400000000 -3.13182 6.51723 0 0 0 0.963826 0.266532
37.100000000 -3.04433 6.64389 0 0 0 0.817122 0.576465
37.800000000 -2.92167 6.79976 0 0 0 0.621809 0.783169
39.400000000 -2.3692 7.73651 0 0 0 0.49607 0.868282
40.800000000 -1.98427 8.68672 0 0 0 0.621105 0.783727
42.200000000 -1.98216 9.69373 0 0 0 0.737879 0.674933
43.500000000 -2.16177 10.6418 0 0 0 0.758379 0.651813
44.800000000 -2.24245 11.5686 0 0 0 0.730146 0.683291
47.500000000 -2.2475 12.5579 0 0 0 0.697323 0.716757
52.100000000 -2.21878 13.526 0 0 0 0.698475 0.715634
56.400000000 -2.2201 14.5181 0 0 0 0.704127 0.710074
60.300000000 -2.21148 15.4964 0 0 0 0.704305 0.709898
62.400000000 -2.34223 16.4927 0 0 0 0.740332 0.672242
63.600000000 -2.57927 17.3697 0 0 0 0.814795 0.579749
65.000000000 -2.79171 18.3277 0 0 0 0.73596 0.677025
65.600000000 -2.67835 18.32 0 0 0 0.513693 0.857974
66.300000000 -2.62057 18.2452 0 0 0 0.192814 0.981235
66.900000000 -2.60017 18.1077 0 0 0 -0.101093 0.994877
67.500000000 -2.59652 18.0833 0 0 0 -0.387757 0.921762
68.100000000 -2.63365 18.0288 0 0 0 -0.640451 0.767999
68.700000000 -2.82333 17.9598 0 0 0 -0.816692 0.577074
69.800000000 -3.24077 17.5623 0 0 0 -0.940125 0.340829
71.000000000 -3.90687 17.3458 0 0 0 -0.995027 0.0996024
72.300000000 -4.46345 17.4211 0 0 0 0.967171 0.254125
72.900000000 -4.38559 17.4268 0 0 0 0.851309 0.524665
73.600000000 -4.26118 17.4838 0 0 0 0.633394 0.77383
75.000000000 -3.67636 18.105 0 0 0 0.400851 0.916143
76.200000000 -3.08456 18.7643 0 0 0 0.361169 0.9325
77.500000000 -2.42382 19.4819 0 0 0 0.443245 0.8964
79.000000000 -1.96171 20.4199 0 0 0 0.607509 0.794313
80.400000000 -1.96014 21.5048 0 0 0 0.730361 0.683061
81.800000000 -2.10651 22.4698 0 0 0 0.760779 0.649011
83.200000000 -2.20011 23.4572 0 0 0 0.724971 0.68878
85.200000000 -2.20898 24.3875 0 0 0 0.701966 0.71221
88.800000000 -2.17625 25.337 0 0 0 0.69726 0.716818
92.600000000 -2.16945 26.3333 0 0 0 0.703942 0.710257
96.100000000 -2.16547 27.2749 0 0 0 0.708512 0.705699
97.700000000 -2.21408 28.3429 0 0 0 0.732176 0.681115
99.200000000 -2.46175 29.4236 0 0 0 0.824288 0.566171
100.500000000 -2.81278 30.3266 0 0 0 0.807931 0.589277
101.900000000 -2.91991 31.2873 0 0 0 0.6975 0.716585
102.600000000 -2.88857 31.2725 0 0 0 0.42341 0.905938
103.200000000 -2.75842 31.165 0 0 0 0.144445 0.989513
103.900000000 -2.7492 31.0909 0 0 0 -0.199707 0.979856
104.500000000 -2.86018 30.977 0 0 0 -0.4686 0.88341
105.100000000 -2.84938 30.8338 0 0 0 -0.668681 0.743549
105.900000000 -2.95273 30.7611 0 0 0 -0.880737 0.473606
106.400000000 -3.03218 30.8135 0 0 0 -0.969214 0.246219
107.100000000 -3.0802 30.9387 0 0 0 0.995536 0.0943876
107.600000000 -3.03569 31.0244 0 0 0 0.942354 0.334618
108.300000000 -2.94432 31.1002 0 0 0 0.774132 0.633025
109.000000000 -2.866 31.298 0 0 0 0.603088 0.797675
110.500000000 -2.25273 32.1656 0 0 0 0.440054 0.897971
111.800000000 -1.83197 33.0103 0 0 0 0.57225 0.820079
113.200000000 -1.74648 34.0214 0 0 0 0.709631 0.704573
114.500000000 -1.84851 34.9952 0 0 0 0.762171 0.647376
115.800000000 -1.94764 35.9484 0 0 0 0.735034 0.67803
117.800000000 -1.97928 36.9479 0 0 0 0.709178 0.705029
121.800000000 -1.97982 37.9064 0 0 0 0.708728 0.705481
124.800000000 -1.98487 38.9254 0 0 0 0.708728 0.705481
126.200000000 -2.01593 39.9685 0 0 0 0.732192 0.681098
127.500000000 -2.21721 40.9301 0 0 0 0.782909 0.622137
128.800000000 -2.58587 41.8386 0 0 0 0.839164 0.543878
130.100000000 -2.88777 42.6725 0 0 0 0.771437 0.636305
131.300000000 -2.65691 43.2347 0 0 0 0.552377 0.833595
132.700000000 -2.07775 44.0729 0 0 0 0.461632 0.887072
133.900000000 -1.77318 44.877 0 0 0 0.583063 0.812427
135.400000000 -1.65343 45.9695 0 0 0 0.726486 0.687181
136.700000000 -1.80705 46.9254 0 0 0 0.75967 0.650308
138.000000000 -1.88048 47.897 0 0 0 0.717871 0.696177
139.200000000 -1.89755 48.8005 0 0 0 0.701449 0.71272
140.500000000 -1.84522 49.7727 0 0 0 0.680531 0.732719
141.900000000 -1.82571 50.816 0 0 0 0.710136 0.704064
143.100000000 -1.80619 51.7194 0 0 0 0.710951 0.703242
144.500000000 -1.99606 52.7751 0 0 0 0.762805 0.646628
145.800000000 -2.36938 53.557 0 0 0 0.866511 0.499159
147.200000000 -2.86834 54.5002 0 0 0 0.832287 0.554345
148.600000000 -2.93386 55.2575 0 0 0 0.626749 0.779221
149.700000000 -2.50906 55.7196 0 0 0 0.426283 0.90459
151.100000000 -1.75493 56.4636 0 0 0 0.374094 0.927391
152.400000000 -1.05802 57.1457 0 0 0 0.38115 0.924513
153.800000000 -0.255918 57.8256 0 0 0 0.320991 0.947082
155.200000000 0.634796 58.2396 0 0 0 0.141073 0.989999
156.800000000 1.59736 58.2972 0 0 0 -0.00907923 0.999959
159.700000000 2.60562 58.1953 0 0 0 -0.0590242 0.998257
164.200000000 3.56242 58.1085 0 0 0 -0.0380459 0.999276
168.000000000 4.54443 58.0656 0 0 0 -0.0110985 0.999938
171.500000000 5.48821 58.0573 0 0 0 -0.00210078 0.999998
172.700000000 5.83633 58.2137 0 0 0 0.290836 0.956773
173.500000000 5.84393 58.4134 0 0 0 0.572238 0.820088
174.200000000 5.74536 58.5031 0 0 0 0.794642 0.607079
174.900000000 5.62553 58.4298 0 0 0 0.953776 0.300519
175.400000000 5.58931 58.3373 0 0 0 0.998537 0.0540686
176.100000000 5.62202 58.2041 0 0 0 -0.956535 0.291618
176.800000000 5.73383 58.1298 0 0 0 -0.798169 0.602433
177.300000000 5.83195 58.1423 0 0 0 -0.624772 0.780807
178.000000000 6.00172 58.0417 0 0 0 -0.398877 0.917004
178.900000000 6.37222 57.9507 0 0 0 -0.138947 0.9903
180.600000000 7.45416 58.0667 0 0 0 0.0981865 0.995168
182.100000000 8.41943 58.1667 0 0 0 0.0178497 0.999841
184.300000000 9.36024 58.1404 0 0 0 -0.018621 0.999827
187.600000000 10.293 58.1082 0 0 0 -0.0138861 0.999904
190.000000000 11.3157 58.1003 0 0 0 -0.00157748 0.999999
193.200000000 12.2602 58.0973 0 0 0 -0.00157882 0.999999
196.900000000 13.2202 58.0942 0 0 0 -0.00157838 0.999999
200.600000000 14.1817 58.091 0 0 0 -0.00157838 0.999999
204.700000000 15.1397 58.0878 0 0 0 -0.00157838 0.999999
207.900000000 16.0935 58.0746 0 0 0 -0.00157838 0.999999
210.500000000 17.1303 58.0946 0 0 0 0.0711795 0.997464
212.000000000 18.0108 58.5789 0 0 0 0.312326 0.949975
213.300000000 18.6886 59.2566 0 0 0 0.392863 0.919597
214.500000000 19.3268 59.9057 0 0 0 0.385961 0.922515
215.800000000 19.7783 60.1551 0 0 0 0.0700462 0.997544
216.500000000 19.8833 60.0284 0 0 0 -0.218083 0.97593
217.800000000 20.4554 59.4522 0 0 0 -0.429133 0.903241
219.200000000 21.0258 58.6178 0 0 0 -0.525261 0.850941
220.800000000 21.3411 57.5923 0 0 0 -0.640698 0.767793
222.300000000 21.6209 56.5581 0 0 0 -0.581205 0.813757
224.100000000 21.9024 55.5915 0 0 0 -0.625338 0.780354
228.400000000 21.9815 54.6371 0 0 0 -0.695796 0.71824
233.400000000 21.9573 53.6372 0 0 0 -0.72028 0.693684
238.200000000 21.9008 52.6755 0 0 0 -0.728063 0.68551
243.100000000 21.8677 51.7062 0 0 0 -0.716635 0.697449
246.100000000 21.7166 50.6028 0 0 0 -0.793211 0.608947
247.400000000 21.3594 49.7854 0 0 0 -0.832153 0.554546
248.900000000 21.1588 48.8394 0 0 0 -0.754719 0.656048
251.400000000 20.9858 47.8858 0 0 0 -0.762324 0.647195
252.500000000 20.7422 47.313 0 0 0 -0.898231 0.439523
254.000000000 19.9681 46.5549 0 0 0 -0.931219 0.364461
255.200000000 19.3168 45.9384 0 0 0 -0.924485 0.381218
256.500000000 18.628 45.2294 0 0 0 -0.922733 0.385439
257.900000000 17.8931 44.4852 0 0 0 -0.922733 0.385439
259.300000000 17.1633 43.7646 0 0 0 -0.925584 0.378542
263.300000000 16.4684 43.1823 0 0 0 -0.951102 0.308878
267.700000000 15.5801 42.6432 0 0 0 -0.968928 0.247343
269.200000000 14.6779 42.2865 0 0 0 -0.974841 0.222903
270.600000000 13.8501 41.6214 0 0 0 -0.927923 0.372772
272.200000000 13.193 40.9289 0 0 0 -0.92002 0.391872
275.200000000 12.533 40.2459 0 0 0 -0.922964 0.384887
278.500000000 11.8688 39.5872 0 0 0 -0.923246 0.38421
281.900000000 11.4823 38.9214 0 0 0 -0.762055 0.647512
282.600000000 11.4767 38.9134 0 0 0 -0.546579 0.837408
284.100000000 12.1545 38.1846 0 0 0 -0.380456 0.924799
285.900000000 12.8288 37.5295 0 0 0 -0.375018 0.927017
290.100000000 13.532 36.8471 0 0 0 -0.379758 0.925086
294.800000000 14.2218 36.1664 0 0 0 -0.379758 0.925086
299.600000000 14.9027 35.4947 0 0 0 -0.379758 0.925086
304.500000000 15.6049 34.8019 0 0 0 -0.379758 0.925086
309.400000000 16.3411 34.1838 0 0 0 -0.316005 0.948758
311.600000000 16.7631 34.0478 0 0 0 -0.0194864 0.99981
312.400000000 16.7638 34.0445 0 0 0 0.300648 0.953735
313.500000000 17.0615 34.5851 0 0 0 0.521625 0.853175
314.800000000 17.398 35.5081 0 0 0 0.608747 0.793364
316.000000000 17.5832 36.564 0 0 0 0.676161 0.736754
316.900000000 17.4938 36.8653 0 0 0 0.849404 0.527744
317.500000000 17.408 36.7839 0 0 0 0.967425 0.253157
318.200000000 17.3859 36.6586 0 0 0 -0.99558 0.0939193
318.900000000 17.4514 36.5542 0 0 0 -0.902752 0.430162
319.400000000 17.4611 36.5501 0 0 0 -0.766419 0.642341
320.300000000 17.5786 36.2868 0 0 0 -0.542429 0.840101
321.800000000 18.2956 35.5854 0 0 0 -0.319925 0.947443
323.100000000 19.0452 34.9973 0 0 0 -0.349746 0.936845
325.200000000 19.7988 34.2859 0 0 0 -0.359354 0.933201
328.800000000 20.6848 33.7559 0 0 0 -0.214874 0.976642
330.500000000 21.6066 33.6175 0 0 0 -0.0563143 0.998413
333.800000000 22.6029 33.5579 0 0 0 0.0143701 0.999897
338.700000000 23.5765 33.6022 0 0 0 0.0288672 0.999583
343.500000000 24.5171 33.6583 0 0 0 0.0333815 0.999443
348.400000000 25.4916 33.6893 0 0 0 0.0100243 0.99995
353.200000000 26.4313 33.6984 0 0 0 0.00231373 0.999997
358.000000000 27.3823 33.7019 0 0 0 0.00182937 0.999998
359.500000000 27.9131 33.4519 0 0 0 -0.293845 0.955853
361.000000000 28.6079 32.757 0 0 0 -0.396172 0.918176
364.200000000 29.3294 32.0756 0 0 0 -0.38657 0.92226
368.700000000 30.0021 31.4078 0 0 0 -0.384456 0.923143
372.800000000 30.6995 30.7049 0 0 0 -0.384456 0.923143
377.100000000 31.3891 30.0096 0 0 0 -0.384456 0.923143
381.300000000 32.0716 29.3316 0 0 0 -0.384456 0.923143
385.400000000 32.769 28.6287 0 0 0 -0.384456 0.923143
389.500000000 33.4323 27.9466 0 0 0 -0.398633 0.917111
391.900000000 34.0365 27.1242 0 0 0 -0.505897 0.862594
393.200000000 34.2114 26.1842 0 0 0 -0.628615 0.777717
395.000000000 34.5024 25.2231 0 0 0 -0.561022 0.827801
396.600000000 35.2075 24.4327 0 0 0 -0.373884 0.927475
398.500000000 35.8919 23.7748 0 0 0 -0.375782 0.926708
400.900000000 36.1587 23.1901 0 0 0 -0.646106 0.763248
401.500000000 36.1841 23.1704 0 0 0 -0.821045 0.570863
403.000000000 35.525 22.4836 0 0 0 -0.929548 0.3687
404.600000000 34.7353 21.6756 0 0 0 -0.901572 0.432629
405.900000000 34.3112 20.8243 0 0 0 -0.819096 0.573656
407.100000000 34.0847 20.5363 0 0 0 -0.970532 0.240973
407.700000000 34.0911 20.5618 0 0 0 0.999959 0.0090445
409.400000000 33.1243 21.045 0 0 0 0.963033 0.269382
411.100000000 32.0434 21.4797 0 0 0 0.99448 0.104928
414.700000000 31.1882 21.4216 0 0 0 -0.999907 0.0136626
419.400000000 30.282 21.3814 0 0 0 -0.999513 0.0312134
424.100000000 29.3027 21.3144 0 0 0 -0.999456 0.0329929
425.500000000 28.529 20.9867 0 0 0 -0.947259 0.32047
427.000000000 27.9432 20.3041 0 0 0 -0.920671 0.39034
429.500000000 27.2635 19.6291 0 0 0 -0.922646 0.385649
432.400000000 26.5804 18.9468 0 0 0 -0.922646 0.385649
435.200000000 25.8562 18.2133 0 0 0 -0.922646 0.385649
438.000000000 25.213 17.5609 0 0 0 -0.922646 0.385649
441.000000000 24.5511 16.8799 0 0 0 -0.922646 0.385649
443.800000000 23.827 16.1464 0 0 0 -0.922646 0.385649
446.500000000 23.1603 15.4804 0 0 0 -0.922646 0.385649
450.200000000 22.4464 14.7469 0 0 0 -0.922646 0.385649
453.400000000 21.787 14.0883 0 0 0 -0.922646 0.385649
456.200000000 21.0819 13.3636 0 0 0 -0.922646 0.385649
458.300000000 20.3268 12.5989 0 0 0 -0.922646 0.385649
459.700000000 19.6216 11.8842 0 0 0 -0.922646 0.385649
461.000000000 18.9371 11.1896 0 0 0 -0.922646 0.385649
462.400000000 18.1978 10.4411 0 0 0 -0.922646 0.385649
463.700000000 17.4566 9.7545 0 0 0 -0.926534 0.376211
465.100000000 16.6924 9.17608 0 0 0 -0.960628 0.277837
466.400000000 15.8138 8.84485 0 0 0 -0.993107 0.117212
467.800000000 14.7867 8.93968 0 0 0 0.999303 0.0373266
469.100000000 13.8356 9.0398 0 0 0 0.998953 0.0457376
470.400000000 12.8519 9.1016 0 0 0 -0.999997 0.00230002
471.900000000 11.8925 8.92011 0 0 0 -0.981705 0.190407
473.400000000 11.155 8.18224 0 0 0 -0.912032 0.410119
474.600000000 10.6852 7.45625 0 0 0 -0.857812 0.513964
476.000000000 10.3978 6.43099 0 0 0 -0.756877 0.653557
477.200000000 10.4423 5.5308 0 0 0 -0.667991 0.744169
478.600000000 10.5735 4.51722 0 0 0 -0.671251 0.74123
479.900000000 10.6242 3.51217 0 0 0 -0.707949 0.706263
481.200000000 10.5812 2.54021 0 0 0 -0.725095 0.688649
482.500000000 10.5485 1.56675 0 0 0 -0.709605 0.7046
484.100000000 10.4599 0.553508 0 0 0 -0.811747 0.58401
485.700000000 9.74909 -0.243958 0 0 0 -0.929085 0.369867
487.000000000 9.04114 -0.922246 0 0 0 -0.925666 0.378341
488.300000000 8.33899 -1.59675 0 0 0 -0.933529 0.358502
491.900000000 7.76135 -1.88893 0 0 0 -0.999202 0.0399518
492.600000000 7.59232 -1.80868 0 0 0 0.971087 0.238724
494.000000000 6.94271 -1.1097 0 0 0 0.916869 0.399189
495.400000000 6.17112 -0.418885 0 0 0 0.939186 0.343409
496.800000000 5.27226 0.0305986 0 0 0 0.986265 0.165171
498.100000000 4.32847 0.191944 0 0 0 0.999745 0.0225639
499.300000000 3.41144 0.0852869 0 0 0 -0.998121 0.061269
500.700000000 2.37394 -0.0223382 0 0 0 -0.999144 0.0413718
502.000000000 1.4008 -0.0487193 0 0 0 -0.999975 0.00710951
503.300000000 0.43751 -0.032302 0 0 0 0.999823 0.0188059
504.700000000 -0.530299 -0.0224927 0 0 0 0.999954 0.00962483
505.800000000 -0.872841 -0.116149 0 0 0 -0.958085 0.286485
506.400000000 -0.78032 -0.190476 0 0 0 -0.830697 0.556724
507.100000000 -0.643705 -0.194046 0 0 0 -0.58909 0.808067
507.900000000 -0.429226 -0.254772 0 0 0 -0.315087 0.949063
508.800000000 -0.0697642 -0.299464 0 0 0 -0.0488449 0.998806
510.300000000 0.814672 0.0238549 0 0 0 0.178835 0.983879
512.200000000 1.43513 0.412649 0 0 0 0.473926 0.880565
512.900000000 1.39812 0.462195 0 0 0 0.696198 0.71785
513.700000000 1.23317 0.40963 0 0 0 0.896216 0.443619
514.200000000 1.18114 0.298714 0 0 0 0.970509 0.241063
514.900000000 1.17386 0.235712 0 0 0 -0.997504 0.0706095
516.000000000 0.765222 -0.0826655 0 0 0 -0.956548 0.291574
517.800000000 0.24978 -0.652144 0 0 0 -0.826906 0.56234
518.500000000 0.345977 -0.66068 0 0 0 -0.649654 0.76023
519.300000000 0.453051 -0.603284 0 0 0 -0.391213 0.9203
520.100000000 0.510487 -0.490194 0 0 0 -0.0962456 0.995358
520.800000000 0.48715 -0.425852 0 0 0 0.170469 0.985363
522.800000000 1.15489 0.3081 0 0 0 0.402718 0.915324
523.800000000 1.19832 0.51632 0 0 0 0.625731 0.780039
524.500000000 1.10048 0.502734 0 0 0 0.815592 0.578628
525.200000000 1.01685 0.466478 0 0 0 0.938291 0.345848
526.400000000 0.668584 0.469402 0 0 0 0.996739 0.0806929
527.600000000 0.44479 0.373494 0 0 0 -0.977878 0.209177
528.400000000 0.513994 0.291932 0 0 0 -0.883686 0.46808
529.300000000 0.63479 0.253615 0 0 0 -0.698397 0.715711
530.500000000 0.848869 -0.129271 0 0 0 -0.502243 0.864726
532.000000000 1.2107 -0.405573 0 0 0 -0.240967 0.970533
533.000000000 1.22582 -0.344595 0 0 0 0.0591554 0.998249
534.400000000 1.56058 -0.0201703 0 0 0 0.310275 0.950647
535.700000000 1.67842 0.235893 0 0 0 0.593813 0.804603
536.300000000 1.62756 0.257657 0 0 0 0.768727 0.639577
537.100000000 1.50246 0.178402 0 0 0 0.93036 0.366648
538.300000000 1.04992 0.317622 0 0 0 0.992289 0.123942
539.900000000 0.471567 0.229476 0 0 0 -0.985606 0.169061
540.800000000 0.537261 0.129451 0 0 0 -0.901232 0.433337
541.700000000 0.646902 0.0942979 0 0 0 -0.700712 0.713445
542.300000000 0.760879 0.126264 0 0 0 -0.470666 0.882312
542.900000000 0.833497 0.215668 0 0 0 -0.202164 0.979352
543.600000000 0.822842 0.309898 0 0 0 0.131027 0.991379
544.100000000 0.78259 0.418102 0 0 0 0.360338 0.932822
544.700000000 0.700181 0.469242 0 0 0 0.608935 0.79322
545.500000000 0.56722 0.635883 0 0 0 0.817825 0.575467
547.100000000 -0.0443318 1.41243 0 0 0 0.926411 0.376513
549.200000000 -0.77005 1.68234 0 0 0 0.993811 0.111084
550.500000000 -0.955973 1.64692 0 0 0 -0.986943 0.16107
551.400000000 -0.8922 1.55012 0 0 0 -0.89176 0.452509
552.000000000 -0.786092 1.51168 0 0 0 -0.727965 0.685614
552.500000000 -0.686931 1.53364 0 0 0 -0.545667 0.838002
553.200000000 -0.615367 1.61975 0 0 0 -0.239768 0.97083
553.800000000 -0.592123 1.7149 0 0 0 0.0439563 0.999033
554.400000000 -0.626742 1.82411 0 0 0 0.324225 0.94598
555.000000000 -0.707999 1.90153 0 0 0 0.577805 0.816175
555.500000000 -0.795501 1.94934 0 0 0 0.738434 0.674326
556.800000000 -1.13113 2.50683 0 0 0 0.90211 0.431505
558.400000000 -1.84276 3.21104 0 0 0 0.911801 0.410632
560.200000000 -2.14783 3.77239 0 0 0 0.753848 0.657049
560.900000000 -2.06076 3.76715 0 0 0 0.576561 0.817054
561.700000000 -1.98146 3.72553 0 0 0 0.312424 0.949943
562.500000000 -1.92509 3.62785 0 0 0 0.0176124 0.999845
563.400000000 -1.85279 3.45528 0 0 0 -0.271475 0.962445
565.200000000 -1.14443 2.76797 0 0 0 -0.422693 0.906273
566.000000000 -1.19481 2.6523 0 0 0 -0.714076 0.700068
566.500000000 -1.30243 2.66643 0 0 0 -0.862811 0.505526
567.100000000 -1.39001 2.74193 0 0 0 -0.972629 0.232362
567.800000000 -1.51345 2.85294 0 0 0 0.998037 0.0626237
568.400000000 -1.6313 2.97755 0 0 0 0.959354 0.282204
569.200000000 -1.7241 3.22852 0 0 0 0.847893 0.530168
570.500000000 -2.10112 4.13496 0 0 0 0.839085 0.544001
572.800000000 -2.52204 4.81884 0 0 0 0.960109 0.279627
575.600000000 -3.06139 5.35072 0 0 0 0.830656 0.556785
576.700000000 -3.00446 5.89495 0 0 0 0.641894 0.766793
578.500000000 -2.64542 6.79596 0 0 0 0.613178 0.789945
579.900000000 -2.69808 7.33002 0 0 0 0.820452 0.571715
580.600000000 -2.80551 7.2472 0 0 0 0.967016 0.254716
581.100000000 -2.83577 7.14234 0 0 0 0.999962 0.0087026
581.700000000 -2.80171 7.04013 0 0 0 -0.958032 0.286662
582.400000000 -2.69169 6.95627 0 0 0 -0.801252 0.598327
583.100000000 -2.5853 6.79346 0 0 0 -0.617775 0.786355
584.100000000 -2.24975 6.41285 0 0 0 -0.404783 0.914413
585.500000000 -1.42595 5.84145 0 0 0 -0.287247 0.957857
586.800000000 -0.686638 5.19997 0 0 0 -0.375413 0.926857
588.100000000 -0.00482582 4.50157 0 0 0 -0.389787 0.920905
589.400000000 0.671997 3.8121 0 0 0 -0.38261 0.92391
590.700000000 1.36481 3.12024 0 0 0 -0.382828 0.923819
592.000000000 2.0666 2.43131 0 0 0 -0.382841 0.923814
593.200000000 2.69997 1.79865 0 0 0 -0.382867 0.923804
594.600000000 3.4346 1.05649 0 0 0 -0.38293 0.923778
595.900000000 4.12895 0.365603 0 0 0 -0.383037 0.923733
597.200000000 4.81481 -0.317334 0 0 0 -0.383296 0.923625
598.400000000 5.4473 -0.960657 0 0 0 -0.383239 0.923649
599.800000000 6.28823 -1.58019 0 0 0 -0.259179 0.965829
601.200000000 7.24293 -1.8344 0 0 0 -0.0660454 0.997817
603.300000000 8.25848 -1.82141 0 0 0 0.0391697 0.999233
607.200000000 9.19714 -1.73891 0 0 0 0.0369179 0.999318
611.700000000 10.1903 -1.68993 0 0 0 0.0203653 0.999793
616.000000000 11.1552 -1.67295 0 0 0 0.00499251 0.999988
620.100000000 12.1124 -1.66857 0 0 0 0.00220414 0.999998
624.600000000 13.0992 -1.66408 0 0 0 0.00220414 0.999998
629.100000000 14.0672 -1.65964 0 0 0 0.00220413 0.999998
632.500000000 15.0875 -1.67687 0 0 0 -0.0247486 0.999694
633.900000000 16.1153 -1.86057 0 0 0 -0.13279 0.991144
635.300000000 17.1028 -2.21428 0 0 0 -0.163224 0.986589
636.800000000 18.1391 -2.3581 0 0 0 -0.0413409 0.999145
639.000000000 19.0812 -2.38505 0 0 0 0.0255495 0.999674
640.600000000 19.8028 -2.04619 0 0 0 0.312356 0.949965
641.800000000 20.4268 -1.39131 0 0 0 0.403486 0.914986
643.200000000 21.1433 -0.611051 0 0 0 0.407554 0.913181
644.600000000 21.6828 0.142396 0 0 0 0.496929 0.867791
646.600000000 22.1039 0.993689 0 0 0 0.494101 0.869404
650.800000000 22.735 1.77754 0 0 0 0.415667 0.909517
653.500000000 23.3788 2.47809 0 0 0 0.397161 0.917749
658.300000000 24.0068 3.24354 0 0 0 0.455651 0.890158
660.300000000 24.4139 4.12306 0 0 0 0.574706 0.81836
661.800000000 24.6951 5.12796 0 0 0 0.583325 0.812239
664.800000000 25.2593 5.94393 0 0 0 0.429284 0.903169
669.100000000 25.9123 6.65243 0 0 0 0.398975 0.916962
673.700000000 26.5705 7.33214 0 0 0 0.387574 0.921839
678.200000000 27.2669 8.02113 0 0 0 0.380154 0.924923
680.500000000 27.9886 8.61599 0 0 0 0.3004 0.953813
681.900000000 28.9259 9.06762 0 0 0 0.148235 0.988952
683.700000000 29.8318 9.07462 0 0 0 0.00484395 0.999988
687.300000000 30.8143 9.00692 0 0 0 -0.0646347 0.997909
688.500000000 31.3927 8.66739 0 0 0 -0.322497 0.94657
689.900000000 32.1359 7.92468 0 0 0 -0.398447 0.917191
691.200000000 32.8126 7.22398 0 0 0 -0.387035 0.922065
692.500000000 33.4961 6.52834 0 0 0 -0.382307 0.924035
693.900000000 34.1418 5.76208 0 0 0 -0.484298 0.874903
695.400000000 34.3612 4.78366 0 0 0 -0.682289 0.731083
696.700000000 34.2724 3.81106 0 0 0 -0.756953 0.653469
698.100000000 34.1307 2.78054 0 0 0 -0.750591 0.660767
699.400000000 34.0466 1.81536 0 0 0 -0.69776 0.716332
700.600000000 34.3405 1.24529 0 0 0 -0.471148 0.882054
701.800000000 34.9914 0.603806 0 0 0 -0.363221 0.931703
703.200000000 35.7649 -0.110604 0 0 0 -0.372375 0.928082
704.500000000 36.4518 -0.794758 0 0 0 -0.386257 0.922391
705.800000000 37.1687 -1.45341 0 0 0 -0.345364 0.938469
707.100000000 37.9556 -2.0223 0 0 0 -0.281823 0.959467
708.500000000 38.8943 -2.44627 0 0 0 -0.153556 0.98814
709.800000000 39.8785 -2.54329 0 0 0 -0.0039506 0.999992
711.100000000 40.8291 -2.4482 0 0 0 0.0946872 0.995507
712.500000000 41.8737 -2.33563 0 0 0 0.0427644 0.999085
713.800000000 42.8574 -2.27937 0 0 0 -0.0109338 0.99994
715.100000000 43.8306 -2.33157 0 0 0 -0.0239358 0.999713
716.400000000 44.803 -2.33949 0 0 0 -0.00873759 0.999962
717.600000000 45.7064 -2.34998 0 0 0 0.0155126 0.99988
719.000000000 46.7601 -2.34559 0 0 0 -0.001291 0.999999
720.300000000 47.7338 -2.34776 0 0 0 -0.00593085 0.999982
721.500000000 48.6375 -2.35011 0 0 0 0.00180226 0.999998
722.900000000 49.6813 -2.34642 0 0 0 0.00180226 0.999998
724.200000000 50.655 -2.34273 0 0 0 0.00180226 0.999998
725.500000000 51.6288 -2.33904 0 0 0 0.00180226 0.999998
726.800000000 52.6025 -2.33535 0 0 0 0.00180226 0.999998
728.000000000 53.5062 -2.33166 0 0 0 0.00180226 0.999998
729.500000000 54.535 -2.19414 0 0 0 0.105459 0.994424
730.800000000 55.1762 -1.74013 0 0 0 0.349165 0.937061
732.000000000 55.775 -1.13324 0 0 0 0.409062 0.912506
733.400000000 56.4869 -0.418035 0 0 0 0.369214 0.929344
734.700000000 57.0867 0.393455 0 0 0 0.493674 0.869647
736.000000000 57.4252 1.30856 0 0 0 0.60517 0.796096
737.600000000 57.502 2.22439 0 0 0 0.688492 0.725244
739.300000000 57.5647 3.19394 0 0 0 0.670905 0.741544
740.600000000 57.7568 4.14544 0 0 0 0.616997 0.786965
742.300000000 57.8785 5.12314 0 0 0 0.768647 0.639674
743.800000000 57.3442 5.9271 0 0 0 0.896585 0.442871
745.200000000 56.8296 6.80061 0 0 0 0.834094 0.551622
746.700000000 56.6817 7.75336 0 0 0 0.722691 0.691172
748.600000000 56.485 8.72963 0 0 0 0.869724 0.493539
750.000000000 55.7895 9.49286 0 0 0 0.921453 0.38849
751.300000000 55.1014 10.1826 0 0 0 0.924301 0.381665
752.500000000 54.4659 10.8149 0 0 0 0.924301 0.381665
754.000000000 53.7587 11.636 0 0 0 0.873808 0.486271
755.500000000 53.5361 12.6214 0 0 0 0.738319 0.674452
757.600000000 53.5968 13.6333 0 0 0 0.663985 0.747746
760.700000000 53.696 14.5688 0 0 0 0.673986 0.738744
762.200000000 53.6635 15.6396 0 0 0 0.778976 0.627054
764.100000000 53.227 16.5022 0 0 0 0.879996 0.474981
765.600000000 52.5064 17.2498 0 0 0 0.930064 0.367398
766.900000000 51.82 17.9205 0 0 0 0.928013 0.372547
768.100000000 51.1343 18.5526 0 0 0 0.924274 0.381729
769.400000000 50.4389 19.245 0 0 0 0.924274 0.381729
770.800000000 49.7035 19.9874 0 0 0 0.924274 0.381729
778.300000000 48.9856 20.621 0 0 0 0.962105 0.27268
780.700000000 48.0262 20.9472 0 0 0 0.9949 0.100867
785.100000000 47.116 21.0169 0 0 0 -0.999957 0.0092599
789.400000000 46.1635 20.9294 0 0 0 -0.998639 0.0521568
793.800000000 45.1771 20.8287 0 0 0 -0.998992 0.0448841
798.400000000 44.2211 20.7759 0 0 0 -0.999745 0.0225612
803.200000000 43.2511 20.7556 0 0 0 -0.99998 0.00628455
807.900000000 42.3061 20.7501 0 0 0 -0.999997 0.00256638
812.700000000 41.3351 20.745 0 0 0 -0.999997 0.00256612
817.100000000 40.3566 20.7519 0 0 0 0.999999 0.00157836
822.000000000 39.3899 20.7517 0 0 0 0.999994 0.00343191
826.400000000 38.425 20.7587 0 0 0 0.999994 0.003432
831.200000000 37.4782 20.7556 0 0 0 0.999994 0.0034321
835.700000000 36.515 20.7726 0 0 0 0.999994 0.00343212
840.400000000 35.5283 20.7796 0 0 0 0.999994 0.00343214
845.300000000 34.5633 20.7865 0 0 0 0.999994 0.00343216
848.000000000 33.5672 20.5233 0 0 0 -0.971915 0.235331
849.000000000 33.5639 20.4065 0 0 0 -0.868726 0.495293
849.700000000 33.6209 20.3886 0 0 0 -0.721375 0.692545
850.600000000 33.7983 20.4948 0 0 0 -0.469862 0.88274
851.300000000 33.8522 20.5264 0 0 0 -0.187529 0.982259
852.000000000 33.8515 20.6037 0 0 0 0.11161 0.993752
852.700000000 33.7927 20.7058 0 0 0 0.399148 0.916887
853.300000000 33.7968 20.6971 0 0 0 0.623085 0.782154
854.100000000 33.8094 20.6985 0 0 0 0.849511 0.527571
855.300000000 33.0337 21.1674 0 0 0 0.941559 0.336849
856.800000000 32.0789 21.6952 0 0 0 0.984149 0.177342
859.000000000 31.231 21.6929 0 0 0 -0.995993 0.089431
860.500000000 30.6578 21.31 0 0 0 -0.937373 0.348327
862.300000000 29.722 21.0147 0 0 0 -0.998356 0.0573196
862.900000000 29.7221 21.0132 0 0 0 0.974673 0.223634
863.600000000 29.7045 21.0056 0 0 0 0.840137 0.542374
864.200000000 29.6892 21.0101 0 0 0 0.644547 0.764565
864.900000000 29.8409 21.1326 0 0 0 0.431178 0.902267
865.900000000 30.3582 21.2475 0 0 0 0.196495 0.980505
867.300000000 31.2959 21.3852 0 0 0 0.0250472 0.999686
869.800000000 32.2582 21.3174 0 0 0 -0.0398914 0.999204
874.700000000 33.2383 21.2827 0 0 0 -0.0105322 0.999945
879.500000000 34.2032 21.2753 0 0 0 -0.00171724 0.999999
884.400000000 35.1933 21.2756 0 0 0 -0.000169657 1
889.200000000 36.1611 21.2756 0 0 0 -0.000168269 1
894.000000000 37.1329 21.2756 0 0 0 -0.000168362 1
898.700000000 38.0741 21.2756 0 0 0 -0.000169881 1
900.500000000 39.1364 21.2754 0 0 0 -0.000172957 1
901.700000000 40.03 21.2754 0 0 0 -0.000184924 1
903.000000000 41.0037 21.2753 0 0 0 -0.00020087 1
904.300000000 41.9688 21.2845 0 0 0 0.0330751 0.999453
905.400000000 42.4795 21.5618 0 0 0 0.289325 0.957231
906.800000000 43.2302 22.2919 0 0 0 0.401011 0.916073
908.100000000 43.898 23.0034 0 0 0 0.387321 0.921945
909.900000000 44.6263 23.726 0 0 0 0.380882 0.924624
912.000000000 45.3543 24.4512 0 0 0 0.38064 0.924723
913.900000000 46.0571 25.1502 0 0 0 0.38037 0.924835
916.800000000 46.7765 25.875 0 0 0 0.380056 0.924964
918.600000000 47.5052 26.5978 0 0 0 0.37995 0.925007
919.800000000 48.1426 27.2292 0 0 0 0.379795 0.925071
921.200000000 48.8862 27.9654 0 0 0 0.379673 0.925121
922.600000000 49.6317 28.699 0 0 0 0.379712 0.925105
923.900000000 50.3285 29.3862 0 0 0 0.380141 0.924929
925.100000000 50.9646 30.0143 0 0 0 0.380522 0.924772
926.500000000 51.711 30.7526 0 0 0 0.380908 0.924613
927.700000000 52.3461 31.3819 0 0 0 0.381292 0.924455
929.100000000 53.0905 32.1215 0 0 0 0.381684 0.924293
930.300000000 53.7246 32.7519 0 0 0 0.382089 0.924126
931.600000000 54.4871 33.3627 0 0 0 0.301128 0.953584
932.900000000 55.3761 33.7415 0 0 0 0.148365 0.988933
934.300000000 56.4238 33.8291 0 0 0 -0.0157879 0.999875
935.200000000 56.5843 33.7132 0 0 0 -0.353089 0.93559
935.800000000 56.5285 33.6599 0 0 0 -0.593602 0.804759
936.300000000 56.5547 33.653 0 0 0 -0.76003 0.649888
937.400000000 56.15 33.1808 0 0 0 -0.914657 0.40423
938.700000000 55.4654 32.6316 0 0 0 -0.934157 0.356862
940.000000000 54.7726 31.9468 0 0 0 -0.9233 0.384078
941.200000000 54.537 31.5307 0 0 0 -0.759842 0.650108
941.800000000 54.6543 31.5474 0 0 0 -0.533689 0.845681
942.400000000 54.741 31.6119 0 0 0 -0.259749 0.965676
943.000000000 54.7678 31.7235 0 0 0 0.0374183 0.9993
943.600000000 54.7168 31.806 0 0 0 0.330735 0.943724
944.300000000 54.6304 31.7741 0 0 0 0.640058 0.768327
944.900000000 54.468 31.9214 0 0 0 0.792474 0.609906
946.000000000 54.0733 32.4045 0 0 0 0.932757 0.360506
947.400000000 53.2762 32.8854 0 0 0 0.943847 0.330382
949.700000000 52.5334 33.5583 0 0 0 0.929311 0.369297
954.500000000 51.8259 34.2512 0 0 0 0.92484 0.380355
959.300000000 51.1496 34.9202 0 0 0 0.924841 0.380355
964.300000000 50.447 35.6156 0 0 0 0.924841 0.380354
968.800000000 49.7594 36.2861 0 0 0 0.924842 0.380352
972.900000000 49.0905 36.9478 0 0 0 0.924842 0.38035
977.200000000 48.3942 37.6471 0 0 0 0.924846 0.380342
981.400000000 47.7015 38.3328 0 0 0 0.924848 0.380338
985.500000000 47.06 39.0248 0 0 0 0.90596 0.423363
987.100000000 46.5044 39.9697 0 0 0 0.838708 0.544582
988.400000000 46.2967 40.9128 0 0 0 0.745969 0.665981
989.200000000 46.4459 41.0313 0 0 0 0.489025 0.87227
989.800000000 46.5444 40.9702 0 0 0 0.233172 0.972435
990.400000000 46.6248 40.8373 0 0 0 -0.0300249 0.999549
991.700000000 47.2684 40.51 0 0 0 -0.290297 0.956937
993.000000000 48.1506 40.0322 0 0 0 -0.164875 0.986314
994.400000000 49.0768 40.0107 0 0 0 0.0578236 0.998327
995.400000000 49.5288 40.2488 0 0 0 0.291343 0.956619
996.800000000 50.2819 40.9951 0 0 0 0.397245 0.917713
998.100000000 50.9526 41.7007 0 0 0 0.387971 0.921671
999.400000000 51.6482 42.3818 0 0 0 0.378657 0.925537
1000.700000000 52.3472 43.0598 0 0 0 0.373794 0.927512
1002.000000000 53.0439 43.7403 0 0 0 0.383067 0.923721
1003.300000000 53.7295 44.429 0 0 0 0.387269 0.921967
1004.600000000 54.3795 45.0853 0 0 0 0.37722 0.926124
1005.800000000 55.1167 45.6896 0 0 0 0.319922 0.947444
1007.100000000 55.6104 45.9059 0 0 0 -0.0101929 0.999948
1007.700000000 55.5825 45.7934 0 0 0 -0.300871 0.953665
1008.300000000 55.4774 45.718 0 0 0 -0.564309 0.825564
1009.100000000 55.388 45.4968 0 0 0 -0.780986 0.624549
1010.200000000 54.9412 45.003 0 0 0 -0.905502 0.424343
1011.500000000 54.2434 44.3484 0 0 0 -0.933996 0.357282
1013.300000000 53.4866 43.825 0 0 0 -0.996426 0.0844728
1014.000000000 53.5014 43.9035 0 0 0 0.966033 0.258419
1014.600000000 53.5207 43.9921 0 0 0 0.849902 0.526941
1015.200000000 53.7117 44.081 0 0 0 0.664394 0.747382
1015.800000000 53.8599 44.1419 0 0 0 0.476367 0.879246
1017.200000000 54.5805 44.8347 0 0 0 0.353486 0.93544
1018.600000000 55.3785 45.5238 0 0 0 0.355813 0.934557
1020.000000000 56.1308 46.2641 0 0 0 0.38632 0.922365
1021.300000000 56.8138 46.9642 0 0 0 0.386363 0.922347
1022.700000000 57.4926 47.7632 0 0 0 0.447257 0.894405
1023.900000000 57.8879 48.5441 0 0 0 0.547512 0.836798
1025.400000000 58.0819 49.6144 0 0 0 0.705492 0.708718
1026.700000000 57.9461 50.5375 0 0 0 0.758958 0.651139
1028.000000000 57.8138 51.5389 0 0 0 0.741359 0.671108
1029.300000000 57.8012 52.5127 0 0 0 0.701309 0.712858
1030.900000000 57.6845 53.5183 0 0 0 0.799312 0.600917
1032.400000000 57.0909 54.284 0 0 0 0.921499 0.388382
1033.700000000 56.3759 54.9544 0 0 0 0.929582 0.368616
1035.000000000 55.7214 55.6675 0 0 0 0.920024 0.391863
1036.300000000 55.0833 56.4158 0 0 0 0.902957 0.429731
1037.500000000 54.4887 56.7249 0 0 0 0.98372 0.17971
1039.000000000 53.4585 56.7835 0 0 0 -0.998882 0.0472662
1040.300000000 52.5715 56.6045 0 0 0 -0.996584 0.0825911
1041.900000000 51.6965 56.7839 0 0 0 0.979507 0.20141
1043.400000000 50.7717 57.3173 0 0 0 0.977821 0.209443
1044.800000000 49.8617 57.3998 0 0 0 0.999712 0.0239834
1046.900000000 48.9144 57.3508 0 0 0 -0.998364 0.0571766
1051.000000000 47.94 57.2412 0 0 0 -0.998615 0.0526079
1055.500000000 46.9416 57.1851 0 0 0 -0.99979 0.020504
1059.400000000 45.999 57.1591 0 0 0 -0.999987 0.00512958
1063.600000000 45.0305 57.1561 0 0 0 -0.999999 0.00131953
1067.800000000 44.0677 57.1534 0 0 0 -0.999999 0.00131883
1072.200000000 43.108 57.1507 0 0 0 -0.999999 0.00131803
1076.300000000 42.1718 57.1431 0 0 0 0.999979 0.00655218
1078.700000000 41.1613 57.2388 0 0 0 0.995477 0.0950002
1080.200000000 40.3394 57.746 0 0 0 0.935648 0.352934
1081.300000000 40.1071 58.1531 0 0 0 0.779795 0.626036
1081.800000000 40.1994 58.2104 0 0 0 0.62113 0.783708
1082.400000000 40.328 58.22 0 0 0 0.394556 0.918872
1083.000000000 40.4251 58.1446 0 0 0 0.123144 0.992389
1083.700000000 40.419 58.0073 0 0 0 -0.218981 0.975729
1084.300000000 40.3309 57.9235 0 0 0 -0.493828 0.86956
1084.900000000 40.2597 57.8761 0 0 0 -0.726758 0.686893
1085.600000000 40.1066 57.9073 0 0 0 -0.910958 0.412499
1086.400000000 39.8299 57.8223 0 0 0 -0.987842 0.155459
1087.700000000 39.0451 57.9208 0 0 0 0.994682 0.102991
1089.100000000 38.1974 58.2628 0 0 0 0.988799 0.149252
1090.700000000 37.1274 58.1991 0 0 0 -0.994817 0.101683
1092.200000000 36.1081 57.9306 0 0 0 -0.9929 0.118955
1094.500000000 35.1934 57.7922 0 0 0 -0.998878 0.047365
1097.700000000 34.2245 57.7902 0 0 0 0.999936 0.0113068
1100.200000000 33.2925 57.8299 0 0 0 0.999588 0.028695
1103.500000000 32.3214 57.8857 0 0 0 0.99983 0.0184532
1107.400000000 31.3524 57.8976 0 0 0 0.999992 0.00411746
1111.500000000 30.3788 57.9071 0 0 0 1 0.000300489
1114.500000000 29.3795 57.9259 0 0 0 0.999627 0.0273178
1115.900000000 28.7131 58.1049 0 0 0 0.952572 0.304314
1116.500000000 28.7915 58.1848 0 0 0 0.832234 0.554425
1118.800000000 28.2737 59.1186 0 0 0 0.84622 0.532834
1119.900000000 28.1691 59.6902 0 0 0 0.686312 0.727307
1120.600000000 28.2921 59.6387 0 0 0 0.402204 0.91555
1121.200000000 28.4171 59.5931 0 0 0 0.147055 0.989128
1121.900000000 28.479 59.4745 0 0 0 -0.165632 0.986188
1122.500000000 28.4763 59.3595 0 0 0 -0.425007 0.90519
1123.600000000 28.5163 58.8707 0 0 0 -0.68423 0.729267
1124.500000000 28.3275 58.5867 0 0 0 -0.863319 0.504659
1125.900000000 27.6379 57.9157 0 0 0 -0.933234 0.359269
1127.600000000 26.9523 57.2673 0 0 0 -0.929937 0.367718
1137.600000000 26.2734 56.6087 0 0 0 -0.926263 0.376877
1142.300000000 25.5912 55.9305 0 0 0 -0.924007 0.382376
1146.900000000 24.8879 55.2283 0 0 0 -0.924007 0.382376
1151.300000000 24.2397 54.5709 0 0 0 -0.924007 0.382376
1156.000000000 23.549 53.8912 0 0 0 -0.924007 0.382376
1160.800000000 22.8472 53.1904 0 0 0 -0.924007 0.382376
1165.600000000 22.1577 52.5018 0 0 0 -0.924007 0.382376
1170.400000000 21.4925 51.8048 0 0 0 -0.912665 0.408709
1172.500000000 20.9626 51.0219 0 0 0 -0.86316 0.50493
1173.900000000 20.514 50.0897 0 0 0 -0.77673 0.629833
1175.800000000 20.6169 49.1442 0 0 0 -0.698571 0.71554
1180.300000000 20.7129 48.1645 0 0 0 -0.672488 0.740108
1184.000000000 20.5685 47.1806 0 0 0 -0.797288 0.603599
1185.300000000 20.0964 46.6026 0 0 0 -0.932594 0.360927
1187.000000000 19.3572 46.1601 0 0 0 -0.974503 0.224372
1188.700000000 18.9765 46.1055 0 0 0 0.995752 0.0920797
1189.500000000 19.0139 46.2033 0 0 0 0.930682 0.36583
1190.100000000 19.0293 46.2555 0 0 0 0.782586 0.622542
1190.900000000 19.1453 46.2606 0 0 0 0.482589 0.875847
1191.500000000 19.239 46.1784 0 0 0 0.206746 0.978395
1192.100000000 19.2498 46.1239 0 0 0 -0.0890969 0.996023
1192.700000000 19.255 46.1354 0 0 0 -0.378399 0.925643
1193.400000000 19.117 46.081 0 0 0 -0.664675 0.747132
1194.200000000 18.9545 45.7467 0 0 0 -0.816372 0.577526
1195.600000000 18.4394 44.7315 0 0 0 -0.901528 0.432721
1196.900000000 17.7289 44.0673 0 0 0 -0.943466 0.331471
1198.900000000 16.9237 43.5728 0 0 0 -0.967232 0.253895
