0.100000000 0.2 0 0 0 0 0 1
26.500000000 0.98628 -0.12898 0 0 0 -0.342896 0.939373
27.200000000 0.886939 -0.20316 0 0 0 -0.644684 0.76445
27.800000000 0.769816 -0.188033 0 0 0 -0.841798 0.539792
28.400000000 0.681906 -0.109448 0 0 0 -0.963719 0.266918
29.000000000 0.653723 0.0051788 0 0 0 0.999556 0.029799
29.500000000 0.685307 0.116092 0 0 0 0.961278 0.275581
30.200000000 0.793052 0.190635 0 0 0 0.808503 0.588493
30.900000000 0.920127 0.19579 0 0 0 0.557687 0.830051
31.600000000 1.01148 0.101228 0 0 0 0.238652 0.971105
32.100000000 1.03293 -0.0050934 0 0 0 -0.00840824 0.999965
32.700000000 0.996136 -0.117466 0 0 0 -0.303542 0.952818
36.000000000 1.20386 -0.0933582 0 0 0 0.0396011 0.999216
36.700000000 1.1601 0.0167409 0 0 0 0.380395 0.924824
37.200000000 1.05835 0.0955565 0 0 0 0.585572 0.81062
37.900000000 0.970359 0.16374 0 0 0 0.811552 0.58428
38.900000000 0.600139 0.481146 0 0 0 0.928496 0.371343
40.300000000 -0.184347 1.20565 0 0 0 0.932351 0.361555
41.600000000 -0.854451 1.91961 0 0 0 0.906844 0.421466
43.000000000 -1.44688 2.784 0 0 0 0.873492 0.486839
44.400000000 -1.92362 3.69395 0 0 0 0.841054 0.540951
45.700000000 -2.31518 4.59409 0 0 0 0.824452 0.565932
46.900000000 -2.66111 5.4376 0 0 0 0.834542 0.550944
48.300000000 -2.90194 6.40656 0 0 0 0.749843 0.661615
49.000000000 -2.7175 6.42799 0 0 0 0.503408 0.864049
49.600000000 -2.68799 6.3678 0 0 0 0.228427 0.973561
50.200000000 -2.65785 6.27262 0 0 0 -0.0648485 0.997895
50.800000000 -2.68726 6.15155 0 0 0 -0.352508 0.935809
51.400000000 -2.80011 6.08541 0 0 0 -0.609924 0.79246
52.000000000 -2.91748 6.07956 0 0 0 -0.814183 0.580608
52.600000000 -3.01772 6.13986 0 0 0 -0.947931 0.318476
53.200000000 -3.06702 6.24532 0 0 0 -0.999635 0.0270107
53.800000000 -3.04844 6.35842 0 0 0 0.964211 0.265137
54.500000000 -2.9708 6.4637 0 0 0 0.825762 0.564019
55.200000000 -2.84379 6.58898 0 0 0 0.628213 0.778041
56.700000000 -2.36045 7.53617 0 0 0 0.512821 0.858496
58.000000000 -2.03622 8.35599 0 0 0 0.613721 0.789523
59.500000000 -2.05582 9.44905 0 0 0 0.733721 0.679451
60.800000000 -2.14504 10.42 0 0 0 0.747211 0.664587
62.500000000 -2.2 11.4625 0 0 0 0.7163 0.697792
65.200000000 -2.21638 12.3792 0 0 0 0.708099 0.706113
69.000000000 -2.2194 13.3658 0 0 0 0.70809 0.706122
73.400000000 -2.2222 14.3278 0 0 0 0.708068 0.706144
77.200000000 -2.22662 15.2829 0 0 0 0.709921 0.704281
78.600000000 -2.3125 16.3413 0 0 0 0.75137 0.659881
79.800000000 -2.51704 17.1882 0 0 0 0.814397 0.580307
81.200000000 -2.85787 18.2178 0 0 0 0.781944 0.623349
82.800000000 -2.80734 19.0784 0 0 0 0.561134 0.827725
83.400000000 -2.75776 19.0186 0 0 0 0.294301 0.955713
84.000000000 -2.71162 18.8656 0 0 0 0.00308395 0.999995
84.700000000 -2.70829 18.8657 0 0 0 -0.344307 0.938857
85.300000000 -2.76487 18.7575 0 0 0 -0.582606 0.812755
86.000000000 -2.89614 18.635 0 0 0 -0.783837 0.620967
86.600000000 -2.99968 18.6346 0 0 0 -0.923978 0.382446
87.200000000 -3.07287 18.7516 0 0 0 -0.994766 0.102176
87.800000000 -3.07037 18.8642 0 0 0 0.981447 0.191735
88.400000000 -2.99881 18.8885 0 0 0 0.883149 0.469092
89.100000000 -2.83923 18.9198 0 0 0 0.683454 0.729994
90.700000000 -2.41615 19.8422 0 0 0 0.521168 0.853454
91.900000000 -2.08994 20.6289 0 0 0 0.595422 0.803413
93.300000000 -2.0042 21.5936 0 0 0 0.713967 0.70018
94.600000000 -2.14596 22.5577 0 0 0 0.761244 0.648465
95.900000000 -2.25963 23.5184 0 0 0 0.73597 0.677014
98.000000000 -2.28316 24.5215 0 0 0 0.700704 0.713452
102.100000000 -2.23453 25.4901 0 0 0 0.687953 0.725755
105.900000000 -2.20001 26.4757 0 0 0 0.699533 0.7146
109.500000000 -2.19757 27.491 0 0 0 0.717864 0.696183
110.800000000 -2.27285 28.4612 0 0 0 0.741056 0.671443
112.400000000 -2.6897 29.4372 0 0 0 0.879915 0.475131
113.800000000 -3.40739 30.1657 0 0 0 0.931833 0.362887
115.200000000 -4.1737 30.8862 0 0 0 0.924811 0.380428
116.000000000 -4.1946 31.0967 0 0 0 0.770886 0.636974
116.800000000 -4.07025 31.3028 0 0 0 0.560919 0.827871
118.400000000 -3.32835 32.0211 0 0 0 0.361507 0.932369
119.700000000 -2.62541 32.6854 0 0 0 0.376655 0.926354
121.000000000 -1.9682 33.413 0 0 0 0.431912 0.901916
122.400000000 -1.68885 34.1957 0 0 0 0.653089 0.757282
123.900000000 -1.86541 35.2215 0 0 0 0.797576 0.603219
125.300000000 -2.12888 36.2704 0 0 0 0.777415 0.628988
126.800000000 -2.20902 37.1806 0 0 0 0.714038 0.700107
129.600000000 -2.16526 38.0991 0 0 0 0.686276 0.727341
131.800000000 -2.08693 39.1441 0 0 0 0.679415 0.733754
133.200000000 -2.1272 40.1239 0 0 0 0.759346 0.650687
134.500000000 -2.45365 41.1157 0 0 0 0.841332 0.540519
135.800000000 -3.02915 41.9024 0 0 0 0.910196 0.414177
137.000000000 -3.68265 42.5162 0 0 0 0.930505 0.366278
138.300000000 -4.28126 43.2833 0 0 0 0.878073 0.478527
139.800000000 -4.49767 44.113 0 0 0 0.689336 0.724442
140.800000000 -4.2092 44.4451 0 0 0 0.477825 0.878455
142.200000000 -3.5206 45.2068 0 0 0 0.349127 0.937075
143.600000000 -2.78143 45.9316 0 0 0 0.391355 0.92024
144.900000000 -2.2044 46.7271 0 0 0 0.501141 0.865366
146.200000000 -1.93997 47.6336 0 0 0 0.641247 0.767334
147.500000000 -1.95655 48.5854 0 0 0 0.745042 0.667017
148.900000000 -2.09177 49.5599 0 0 0 0.740665 0.671875
150.200000000 -2.13018 50.6033 0 0 0 0.704269 0.709934
151.500000000 -2.09765 51.5768 0 0 0 0.699455 0.714676
152.700000000 -2.16049 52.4584 0 0 0 0.767097 0.641532
154.000000000 -2.51949 53.3522 0 0 0 0.853592 0.520941
155.400000000 -2.87324 54.3342 0 0 0 0.788135 0.615503
156.700000000 -2.92707 55.3066 0 0 0 0.701249 0.712916
158.300000000 -2.61568 56.2981 0 0 0 0.50225 0.864722
159.700000000 -1.89923 56.9897 0 0 0 0.383773 0.923428
161.000000000 -1.16418 57.6289 0 0 0 0.334854 0.94227
162.300000000 -0.32357 58.0841 0 0 0 0.197903 0.980222
163.600000000 0.550511 58.2422 0 0 0 0.0404556 0.999181
165.800000000 1.53446 58.2122 0 0 0 -0.025938 0.999664
170.100000000 2.48927 58.1585 0 0 0 -0.0377055 0.999289
174.300000000 3.4732 58.1129 0 0 0 -0.0176815 0.999844
178.000000000 4.43118 58.1003 0 0 0 -0.00401277 0.999992
181.500000000 5.42928 58.1239 0 0 0 0.0314601 0.999505
182.300000000 5.55748 58.2783 0 0 0 0.331932 0.943303
183.000000000 5.59648 58.4527 0 0 0 0.568861 0.822433
184.400000000 5.75712 59.4646 0 0 0 0.67873 0.734388
185.200000000 5.64133 59.6348 0 0 0 0.873338 0.487114
185.800000000 5.56357 59.5255 0 0 0 0.977917 0.208995
186.400000000 5.54375 59.3983 0 0 0 -0.996058 0.0887069
187.100000000 5.61271 59.2796 0 0 0 -0.905257 0.424864
187.800000000 5.72178 59.2632 0 0 0 -0.703458 0.710737
188.700000000 5.95167 59.0308 0 0 0 -0.457137 0.889396
190.300000000 6.88546 58.421 0 0 0 -0.21532 0.976544
191.700000000 7.7638 58.2287 0 0 0 -0.0912467 0.995828
193.900000000 8.75103 58.1018 0 0 0 -0.0669139 0.997759
198.000000000 9.73972 58.0057 0 0 0 -0.0235905 0.999722
200.500000000 10.7548 58.023 0 0 0 0.0277754 0.999614
201.900000000 11.8044 58.1109 0 0 0 0.0395902 0.999216
203.800000000 12.7415 58.1679 0 0 0 0.0162411 0.999868
207.500000000 13.6981 58.1627 0 0 0 -0.013002 0.999915
212.000000000 14.6639 58.1191 0 0 0 -0.0145335 0.999894
216.100000000 15.6359 58.099 0 0 0 -0.0025795 0.999997
219.700000000 16.5756 58.0938 0 0 0 -0.0025795 0.999997
221.300000000 17.1452 58.2642 0 0 0 0.265983 0.963978
222.000000000 17.1166 58.4098 0 0 0 0.546956 0.837161
224.000000000 17.177 59.4141 0 0 0 0.610901 0.791707
225.400000000 17.4791 60.4223 0 0 0 0.578745 0.815509
226.100000000 17.6226 60.4668 0 0 0 0.327069 0.945
226.700000000 17.6639 60.3613 0 0 0 0.0378311 0.999284
227.500000000 17.9149 60.1843 0 0 0 -0.223341 0.97474
229.000000000 18.656 59.4776 0 0 0 -0.393779 0.919205
230.700000000 19.3333 58.7743 0 0 0 -0.444804 0.895628
233.100000000 19.9216 57.9878 0 0 0 -0.458135 0.888882
236.500000000 20.5621 57.2445 0 0 0 -0.40189 0.915688
238.700000000 21.2392 56.5515 0 0 0 -0.405286 0.91419
241.100000000 21.6945 55.6169 0 0 0 -0.54994 0.835204
242.900000000 21.9016 54.6592 0 0 0 -0.664755 0.747062
246.900000000 21.9141 53.7592 0 0 0 -0.71688 0.697196
251.500000000 21.8822 52.8277 0 0 0 -0.726984 0.686654
256.100000000 21.8289 51.85 0 0 0 -0.727512 0.686095
260.900000000 21.7932 50.9001 0 0 0 -0.712614 0.701557
262.900000000 22.077 50.1112 0 0 0 -0.481673 0.876351
264.200000000 22.7518 49.4498 0 0 0 -0.361486 0.932378
266.200000000 23.4646 48.7683 0 0 0 -0.38718 0.922004
267.600000000 24.1561 47.9476 0 0 0 -0.460819 0.887494
268.900000000 24.7005 47.2623 0 0 0 -0.461731 0.88702
270.200000000 25.0984 46.2832 0 0 0 -0.580757 0.814077
271.900000000 25.1268 45.3413 0 0 0 -0.678085 0.734983
274.400000000 25.0088 44.3532 0 0 0 -0.818684 0.574245
275.900000000 24.3913 43.6331 0 0 0 -0.930383 0.366588
278.200000000 23.6678 42.9884 0 0 0 -0.930919 0.365225
282.800000000 22.9647 42.2985 0 0 0 -0.92621 0.377009
287.200000000 22.2966 41.6463 0 0 0 -0.924518 0.381139
291.800000000 21.6002 40.9546 0 0 0 -0.924518 0.381139
296.600000000 20.9176 40.2769 0 0 0 -0.924518 0.381139
298.400000000 20.7412 39.8973 0 0 0 -0.778801 0.627271
299.200000000 20.8761 39.6876 0 0 0 -0.568579 0.822629
300.900000000 21.486 38.8364 0 0 0 -0.449276 0.893393
302.300000000 21.8707 37.9265 0 0 0 -0.603484 0.797375
304.200000000 22.0004 36.946 0 0 0 -0.62929 0.777171
307.600000000 22.5446 36.1391 0 0 0 -0.440588 0.89771
311.000000000 23.2145 35.3956 0 0 0 -0.397431 0.917632
312.600000000 23.8691 34.7176 0 0 0 -0.386302 0.922372
314.200000000 24.6307 33.9496 0 0 0 -0.384804 0.922998
315.800000000 25.3885 33.3037 0 0 0 -0.319294 0.947656
316.900000000 25.8982 33.1811 0 0 0 -0.0513621 0.99868
318.400000000 26.9987 33.3855 0 0 0 0.138803 0.99032
319.800000000 27.9635 33.6624 0 0 0 0.113552 0.993532
322.300000000 28.9466 33.8324 0 0 0 0.143773 0.989611
323.800000000 29.707 34.4488 0 0 0 0.385655 0.922643
325.700000000 30.3322 35.1428 0 0 0 0.399161 0.916881
329.700000000 30.9935 35.8342 0 0 0 0.388356 0.92151
333.700000000 31.6684 36.5049 0 0 0 0.384154 0.923269
337.800000000 32.3326 37.1736 0 0 0 0.384154 0.923269
341.900000000 33.0068 37.8624 0 0 0 0.384153 0.923269
345.900000000 33.6955 38.5502 0 0 0 0.441078 0.897469
347.300000000 34.1168 39.4497 0 0 0 0.563339 0.826226
348.600000000 34.2904 40.4166 0 0 0 0.673041 0.739605
350.000000000 34.1708 41.479 0 0 0 0.741873 0.67054
351.300000000 34.2621 42.4609 0 0 0 0.712569 0.701602
352.600000000 34.1468 43.4246 0 0 0 0.712931 0.701234
353.800000000 34.2068 44.3278 0 0 0 0.698048 0.716051
355.200000000 34.186 45.3685 0 0 0 0.677912 0.735143
356.500000000 34.2546 46.352 0 0 0 0.706512 0.707701
357.800000000 34.289 47.3149 0 0 0 0.717569 0.696487
359.100000000 34.2729 48.2975 0 0 0 0.707325 0.706889
360.500000000 34.2137 49.3495 0 0 0 0.730805 0.682586
361.800000000 34.1698 50.3204 0 0 0 0.714315 0.699824
363.200000000 34.1708 51.3641 0 0 0 0.705209 0.709
364.800000000 33.8864 52.2612 0 0 0 0.874764 0.484549
366.300000000 33.1103 53.0165 0 0 0 0.933607 0.358299
367.700000000 32.3498 53.7445 0 0 0 0.925811 0.377987
369.000000000 31.6605 54.433 0 0 0 0.922939 0.384946
376.600000000 30.9202 55.1805 0 0 0 0.922939 0.384946
377.900000000 30.2398 55.8779 0 0 0 0.922939 0.384946
379.200000000 29.4679 56.5335 0 0 0 0.933182 0.359405
380.500000000 28.7034 57.0595 0 0 0 0.970882 0.23956
381.800000000 27.7981 57.3498 0 0 0 0.995357 0.0962499
383.300000000 26.7742 57.384 0 0 0 -0.999474 0.0324456
385.000000000 25.855 57.1855 0 0 0 -0.998067 0.0621446
388.800000000 24.8961 57.1214 0 0 0 -0.999895 0.0145147
393.700000000 23.9174 57.1461 0 0 0 0.999819 0.0190221
397.500000000 22.9661 57.1994 0 0 0 0.999706 0.0242394
402.400000000 21.99 57.2198 0 0 0 0.999973 0.00738274
407.200000000 21.0115 57.2243 0 0 0 1 0.000627764
409.600000000 20.6145 57.1317 0 0 0 -0.949813 0.312818
410.200000000 20.6422 57.0744 0 0 0 -0.826457 0.563
410.800000000 20.6421 57.134 0 0 0 -0.637451 0.770491
412.000000000 21.1388 56.4364 0 0 0 -0.460068 0.887884
413.600000000 21.8559 55.6896 0 0 0 -0.43139 0.902166
415.500000000 22.209 54.7314 0 0 0 -0.667433 0.74467
416.900000000 21.9689 54.158 0 0 0 -0.8335 0.552519
418.200000000 21.6085 53.2604 0 0 0 -0.823133 0.567849
419.900000000 21.6117 52.6147 0 0 0 -0.634204 0.773166
421.000000000 21.765 52.4206 0 0 0 -0.353262 0.935524
421.500000000 21.8535 52.5684 0 0 0 -0.113173 0.993575
422.200000000 21.9107 52.6705 0 0 0 0.202581 0.979265
423.800000000 22.6085 53.4258 0 0 0 0.389005 0.921236
425.100000000 23.3383 54.1235 0 0 0 0.386494 0.922292
426.400000000 24.0269 54.8127 0 0 0 0.377202 0.926131
427.700000000 24.73 55.4873 0 0 0 0.380964 0.92459
429.000000000 25.4131 56.1822 0 0 0 0.381496 0.92437
430.300000000 26.1656 56.8137 0 0 0 0.32958 0.944128
431.600000000 26.9698 57.3588 0 0 0 0.274213 0.961669
432.800000000 27.7797 57.7699 0 0 0 0.228967 0.973434
434.200000000 28.7821 58.074 0 0 0 0.0969663 0.995288
436.000000000 29.7927 58.0918 0 0 0 -0.0156768 0.999877
439.200000000 30.7594 58.051 0 0 0 -0.0306637 0.99953
443.000000000 31.717 58.0241 0 0 0 -0.00822243 0.999966
446.600000000 32.6467 58.0082 0 0 0 -0.00169978 0.999999
450.400000000 33.6382 58.0048 0 0 0 -0.00169715 0.999999
454.000000000 34.6459 58.0013 0 0 0 -0.00169521 0.999999
457.200000000 35.5979 57.9979 0 0 0 -0.00169393 0.999999
460.900000000 36.5659 57.9945 0 0 0 -0.00169332 0.999999
464.900000000 37.5227 57.9911 0 0 0 -0.00169345 0.999999
469.300000000 38.5077 57.9878 0 0 0 -0.00169502 0.999999
471.000000000 39.5564 57.9742 0 0 0 -0.00169628 0.999999
472.300000000 40.5301 57.975 0 0 0 0.00840063 0.999965
473.600000000 41.5011 58.0319 0 0 0 0.040446 0.999182
475.400000000 42.315 58.2315 0 0 0 0.386961 0.922096
476.000000000 42.21 58.2854 0 0 0 0.642173 0.76656
476.700000000 42.109 58.4964 0 0 0 0.806638 0.591046
477.600000000 41.846 58.6767 0 0 0 0.9461 0.323876
478.100000000 41.7767 58.6321 0 0 0 0.994866 0.101198
478.800000000 41.7969 58.5062 0 0 0 -0.969251 0.246073
479.500000000 41.8715 58.4228 0 0 0 -0.825764 0.564016
480.100000000 42.0493 58.4122 0 0 0 -0.633074 0.774091
480.900000000 42.2125 58.2046 0 0 0 -0.39714 0.917758
481.900000000 42.7205 57.9792 0 0 0 -0.181736 0.983347
483.400000000 43.8127 57.8441 0 0 0 0.0185945 0.999827
484.700000000 44.7839 57.9831 0 0 0 0.0525157 0.99862
485.900000000 45.6859 58.0272 0 0 0 0.00934583 0.999956
487.300000000 46.7287 58.0227 0 0 0 -0.00266939 0.999996
488.700000000 47.7818 58.0186 0 0 0 -0.00265094 0.999996
490.000000000 48.7568 58.0173 0 0 0 -0.00343331 0.999994
491.300000000 49.7339 58.0011 0 0 0 -0.0111688 0.999938
492.600000000 50.7076 57.9706 0 0 0 -0.00807296 0.999967
494.000000000 51.7589 58.0093 0 0 0 0.0337415 0.999431
495.400000000 52.8091 58.105 0 0 0 0.0445781 0.999006
497.000000000 53.6814 58.5452 0 0 0 0.328415 0.944534
498.400000000 54.2523 59.3339 0 0 0 0.518919 0.854824
499.300000000 54.2328 59.5866 0 0 0 0.764776 0.644297
499.900000000 54.1339 59.5284 0 0 0 0.921434 0.388535
500.500000000 54.0774 59.4243 0 0 0 0.995097 0.0989082
501.200000000 54.0995 59.2862 0 0 0 -0.968532 0.248891
501.800000000 54.1745 59.2039 0 0 0 -0.851724 0.523991
502.400000000 54.276 59.1033 0 0 0 -0.695428 0.718595
503.100000000 54.3997 58.9351 0 0 0 -0.490399 0.871498
504.700000000 55.232 58.2849 0 0 0 -0.242105 0.97025
506.100000000 56.0749 57.648 0 0 0 -0.361485 0.932378
507.300000000 56.6954 57.0217 0 0 0 -0.396251 0.918142
508.700000000 57.3914 56.2232 0 0 0 -0.435918 0.899986
510.000000000 57.8421 55.371 0 0 0 -0.563742 0.825951
511.600000000 58.0023 54.3504 0 0 0 -0.690518 0.723315
514.400000000 57.928 53.3597 0 0 0 -0.740464 0.672096
518.900000000 57.8467 52.4088 0 0 0 -0.735996 0.676986
522.800000000 57.8467 51.4082 0 0 0 -0.676582 0.736367
524.200000000 58.2158 50.6267 0 0 0 -0.457764 0.889074
525.600000000 58.987 50.033 0 0 0 -0.25779 0.966201
527.000000000 59.98 49.7328 0 0 0 -0.0917181 0.995785
528.400000000 60.6457 49.7912 0 0 0 0.239515 0.970893
529.000000000 60.5623 49.8749 0 0 0 0.51424 0.857646
529.600000000 60.4562 49.8973 0 0 0 0.744724 0.667373
530.200000000 60.3478 49.8502 0 0 0 0.908684 0.417484
530.800000000 60.2849 49.7502 0 0 0 0.991474 0.130304
531.400000000 60.1106 49.6685 0 0 0 -0.996455 0.0841297
532.500000000 59.685 49.3067 0 0 0 -0.937377 0.348317
534.000000000 59.0248 48.4331 0 0 0 -0.884664 0.466229
535.300000000 58.3772 47.6927 0 0 0 -0.922029 0.38712
536.600000000 57.675 47.0221 0 0 0 -0.926035 0.377438
537.800000000 57.0301 46.3854 0 0 0 -0.922796 0.385288
539.200000000 56.2958 45.6399 0 0 0 -0.922483 0.386038
540.600000000 55.5568 44.8907 0 0 0 -0.922467 0.386075
541.900000000 54.8779 44.1914 0 0 0 -0.922452 0.386112
543.100000000 54.3103 43.4926 0 0 0 -0.885889 0.463898
544.400000000 53.9413 42.5922 0 0 0 -0.801253 0.598326
546.100000000 53.8523 41.5599 0 0 0 -0.712398 0.701776
548.700000000 53.8777 40.6072 0 0 0 -0.688405 0.725327
552.300000000 53.9234 39.624 0 0 0 -0.704374 0.709829
553.800000000 53.7283 38.6298 0 0 0 -0.825852 0.563888
555.900000000 53.1912 37.7829 0 0 0 -0.900368 0.435129
559.100000000 52.541 37.1792 0 0 0 -0.920464 0.390827
562.300000000 51.8389 36.4709 0 0 0 -0.923145 0.384452
564.400000000 51.5087 35.9886 0 0 0 -0.762266 0.647264
565.100000000 51.6826 35.8617 0 0 0 -0.552284 0.833656
566.600000000 52.3631 35.1194 0 0 0 -0.367754 0.929923
567.900000000 53.0828 34.4681 0 0 0 -0.374308 0.927305
569.200000000 53.8496 33.848 0 0 0 -0.286227 0.958162
570.500000000 54.667 33.2965 0 0 0 -0.328094 0.944645
571.800000000 55.354 32.6194 0 0 0 -0.396164 0.91818
573.200000000 56.0823 31.8665 0 0 0 -0.385263 0.922807
574.400000000 56.7213 31.2276 0 0 0 -0.380439 0.924806
575.800000000 57.4832 30.4738 0 0 0 -0.356076 0.934457
577.300000000 57.9299 29.6363 0 0 0 -0.590269 0.807206
578.800000000 57.9994 28.742 0 0 0 -0.70303 0.71116
581.600000000 57.9105 27.7949 0 0 0 -0.74533 0.666696
585.700000000 57.8217 26.8269 0 0 0 -0.731805 0.681514
588.700000000 57.9109 26.0864 0 0 0 -0.452905 0.891559
589.400000000 58.0749 26.0776 0 0 0 -0.184092 0.982909
590.100000000 58.3102 26.1878 0 0 0 0.0620778 0.998071
591.500000000 59.2598 26.2618 0 0 0 0.0305689 0.999533
592.700000000 59.6791 26.1531 0 0 0 -0.322814 0.946462
593.300000000 59.589 26.0772 0 0 0 -0.584331 0.811515
593.900000000 59.4915 26.0846 0 0 0 -0.796301 0.6049
594.800000000 59.0966 25.8068 0 0 0 -0.915296 0.402783
596.300000000 58.356 25.1518 0 0 0 -0.938198 0.346098
597.900000000 57.6543 24.4809 0 0 0 -0.921868 0.387504
599.200000000 56.9673 23.7901 0 0 0 -0.922466 0.386078
600.600000000 56.2305 23.049 0 0 0 -0.924791 0.380477
601.900000000 55.5331 22.3585 0 0 0 -0.924791 0.380476
605.000000000 54.8507 21.7711 0 0 0 -0.945243 0.326367
606.800000000 54.0428 21.2854 0 0 0 -0.985296 0.170856
608.700000000 53.0449 21.168 0 0 0 -0.998893 0.0470319
612.900000000 52.1132 21.1682 0 0 0 0.999884 0.0152528
616.700000000 51.1556 21.0894 0 0 0 -0.988361 0.152124
618.300000000 50.4033 20.4365 0 0 0 -0.922028 0.387123
620.500000000 49.744 19.7652 0 0 0 -0.920231 0.391376
624.800000000 49.0995 19.1089 0 0 0 -0.923146 0.384449
629.600000000 48.4001 18.4049 0 0 0 -0.923271 0.38415
634.200000000 47.6624 17.6329 0 0 0 -0.910703 0.413061
635.600000000 47.2246 16.7486 0 0 0 -0.807559 0.589787
637.000000000 47.1032 15.7226 0 0 0 -0.729369 0.68412
638.300000000 47.1019 14.7488 0 0 0 -0.703375 0.710819
639.700000000 47.0333 13.7238 0 0 0 -0.692107 0.721795
640.900000000 47.3885 13.1556 0 0 0 -0.469996 0.882668
642.300000000 48.1239 12.4434 0 0 0 -0.355647 0.93462
643.600000000 48.8484 11.7817 0 0 0 -0.365045 0.93099
644.600000000 48.9363 11.4899 0 0 0 -0.661182 0.750226
645.300000000 48.6831 11.4335 0 0 0 -0.844731 0.535192
646.700000000 48.0813 10.7549 0 0 0 -0.931652 0.363351
648.100000000 47.2876 10.1446 0 0 0 -0.961293 0.27553
649.500000000 46.3832 9.79716 0 0 0 -0.992221 0.124488
650.400000000 46.1816 9.95645 0 0 0 0.97696 0.213423
651.000000000 46.313 10.0319 0 0 0 0.871678 0.490079
651.500000000 46.384 10.0504 0 0 0 0.725752 0.687957
652.200000000 46.5197 10.0431 0 0 0 0.451011 0.892518
652.800000000 46.5947 9.95733 0 0 0 0.171332 0.985213
653.600000000 46.8478 9.81911 0 0 0 -0.104917 0.994481
655.200000000 47.6868 9.22831 0 0 0 -0.327274 0.94493
656.700000000 48.5103 8.7182 0 0 0 -0.174628 0.984635
658.300000000 49.5911 8.74813 0 0 0 0.0633255 0.997993
659.600000000 50.5506 8.93585 0 0 0 0.0953073 0.995448
660.900000000 51.5181 9.04827 0 0 0 0.0356512 0.999364
662.300000000 52.4811 8.99104 0 0 0 -0.102066 0.994778
663.700000000 53.1565 8.44622 0 0 0 -0.34915 0.937067
665.000000000 53.8519 7.7702 0 0 0 -0.396411 0.918073
666.300000000 54.5522 7.07267 0 0 0 -0.387938 0.921685
667.600000000 55.2514 6.39143 0 0 0 -0.378957 0.925414
668.800000000 55.8697 5.75915 0 0 0 -0.384993 0.922919
670.100000000 56.5402 5.04133 0 0 0 -0.408109 0.912933
671.500000000 57.2006 4.22139 0 0 0 -0.444821 0.89562
672.900000000 57.7277 3.31809 0 0 0 -0.531823 0.846856
674.200000000 57.9958 2.38583 0 0 0 -0.643775 0.765215
675.600000000 57.9435 1.35716 0 0 0 -0.749053 0.66251
676.900000000 57.8077 0.386093 0 0 0 -0.745952 0.666
678.400000000 57.8668 -0.372793 0 0 0 -0.526697 0.850053
679.000000000 57.9536 -0.290869 0 0 0 -0.252105 0.9677
679.700000000 58.0237 -0.211869 0 0 0 0.0726725 0.997356
680.600000000 58.3358 0.090597 0 0 0 0.314068 0.949401
682.000000000 59.0379 0.77282 0 0 0 0.35834 0.933591
683.300000000 59.8337 1.34276 0 0 0 0.281682 0.959508
684.500000000 60.2787 1.46363 0 0 0 -0.0535394 0.998566
685.200000000 60.2284 1.35768 0 0 0 -0.387698 0.921787
685.900000000 60.1082 1.27482 0 0 0 -0.676029 0.736875
686.400000000 59.9926 1.3119 0 0 0 -0.834539 0.550949
687.100000000 59.8441 1.41231 0 0 0 -0.968794 0.247869
687.700000000 59.7554 1.38791 0 0 0 -0.999912 0.0132795
689.000000000 59.0738 1.72272 0 0 0 0.966226 0.257697
690.300000000 58.6192 2.21619 0 0 0 0.837823 0.545942
690.800000000 58.6933 2.24024 0 0 0 0.679333 0.73383
691.500000000 58.8417 2.20509 0 0 0 0.393223 0.919443
692.100000000 58.9087 2.09798 0 0 0 0.108669 0.994078
692.700000000 58.9114 2.00077 0 0 0 -0.186979 0.982364
693.400000000 58.8332 1.8921 0 0 0 -0.507767 0.861494
694.000000000 58.7252 1.84278 0 0 0 -0.736529 0.676405
695.000000000 58.4828 1.49345 0 0 0 -0.898326 0.43933
696.700000000 57.5393 0.995679 0 0 0 -0.954453 0.29836
698.000000000 56.823 0.322897 0 0 0 -0.917917 0.396772
699.300000000 56.1395 -0.375287 0 0 0 -0.918883 0.394529
700.600000000 55.4818 -1.08047 0 0 0 -0.925766 0.378097
701.900000000 54.7629 -1.74791 0 0 0 -0.933681 0.358105
703.200000000 53.9299 -2.25496 0 0 0 -0.975017 0.222132
704.600000000 52.9854 -2.48738 0 0 0 -0.99816 0.0606339
706.200000000 51.988 -2.42524 0 0 0 0.998295 0.0583755
707.600000000 50.9851 -2.23703 0 0 0 0.99382 0.111004
709.300000000 50.0741 -2.32292 0 0 0 -0.984876 0.173259
710.800000000 49.3313 -2.94858 0 0 0 -0.906522 0.422159
712.200000000 48.9201 -3.84593 0 0 0 -0.801632 0.597818
713.500000000 48.8259 -4.80487 0 0 0 -0.705291 0.708917
714.200000000 48.9423 -4.86002 0 0 0 -0.460711 0.88755
714.900000000 49.0245 -4.74653 0 0 0 -0.127827 0.991796
715.500000000 49.0216 -4.63015 0 0 0 0.172092 0.985081
716.200000000 48.9337 -4.52495 0 0 0 0.499439 0.866349
716.800000000 48.8284 -4.51857 0 0 0 0.733153 0.680064
717.900000000 48.5156 -4.09521 0 0 0 0.902133 0.431458
719.400000000 47.6855 -3.38551 0 0 0 0.94953 0.313676
720.600000000 46.938 -2.845 0 0 0 0.956931 0.290316
722.100000000 46.0698 -2.37722 0 0 0 0.975233 0.221181
723.800000000 45.0757 -2.15951 0 0 0 0.998496 0.0548334
725.400000000 44.0626 -2.20512 0 0 0 -0.998459 0.0554896
726.700000000 43.1103 -2.37147 0 0 0 -0.997539 0.070108
729.100000000 42.1146 -2.39953 0 0 0 0.999984 0.00572123
733.700000000 41.1471 -2.36437 0 0 0 0.999663 0.0259616
737.900000000 40.1481 -2.32818 0 0 0 0.999894 0.0145451
741.600000000 39.1956 -2.30672 0 0 0 0.999994 0.00354754
744.600000000 38.4404 -2.42865 0 0 0 -0.959978 0.280075
745.400000000 38.4451 -2.63713 0 0 0 -0.821945 0.569567
746.300000000 38.5378 -2.94193 0 0 0 -0.64165 0.766998
747.700000000 38.627 -3.98152 0 0 0 -0.688134 0.725584
748.600000000 38.5067 -4.1401 0 0 0 -0.897229 0.441565
749.200000000 38.4331 -4.05552 0 0 0 -0.986195 0.165587
749.900000000 38.4117 -3.94408 0 0 0 0.986742 0.162296
751.000000000 37.9753 -3.48146 0 0 0 0.91817 0.396187
752.300000000 37.3102 -2.75686 0 0 0 0.915159 0.403094
753.600000000 36.6179 -2.06148 0 0 0 0.929957 0.367667
755.800000000 35.9423 -1.43021 0 0 0 0.928701 0.370829
759.200000000 35.2233 -0.733957 0 0 0 0.924766 0.380536
762.500000000 34.5694 0.0323575 0 0 0 0.887593 0.460629
764.000000000 34.1808 0.973819 0 0 0 0.797729 0.603016
766.500000000 34.076 1.93129 0 0 0 0.723446 0.690381
771.300000000 34.0943 2.91302 0 0 0 0.695547 0.71848
775.700000000 34.1497 3.87994 0 0 0 0.685569 0.728008
778.700000000 34.4016 4.84762 0 0 0 0.510483 0.859888
780.100000000 35.0712 5.57625 0 0 0 0.368396 0.929669
782.700000000 35.7423 6.23072 0 0 0 0.373902 0.927468
792.700000000 36.4309 6.90778 0 0 0 0.380884 0.924623
796.900000000 37.1077 7.58166 0 0 0 0.381585 0.924334
801.300000000 37.7784 8.2392 0 0 0 0.381583 0.924334
806.100000000 38.4691 8.93663 0 0 0 0.381582 0.924335
810.900000000 39.1535 9.6178 0 0 0 0.38158 0.924336
815.600000000 39.8355 10.3064 0 0 0 0.381578 0.924337
820.300000000 40.5198 10.9872 0 0 0 0.381575 0.924338
824.200000000 41.2315 11.686 0 0 0 0.381579 0.924336
827.800000000 41.9234 12.3759 0 0 0 0.381599 0.924328
830.600000000 42.6325 13.0934 0 0 0 0.381611 0.924323
834.000000000 43.2966 13.746 0 0 0 0.381636 0.924313
838.100000000 44.001 14.4487 0 0 0 0.381643 0.92431
842.200000000 44.6888 15.135 0 0 0 0.381632 0.924314
845.800000000 45.4027 15.8549 0 0 0 0.381609 0.924324
847.300000000 46.1775 16.6255 0 0 0 0.381592 0.924331
848.700000000 46.9232 17.3673 0 0 0 0.38158 0.924336
850.000000000 47.6188 18.049 0 0 0 0.381573 0.924339
851.300000000 48.3225 18.7219 0 0 0 0.362984 0.931795
852.700000000 49.126 19.3113 0 0 0 0.275047 0.961431
854.300000000 49.9127 19.5697 0 0 0 -0.0375796 0.999294
855.000000000 49.8576 19.441 0 0 0 -0.372937 0.927857
855.600000000 49.7601 19.3742 0 0 0 -0.626864 0.779128
856.200000000 49.6357 19.3039 0 0 0 -0.807699 0.589596
857.400000000 49.2206 18.883 0 0 0 -0.945989 0.324199
858.900000000 48.309 18.5379 0 0 0 -0.977369 0.211539
860.500000000 47.5055 17.9375 0 0 0 -0.918955 0.394363
861.600000000 47.3566 17.5308 0 0 0 -0.795283 0.606238
863.300000000 47.1934 16.5277 0 0 0 -0.773146 0.634229
864.700000000 47.0283 15.5963 0 0 0 -0.75867 0.651475
866.500000000 47.047 14.6824 0 0 0 -0.50474 0.863271
867.200000000 47.1281 14.7659 0 0 0 -0.177527 0.984116
867.800000000 47.1392 14.9207 0 0 0 0.120626 0.992698
868.400000000 47.0782 15 0 0 0 0.408614 0.912707
869.100000000 46.9688 15.099 0 0 0 0.67626 0.736663
870.000000000 46.8069 15.37 0 0 0 0.864778 0.502154
871.500000000 46.0203 16.1088 0 0 0 0.949971 0.312339
873.000000000 45.2437 16.6938 0 0 0 0.935206 0.354103
876.300000000 44.5791 17.3221 0 0 0 0.927059 0.374916
881.200000000 43.89 18.0108 0 0 0 0.924864 0.380298
886.100000000 43.2061 18.6973 0 0 0 0.924864 0.380298
891.000000000 42.5059 19.39 0 0 0 0.924864 0.380298
895.800000000 41.8258 20.0628 0 0 0 0.924864 0.380298
900.700000000 41.103 20.712 0 0 0 0.942479 0.334265
905.600000000 40.1515 21.214 0 0 0 0.980461 0.196713
907.500000000 39.2115 21.399 0 0 0 0.99903 0.0440284
911.000000000 38.219 21.4878 0 0 0 -0.999797 0.0201721
915.600000000 37.2501 21.4003 0 0 0 -0.998758 0.0498199
920.000000000 36.2734 21.3258 0 0 0 -0.999252 0.038674
924.700000000 35.3278 21.2805 0 0 0 -0.99993 0.0118009
929.600000000 34.3663 21.2717 0 0 0 -0.999997 0.00226996
934.500000000 33.3996 21.2685 0 0 0 -0.999999 0.00165468
939.400000000 32.4281 21.2652 0 0 0 -0.999999 0.00165468
944.200000000 31.4849 21.2666 0 0 0 0.999961 0.00885983
945.500000000 30.8368 21.5915 0 0 0 0.957009 0.290059
946.800000000 30.1839 22.2602 0 0 0 0.915051 0.403337
948.100000000 29.5242 22.9773 0 0 0 0.921136 0.389241
949.500000000 28.78 23.711 0 0 0 0.924926 0.380147
956.800000000 28.1413 24.3475 0 0 0 0.925413 0.37896
958.200000000 27.4003 25.0769 0 0 0 0.925413 0.37896
959.400000000 26.7606 25.715 0 0 0 0.925413 0.37896
960.800000000 26.0147 26.4483 0 0 0 0.925413 0.37896
962.200000000 25.265 27.1863 0 0 0 0.925413 0.37896
963.500000000 24.5778 27.8521 0 0 0 0.925413 0.37896
964.800000000 23.8996 28.5516 0 0 0 0.918637 0.395103
966.100000000 23.342 29.3605 0 0 0 0.867119 0.498101
967.700000000 23.071 30.3 0 0 0 0.753109 0.657896
970.300000000 23.1296 31.2286 0 0 0 0.697437 0.716646
974.400000000 23.1534 32.1852 0 0 0 0.686347 0.727275
978.800000000 23.2045 33.1546 0 0 0 0.696296 0.717755
983.000000000 23.2192 34.1047 0 0 0 0.703515 0.71068
988.000000000 23.2208 35.0862 0 0 0 0.706912 0.707301
990.700000000 23.3279 35.6567 0 0 0 0.434154 0.900839
991.300000000 23.3309 35.6486 0 0 0 0.150296 0.988641
991.900000000 23.3093 35.6137 0 0 0 -0.139394 0.990237
992.700000000 23.6339 35.3022 0 0 0 -0.342681 0.939452
994.000000000 23.8872 34.7248 0 0 0 -0.578304 0.815821
996.200000000 24.0245 33.6911 0 0 0 -0.733128 0.680091
996.900000000 24.0268 33.6917 0 0 0 -0.891481 0.453059
997.700000000 23.9645 33.7196 0 0 0 -0.989471 0.144731
998.500000000 23.9637 33.7373 0 0 0 0.985499 0.169683
999.200000000 24.0187 33.7508 0 0 0 0.905608 0.424116
999.900000000 24.049 33.7861 0 0 0 0.756399 0.65411
1001.000000000 24.2424 34.0549 0 0 0 0.524846 0.851197
1002.000000000 24.5084 34.2175 0 0 0 0.266906 0.963723
1002.800000000 24.5052 34.2354 0 0 0 -0.0757025 0.99713
1003.500000000 24.505 34.2322 0 0 0 -0.345815 0.938303
1005.300000000 25.0789 33.2755 0 0 0 -0.453563 0.891224
1006.900000000 25.4919 32.8894 0 0 0 -0.152515 0.988301
1007.800000000 25.4839 32.8632 0 0 0 0.135112 0.99083
1009.300000000 26.1063 33.5616 0 0 0 0.361403 0.93241
1011.200000000 26.8325 34.0105 0 0 0 0.0469909 0.998895
1012.100000000 27.1139 33.6948 0 0 0 -0.243664 0.96986
1013.200000000 27.298 33.3356 0 0 0 -0.480871 0.876791
1014.300000000 27.4465 33.1927 0 0 0 -0.755734 0.654879
1014.900000000 27.4431 33.1989 0 0 0 -0.900136 0.435609
1015.500000000 27.4449 33.1893 0 0 0 -0.985089 0.172043
1017.500000000 26.4099 32.9905 0 0 0 -0.968689 0.248277
1018.900000000 25.7302 32.3115 0 0 0 -0.914155 0.405364
1021.000000000 25.0782 31.592 0 0 0 -0.917503 0.39773
1025.500000000 24.3773 30.9026 0 0 0 -0.922137 0.386864
1029.500000000 23.7259 30.241 0 0 0 -0.924115 0.382115
1033.700000000 23.0162 29.5332 0 0 0 -0.924115 0.382115
1038.500000000 22.3265 28.8452 0 0 0 -0.924115 0.382115
1043.300000000 21.6304 28.1509 0 0 0 -0.924115 0.382115
1047.700000000 20.9405 27.4628 0 0 0 -0.924115 0.382115
1051.800000000 20.2594 26.7934 0 0 0 -0.924115 0.382115
1056.600000000 19.582 26.1078 0 0 0 -0.924115 0.382115
1061.300000000 18.9033 25.4308 0 0 0 -0.924115 0.382115
1065.600000000 18.2322 24.7615 0 0 0 -0.924115 0.382115
1070.100000000 17.5411 24.0721 0 0 0 -0.924115 0.382115
1074.700000000 16.85 23.3928 0 0 0 -0.924115 0.382115
1079.000000000 16.1713 22.7159 0 0 0 -0.924115 0.382115
1083.300000000 15.4915 22.0278 0 0 0 -0.924115 0.382115
1087.900000000 14.8116 21.3596 0 0 0 -0.924115 0.382115
1092.500000000 14.1467 20.6965 0 0 0 -0.924115 0.382115
1094.300000000 13.4446 19.9862 0 0 0 -0.924115 0.382115
1095.700000000 12.6998 19.2432 0 0 0 -0.924115 0.382115
1097.000000000 12.005 18.5602 0 0 0 -0.924115 0.382115
1098.500000000 11.3909 17.9263 0 0 0 -0.919215 0.393756
1101.300000000 10.7928 17.1383 0 0 0 -0.87574 0.482784
1102.700000000 10.4207 16.2118 0 0 0 -0.789304 0.614002
1104.000000000 10.3694 15.2395 0 0 0 -0.69305 0.72089
1105.300000000 10.6132 14.2864 0 0 0 -0.657389 0.753551
1106.900000000 10.8388 13.2919 0 0 0 -0.479582 0.877497
1108.100000000 11.4183 12.6182 0 0 0 -0.383089 0.923711
1109.500000000 12.177 11.8894 0 0 0 -0.375211 0.926939
1110.800000000 12.877 11.2003 0 0 0 -0.383613 0.923494
1112.100000000 13.5618 10.5074 0 0 0 -0.387894 0.921704
1113.400000000 14.2494 9.81717 0 0 0 -0.37671 0.926331
1115.200000000 15.0115 9.20511 0 0 0 -0.285036 0.958517
1116.600000000 15.9113 8.87458 0 0 0 -0.119073 0.992886
1118.700000000 16.9239 8.71897 0 0 0 -0.163018 0.986623
1120.300000000 17.7358 8.00682 0 0 0 -0.387627 0.921816
1121.600000000 18.4245 7.31165 0 0 0 -0.396584 0.917998
1122.900000000 19.0861 6.60622 0 0 0 -0.381895 0.924206
1124.200000000 19.7794 5.93255 0 0 0 -0.377805 0.925885
1125.500000000 20.4816 5.24746 0 0 0 -0.384291 0.923212
1126.800000000 21.1244 4.53089 0 0 0 -0.410382 0.911914
1128.000000000 21.6542 3.78058 0 0 0 -0.51347 0.858107
1129.400000000 21.9445 2.77675 0 0 0 -0.658614 0.752481
1131.000000000 22.1762 1.85228 0 0 0 -0.496358 0.868118
1132.400000000 22.8901 1.09936 0 0 0 -0.378546 0.925583
1133.800000000 23.6256 0.376855 0 0 0 -0.375805 0.926699
1135.200000000 24.3707 -0.362305 0 0 0 -0.386014 0.922493
1143.000000000 25.0512 -0.888163 0 0 0 -0.0659612 0.997822
1143.700000000 25.2724 -0.792626 0 0 0 0.166577 0.986028
1145.300000000 26.0141 -0.0830726 0 0 0 0.380999 0.924575
1147.000000000 26.8456 0.438809 0 0 0 0.2354 0.971899
1148.500000000 27.8948 0.650914 0 0 0 0.0231791 0.999731
1150.000000000 28.8991 0.739804 0 0 0 0.0975071 0.995235
1152.100000000 29.7978 1.28346 0 0 0 0.329648 0.944104
1155.600000000 30.4704 1.93605 0 0 0 0.376313 0.926492
1160.000000000 31.1623 2.60016 0 0 0 0.380797 0.924659
1164.700000000 31.8533 3.27292 0 0 0 0.381012 0.92457
1169.000000000 32.5504 3.97556 0 0 0 0.381021 0.924566
1173.600000000 33.2327 4.65324 0 0 0 0.381029 0.924563
1178.300000000 33.9356 5.32465 0 0 0 0.37359 0.927594
1181.500000000 34.7988 6.03626 0 0 0 0.27745 0.96074
1183.100000000 35.6356 6.31075 0 0 0 0.163972 0.986465
1185.000000000 36.3366 6.27763 0 0 0 -0.118926 0.992903
1185.800000000 36.3819 6.15261 0 0 0 -0.403376 0.915034
1186.400000000 36.3164 6.09244 0 0 0 -0.652274 0.757983
1186.900000000 36.1837 6.1044 0 0 0 -0.817576 0.575821
1188.000000000 35.7958 5.80352 0 0 0 -0.954709 0.297542
1189.700000000 34.8233 5.603 0 0 0 -0.993586 0.113083
1191.300000000 33.9129 5.24428 0 0 0 -0.967171 0.254125
1192.000000000 33.9746 5.17319 0 0 0 -0.863463 0.504412
1192.800000000 34.1102 5.15109 0 0 0 -0.663074 0.748554
1194.400000000 34.5379 4.43737 0 0 0 -0.465578 0.885007
1196.300000000 34.6757 4.03881 0 0 0 -0.720481 0.693474
1197.300000000 34.4587 3.89972 0 0 0 -0.884054 0.467385
1198.700000000 33.8758 3.51243 0 0 0 -0.974503 0.224375
1199.800000000 33.6171 3.50355 0 0 0 0.998778 0.0494165
1200.800000000 33.6595 3.60198 0 0 0 0.934055 0.357128
1201.500000000 33.7522 3.63058 0 0 0 0.768903 0.639366
1202.000000000 33.9113 3.65623 0 0 0 0.592509 0.805564
1202.700000000 33.9608 3.62168 0 0 0 0.283977 0.958831
1203.400000000 34.0355 3.50966 0 0 0 -0.0563059 0.998414
1204.000000000 33.9932 3.40233 0 0 0 -0.344672 0.938723
1204.600000000 33.9022 3.32886 0 0 0 -0.602979 0.797757
1205.300000000 33.7194 3.25478 0 0 0 -0.817673 0.575683
1206.700000000 33.4841 2.2719 0 0 0 -0.759349 0.650684
1207.900000000 33.5818 1.88475 0 0 0 -0.508866 0.860846
1208.600000000 33.6403 1.97386 0 0 0 -0.236713 0.97158
1209.500000000 33.8662 2.07021 0 0 0 0.0570552 0.998371
1210.700000000 34.253 2.37264 0 0 0 0.342601 0.939481
1211.700000000 34.3138 2.57151 0 0 0 0.598639 0.801019
1212.500000000 34.1605 2.56113 0 0 0 0.801697 0.59773
1213.200000000 34.1177 2.54213 0 0 0 0.939925 0.341381
1213.700000000 34.0623 2.37664 0 0 0 0.994209 0.107459
1214.100000000 34.0622 2.36022 0 0 0 -0.996157 0.0875899
1214.900000000 34.1061 2.22533 0 0 0 -0.888655 0.458577
1216.000000000 34.0637 1.71757 0 0 0 -0.722457 0.691416
1217.900000000 34.4284 0.748716 0 0 0 -0.625183 0.780478
1219.700000000 34.3314 0.133925 0 0 0 -0.80498 0.593302
1220.900000000 34.2436 0.190001 0 0 0 -0.942778 0.333422
1221.700000000 34.2094 0.315411 0 0 0 -0.99948 0.0322538
1222.300000000 34.2312 0.372353 0 0 0 0.968639 0.248474
1222.900000000 34.2927 0.390978 0 0 0 0.860504 0.509444
1223.400000000 34.3185 0.395455 0 0 0 0.722965 0.690884
1224.000000000 34.4239 0.380569 0 0 0 0.516664 0.856188
1224.700000000 34.5486 0.371908 0 0 0 0.235518 0.97187
1225.300000000 34.6478 0.356094 0 0 0 -0.00687283 0.999976
1226.400000000 34.9543 0.126696 0 0 0 -0.326217 0.945295
1227.200000000 35.008 -0.11939 0 0 0 -0.537683 0.843147
1229.400000000 35.0609 -1.0648 0 0 0 -0.750893 0.660424
1230.300000000 34.9736 -1.04138 0 0 0 -0.890763 0.454469
1231.300000000 34.8975 -0.952464 0 0 0 -0.985638 0.168871
1231.900000000 34.9037 -0.887622 0 0 0 0.997912 0.0645899
1232.700000000 34.9469 -0.836022 0 0 0 0.929617 0.368527
1233.300000000 34.9947 -0.813542 0 0 0 0.787109 0.616814
1233.900000000 35.0721 -0.819608 0 0 0 0.571952 0.820287
1234.500000000 35.2093 -0.768216 0 0 0 0.312932 0.949775
1235.200000000 35.2956 -0.865584 0 0 0 -0.0141207 0.9999
1236.200000000 35.8125 -1.0791 0 0 0 -0.23726 0.971446
1237.900000000 36.4247 -1.88805 0 0 0 -0.480123 0.877201
1239.500000000 36.9514 -2.73392 0 0 0 -0.457227 0.88935
1240.900000000 37.2516 -2.85947 0 0 0 -0.206302 0.978488
1242.600000000 37.7412 -2.8122 0 0 0 0.0771869 0.997017
1243.600000000 37.8568 -2.68576 0 0 0 0.317421 0.948285
1244.500000000 37.8298 -2.67903 0 0 0 0.579207 0.81518
1245.300000000 37.6366 -2.72485 0 0 0 0.796979 0.604007
1246.000000000 37.5981 -2.73698 0 0 0 0.93861 0.34498
1246.800000000 37.5226 -2.79896 0 0 0 0.999884 0.0151991
1247.500000000 37.5261 -2.90171 0 0 0 -0.961991 0.273082
1248.200000000 37.605 -2.98333 0 0 0 -0.841334 0.540516
1248.900000000 37.725 -2.99331 0 0 0 -0.64803 0.761615
1250.600000000 38.1389 -3.98443 0 0 0 -0.577541 0.816362
1252.200000000 38.1729 -4.46088 0 0 0 -0.794756 0.606929
1253.100000000 38.0808 -4.40462 0 0 0 -0.932735 0.360562
1254.000000000 38.0533 -4.30644 0 0 0 -0.997429 0.0716561
1254.900000000 38.0947 -4.1915 0 0 0 0.973872 0.227098
1255.600000000 38.1004 -4.18707 0 0 0 0.880289 0.474437
1256.400000000 38.2276 -4.15827 0 0 0 0.701281 0.712884
1257.100000000 38.2873 -4.15941 0 0 0 0.490635 0.871365
1261.400000000 38.7018 -3.27393 0 0 0 0.710028 0.704174
1262.300000000 38.5035 -2.9204 0 0 0 0.861041 0.508535
1263.600000000 37.8788 -2.24842 0 0 0 0.930078 0.367361
1265.600000000 37.1553 -1.54612 0 0 0 0.931851 0.36284
1269.500000000 36.4757 -0.905124 0 0 0 0.931868 0.362797
1271.000000000 35.6998 -0.33972 0 0 0 0.958851 0.283909
1272.400000000 34.7413 0.0781083 0 0 0 0.990836 0.135074
1274.100000000 33.7204 0.116914 0 0 0 -0.999999 0.00115436
1277.300000000 32.7548 0.0693413 0 0 0 -0.99909 0.042661
1281.800000000 31.8312 -0.00857323 0 0 0 -0.99927 0.0382115
1286.700000000 30.8413 -0.0467942 0 0 0 -0.999922 0.0124503
1291.600000000 29.8681 -0.0573241 0 0 0 -0.999996 0.00276331
1296.300000000 28.8873 -0.0618495 0 0 0 -0.999997 0.00227884
1300.100000000 27.9063 -0.0664115 0 0 0 -0.999997 0.0022788
1304.500000000 26.9536 -0.0709819 0 0 0 -0.999997 0.00227876
1309.000000000 26.0009 -0.0755522 0 0 0 -0.999997 0.00227872
1313.400000000 25.0611 -0.0801545 0 0 0 -0.999997 0.00227868
1318.000000000 24.0814 -0.0847564 0 0 0 -0.999997 0.00227864
1322.500000000 23.1171 -0.0894702 0 0 0 -0.999997 0.00227861
1325.900000000 22.0948 -0.0707518 0 0 0 0.999768 0.0215465
1327.300000000 21.0776 0.0243596 0 0 0 0.997857 0.0654346
1329.400000000 20.1655 0.079898 0 0 0 0.999999 0.00102266
1334.000000000 19.1813 0.029049 0 0 0 -0.999684 0.0251531
1338.800000000 18.2246 -0.0121187 0 0 0 -0.999811 0.0194209
1342.800000000 17.1847 -0.0290294 0 0 0 -0.999986 0.00537022
1344.200000000 16.182 -0.0327971 0 0 0 0.999987 0.00502177
1345.500000000 15.2075 -0.015583 0 0 0 0.999983 0.00574845
1346.900000000 14.1543 -0.0192917 0 0 0 -0.999987 0.00511973
1348.300000000 13.0998 -0.0180836 0 0 0 -0.999993 0.00362329
1349.500000000 12.2053 -0.0240292 0 0 0 0.999999 0.001716
1350.900000000 11.1509 -0.0193937 0 0 0 0.999999 0.00163311
1352.100000000 10.2562 -0.0140914 0 0 0 0.999999 0.00154224
1353.500000000 9.20185 -0.00984819 0 0 0 0.999999 0.00144175
1354.800000000 8.22866 -0.00520586 0 0 0 0.999999 0.00133238
1356.200000000 7.17554 -0.00161164 0 0 0 0.999999 0.00121353
1357.600000000 6.12242 0.00172529 0 0 0 0.999999 0.00108499
1358.900000000 5.14617 0.00602118 0 0 0 1 0.000413635
1360.200000000 4.17537 0.00410098 0 0 0 1 0.000984753
1361.500000000 3.20548 0.00385884 0 0 0 0.999999 0.00118373
1362.800000000 2.22859 0.0136085 0 0 0 0.999999 0.00123511
1364.200000000 1.17874 -0.0431337 0 0 0 -0.998966 0.0454667
1365.700000000 0.150685 -0.200919 0 0 0 -0.999833 0.0182476
1367.300000000 -0.756701 0.0538579 0 0 0 0.978725 0.205179
1368.000000000 -0.658996 0.139351 0 0 0 0.851951 0.523621
1368.700000000 -0.533745 0.157172 0 0 0 0.624807 0.78078
1369.200000000 -0.405044 0.151973 0 0 0 0.440726 0.897641
1370.000000000 -0.142948 0.220181 0 0 0 0.179845 0.983695
1370.800000000 0.115999 0.150374 0 0 0 -0.0951608 0.995462
1372.300000000 1.11283 -0.24716 0 0 0 -0.196309 0.980542
1373.800000000 1.53324 -0.545833 0 0 0 -0.463543 0.886075
1374.700000000 1.39642 -0.592701 0 0 0 -0.717632 0.696422
1375.400000000 1.2759 -0.568083 0 0 0 -0.874915 0.484276
1376.000000000 1.21725 -0.528077 0 0 0 -0.967285 0.253692
1376.800000000 1.18147 -0.350756 0 0 0 0.997273 0.0738058
1378.300000000 0.487149 0.091581 0 0 0 0.95289 0.303316
1379.800000000 0.115232 0.567531 0 0 0 0.816877 0.576812
1380.500000000 0.221379 0.571796 0 0 0 0.633081 0.774085
1381.200000000 0.342119 0.556895 0 0 0 0.400662 0.916226
1382.000000000 0.378817 0.430608 0 0 0 0.0760775 0.997102
1382.800000000 0.361784 0.291433 0 0 0 -0.257166 0.966367
1384.500000000 1.04073 -0.502984 0 0 0 -0.458115 0.888893
1385.600000000 1.17978 -0.945281 0 0 0 -0.671178 0.741296
1386.300000000 1.05748 -0.916896 0 0 0 -0.871407 0.490561
1387.000000000 0.968641 -0.852505 0 0 0 -0.981693 0.19047
1387.600000000 0.876848 -0.716886 0 0 0 0.998186 0.060204
1388.400000000 0.74864 -0.544298 0 0 0 0.935008 0.354627
1389.100000000 0.688792 -0.29314 0 0 0 0.833783 0.552093
1390.600000000 0.516129 0.721822 0 0 0 0.742321 0.670044
1391.700000000 0.62065 0.944177 0 0 0 0.494471 0.869194
1392.300000000 0.696815 0.906292 0 0 0 0.257696 0.966226
1393.100000000 0.718336 0.750676 0 0 0 -0.0779098 0.99696
1394.000000000 0.947099 0.55996 0 0 0 -0.321875 0.946782
1395.200000000 1.07987 0.163799 0 0 0 -0.57631 0.817231
1396.900000000 1.00986 -0.410506 0 0 0 -0.779668 0.626192
1398.000000000 0.890513 -0.423346 0 0 0 -0.929387 0.369106
1398.900000000 0.833151 -0.336209 0 0 0 -0.99341 0.114612
1400.000000000 0.830429 -0.213528 0 0 0 0.983336 0.181795
1401.000000000 0.889343 -0.1196 0 0 0 0.895808 0.44444
1402.000000000 0.998431 -0.0783086 0 0 0 0.720608 0.693343
1403.000000000 1.11544 -0.106159 0 0 0 0.479344 0.877627
1405.800000000 1.53539 0.561189 0 0 0 0.727756 0.685837
1406.500000000 1.41228 0.531376 0 0 0 0.883674 0.468102
1407.200000000 1.34216 0.449542 0 0 0 0.97647 0.215653
1408.700000000 0.321409 0.572523 0 0 0 0.998804 0.0489005
1410.500000000 -0.281454 0.888466 0 0 0 0.941463 0.337115
1411.800000000 -0.416919 1.21955 0 0 0 0.826094 0.563533
1413.200000000 -0.325037 1.51744 0 0 0 0.635432 0.772157
1415.600000000 -0.438397 2.36591 0 0 0 0.835764 0.549089
1416.600000000 -0.75385 2.58087 0 0 0 0.959182 0.282791
1417.700000000 -1.16613 2.59959 0 0 0 0.99966 0.0260829
1419.100000000 -1.64095 2.39814 0 0 0 -0.971922 0.235303
1420.000000000 -1.65978 2.26499 0 0 0 -0.880548 0.473957
1420.900000000 -1.56879 2.21766 0 0 0 -0.689585 0.724204
1421.400000000 -1.43944 2.26656 0 0 0 -0.504261 0.863551
1422.000000000 -1.375 2.34907 0 0 0 -0.243775 0.969832
1422.700000000 -1.35261 2.47749 0 0 0 0.083132 0.996539
1423.400000000 -1.38814 2.60215 0 0 0 0.376583 0.926383
1424.000000000 -1.40649 2.64805 0 0 0 0.588998 0.808134
1424.800000000 -1.54901 2.7936 0 0 0 0.813615 0.581403
1426.600000000 -2.20118 3.60704 0 0 0 0.878951 0.476912
1428.200000000 -2.45525 4.41063 0 0 0 0.723181 0.690659
1429.800000000 -2.17782 4.85648 0 0 0 0.477726 0.878509
1431.100000000 -1.98525 4.91302 0 0 0 0.222561 0.974919
1432.000000000 -1.9585 4.78065 0 0 0 -0.0905244 0.995894
1432.800000000 -1.9978 4.66651 0 0 0 -0.362823 0.931858
1433.400000000 -2.10103 4.59792 0 0 0 -0.595122 0.803635
1434.000000000 -2.2083 4.59371 0 0 0 -0.803328 0.595537
1434.700000000 -2.32006 4.66389 0 0 0 -0.957192 0.289453
1435.200000000 -2.37283 4.753 0 0 0 -0.998639 0.0521626
1435.900000000 -2.39132 4.89435 0 0 0 0.963091 0.269176
1436.600000000 -2.34742 5.03411 0 0 0 0.826558 0.562852
1437.100000000 -2.23047 5.03336 0 0 0 0.676544 0.736402
1438.700000000 -2.13693 6.09413 0 0 0 0.734039 0.679108
1439.600000000 -2.2789 6.22353 0 0 0 0.90917 0.416425
1440.300000000 -2.34858 6.1191 0 0 0 0.99163 0.129109
1441.000000000 -2.35024 6.00143 0 0 0 -0.985482 0.169781
1443.200000000 -3.27945 5.7212 0 0 0 0.998553 0.0537753
1443.800000000 -3.23929 5.8252 0 0 0 0.952099 0.305791
1444.600000000 -3.13291 5.8963 0 0 0 0.794398 0.607398
1445.700000000 -2.97318 6.30054 0 0 0 0.628796 0.77757
