0.200000000 0.2 0 0 0 0 0 1
6.600000000 0.993544 -0.122925 0 0 0 -0.343474 0.939162
7.200000000 0.893913 -0.186648 0 0 0 -0.60567 0.795716
7.800000000 0.775705 -0.183045 0 0 0 -0.813767 0.581191
8.400000000 0.680191 -0.113345 0 0 0 -0.949173 0.314753
9.000000000 0.640699 -0.00189958 0 0 0 -0.999796 0.0202003
9.500000000 0.661017 0.112364 0 0 0 0.973853 0.227178
10.200000000 0.762288 0.188195 0 0 0 0.836578 0.547847
10.800000000 0.879988 0.201062 0 0 0 0.637285 0.770628
11.300000000 0.964427 0.155662 0 0 0 0.427374 0.904075
11.900000000 1.01951 0.0570164 0 0 0 0.141119 0.989993
12.600000000 1.01752 -0.07117 0 0 0 -0.207505 0.978234
14.900000000 1.1623 -0.0452538 0 0 0 0.108023 0.994148
15.600000000 1.10874 0.0704862 0 0 0 0.44236 0.896838
16.300000000 0.967968 0.131053 0 0 0 0.72304 0.690806
17.100000000 0.7528 0.254707 0 0 0 0.893128 0.449803
18.500000000 0.0156837 0.893137 0 0 0 0.938029 0.346557
19.900000000 -0.73983 1.64289 0 0 0 0.916958 0.398983
21.100000000 -1.28624 2.34505 0 0 0 0.885292 0.465036
22.500000000 -1.79684 3.27673 0 0 0 0.849238 0.52801
23.800000000 -2.15231 4.17485 0 0 0 0.821216 0.570618
25.100000000 -2.50031 5.08184 0 0 0 0.824604 0.56571
26.400000000 -2.85068 5.98106 0 0 0 0.804582 0.593841
27.400000000 -2.7328 6.34248 0 0 0 0.589603 0.807693
28.000000000 -2.71539 6.30482 0 0 0 0.325331 0.9456
28.700000000 -2.61998 6.16634 0 0 0 0.0113101 0.999936
29.500000000 -2.34776 6.0257 0 0 0 -0.242413 0.970173
31.000000000 -1.61656 5.35653 0 0 0 -0.295911 0.955216
32.500000000 -0.629228 5.0895 0 0 0 -0.0524918 0.998621
33.500000000 -0.313705 5.20759 0 0 0 0.275508 0.961299
34.100000000 -0.39242 5.27693 0 0 0 0.547312 0.836928
34.700000000 -0.502028 5.2929 0 0 0 0.770244 0.63775
35.600000000 -0.766628 5.68531 0 0 0 0.899037 0.437872
37.000000000 -1.52738 6.34528 0 0 0 0.928744 0.370722
38.400000000 -2.11792 7.19546 0 0 0 0.855004 0.518622
39.800000000 -2.33948 8.15424 0 0 0 0.743435 0.668809
41.600000000 -2.25925 9.10816 0 0 0 0.670104 0.742267
45.200000000 -2.19382 10.0496 0 0 0 0.686192 0.727421
49.000000000 -2.16771 11.0108 0 0 0 0.700988 0.713173
52.800000000 -2.16118 11.9963 0 0 0 0.706438 0.707775
56.500000000 -2.16928 12.9508 0 0 0 0.705202 0.709007
60.100000000 -2.16389 13.8818 0 0 0 0.705202 0.709007
64.100000000 -2.15858 14.8804 0 0 0 0.705195 0.709014
67.200000000 -2.15307 15.8624 0 0 0 0.70519 0.709018
68.900000000 -2.2795 16.8907 0 0 0 0.754369 0.656451
70.400000000 -2.73088 17.7196 0 0 0 0.907602 0.419832
72.100000000 -3.08178 18.4026 0 0 0 0.731157 0.682209
73.200000000 -2.81715 18.9851 0 0 0 0.540135 0.841578
74.600000000 -2.24267 19.8358 0 0 0 0.509356 0.860556
76.000000000 -2.0598 20.7513 0 0 0 0.659982 0.751281
77.400000000 -2.15094 21.7873 0 0 0 0.751723 0.659479
78.700000000 -2.23261 22.7604 0 0 0 0.738866 0.673852
80.400000000 -2.26658 23.7073 0 0 0 0.710463 0.703734
84.200000000 -2.22808 24.6548 0 0 0 0.686426 0.7272
88.500000000 -2.17171 25.598 0 0 0 0.68325 0.730185
93.200000000 -2.12272 26.5815 0 0 0 0.690591 0.723245
96.800000000 -2.11169 27.5637 0 0 0 0.710169 0.704032
98.600000000 -2.11507 28.6519 0 0 0 0.763175 0.646192
99.900000000 -2.46507 29.5258 0 0 0 0.834659 0.550767
101.300000000 -2.72717 30.4143 0 0 0 0.754011 0.656862
101.900000000 -2.68817 30.367 0 0 0 0.525754 0.850637
102.500000000 -2.64376 30.3275 0 0 0 0.253802 0.967256
103.200000000 -2.60856 30.1889 0 0 0 -0.0877303 0.996144
103.900000000 -2.65609 30.0745 0 0 0 -0.419014 0.90798
104.500000000 -2.71083 30.0283 0 0 0 -0.665099 0.746755
105.200000000 -2.79765 30.0394 0 0 0 -0.87805 0.47857
105.800000000 -2.88071 30.132 0 0 0 -0.978586 0.205836
106.400000000 -2.90444 30.2456 0 0 0 0.99616 0.0875483
107.000000000 -2.85959 30.37 0 0 0 0.927508 0.373804
107.600000000 -2.74004 30.3933 0 0 0 0.779803 0.626024
108.500000000 -2.69796 30.767 0 0 0 0.587029 0.809566
109.900000000 -2.25652 31.6792 0 0 0 0.55053 0.834815
111.300000000 -1.98819 32.6104 0 0 0 0.627327 0.778756
112.700000000 -1.90668 33.5805 0 0 0 0.729842 0.683615
114.100000000 -2.04548 34.6234 0 0 0 0.758275 0.651934
115.500000000 -2.17536 35.6496 0 0 0 0.738161 0.674624
117.800000000 -2.17575 36.5607 0 0 0 0.699111 0.715013
122.100000000 -2.13804 37.5106 0 0 0 0.689078 0.724687
126.400000000 -2.11386 38.4763 0 0 0 0.701964 0.712212
127.900000000 -2.14328 39.5244 0 0 0 0.727413 0.6862
129.300000000 -2.33615 40.5585 0 0 0 0.766364 0.642406
130.600000000 -2.62142 41.4832 0 0 0 0.832717 0.553699
131.900000000 -3.17256 42.1754 0 0 0 0.926981 0.375108
132.600000000 -3.30422 42.1125 0 0 0 0.996689 0.0813034
133.300000000 -3.40858 41.9881 0 0 0 -0.978545 0.206035
134.000000000 -3.42365 41.8324 0 0 0 -0.876475 0.481447
134.600000000 -3.28972 41.8113 0 0 0 -0.695051 0.71896
135.100000000 -3.19821 41.8401 0 0 0 -0.496102 0.868264
135.700000000 -3.11876 41.9075 0 0 0 -0.215651 0.976471
136.400000000 -3.10327 42.0449 0 0 0 0.131133 0.991365
137.200000000 -2.83755 42.3306 0 0 0 0.357536 0.933899
138.700000000 -2.34581 43.2476 0 0 0 0.555996 0.831185
140.100000000 -2.18369 44.2606 0 0 0 0.663855 0.747861
141.400000000 -2.11104 45.2449 0 0 0 0.711895 0.702286
142.700000000 -2.13953 46.2283 0 0 0 0.716412 0.697678
144.000000000 -2.15451 47.191 0 0 0 0.720879 0.693061
145.300000000 -2.20196 48.1748 0 0 0 0.718415 0.695615
146.600000000 -2.24094 49.1478 0 0 0 0.719823 0.694158
147.900000000 -2.24432 50.1216 0 0 0 0.702096 0.712082
149.200000000 -2.23369 51.0954 0 0 0 0.706687 0.707526
150.500000000 -2.28365 52.0531 0 0 0 0.741212 0.671271
151.700000000 -2.35849 52.9462 0 0 0 0.763624 0.645661
153.300000000 -2.87076 53.8248 0 0 0 0.913604 0.406604
154.400000000 -3.27265 54.0293 0 0 0 0.995109 0.0987833
155.000000000 -3.26113 53.9119 0 0 0 -0.979871 0.19963
155.500000000 -3.21538 53.8217 0 0 0 -0.901881 0.431985
156.200000000 -3.1093 53.7786 0 0 0 -0.698665 0.715449
156.800000000 -3.01818 53.8169 0 0 0 -0.456044 0.889957
157.400000000 -2.9473 53.9017 0 0 0 -0.172656 0.984982
158.000000000 -2.83415 54.0182 0 0 0 0.079635 0.996824
158.800000000 -2.62082 54.2374 0 0 0 0.328245 0.944593
160.100000000 -1.98708 54.9716 0 0 0 0.442211 0.896911
161.400000000 -1.34175 55.6982 0 0 0 0.388174 0.921586
162.700000000 -0.635234 56.3696 0 0 0 0.367314 0.930097
164.000000000 0.0637902 57.0598 0 0 0 0.383839 0.9234
165.400000000 0.851231 57.7386 0 0 0 0.307885 0.951424
166.600000000 1.67604 58.1143 0 0 0 0.163916 0.986474
168.300000000 2.66941 58.1975 0 0 0 0.0068617 0.999976
170.900000000 3.56819 58.1376 0 0 0 -0.0459452 0.998944
174.800000000 4.56353 58.0555 0 0 0 -0.0383382 0.999265
178.400000000 5.50727 58.0783 0 0 0 0.155614 0.987818
179.200000000 5.51461 58.2717 0 0 0 0.468738 0.883337
180.100000000 5.54339 58.7153 0 0 0 0.656246 0.754547
181.600000000 5.47824 59.4007 0 0 0 0.872326 0.488925
182.200000000 5.39005 59.3221 0 0 0 0.977116 0.212709
182.800000000 5.37919 59.1954 0 0 0 -0.996386 0.0849379
183.500000000 5.45256 59.08 0 0 0 -0.906593 0.422006
184.000000000 5.55104 59.0747 0 0 0 -0.774389 0.632709
184.700000000 5.64832 59.0866 0 0 0 -0.509958 0.860199
185.700000000 6.08988 58.7583 0 0 0 -0.28804 0.957618
187.000000000 6.95702 58.3195 0 0 0 -0.201998 0.979386
188.300000000 7.87885 58.0183 0 0 0 -0.130785 0.991411
190.200000000 8.87047 57.9085 0 0 0 -0.0188058 0.999823
191.500000000 9.84814 57.9595 0 0 0 0.0457686 0.998952
192.700000000 10.7409 58.0494 0 0 0 0.044039 0.99903
195.000000000 11.7253 58.1002 0 0 0 0.0102742 0.999947
199.500000000 12.6787 58.0725 0 0 0 -0.0202412 0.999795
204.100000000 13.6161 58.0408 0 0 0 -0.0103931 0.999946
209.000000000 14.5941 58.0332 0 0 0 -0.00219765 0.999998
212.600000000 15.5321 58.0288 0 0 0 -0.00219765 0.999998
216.500000000 16.5236 58.0243 0 0 0 -0.00219766 0.999998
218.000000000 17.0905 58.2371 0 0 0 0.288029 0.957622
218.900000000 17.1994 58.5708 0 0 0 0.54509 0.838378
220.400000000 17.3458 59.4264 0 0 0 0.762274 0.647255
221.000000000 17.2401 59.3636 0 0 0 0.920189 0.391474
221.600000000 17.1929 59.2601 0 0 0 0.994779 0.102054
222.300000000 17.1942 59.1224 0 0 0 -0.969311 0.245836
222.800000000 17.2687 59.0498 0 0 0 -0.878651 0.477465
223.400000000 17.3725 59.0277 0 0 0 -0.698306 0.715799
224.400000000 17.6265 58.6785 0 0 0 -0.459157 0.888355
225.800000000 18.3939 58.0446 0 0 0 -0.316639 0.948546
227.200000000 19.1481 57.3485 0 0 0 -0.353301 0.93551
230.300000000 19.8579 56.6732 0 0 0 -0.374593 0.927189
234.000000000 20.5343 56.0068 0 0 0 -0.381066 0.924548
238.100000000 21.2097 55.2904 0 0 0 -0.415385 0.909646
240.100000000 21.7632 54.4263 0 0 0 -0.548736 0.835996
241.900000000 21.9557 53.4939 0 0 0 -0.650513 0.759495
246.100000000 21.9661 52.4903 0 0 0 -0.710298 0.703901
250.300000000 21.9591 51.4304 0 0 0 -0.678896 0.734234
251.400000000 22.1825 50.95 0 0 0 -0.467121 0.884194
252.800000000 22.919 50.278 0 0 0 -0.382778 0.92384
254.200000000 23.3935 49.4148 0 0 0 -0.520858 0.853643
256.100000000 23.5628 48.4786 0 0 0 -0.709847 0.704356
257.400000000 23.2262 47.8552 0 0 0 -0.885603 0.464442
258.800000000 22.5547 47.1303 0 0 0 -0.934578 0.355759
260.000000000 21.849 46.5385 0 0 0 -0.9246 0.38094
261.400000000 21.1173 45.7826 0 0 0 -0.920485 0.390778
262.700000000 20.4303 45.0918 0 0 0 -0.923183 0.384361
264.000000000 19.8338 44.3607 0 0 0 -0.916761 0.399435
265.200000000 19.2366 43.6569 0 0 0 -0.868623 0.495473
266.700000000 18.9527 42.6508 0 0 0 -0.747125 0.664683
268.400000000 19.0175 41.7486 0 0 0 -0.67073 0.741702
272.200000000 19.1229 40.7727 0 0 0 -0.675489 0.73737
274.700000000 19.1302 39.7677 0 0 0 -0.743916 0.668273
276.300000000 18.7879 38.8728 0 0 0 -0.858446 0.512904
279.300000000 18.2118 38.1737 0 0 0 -0.908499 0.417887
283.700000000 17.5448 37.4512 0 0 0 -0.919856 0.392256
287.600000000 16.8568 36.7445 0 0 0 -0.923633 0.383277
292.000000000 16.1374 36.0333 0 0 0 -0.923633 0.383277
295.500000000 15.4519 35.3559 0 0 0 -0.923633 0.383277
298.800000000 15.0918 34.7379 0 0 0 -0.746629 0.66524
299.500000000 15.1988 34.6062 0 0 0 -0.544106 0.839017
300.700000000 15.706 34.0903 0 0 0 -0.327135 0.944978
301.900000000 16.5 33.7007 0 0 0 -0.188055 0.982159
303.500000000 17.4159 33.5928 0 0 0 -0.0475893 0.998867
305.800000000 18.4331 33.459 0 0 0 -0.00671269 0.999977
310.400000000 19.3758 33.4857 0 0 0 0.0226403 0.999744
315.100000000 20.3287 33.5876 0 0 0 0.0367605 0.999324
320.000000000 21.3222 33.6376 0 0 0 0.016522 0.999864
324.900000000 22.287 33.6527 0 0 0 0.00457231 0.99999
329.600000000 23.2564 33.6562 0 0 0 0.00155141 0.999999
334.600000000 24.2378 33.6596 0 0 0 0.00154055 0.999999
339.300000000 25.1686 33.663 0 0 0 0.00152879 0.999999
344.000000000 26.1195 33.6664 0 0 0 0.00151622 0.999999
349.000000000 27.1144 33.6697 0 0 0 0.00150297 0.999999
352.700000000 28.0979 33.8182 0 0 0 0.181384 0.983412
354.200000000 28.86 34.4327 0 0 0 0.370387 0.928878
356.300000000 29.5549 35.1483 0 0 0 0.389677 0.920952
360.600000000 30.2113 35.8226 0 0 0 0.384181 0.923258
365.400000000 30.8803 36.4966 0 0 0 0.384165 0.923264
369.400000000 31.5681 37.1892 0 0 0 0.384149 0.923271
373.700000000 32.2598 37.8857 0 0 0 0.384132 0.923278
377.600000000 32.9164 38.5473 0 0 0 0.384114 0.923286
382.100000000 33.6174 39.2677 0 0 0 0.441213 0.897402
383.400000000 34.0529 40.2119 0 0 0 0.549809 0.83529
384.800000000 34.2629 41.1528 0 0 0 0.677308 0.7357
386.100000000 34.0315 42.1502 0 0 0 0.737421 0.675434
387.400000000 34.1273 43.1117 0 0 0 0.711677 0.702507
388.700000000 34.0341 44.1049 0 0 0 0.693457 0.720498
390.000000000 34.1204 45.0481 0 0 0 0.717929 0.696117
391.300000000 34.0405 46.0514 0 0 0 0.692475 0.721442
392.600000000 34.0439 47.0222 0 0 0 0.705175 0.709034
393.900000000 34.0372 47.9917 0 0 0 0.713499 0.700656
395.200000000 34.0685 48.9558 0 0 0 0.706458 0.707755
396.500000000 34.0263 49.9274 0 0 0 0.703299 0.710894
397.700000000 34.0249 50.8279 0 0 0 0.707924 0.706288
399.100000000 34.0217 51.8814 0 0 0 0.707959 0.706253
400.600000000 34.1637 52.8044 0 0 0 0.581146 0.813799
402.200000000 34.8232 53.6005 0 0 0 0.365742 0.930716
403.400000000 35.4868 54.2519 0 0 0 0.370883 0.928679
404.800000000 36.2315 54.9541 0 0 0 0.393169 0.919466
406.100000000 36.9045 55.6015 0 0 0 0.345167 0.938541
406.800000000 37.0526 55.5487 0 0 0 0.0297833 0.999556
407.400000000 37.0609 55.4325 0 0 0 -0.263938 0.96454
407.900000000 36.9948 55.4241 0 0 0 -0.491078 0.871116
408.600000000 36.9115 55.4132 0 0 0 -0.760207 0.649681
409.200000000 36.7618 55.4255 0 0 0 -0.913662 0.406475
409.900000000 36.6942 55.4718 0 0 0 -0.995441 0.095378
410.600000000 36.5574 55.5903 0 0 0 0.983211 0.182471
411.600000000 36.1091 55.9679 0 0 0 0.917648 0.397395
419.300000000 35.2872 56.6156 0 0 0 0.974873 0.222762
420.700000000 34.3371 56.7375 0 0 0 0.999369 0.0355209
422.900000000 33.4356 56.7492 0 0 0 -0.999428 0.0338222
427.000000000 32.495 56.6857 0 0 0 -0.999344 0.0362101
431.500000000 31.504 56.6192 0 0 0 -0.999683 0.0251841
436.400000000 30.5241 56.5966 0 0 0 -0.999975 0.00708064
441.300000000 29.5582 56.589 0 0 0 -0.999993 0.00364577
446.300000000 28.5598 56.5816 0 0 0 -0.999993 0.00364112
451.100000000 27.6018 56.5743 0 0 0 -0.999993 0.00363693
455.900000000 26.6474 56.5671 0 0 0 -0.999993 0.00363317
460.700000000 25.693 56.5598 0 0 0 -0.999993 0.00362983
465.300000000 24.7233 56.5571 0 0 0 0.999986 0.00534521
469.700000000 23.7773 56.5574 0 0 0 0.999987 0.00512068
474.600000000 22.8158 56.5708 0 0 0 0.999999 0.00156027
478.900000000 21.8408 56.5741 0 0 0 0.999999 0.00156052
483.800000000 20.8758 56.5773 0 0 0 0.999999 0.00156068
487.800000000 20.1003 56.4082 0 0 0 -0.9565 0.291734
488.400000000 20.1208 56.3947 0 0 0 -0.849569 0.527478
489.400000000 20.2208 56.0985 0 0 0 -0.662742 0.748848
491.100000000 20.6345 55.4891 0 0 0 -0.423575 0.905861
492.600000000 21.4003 55.0042 0 0 0 -0.214911 0.976634
494.600000000 22.0556 54.4867 0 0 0 -0.495554 0.868577
496.200000000 22.1291 53.5851 0 0 0 -0.717848 0.6962
497.600000000 21.9333 52.6128 0 0 0 -0.782024 0.623248
499.700000000 22.008 52.1901 0 0 0 -0.519889 0.854234
500.300000000 22.0909 52.3011 0 0 0 -0.243142 0.969991
501.000000000 22.195 52.4362 0 0 0 0.0600364 0.998196
501.700000000 22.3832 52.5948 0 0 0 0.287171 0.957879
503.200000000 23.1598 53.3748 0 0 0 0.392872 0.919593
504.500000000 23.8443 54.0671 0 0 0 0.381077 0.924543
505.800000000 24.5451 54.743 0 0 0 0.380554 0.924758
507.000000000 25.1786 55.381 0 0 0 0.384679 0.92305
508.400000000 25.8942 56.1289 0 0 0 0.384691 0.923045
509.700000000 26.6152 56.8291 0 0 0 0.38207 0.924134
511.000000000 27.3705 57.497 0 0 0 0.358039 0.933707
512.400000000 28.2873 58.0697 0 0 0 0.205542 0.978648
513.800000000 29.2776 58.2606 0 0 0 0.0332496 0.999447
515.700000000 30.1962 58.1087 0 0 0 -0.0545111 0.998513
519.500000000 31.1893 58.0623 0 0 0 -0.0360199 0.999351
523.900000000 32.154 58.0258 0 0 0 -0.0088292 0.999961
528.600000000 33.1222 58.0188 0 0 0 -0.00296031 0.999996
533.400000000 34.12 58.0142 0 0 0 -0.00314859 0.999995
538.100000000 35.0814 58.0078 0 0 0 -0.00320576 0.999995
542.900000000 36.0389 58.0006 0 0 0 -0.0032336 0.999995
547.700000000 37.0276 57.9924 0 0 0 -0.00328308 0.999995
552.600000000 38.0093 57.9864 0 0 0 -0.00344081 0.999994
554.800000000 39.0036 57.9812 0 0 0 -0.00325468 0.999995
556.200000000 40.0526 57.9911 0 0 0 0.0151428 0.999885
557.600000000 41.1059 58.0434 0 0 0 0.0131355 0.999914
559.000000000 42.1214 57.9895 0 0 0 -0.0281897 0.999603
559.700000000 42.1185 57.9891 0 0 0 -0.324149 0.946006
560.300000000 42.0256 57.9257 0 0 0 -0.585484 0.810684
560.800000000 42.018 57.9125 0 0 0 -0.765548 0.643379
561.500000000 41.9682 57.9538 0 0 0 -0.937638 0.347614
562.100000000 41.8771 57.9793 0 0 0 -0.99813 0.0611215
562.700000000 41.8346 58.0966 0 0 0 0.978011 0.208552
563.900000000 41.4276 58.5983 0 0 0 0.882096 0.471069
565.300000000 41.2546 59.3094 0 0 0 0.680401 0.73284
565.900000000 41.3674 59.2575 0 0 0 0.439174 0.898402
566.500000000 41.4525 59.1779 0 0 0 0.158509 0.987358
567.300000000 41.6654 59.0638 0 0 0 -0.109886 0.993944
568.900000000 42.4354 58.5272 0 0 0 -0.350071 0.936723
570.200000000 43.3119 58.0097 0 0 0 -0.20776 0.97818
571.500000000 44.264 57.773 0 0 0 -0.045216 0.998977
572.800000000 45.2416 57.8485 0 0 0 0.0609267 0.998142
574.200000000 46.2844 57.9789 0 0 0 0.058334 0.998297
575.500000000 47.2583 58.0208 0 0 0 0.00209412 0.999998
576.800000000 48.2342 58.0221 0 0 0 -0.00881393 0.999961
578.000000000 49.1375 58.0221 0 0 0 -0.00179513 0.999998
579.400000000 50.1912 58.0267 0 0 0 0.00207152 0.999998
580.700000000 51.165 58.0309 0 0 0 0.00207157 0.999998
582.000000000 52.1387 58.0352 0 0 0 0.0020716 0.999998
583.400000000 53.088 57.8786 0 0 0 -0.108991 0.994043
584.700000000 53.7432 57.4854 0 0 0 -0.342196 0.939628
586.100000000 54.4593 56.7348 0 0 0 -0.408884 0.912586
587.400000000 55.1373 56.0344 0 0 0 -0.388353 0.921511
588.700000000 55.8302 55.3495 0 0 0 -0.374962 0.92704
590.100000000 56.5781 54.6085 0 0 0 -0.395184 0.918602
591.500000000 57.244 53.7944 0 0 0 -0.443826 0.896113
592.800000000 57.6622 52.9011 0 0 0 -0.53383 0.845592
594.000000000 57.8504 52.0147 0 0 0 -0.638541 0.769588
595.500000000 57.8025 51.3394 0 0 0 -0.827888 0.560894
596.400000000 57.5392 51.1812 0 0 0 -0.95891 0.283711
597.600000000 56.8735 51.1402 0 0 0 -0.999682 0.0252122
599.000000000 55.8363 51.3263 0 0 0 0.997138 0.0756069
600.200000000 54.9362 51.4074 0 0 0 0.999695 0.0246973
601.900000000 53.8988 51.1748 0 0 0 -0.972437 0.233168
603.300000000 53.1749 50.5255 0 0 0 -0.926482 0.376339
604.700000000 52.5542 49.6979 0 0 0 -0.918316 0.395849
606.600000000 51.9092 49.0254 0 0 0 -0.921188 0.389117
609.900000000 51.2261 48.3356 0 0 0 -0.923279 0.38413
613.100000000 50.5008 47.6056 0 0 0 -0.92328 0.384127
616.500000000 49.8427 46.9431 0 0 0 -0.923282 0.384124
620.600000000 49.1674 46.2632 0 0 0 -0.923283 0.384121
623.800000000 48.4694 45.5607 0 0 0 -0.923283 0.384119
628.200000000 47.7814 44.8683 0 0 0 -0.923284 0.384118
632.700000000 47.1417 44.1689 0 0 0 -0.906675 0.421829
635.100000000 46.5915 43.31 0 0 0 -0.83344 0.55261
636.800000000 46.3995 42.3636 0 0 0 -0.748697 0.662912
640.500000000 46.3922 41.4925 0 0 0 -0.690297 0.723526
643.900000000 46.6855 40.3466 0 0 0 -0.503456 0.864021
645.200000000 47.3123 39.6957 0 0 0 -0.391611 0.920131
646.500000000 48.0296 39.0255 0 0 0 -0.369223 0.929341
647.900000000 48.7741 38.2823 0 0 0 -0.38615 0.922436
649.200000000 49.4626 37.5839 0 0 0 -0.386141 0.92244
650.500000000 50.1413 36.8962 0 0 0 -0.386133 0.922443
651.800000000 50.8299 36.1974 0 0 0 -0.386119 0.922449
653.100000000 51.5186 35.5086 0 0 0 -0.386111 0.922452
654.400000000 52.1972 34.8096 0 0 0 -0.38611 0.922453
655.700000000 52.9031 34.1396 0 0 0 -0.365707 0.93073
657.000000000 53.6976 33.5817 0 0 0 -0.219446 0.975625
658.400000000 54.6672 33.452 0 0 0 -0.0125647 0.999921
659.600000000 55.5603 33.5869 0 0 0 0.0838052 0.996482
660.600000000 55.8418 33.7475 0 0 0 0.384932 0.922945
661.200000000 55.737 33.792 0 0 0 0.640488 0.767968
661.700000000 55.6319 33.8302 0 0 0 0.795598 0.605824
663.200000000 54.9718 34.4804 0 0 0 0.926671 0.375872
664.500000000 54.3457 35.2 0 0 0 0.928788 0.370611
665.800000000 53.571 35.8726 0 0 0 0.923319 0.384034
666.700000000 53.3804 35.9109 0 0 0 0.997545 0.0700279
667.300000000 53.3993 35.8136 0 0 0 -0.973687 0.227889
667.900000000 53.5387 35.7185 0 0 0 -0.863164 0.504923
668.500000000 53.6142 35.7034 0 0 0 -0.675398 0.737454
669.600000000 53.921 35.3652 0 0 0 -0.42382 0.905746
671.000000000 54.6777 34.6627 0 0 0 -0.364402 0.931242
672.300000000 55.3614 33.9303 0 0 0 -0.390697 0.92052
673.600000000 56.0455 33.2238 0 0 0 -0.385703 0.922623
674.900000000 56.7246 32.5266 0 0 0 -0.385701 0.922624
676.200000000 57.3862 31.7983 0 0 0 -0.42843 0.903575
677.500000000 57.8607 30.959 0 0 0 -0.551982 0.833856
679.200000000 58.0219 29.9303 0 0 0 -0.685149 0.728403
682.200000000 57.99 28.9984 0 0 0 -0.735152 0.677902
686.300000000 57.8925 27.9993 0 0 0 -0.737959 0.674846
690.200000000 57.8114 27.0039 0 0 0 -0.757433 0.652913
691.600000000 57.4115 26.1033 0 0 0 -0.867176 0.498001
692.900000000 57.0365 25.2383 0 0 0 -0.826395 0.563091
694.300000000 56.7411 24.2814 0 0 0 -0.738724 0.674008
696.100000000 56.8332 23.3088 0 0 0 -0.643687 0.765289
697.200000000 56.6429 22.8099 0 0 0 -0.834692 0.550718
698.600000000 56.0352 22.2049 0 0 0 -0.939337 0.342995
700.000000000 55.132 21.6551 0 0 0 -0.968028 0.250842
701.200000000 54.2716 21.349 0 0 0 -0.98765 0.156679
703.300000000 53.3237 21.2005 0 0 0 -0.999123 0.041877
708.000000000 52.3456 21.2043 0 0 0 0.999927 0.0120449
712.900000000 51.3819 21.255 0 0 0 0.999607 0.0280196
715.200000000 50.5205 20.9795 0 0 0 -0.966548 0.256487
716.700000000 49.818 20.3535 0 0 0 -0.924245 0.381801
719.400000000 49.1262 19.6597 0 0 0 -0.922989 0.384825
722.800000000 48.4959 18.8572 0 0 0 -0.881645 0.471913
724.300000000 48.0933 17.8303 0 0 0 -0.791414 0.611281
725.600000000 48.0341 16.8025 0 0 0 -0.702555 0.71163
727.300000000 47.7955 15.8401 0 0 0 -0.857963 0.513712
728.600000000 47.2517 15.0619 0 0 0 -0.904386 0.426716
730.000000000 46.7279 14.1724 0 0 0 -0.830897 0.556426
731.400000000 46.4917 13.1727 0 0 0 -0.781108 0.624396
733.000000000 46.0567 12.2285 0 0 0 -0.896652 0.442735
734.300000000 45.3019 11.5407 0 0 0 -0.926131 0.377201
735.600000000 44.6459 10.856 0 0 0 -0.926376 0.3766
737.000000000 43.9008 10.1119 0 0 0 -0.92373 0.383044
738.700000000 43.3662 9.43576 0 0 0 -0.758041 0.652207
739.300000000 43.4929 9.44235 0 0 0 -0.535347 0.844632
739.900000000 43.6377 9.45277 0 0 0 -0.306164 0.951979
741.400000000 44.6328 9.10335 0 0 0 -0.131642 0.991297
742.700000000 45.5941 8.93607 0 0 0 -0.0578527 0.998325
743.900000000 46.4974 8.87736 0 0 0 0.017241 0.999851
745.300000000 47.5401 8.96358 0 0 0 0.0296475 0.99956
746.600000000 48.5224 8.97413 0 0 0 0.0101026 0.999949
747.900000000 49.4961 9.00822 0 0 0 -0.00338541 0.999994
749.200000000 50.4697 8.95175 0 0 0 -0.0187138 0.999825
750.500000000 51.4396 8.9386 0 0 0 -0.0211422 0.999776
752.000000000 52.5687 8.99636 0 0 0 0.0359917 0.999352
753.400000000 53.621 9.01524 0 0 0 -0.000479825 1
754.800000000 54.6634 8.98481 0 0 0 -0.026075 0.99966
756.100000000 55.6126 8.91696 0 0 0 -0.0309141 0.999522
757.400000000 56.2601 8.59694 0 0 0 -0.304799 0.952417
758.800000000 56.9403 7.85711 0 0 0 -0.410245 0.911975
760.100000000 57.6175 7.11634 0 0 0 -0.408745 0.912649
761.400000000 58.1889 6.35828 0 0 0 -0.471331 0.881956
762.700000000 58.6596 5.50435 0 0 0 -0.529468 0.84833
763.900000000 59.0004 4.65365 0 0 0 -0.564702 0.825295
765.200000000 59.3293 3.75824 0 0 0 -0.58418 0.811624
766.800000000 59.9415 2.88585 0 0 0 -0.36239 0.932027
767.700000000 60.1975 2.86931 0 0 0 -0.0457123 0.998955
768.400000000 60.2971 3.01534 0 0 0 0.237137 0.971476
769.000000000 60.2695 3.11869 0 0 0 0.489937 0.871758
769.600000000 60.1649 3.13789 0 0 0 0.725681 0.688031
770.300000000 60.054 3.09732 0 0 0 0.917857 0.396912
770.800000000 59.9788 3.02435 0 0 0 0.985978 0.166876
771.400000000 59.9259 2.93375 0 0 0 -0.993444 0.114318
772.600000000 59.3889 2.49292 0 0 0 -0.91977 0.392457
773.800000000 58.8739 1.80124 0 0 0 -0.911773 0.410694
775.200000000 58.1569 1.03127 0 0 0 -0.920326 0.391152
776.600000000 57.4105 0.297392 0 0 0 -0.925633 0.378423
777.900000000 56.7216 -0.387848 0 0 0 -0.924744 0.380589
779.200000000 55.9909 -1.06402 0 0 0 -0.932399 0.361431
780.500000000 55.1818 -1.6104 0 0 0 -0.969651 0.244495
781.900000000 54.2529 -1.85364 0 0 0 -0.998627 0.0523814
783.600000000 53.2529 -1.78226 0 0 0 0.99812 0.0612968
785.400000000 52.3354 -1.67638 0 0 0 0.998136 0.0610278
786.900000000 51.3619 -1.77506 0 0 0 -0.994662 0.103188
788.700000000 50.3333 -1.60205 0 0 0 0.983071 0.183223
790.100000000 49.3784 -1.14447 0 0 0 0.978962 0.204042
791.600000000 48.3781 -0.894475 0 0 0 0.999358 0.0358392
792.900000000 47.4047 -1.03242 0 0 0 -0.995236 0.0974938
794.400000000 46.4724 -1.49855 0 0 0 -0.964027 0.265803
795.600000000 45.6722 -1.903 0 0 0 -0.977566 0.210631
797.200000000 44.5871 -2.11976 0 0 0 -0.999412 0.034297
799.400000000 43.6292 -2.06155 0 0 0 0.999066 0.0432203
803.600000000 42.6914 -1.99265 0 0 0 0.999206 0.0398403
808.000000000 41.7414 -1.93925 0 0 0 0.999846 0.0175643
810.300000000 40.7125 -1.97016 0 0 0 -0.998957 0.0456624
811.600000000 39.734 -2.15223 0 0 0 -0.992331 0.123611
812.900000000 38.7973 -2.37757 0 0 0 -0.99599 0.0894677
814.400000000 37.7994 -2.43369 0 0 0 -0.999789 0.0205199
816.800000000 36.865 -2.42126 0 0 0 0.999741 0.0227792
818.200000000 36.1657 -2.0825 0 0 0 0.955321 0.29557
819.700000000 35.3997 -1.33472 0 0 0 0.91339 0.407085
821.000000000 34.7497 -0.599465 0 0 0 0.910637 0.413207
822.500000000 34.2359 0.317835 0 0 0 0.849547 0.527512
824.000000000 33.9579 1.16168 0 0 0 0.758089 0.652152
827.000000000 33.9536 2.05228 0 0 0 0.689399 0.724381
831.900000000 34.0531 3.0553 0 0 0 0.666883 0.745163
835.900000000 33.9739 4.05631 0 0 0 0.821251 0.570567
837.400000000 33.3309 4.80387 0 0 0 0.926344 0.37668
839.800000000 32.6587 5.37879 0 0 0 0.931079 0.364818
844.400000000 31.9804 6.04603 0 0 0 0.925718 0.378214
847.800000000 31.6379 6.64211 0 0 0 0.752593 0.658486
848.500000000 31.7603 6.81184 0 0 0 0.557416 0.830234
849.600000000 32.1991 7.25915 0 0 0 0.349297 0.937012
851.000000000 33.0091 7.91667 0 0 0 0.346006 0.938232
852.400000000 33.7584 8.65519 0 0 0 0.387508 0.921866
859.900000000 34.4463 9.33469 0 0 0 0.387786 0.921749
861.200000000 35.1255 10.0346 0 0 0 0.382791 0.923835
862.600000000 35.8692 10.7787 0 0 0 0.38279 0.923835
863.900000000 36.563 11.4627 0 0 0 0.38279 0.923835
865.100000000 37.1967 12.1067 0 0 0 0.38279 0.923835
866.500000000 37.9532 12.8111 0 0 0 0.303291 0.952898
867.800000000 38.8808 13.1948 0 0 0 0.178391 0.98396
869.100000000 39.8366 13.3924 0 0 0 0.0630357 0.998011
870.500000000 40.8802 13.4349 0 0 0 0.0138606 0.999904
871.800000000 41.7922 13.4794 0 0 0 0.0545502 0.998511
873.400000000 42.7805 13.9475 0 0 0 0.321897 0.946775
874.700000000 43.4536 14.66 0 0 0 0.420405 0.907336
876.500000000 44.0859 15.4411 0 0 0 0.400105 0.916469
880.400000000 44.7376 16.06 0 0 0 0.386207 0.922412
884.200000000 45.3993 16.7263 0 0 0 0.384346 0.923189
887.100000000 46.0781 17.4103 0 0 0 0.384347 0.923189
888.500000000 46.8249 18.1526 0 0 0 0.384347 0.923189
889.900000000 47.5733 18.8931 0 0 0 0.364729 0.931114
891.300000000 48.4205 19.5349 0 0 0 0.271132 0.962542
892.600000000 49.2505 19.8168 0 0 0 0.130238 0.991483
893.600000000 49.5421 19.7837 0 0 0 -0.19541 0.980722
894.200000000 49.4753 19.6574 0 0 0 -0.472419 0.881374
894.700000000 49.3858 19.6446 0 0 0 -0.673182 0.739477
895.700000000 49.1426 19.271 0 0 0 -0.856317 0.516451
897.200000000 48.3878 18.6787 0 0 0 -0.934835 0.355083
898.600000000 47.7982 17.7383 0 0 0 -0.865917 0.500187
900.200000000 47.6431 16.8809 0 0 0 -0.674231 0.73852
902.200000000 48.0802 15.9077 0 0 0 -0.611717 0.791077
903.400000000 48.0162 15.4648 0 0 0 -0.819287 0.573384
903.900000000 47.9505 15.5213 0 0 0 -0.934295 0.356502
904.600000000 47.8611 15.6435 0 0 0 -0.99947 0.0325492
905.300000000 47.6203 15.7376 0 0 0 0.981758 0.190135
906.900000000 46.8522 16.4943 0 0 0 0.908567 0.417739
908.300000000 46.1819 17.2584 0 0 0 0.918305 0.395874
910.800000000 45.5092 17.9262 0 0 0 0.923262 0.38417
915.700000000 44.8212 18.6187 0 0 0 0.923262 0.38417
920.600000000 44.141 19.3037 0 0 0 0.923262 0.38417
924.800000000 43.4456 20.0037 0 0 0 0.923262 0.384171
929.500000000 42.7475 20.6603 0 0 0 0.935104 0.354372
934.400000000 41.9277 21.183 0 0 0 0.971907 0.235366
937.300000000 40.9752 21.4421 0 0 0 0.996082 0.0884361
942.100000000 40.0105 21.482 0 0 0 0.999996 0.00265644
947.100000000 39.0262 21.4336 0 0 0 -0.999704 0.0243187
951.600000000 38.0497 21.3902 0 0 0 -0.999448 0.0332175
956.400000000 37.1087 21.3603 0 0 0 -0.999953 0.00971694
961.400000000 36.1237 21.3428 0 0 0 -0.999997 0.00225479
966.200000000 35.1777 21.3481 0 0 0 -0.999997 0.00225477
971.200000000 34.198 21.3436 0 0 0 -0.999997 0.00225475
976.200000000 33.2182 21.339 0 0 0 -0.999997 0.00225473
981.100000000 32.2432 21.3345 0 0 0 -0.999997 0.00225471
986.000000000 31.2783 21.3299 0 0 0 -0.999997 0.00225469
990.900000000 30.3255 21.3254 0 0 0 -0.999997 0.00225467
995.800000000 29.3488 21.3208 0 0 0 -0.999997 0.00225464
999.600000000 28.3805 21.4311 0 0 0 0.987283 0.158972
1001.200000000 27.5783 22.1009 0 0 0 0.919173 0.393854
1003.400000000 26.944 22.8279 0 0 0 0.912238 0.40966
1014.000000000 26.2732 23.5446 0 0 0 0.920457 0.390844
1018.500000000 25.611 24.2079 0 0 0 0.922844 0.385174
1023.200000000 24.9196 24.917 0 0 0 0.922844 0.385174
1027.700000000 24.2519 25.5924 0 0 0 0.922844 0.385174
1032.400000000 23.5718 26.2802 0 0 0 0.922844 0.385174
1036.700000000 22.9086 27.013 0 0 0 0.901459 0.432866
1038.100000000 22.3941 27.9826 0 0 0 0.840815 0.541323
1039.800000000 22.0903 28.8764 0 0 0 0.743963 0.668221
1043.000000000 22.0384 29.8393 0 0 0 0.672981 0.73966
1045.300000000 22.2088 30.889 0 0 0 0.631154 0.775657
1047.200000000 22.3979 31.8653 0 0 0 0.649556 0.760314
1051.500000000 22.4738 32.8185 0 0 0 0.704174 0.710027
1056.000000000 22.5054 33.7957 0 0 0 0.774399 0.632698
1056.700000000 22.3582 33.779 0 0 0 0.918895 0.394503
1057.400000000 22.3477 33.7701 0 0 0 0.994605 0.103737
1058.200000000 22.3688 33.5718 0 0 0 -0.971432 0.23732
1058.900000000 22.3578 33.58 0 0 0 -0.855849 0.517225
1059.600000000 22.4031 33.5684 0 0 0 -0.665337 0.746543
1060.400000000 22.3932 33.5565 0 0 0 -0.403466 0.914995
1061.300000000 22.8355 33.4959 0 0 0 -0.178745 0.983895
1062.900000000 23.8859 33.4586 0 0 0 0.0481141 0.998842
1065.100000000 24.855 33.5949 0 0 0 0.077712 0.996976
1069.800000000 25.8316 33.6905 0 0 0 0.034117 0.999418
1074.800000000 26.8262 33.6948 0 0 0 -0.0180902 0.999836
1076.700000000 27.1681 33.5929 0 0 0 -0.360278 0.932845
1077.400000000 27.1826 33.6047 0 0 0 -0.643325 0.765593
1078.100000000 27.167 33.5966 0 0 0 -0.827308 0.561749
1079.400000000 26.4397 32.9306 0 0 0 -0.935711 0.352766
1080.700000000 25.7405 32.261 0 0 0 -0.931899 0.362717
1082.200000000 25.0079 31.6456 0 0 0 -0.924046 0.382282
1085.400000000 24.3595 30.9785 0 0 0 -0.924046 0.382281
1089.600000000 23.6911 30.3213 0 0 0 -0.924046 0.382281
1094.000000000 23.0077 29.6291 0 0 0 -0.924046 0.382281
1097.700000000 22.3344 28.9571 0 0 0 -0.924046 0.382281
1102.000000000 21.6286 28.2525 0 0 0 -0.924046 0.38228
1106.500000000 20.9515 27.5766 0 0 0 -0.924046 0.38228
1110.600000000 20.2769 26.9032 0 0 0 -0.924046 0.38228
1115.000000000 19.5899 26.2076 0 0 0 -0.924046 0.38228
1119.200000000 18.9003 25.5192 0 0 0 -0.924046 0.38228
1123.600000000 18.2146 24.8348 0 0 0 -0.924047 0.38228
1128.000000000 17.5113 24.1327 0 0 0 -0.924047 0.38228
1132.300000000 16.8193 23.4419 0 0 0 -0.924047 0.38228
1136.500000000 16.1459 22.7698 0 0 0 -0.924047 0.38228
1140.900000000 15.4738 22.099 0 0 0 -0.924047 0.38228
1145.200000000 14.7629 21.3893 0 0 0 -0.924047 0.382279
1147.100000000 14.0873 20.715 0 0 0 -0.924047 0.382279
1148.500000000 13.3428 19.9718 0 0 0 -0.924047 0.382279
1149.800000000 12.6482 19.2785 0 0 0 -0.924047 0.382279
1151.100000000 11.9637 18.5952 0 0 0 -0.924047 0.382279
1152.300000000 11.3292 17.962 0 0 0 -0.924047 0.382278
1154.000000000 10.7305 17.2152 0 0 0 -0.882491 0.470329
1155.500000000 10.3909 16.2173 0 0 0 -0.756929 0.653497
1156.800000000 10.4552 15.2535 0 0 0 -0.663217 0.748428
1158.100000000 10.5254 14.2781 0 0 0 -0.666679 0.745345
1159.400000000 10.5695 13.3056 0 0 0 -0.703871 0.710327
1161.100000000 10.9479 12.3771 0 0 0 -0.469306 0.883036
1162.500000000 11.668 11.6895 0 0 0 -0.355652 0.934618
1163.800000000 12.3571 11.021 0 0 0 -0.37958 0.925159
1165.200000000 13.1099 10.2761 0 0 0 -0.387774 0.921755
1166.500000000 13.7941 9.58254 0 0 0 -0.383676 0.923468
1167.800000000 14.4765 8.88709 0 0 0 -0.383676 0.923468
1169.100000000 15.1789 8.21079 0 0 0 -0.363373 0.931644
1170.500000000 15.9828 7.54906 0 0 0 -0.324623 0.945843
1172.800000000 16.8012 7.01005 0 0 0 -0.269285 0.963061
1176.600000000 17.6554 6.54591 0 0 0 -0.257444 0.966293
1178.000000000 18.4774 5.96383 0 0 0 -0.318628 0.94788
1179.400000000 19.2676 5.26943 0 0 0 -0.364447 0.931224
1180.600000000 19.9274 4.63144 0 0 0 -0.387562 0.921844
1182.000000000 20.6399 3.88482 0 0 0 -0.385422 0.92274
1183.400000000 21.3304 3.10987 0 0 0 -0.426505 0.904485
1184.700000000 22.0833 2.37196 0 0 0 -0.400078 0.916481
1185.900000000 22.6572 1.73829 0 0 0 -0.37471 0.927142
1187.400000000 23.4433 0.943812 0 0 0 -0.385439 0.922733
1188.800000000 24.1815 0.194273 0 0 0 -0.386153 0.922435
1196.100000000 24.9021 -0.492841 0 0 0 -0.376127 0.926568
1197.400000000 25.6378 -1.08996 0 0 0 -0.287291 0.957843
1198.800000000 26.5973 -1.42686 0 0 0 -0.103718 0.994607
1200.400000000 27.518 -1.47302 0 0 0 0.00212625 0.999998
1203.800000000 28.4966 -1.42393 0 0 0 0.0275169 0.999621
1207.800000000 29.4412 -1.3588 0 0 0 0.0327509 0.999464
1212.300000000 30.4215 -1.3267 0 0 0 0.0105097 0.999945
1216.900000000 31.4064 -1.31686 0 0 0 0.003074 0.999995
1220.500000000 32.3674 -1.31071 0 0 0 0.003074 0.999995
1224.900000000 33.3271 -1.3045 0 0 0 0.00307401 0.999995
1229.600000000 34.2616 -1.29832 0 0 0 0.00307401 0.999995
1233.500000000 35.2566 -1.29208 0 0 0 0.00307401 0.999995
1234.800000000 35.5281 -1.22348 0 0 0 0.342016 0.939694
1235.400000000 35.5496 -1.23711 0 0 0 0.593904 0.804536
1236.100000000 35.4872 -1.22087 0 0 0 0.802359 0.596841
1237.300000000 35.0215 -0.708853 0 0 0 0.925232 0.379403
1238.700000000 34.1988 0.000833855 0 0 0 0.923558 0.383459
1240.300000000 33.7886 0.881787 0 0 0 0.802302 0.596919
1242.500000000 33.8358 1.84272 0 0 0 0.644523 0.764585
1245.800000000 34.0415 2.8114 0 0 0 0.634563 0.772871
1246.800000000 34.0399 2.81406 0 0 0 0.865008 0.501758
1247.400000000 33.9592 2.74767 0 0 0 0.974653 0.22372
1248.000000000 33.7367 2.7077 0 0 0 -0.999507 0.0314065
1248.800000000 33.5284 2.52223 0 0 0 -0.957938 0.286975
1250.200000000 32.8531 1.78537 0 0 0 -0.906288 0.42266
1251.400000000 32.2589 1.10536 0 0 0 -0.916805 0.399335
1252.800000000 31.5101 0.375025 0 0 0 -0.927407 0.374053
1254.200000000 30.7634 -0.366046 0 0 0 -0.9236 0.383357
1255.500000000 30.0729 -1.05328 0 0 0 -0.927465 0.373911
1256.800000000 29.4368 -1.74027 0 0 0 -0.94444 0.328683
1258.100000000 28.577 -2.18719 0 0 0 -0.9803 0.197513
1259.500000000 27.454 -2.30597 0 0 0 -0.999547 0.0300877
1262.100000000 26.4702 -2.2672 0 0 0 0.999797 0.0201375
1266.100000000 25.5135 -2.23954 0 0 0 0.999981 0.0061172
1270.100000000 24.5821 -2.23562 0 0 0 0.999999 0.0015129
1274.500000000 23.6273 -2.23256 0 0 0 0.999999 0.00151687
1279.100000000 22.6522 -2.22949 0 0 0 0.999999 0.00152111
1283.700000000 21.687 -2.22633 0 0 0 0.999999 0.00152562
1288.400000000 20.7313 -2.23482 0 0 0 -0.999999 0.00149759
1293.200000000 19.7659 -2.26426 0 0 0 -0.999704 0.024326
1296.400000000 18.7374 -2.32194 0 0 0 -0.999795 0.0202342
1297.700000000 17.7607 -2.32738 0 0 0 0.999953 0.00973815
1299.000000000 16.7821 -2.32724 0 0 0 0.999975 0.00707239
1300.200000000 15.8812 -2.31727 0 0 0 -1 0.000855704
1301.600000000 14.8293 -2.31928 0 0 0 -0.999999 0.00100032
1303.000000000 13.7844 -2.32196 0 0 0 -0.999999 0.00115035
1304.300000000 12.8008 -2.32474 0 0 0 -0.999999 0.00129589
1306.000000000 11.7767 -2.09247 0 0 0 0.971831 0.235678
1307.500000000 11.0406 -1.34673 0 0 0 0.91501 0.40343
1308.800000000 10.3746 -0.712383 0 0 0 0.918981 0.394301
1310.100000000 9.68251 0.0332517 0 0 0 0.921829 0.387597
1311.300000000 9.08915 0.695521 0 0 0 0.911614 0.411047
1313.000000000 8.43124 1.49561 0 0 0 0.899137 0.437667
1315.300000000 7.9563 2.39303 0 0 0 0.840427 0.541925
1316.600000000 7.6159 3.31779 0 0 0 0.811225 0.584734
1317.900000000 7.36701 3.63038 0 0 0 0.964093 0.265565
1318.500000000 7.31835 3.51905 0 0 0 -0.999647 0.026569
1319.100000000 7.34985 3.38974 0 0 0 -0.949085 0.315021
1319.800000000 7.44854 3.28838 0 0 0 -0.790596 0.612339
1320.400000000 7.58502 3.29689 0 0 0 -0.576692 0.816962
1321.000000000 7.67853 3.36294 0 0 0 -0.311668 0.950191
1321.700000000 7.70856 3.47555 0 0 0 0.0337619 0.99943
1322.300000000 7.66511 3.58657 0 0 0 0.327664 0.944794
1322.900000000 7.5456 3.63691 0 0 0 0.591753 0.806119
1323.600000000 7.42645 3.65636 0 0 0 0.832635 0.553822
1324.200000000 7.33556 3.6189 0 0 0 0.959113 0.283024
1326.200000000 7.04339 3.78997 0 0 0 0.778141 0.62809
1326.800000000 7.16833 3.82121 0 0 0 0.576902 0.816814
1327.400000000 7.17188 3.82312 0 0 0 0.327441 0.944872
1328.100000000 7.25913 3.67126 0 0 0 0.0182631 0.999833
1328.600000000 7.32127 3.68289 0 0 0 -0.233964 0.972245
1329.900000000 7.62047 3.01719 0 0 0 -0.484932 0.874552
1331.300000000 8.02232 2.11136 0 0 0 -0.61462 0.788824
1332.600000000 7.99288 1.44116 0 0 0 -0.821922 0.5696
1333.900000000 7.43854 0.674829 0 0 0 -0.901938 0.431866
1335.200000000 6.75009 -0.0147373 0 0 0 -0.929393 0.369093
1336.500000000 6.0533 -0.69871 0 0 0 -0.924773 0.38052
1337.900000000 5.31608 -1.45211 0 0 0 -0.916886 0.399149
1339.200000000 4.71569 -2.23182 0 0 0 -0.887877 0.460081
1340.500000000 4.28898 -3.09648 0 0 0 -0.827966 0.560778
1341.600000000 4.28869 -3.49559 0 0 0 -0.611267 0.791424
1342.200000000 4.3862 -3.42888 0 0 0 -0.348802 0.937197
1342.900000000 4.41289 -3.31858 0 0 0 -0.00570852 0.999984
1343.500000000 4.35991 -3.22256 0 0 0 0.2917 0.95651
1344.100000000 4.28008 -3.13054 0 0 0 0.55936 0.828925
1344.800000000 4.14845 -3.08705 0 0 0 0.798926 0.60143
1345.700000000 3.87453 -2.82412 0 0 0 0.929364 0.369165
1353.200000000 2.95261 -2.31101 0 0 0 0.97019 0.242346
1354.400000000 2.25766 -1.73337 0 0 0 0.930228 0.366982
1355.800000000 1.54165 -0.992064 0 0 0 0.917477 0.39779
1357.000000000 0.87991 -0.356737 0 0 0 0.935185 0.35416
1358.500000000 0.0587227 0.176137 0 0 0 0.972181 0.23423
1359.600000000 -0.267214 0.198643 0 0 0 -0.995814 0.0914012
1360.100000000 -0.220653 0.099017 0 0 0 -0.943217 0.332177
1360.800000000 -0.101835 0.0485834 0 0 0 -0.772139 0.635454
1361.500000000 0.000434988 0.0192813 0 0 0 -0.518092 0.855325
1362.300000000 0.293714 -0.120951 0 0 0 -0.293172 0.95606
1363.900000000 1.07333 -0.268093 0 0 0 -0.0231424 0.999732
1365.600000000 1.4167 -0.0885821 0 0 0 0.308958 0.951076
1366.400000000 1.33371 -0.0403461 0 0 0 0.550385 0.834911
1367.300000000 1.2016 -0.0257327 0 0 0 0.792306 0.610124
1368.200000000 1.0229 0.0692433 0 0 0 0.921249 0.388973
1369.300000000 0.707172 0.161921 0 0 0 0.990416 0.138117
1370.400000000 0.47119 0.0636826 0 0 0 -0.991735 0.128302
1371.600000000 0.372578 -0.111162 0 0 0 -0.918795 0.394736
1372.600000000 0.485773 -0.145469 0 0 0 -0.778908 0.627138
1373.700000000 0.590446 -0.143572 0 0 0 -0.548156 0.836376
