0.300000000 0.2 0 0 0 0 0 1
8.900000000 0.989943 -0.122879 0 0 0 -0.343464 0.939166
9.500000000 0.889757 -0.186455 0 0 0 -0.605642 0.795737
10.100000000 0.752651 -0.185385 0 0 0 -0.813373 0.581742
10.700000000 0.656929 -0.115862 0 0 0 -0.948952 0.31542
11.300000000 0.617161 -0.0045217 0 0 0 -0.999781 0.0209282
12.000000000 0.658581 0.121152 0 0 0 0.94614 0.323759
12.600000000 0.755895 0.187423 0 0 0 0.808119 0.589019
13.200000000 0.874203 0.188711 0 0 0 0.597954 0.801531
13.700000000 0.962398 0.143074 0 0 0 0.381637 0.924312
14.300000000 1.01716 0.0383965 0 0 0 0.0914525 0.995809
14.900000000 1.00331 -0.0789851 0 0 0 -0.206908 0.97836
18.400000000 1.19237 -0.0497182 0 0 0 0.137354 0.990522
18.900000000 1.14815 0.0494213 0 0 0 0.377563 0.925984
19.600000000 1.04544 0.160118 0 0 0 0.648558 0.761165
20.400000000 0.887113 0.331593 0 0 0 0.849106 0.528222
21.900000000 0.176497 1.02117 0 0 0 0.936898 0.349604
23.200000000 -0.553748 1.66862 0 0 0 0.92477 0.380526
24.500000000 -1.17463 2.41548 0 0 0 0.895534 0.444993
25.900000000 -1.72599 3.32288 0 0 0 0.86462 0.502427
27.200000000 -2.12051 4.19794 0 0 0 0.823742 0.566965
28.500000000 -2.52801 5.09486 0 0 0 0.837033 0.547152
29.800000000 -2.83307 6.00729 0 0 0 0.791521 0.611142
31.100000000 -2.7814 6.61605 0 0 0 0.56014 0.828398
32.100000000 -2.45349 6.85599 0 0 0 0.288245 0.957557
33.500000000 -1.59034 7.03899 0 0 0 0.04262 0.999091
34.700000000 -0.710985 6.94411 0 0 0 -0.0533383 0.998577
36.100000000 0.342737 6.82653 0 0 0 -0.0523014 0.998631
37.200000000 0.596284 6.94198 0 0 0 0.286498 0.958081
37.800000000 0.506219 7.0239 0 0 0 0.556245 0.831018
38.500000000 0.368439 7.02471 0 0 0 0.807782 0.589481
39.100000000 0.262522 6.95685 0 0 0 0.945377 0.325978
39.700000000 0.200058 6.85074 0 0 0 0.999236 0.0390811
40.300000000 0.188984 6.71184 0 0 0 -0.971351 0.23765
41.800000000 -0.541759 6.02413 0 0 0 -0.931902 0.362711
43.100000000 -1.09864 5.7585 0 0 0 -0.998951 0.0457945
43.900000000 -1.34692 5.92024 0 0 0 0.976719 0.214522
45.100000000 -1.84554 6.47423 0 0 0 0.901374 0.433042
46.600000000 -2.27564 7.47042 0 0 0 0.795921 0.605401
48.000000000 -2.33962 8.37049 0 0 0 0.714185 0.699957
50.500000000 -2.28558 9.35766 0 0 0 0.686002 0.7276
54.600000000 -2.22766 10.3356 0 0 0 0.685025 0.72852
58.600000000 -2.19311 11.288 0 0 0 0.70024 0.713907
62.300000000 -2.19089 12.2546 0 0 0 0.705363 0.708846
66.000000000 -2.18581 13.2053 0 0 0 0.705363 0.708846
70.000000000 -2.18067 14.1983 0 0 0 0.705363 0.708846
74.200000000 -2.17558 15.2208 0 0 0 0.705363 0.708846
76.700000000 -2.18959 16.22 0 0 0 0.727185 0.686441
78.000000000 -2.38074 17.2303 0 0 0 0.809881 0.586594
79.500000000 -2.6414 18.1807 0 0 0 0.730328 0.683097
80.900000000 -2.3948 19.1452 0 0 0 0.60721 0.794541
82.300000000 -2.2234 20.0044 0 0 0 0.626759 0.779213
85.700000000 -2.13052 20.9616 0 0 0 0.685122 0.728428
87.600000000 -2.15559 21.992 0 0 0 0.726236 0.687445
89.200000000 -2.20829 22.9247 0 0 0 0.723278 0.690557
91.500000000 -2.22595 23.9078 0 0 0 0.711019 0.703173
95.200000000 -2.24034 24.879 0 0 0 0.708547 0.705663
99.000000000 -2.23444 25.8588 0 0 0 0.708547 0.705664
103.400000000 -2.23861 26.8203 0 0 0 0.708548 0.705662
106.400000000 -2.24943 27.8352 0 0 0 0.714786 0.699344
107.800000000 -2.29852 28.892 0 0 0 0.773446 0.633863
109.100000000 -2.60072 29.4279 0 0 0 0.936558 0.350513
109.700000000 -2.72439 29.3453 0 0 0 0.995541 0.0943268
110.400000000 -2.7529 29.2314 0 0 0 -0.974841 0.222901
111.000000000 -2.68462 29.1397 0 0 0 -0.866556 0.499079
111.600000000 -2.60943 29.1232 0 0 0 -0.680365 0.732874
112.200000000 -2.50941 29.1664 0 0 0 -0.433398 0.901203
112.800000000 -2.42815 29.2636 0 0 0 -0.148325 0.988939
113.400000000 -2.37725 29.3603 0 0 0 0.118122 0.992999
114.100000000 -2.27974 29.5289 0 0 0 0.379823 0.925059
115.300000000 -2.07563 30.1521 0 0 0 0.613958 0.789339
116.700000000 -2.08465 31.1556 0 0 0 0.740831 0.671692
117.900000000 -2.12908 32.0898 0 0 0 0.743388 0.668861
119.400000000 -2.20801 33.1465 0 0 0 0.728278 0.685282
122.000000000 -2.22783 34.1326 0 0 0 0.711603 0.702582
125.000000000 -2.23106 35.0991 0 0 0 0.707544 0.706669
128.900000000 -2.23232 36.0641 0 0 0 0.707544 0.706669
132.800000000 -2.23361 37.0536 0 0 0 0.707544 0.706669
137.300000000 -2.23487 38.0556 0 0 0 0.707544 0.706669
139.700000000 -2.23625 39.0903 0 0 0 0.707544 0.706669
141.000000000 -2.25617 40.0633 0 0 0 0.728293 0.685265
142.400000000 -2.48555 41.0937 0 0 0 0.798433 0.602084
143.700000000 -2.78459 42.0261 0 0 0 0.788738 0.61473
145.000000000 -2.87771 42.9952 0 0 0 0.722246 0.691637
146.200000000 -2.874 43.8978 0 0 0 0.678838 0.734288
147.600000000 -2.56369 44.9066 0 0 0 0.583791 0.811904
148.900000000 -2.22228 45.8166 0 0 0 0.591847 0.80605
150.200000000 -2.07959 46.7781 0 0 0 0.679938 0.733269
151.400000000 -2.14822 47.6793 0 0 0 0.732093 0.681205
152.800000000 -2.2084 48.7207 0 0 0 0.727371 0.686245
154.000000000 -2.24592 49.6259 0 0 0 0.708041 0.706172
155.400000000 -2.24601 50.6804 0 0 0 0.706889 0.707324
156.600000000 -2.24432 51.5746 0 0 0 0.722499 0.691372
158.000000000 -2.46764 52.6113 0 0 0 0.78136 0.624081
159.500000000 -2.89493 53.4074 0 0 0 0.921658 0.388002
160.100000000 -3.00229 53.3184 0 0 0 0.99253 0.121998
160.800000000 -3.04087 53.2144 0 0 0 -0.986535 0.163548
162.500000000 -4.01419 53.1896 0 0 0 0.996618 0.0821762
163.800000000 -4.91962 53.5398 0 0 0 0.972777 0.231743
165.400000000 -5.56873 53.7043 0 0 0 -0.99546 0.0951805
165.900000000 -5.53623 53.6228 0 0 0 -0.942848 0.333224
166.600000000 -5.39808 53.5467 0 0 0 -0.772065 0.635543
167.200000000 -5.25007 53.559 0 0 0 -0.548099 0.836413
167.800000000 -5.1594 53.6451 0 0 0 -0.278034 0.960571
168.400000000 -5.04781 53.7232 0 0 0 -0.0246138 0.999697
169.200000000 -4.81984 53.863 0 0 0 0.248836 0.968546
170.700000000 -4.08963 54.6046 0 0 0 0.402553 0.915397
171.900000000 -3.48179 55.2699 0 0 0 0.399066 0.916922
173.300000000 -2.74094 56.0117 0 0 0 0.38092 0.924608
174.600000000 -2.05299 56.6989 0 0 0 0.381014 0.924569
175.800000000 -1.40462 57.3314 0 0 0 0.371364 0.928487
177.100000000 -0.6394 57.9239 0 0 0 0.28453 0.958667
178.500000000 0.324886 58.2848 0 0 0 0.113031 0.993591
180.200000000 1.2437 58.2909 0 0 0 -0.0265971 0.999646
183.600000000 2.22038 58.2063 0 0 0 -0.0517646 0.998659
188.000000000 3.17301 58.1217 0 0 0 -0.0363423 0.999339
191.600000000 4.18978 58.1006 0 0 0 -0.0104332 0.999946
194.600000000 5.167 58.0834 0 0 0 -0.00221157 0.999998
196.400000000 5.65921 58.2322 0 0 0 0.319409 0.947617
197.100000000 5.61928 58.3676 0 0 0 0.590368 0.807134
198.600000000 5.58252 59.3547 0 0 0 0.729991 0.683457
199.400000000 5.44602 59.4187 0 0 0 0.916732 0.399502
200.000000000 5.37706 59.3163 0 0 0 0.994041 0.109005
200.600000000 5.39668 59.1985 0 0 0 -0.981856 0.18963
201.100000000 5.46112 59.1167 0 0 0 -0.904674 0.426103
201.800000000 5.4966 59.1141 0 0 0 -0.704767 0.709439
202.400000000 5.71397 58.9916 0 0 0 -0.521857 0.853033
203.900000000 6.46092 58.3428 0 0 0 -0.294418 0.955677
205.100000000 7.26319 58.0245 0 0 0 -0.143649 0.989629
206.500000000 8.21804 57.9314 0 0 0 -0.00618052 0.999981
207.800000000 9.19046 58.0204 0 0 0 0.0688209 0.997629
209.200000000 10.2437 58.1412 0 0 0 0.0539435 0.998544
211.100000000 11.1696 58.1841 0 0 0 0.0023303 0.999997
214.900000000 12.1332 58.1457 0 0 0 -0.0240631 0.99971
219.300000000 13.0839 58.1204 0 0 0 -0.00786376 0.999969
223.800000000 14.0649 58.1139 0 0 0 -0.00243105 0.999997
227.900000000 15.0433 58.109 0 0 0 -0.00243105 0.999997
230.800000000 15.9943 58.1041 0 0 0 -0.00243105 0.999997
234.200000000 16.9416 58.0991 0 0 0 -0.00243105 0.999997
235.500000000 17.31 58.2525 0 0 0 0.289171 0.957277
236.200000000 17.3172 58.4295 0 0 0 0.541643 0.840608
237.000000000 17.2056 58.5116 0 0 0 0.802711 0.596368
237.700000000 17.0958 58.4294 0 0 0 0.958538 0.284964
238.300000000 17.0733 58.3157 0 0 0 -0.999939 0.011031
238.900000000 17.1108 58.2135 0 0 0 -0.952018 0.306041
239.500000000 17.185 58.1421 0 0 0 -0.819057 0.573712
240.100000000 17.293 58.1564 0 0 0 -0.612931 0.790136
241.400000000 17.8012 57.601 0 0 0 -0.375562 0.926797
242.600000000 18.4911 56.9425 0 0 0 -0.317632 0.948214
244.800000000 19.2536 56.354 0 0 0 -0.363532 0.931582
249.100000000 19.9629 55.6705 0 0 0 -0.376454 0.926435
253.200000000 20.6263 55.0159 0 0 0 -0.379908 0.925024
257.700000000 21.2925 54.286 0 0 0 -0.423821 0.905746
259.300000000 21.7828 53.3151 0 0 0 -0.549932 0.835209
261.200000000 21.9794 52.3522 0 0 0 -0.660588 0.750748
265.300000000 22.0039 51.389 0 0 0 -0.710729 0.703466
268.200000000 22.2867 50.3939 0 0 0 -0.467696 0.883889
269.600000000 22.9854 49.6979 0 0 0 -0.371818 0.928305
272.100000000 23.6707 49.0181 0 0 0 -0.376662 0.926351
273.600000000 23.6614 48.8195 0 0 0 -0.637599 0.770368
274.300000000 23.6483 48.816 0 0 0 -0.833758 0.55213
275.900000000 22.8661 47.972 0 0 0 -0.933111 0.359589
277.200000000 22.2 47.272 0 0 0 -0.928356 0.371692
278.500000000 21.5112 46.583 0 0 0 -0.920529 0.390675
279.700000000 20.8603 45.9464 0 0 0 -0.922118 0.386908
281.100000000 20.1481 45.1807 0 0 0 -0.92398 0.382441
282.400000000 19.407 44.494 0 0 0 -0.916055 0.401052
283.700000000 18.9468 43.6844 0 0 0 -0.8496 0.527428
285.100000000 18.7285 42.7353 0 0 0 -0.741864 0.670551
287.100000000 18.7529 41.7283 0 0 0 -0.692992 0.720945
291.200000000 18.8106 40.7767 0 0 0 -0.68523 0.728326
294.000000000 18.8234 39.6983 0 0 0 -0.745363 0.666658
295.500000000 18.4767 38.8373 0 0 0 -0.859438 0.511241
298.600000000 17.857 38.0866 0 0 0 -0.912362 0.409384
302.900000000 17.2062 37.4022 0 0 0 -0.920882 0.389842
307.300000000 16.5177 36.7054 0 0 0 -0.923197 0.384326
311.800000000 15.835 36.0176 0 0 0 -0.923197 0.384326
316.300000000 15.1623 35.3398 0 0 0 -0.923197 0.384326
320.600000000 14.4772 34.6495 0 0 0 -0.923197 0.384326
325.000000000 13.8046 33.9718 0 0 0 -0.923197 0.384326
326.600000000 13.0592 33.2208 0 0 0 -0.923197 0.384326
327.900000000 12.3678 32.5243 0 0 0 -0.923197 0.384326
329.300000000 11.6265 31.7778 0 0 0 -0.923197 0.384326
330.500000000 10.9952 31.1414 0 0 0 -0.923197 0.384326
331.600000000 10.8942 30.8623 0 0 0 -0.740129 0.672465
332.200000000 11.017 30.8768 0 0 0 -0.508874 0.860841
332.800000000 11.0291 30.8818 0 0 0 -0.223252 0.974761
333.600000000 11.2158 30.9952 0 0 0 0.0885683 0.99607
334.800000000 11.7093 31.4161 0 0 0 0.362152 0.932119
336.100000000 12.3544 32.1273 0 0 0 0.39696 0.917836
337.700000000 13.0402 32.8266 0 0 0 0.378442 0.925625
339.800000000 13.8555 33.4209 0 0 0 0.261252 0.965271
341.400000000 14.7666 33.7183 0 0 0 0.105245 0.994446
345.000000000 15.7663 33.7466 0 0 0 -0.000414152 1
349.200000000 16.7038 33.7407 0 0 0 -0.0260786 0.99966
353.400000000 17.679 33.6761 0 0 0 -0.0334194 0.999441
357.900000000 18.6317 33.6073 0 0 0 -0.0227806 0.99974
362.500000000 19.607 33.5876 0 0 0 -0.00671211 0.999977
367.500000000 20.6003 33.5819 0 0 0 -0.00249684 0.999997
372.100000000 21.5582 33.5769 0 0 0 -0.00249684 0.999997
376.900000000 22.5085 33.5718 0 0 0 -0.00249684 0.999997
381.700000000 23.4812 33.5668 0 0 0 -0.00249684 0.999997
386.600000000 24.4507 33.5616 0 0 0 -0.00249684 0.999997
391.500000000 25.4221 33.5688 0 0 0 0.00881123 0.999961
396.500000000 26.4071 33.5771 0 0 0 0.00322146 0.999995
401.400000000 27.3773 33.5837 0 0 0 0.00322146 0.999995
404.000000000 28.252 33.9042 0 0 0 0.291713 0.956506
405.400000000 28.9657 34.5871 0 0 0 0.407242 0.91332
408.000000000 29.6039 35.2757 0 0 0 0.393657 0.919257
412.800000000 30.2794 35.9653 0 0 0 0.385156 0.922851
417.300000000 30.9482 36.6496 0 0 0 0.384552 0.923103
421.600000000 31.6431 37.3502 0 0 0 0.384552 0.923103
425.400000000 32.3093 38.0222 0 0 0 0.384552 0.923103
429.300000000 32.974 38.6929 0 0 0 0.384866 0.922972
433.500000000 33.6363 39.4413 0 0 0 0.436941 0.89949
435.000000000 34.1218 40.3503 0 0 0 0.558469 0.829525
436.300000000 34.2968 41.3072 0 0 0 0.674869 0.737937
437.600000000 34.1058 42.3485 0 0 0 0.731173 0.682192
438.900000000 34.1598 43.2886 0 0 0 0.737994 0.674807
440.200000000 34.1224 44.2324 0 0 0 0.699065 0.715058
441.500000000 34.0935 45.2857 0 0 0 0.697561 0.716526
442.800000000 34.1631 46.1889 0 0 0 0.692995 0.720942
444.000000000 34.1876 47.0816 0 0 0 0.699099 0.715025
445.300000000 34.184 48.0553 0 0 0 0.713492 0.700663
446.700000000 34.1805 49.109 0 0 0 0.706413 0.7078
447.900000000 34.182 50.0027 0 0 0 0.703121 0.71107
449.200000000 34.1938 50.9765 0 0 0 0.708599 0.705612
450.600000000 34.1894 52.0302 0 0 0 0.708599 0.705612
451.800000000 34.1851 52.9339 0 0 0 0.708599 0.705612
453.100000000 34.1808 53.9077 0 0 0 0.708599 0.705612
454.500000000 34.1761 54.9602 0 0 0 0.708599 0.705612
455.800000000 34.1718 55.9339 0 0 0 0.708599 0.705612
457.300000000 34.2721 56.917 0 0 0 0.594882 0.803813
458.800000000 34.8849 57.6412 0 0 0 0.356961 0.934119
460.200000000 35.8 58.1347 0 0 0 0.188684 0.982038
461.600000000 36.687 58.2689 0 0 0 0.034757 0.999396
464.300000000 37.6785 58.2171 0 0 0 -0.0390637 0.999237
466.300000000 38.7133 58.1398 0 0 0 -0.0390705 0.999236
467.700000000 39.7644 58.0915 0 0 0 -0.0210019 0.999779
468.900000000 40.6578 58.0758 0 0 0 0.0164004 0.999866
470.300000000 41.7112 58.0904 0 0 0 0.00114111 0.999999
471.500000000 42.6152 58.1008 0 0 0 0.00038435 1
472.900000000 43.6591 58.1015 0 0 0 0.000401393 1
474.200000000 44.5878 58.1284 0 0 0 0.0627981 0.998026
474.800000000 44.5708 58.2282 0 0 0 0.341944 0.939721
475.400000000 44.4812 58.3097 0 0 0 0.596921 0.8023
476.000000000 44.383 58.3738 0 0 0 0.78939 0.613892
477.100000000 43.9716 58.7489 0 0 0 0.928885 0.370368
478.500000000 43.1794 59.4101 0 0 0 0.937494 0.348
479.800000000 42.4914 60.0995 0 0 0 0.916492 0.400053
480.600000000 42.4057 60.3593 0 0 0 0.780577 0.625059
481.300000000 42.5417 60.3435 0 0 0 0.523543 0.851999
482.000000000 42.6429 60.2526 0 0 0 0.20495 0.978772
482.700000000 42.7947 60.1534 0 0 0 -0.0730105 0.997331
483.800000000 43.2091 59.7909 0 0 0 -0.346925 0.937893
485.200000000 43.916 59.0236 0 0 0 -0.399901 0.916558
486.600000000 44.6601 58.3231 0 0 0 -0.317423 0.948284
488.000000000 45.5819 57.9688 0 0 0 -0.11514 0.993349
489.200000000 46.4706 57.9621 0 0 0 0.0310576 0.999518
490.600000000 47.511 58.1031 0 0 0 0.074378 0.99723
491.900000000 48.4817 58.1886 0 0 0 0.0241802 0.999708
493.100000000 49.3839 58.1604 0 0 0 -0.0352123 0.99938
494.500000000 50.4321 58.065 0 0 0 -0.0355626 0.999367
495.900000000 51.4833 58.0964 0 0 0 0.0240525 0.999711
497.200000000 52.4435 58.0943 0 0 0 0.0106919 0.999943
498.700000000 53.3902 57.961 0 0 0 -0.190348 0.981717
500.200000000 54.125 57.2771 0 0 0 -0.410347 0.911929
501.600000000 54.8346 56.5006 0 0 0 -0.396908 0.917858
502.800000000 55.4712 55.8594 0 0 0 -0.379712 0.925105
504.100000000 56.1882 55.2108 0 0 0 -0.343321 0.939218
505.400000000 56.8418 54.4808 0 0 0 -0.438041 0.898955
506.800000000 57.3617 53.5537 0 0 0 -0.528115 0.849173
508.100000000 57.6751 52.6461 0 0 0 -0.5966 0.802538
509.500000000 57.8094 51.7194 0 0 0 -0.682429 0.730952
511.100000000 57.9951 51.1865 0 0 0 -0.399469 0.916747
511.700000000 58.1084 51.2247 0 0 0 -0.146624 0.989192
512.300000000 58.1335 51.3443 0 0 0 0.145737 0.989323
512.900000000 58.0672 51.4424 0 0 0 0.430078 0.902792
513.500000000 57.9574 51.4863 0 0 0 0.677703 0.735336
514.100000000 57.8259 51.4507 0 0 0 0.864532 0.502577
514.800000000 57.755 51.3644 0 0 0 0.984558 0.175056
515.400000000 57.753 51.3257 0 0 0 -0.993805 0.111141
516.100000000 57.6718 51.1634 0 0 0 -0.91967 0.392691
517.200000000 57.3975 50.5482 0 0 0 -0.803885 0.594785
518.900000000 57.1956 49.5668 0 0 0 -0.844847 0.535008
520.400000000 56.4838 48.7729 0 0 0 -0.928822 0.370527
521.900000000 55.6846 48.0233 0 0 0 -0.927087 0.374847
523.900000000 54.9965 47.3318 0 0 0 -0.922106 0.386936
526.200000000 54.3156 46.6428 0 0 0 -0.922925 0.38498
527.900000000 53.5867 45.9066 0 0 0 -0.922925 0.38498
530.800000000 52.9487 45.2615 0 0 0 -0.922925 0.38498
534.300000000 52.2498 44.5654 0 0 0 -0.922925 0.38498
538.400000000 51.53 43.8539 0 0 0 -0.939821 0.341667
541.800000000 50.6446 43.3299 0 0 0 -0.974059 0.226296
543.200000000 49.6815 42.9213 0 0 0 -0.977477 0.211041
547.200000000 48.9515 42.4468 0 0 0 -0.948289 0.317409
552.200000000 48.219 41.7786 0 0 0 -0.931667 0.363313
556.900000000 47.5493 41.1206 0 0 0 -0.925073 0.37979
559.900000000 46.8937 40.3626 0 0 0 -0.895947 0.44416
561.300000000 46.4259 39.4639 0 0 0 -0.819218 0.573482
563.100000000 46.2761 38.4413 0 0 0 -0.716911 0.697165
565.600000000 46.4184 37.5081 0 0 0 -0.675357 0.737491
566.600000000 46.5764 37.2101 0 0 0 -0.415713 0.909496
567.300000000 46.6918 37.3112 0 0 0 -0.105389 0.994431
568.800000000 47.6505 37.4664 0 0 0 0.113983 0.993483
570.100000000 48.6155 37.5989 0 0 0 0.0483289 0.998831
571.500000000 49.6589 37.6136 0 0 0 -0.0112793 0.999936
573.100000000 50.5668 37.3293 0 0 0 -0.278597 0.960408
574.500000000 51.3238 36.6868 0 0 0 -0.397799 0.917473
575.800000000 51.9915 35.9576 0 0 0 -0.390599 0.920561
577.100000000 52.6848 35.2632 0 0 0 -0.376098 0.92658
578.300000000 53.3333 34.6441 0 0 0 -0.375382 0.92687
579.700000000 54.0762 33.9079 0 0 0 -0.381109 0.92453
581.100000000 54.8225 33.1665 0 0 0 -0.381109 0.92453
582.400000000 55.5189 32.475 0 0 0 -0.381109 0.92453
583.700000000 56.2053 31.7936 0 0 0 -0.381109 0.92453
585.000000000 56.844 31.008 0 0 0 -0.435178 0.900344
586.300000000 57.3729 30.1781 0 0 0 -0.504976 0.863133
587.600000000 57.7105 29.3277 0 0 0 -0.591904 0.806008
589.200000000 57.8043 28.3407 0 0 0 -0.685067 0.72848
591.600000000 57.7906 27.356 0 0 0 -0.709323 0.704884
595.500000000 57.7874 26.407 0 0 0 -0.708316 0.705895
596.800000000 57.9264 26.1646 0 0 0 -0.424146 0.905594
597.300000000 58.004 26.2314 0 0 0 -0.199547 0.979888
598.200000000 58.2673 26.3263 0 0 0 0.121172 0.992632
599.100000000 58.5244 26.5828 0 0 0 0.381516 0.924362
600.000000000 58.6204 26.9488 0 0 0 0.611228 0.791455
600.600000000 58.526 27.0159 0 0 0 0.79838 0.602154
601.300000000 58.437 26.9413 0 0 0 0.956633 0.291296
601.900000000 58.4331 26.928 0 0 0 -0.999935 0.0113998
602.500000000 58.3231 26.6814 0 0 0 -0.970153 0.242495
604.000000000 57.6293 25.9419 0 0 0 -0.906 0.423279
605.200000000 57.127 25.1854 0 0 0 -0.85983 0.51058
606.600000000 56.7447 24.2456 0 0 0 -0.851864 0.523763
608.000000000 56.0575 23.46 0 0 0 -0.92049 0.390767
609.300000000 55.4594 22.7704 0 0 0 -0.924716 0.380658
610.700000000 54.7016 22.0884 0 0 0 -0.928162 0.372177
613.100000000 53.8992 21.4745 0 0 0 -0.963369 0.26818
614.700000000 52.9527 21.2072 0 0 0 -0.996834 0.0795115
617.700000000 51.9946 21.1914 0 0 0 0.99997 0.00774292
619.200000000 51.3615 20.9256 0 0 0 -0.960525 0.278192
620.800000000 50.6958 20.3021 0 0 0 -0.925896 0.377778
624.400000000 49.9892 19.6436 0 0 0 -0.923323 0.384023
628.900000000 49.2961 18.9363 0 0 0 -0.923323 0.384023
633.100000000 48.6203 18.2664 0 0 0 -0.923323 0.384023
637.600000000 47.9745 17.6066 0 0 0 -0.923323 0.384023
641.800000000 47.2826 16.9105 0 0 0 -0.923323 0.384023
642.800000000 47.185 16.5337 0 0 0 -0.762911 0.646504
643.800000000 47.3646 16.0699 0 0 0 -0.573467 0.819229
645.200000000 47.8382 15.2366 0 0 0 -0.496016 0.868313
646.600000000 48.1904 14.2441 0 0 0 -0.618732 0.785602
648.000000000 48.2829 13.2018 0 0 0 -0.740633 0.67191
649.200000000 48.3851 12.615 0 0 0 -0.530272 0.847827
650.600000000 49.0328 11.8672 0 0 0 -0.380659 0.924716
652.000000000 49.7953 11.1424 0 0 0 -0.373159 0.927767
653.200000000 50.4334 10.5127 0 0 0 -0.382467 0.923969
654.600000000 51.1699 9.76142 0 0 0 -0.38514 0.922858
655.900000000 51.8634 9.06586 0 0 0 -0.381752 0.924265
657.200000000 52.5488 8.38342 0 0 0 -0.381752 0.924265
658.600000000 53.3 7.6454 0 0 0 -0.381752 0.924265
659.900000000 53.9853 6.95296 0 0 0 -0.381752 0.924265
661.300000000 54.7307 6.21052 0 0 0 -0.381752 0.924265
662.600000000 55.4218 5.5225 0 0 0 -0.381752 0.924265
664.000000000 56.163 4.78449 0 0 0 -0.381752 0.924265
665.400000000 56.9083 4.04205 0 0 0 -0.381752 0.924265
666.700000000 57.5395 3.31834 0 0 0 -0.458194 0.888852
668.200000000 57.9358 2.29561 0 0 0 -0.630265 0.77638
669.500000000 57.9863 1.30915 0 0 0 -0.740284 0.672294
670.700000000 57.7401 0.452272 0 0 0 -0.759471 0.650541
672.100000000 57.6371 -0.600895 0 0 0 -0.755027 0.655693
673.500000000 57.1996 -1.28109 0 0 0 -0.912351 0.409408
674.900000000 56.3732 -1.77163 0 0 0 -0.978608 0.205732
676.400000000 55.3295 -1.94962 0 0 0 -0.999088 0.0426924
678.500000000 54.4692 -1.92684 0 0 0 0.998842 0.0481116
682.900000000 53.4797 -1.82117 0 0 0 0.998901 0.0468602
686.700000000 52.54 -1.76179 0 0 0 0.99979 0.0205133
690.100000000 51.5279 -1.7444 0 0 0 0.999993 0.00360792
691.600000000 50.5127 -1.95869 0 0 0 -0.983687 0.179887
693.100000000 49.7719 -2.59429 0 0 0 -0.904803 0.425831
694.600000000 49.3561 -3.57604 0 0 0 -0.792378 0.61003
695.500000000 49.3907 -3.92155 0 0 0 -0.600392 0.799706
696.200000000 49.4994 -3.84648 0 0 0 -0.290857 0.956767
696.800000000 49.5332 -3.72321 0 0 0 0.00487779 0.999988
697.300000000 49.5072 -3.63058 0 0 0 0.253221 0.967408
698.000000000 49.4014 -3.54916 0 0 0 0.568662 0.822572
698.700000000 49.289 -3.39075 0 0 0 0.770604 0.637314
699.800000000 48.9272 -2.97738 0 0 0 0.915384 0.402582
701.200000000 48.0884 -2.35207 0 0 0 0.971943 0.235217
702.500000000 47.1986 -2.05109 0 0 0 0.985458 0.169916
704.300000000 46.2672 -1.84782 0 0 0 0.998807 0.0488373
706.000000000 45.2707 -1.86572 0 0 0 -0.999562 0.0296052
707.400000000 44.2472 -1.97891 0 0 0 -0.998613 0.0526428
709.700000000 43.2871 -2.03493 0 0 0 -0.999929 0.0119137
713.700000000 42.3542 -2.02347 0 0 0 0.999848 0.0174163
718.100000000 41.3578 -1.99656 0 0 0 0.99996 0.00891183
721.600000000 40.3437 -2.00577 0 0 0 -0.999699 0.0245178
722.900000000 39.3731 -2.14787 0 0 0 -0.995496 0.0948063
724.200000000 38.4191 -2.29101 0 0 0 -0.998538 0.0540609
725.700000000 37.8229 -2.22326 0 0 0 0.97221 0.234109
726.400000000 37.9142 -2.1224 0 0 0 0.835972 0.548773
727.100000000 38.0389 -2.09273 0 0 0 0.601444 0.798915
727.800000000 38.1454 -2.17315 0 0 0 0.296206 0.955124
728.400000000 38.2481 -2.26493 0 0 0 0.0334318 0.999441
729.200000000 38.4903 -2.412 0 0 0 -0.229485 0.973312
730.500000000 38.966 -2.98345 0 0 0 -0.485207 0.874399
731.600000000 39.0548 -3.48144 0 0 0 -0.718199 0.695838
732.200000000 38.951 -3.45305 0 0 0 -0.889648 0.456646
732.800000000 38.8822 -3.36611 0 0 0 -0.984047 0.177906
733.500000000 38.7539 -3.24179 0 0 0 0.994167 0.107852
735.000000000 37.9128 -2.70727 0 0 0 0.957616 0.288047
736.300000000 37.0377 -2.29013 0 0 0 0.985469 0.169854
737.800000000 35.9713 -2.1545 0 0 0 -0.999999 0.00111458
739.200000000 34.932 -2.32086 0 0 0 -0.995615 0.0935489
740.500000000 34.0058 -2.41118 0 0 0 -0.999065 0.0432252
742.500000000 33.0538 -2.44492 0 0 0 -0.999989 0.00458616
744.200000000 32.7083 -2.33604 0 0 0 0.941508 0.33699
744.800000000 32.7903 -2.2332 0 0 0 0.802646 0.596456
745.300000000 32.9094 -2.21835 0 0 0 0.643416 0.765517
746.500000000 33.2258 -1.801 0 0 0 0.413782 0.910376
747.800000000 33.8885 -1.0676 0 0 0 0.441565 0.897229
749.100000000 34.3747 -0.136369 0 0 0 0.568264 0.822846
751.100000000 34.4812 0.753905 0 0 0 0.719872 0.694107
755.100000000 34.3299 1.64714 0 0 0 0.76273 0.646717
760.000000000 34.1904 2.6706 0 0 0 0.746374 0.665527
762.500000000 33.7507 3.58986 0 0 0 0.895803 0.444452
764.400000000 33.0591 4.3044 0 0 0 0.925666 0.378343
768.700000000 32.383 4.97335 0 0 0 0.924522 0.381128
773.500000000 31.6928 5.64865 0 0 0 0.924522 0.381128
778.200000000 31.0003 6.34627 0 0 0 0.924522 0.381128
782.400000000 30.3076 7.03417 0 0 0 0.924522 0.381128
786.700000000 29.6287 7.69823 0 0 0 0.924522 0.381128
791.500000000 28.9374 8.39475 0 0 0 0.924522 0.381128
795.900000000 28.2485 9.07881 0 0 0 0.924522 0.381128
800.200000000 27.5709 9.75151 0 0 0 0.924522 0.381128
804.900000000 26.8883 10.4293 0 0 0 0.924522 0.381128
809.600000000 26.1869 11.1258 0 0 0 0.924522 0.381128
814.200000000 25.5081 11.7999 0 0 0 0.924522 0.381128
818.900000000 24.8254 12.4776 0 0 0 0.924522 0.381128
823.500000000 24.129 13.1692 0 0 0 0.924522 0.381128
827.800000000 23.4104 13.7151 0 0 0 0.998801 0.0489494
828.400000000 23.3898 13.6113 0 0 0 -0.977826 0.209418
830.000000000 22.675 12.8767 0 0 0 -0.905312 0.424747
831.300000000 22.1147 12.0537 0 0 0 -0.874407 0.485194
832.600000000 21.7505 11.1581 0 0 0 -0.802785 0.596269
833.900000000 21.66 10.1904 0 0 0 -0.710615 0.703582
835.200000000 21.8153 9.19852 0 0 0 -0.655193 0.755462
836.600000000 21.8398 8.17841 0 0 0 -0.688003 0.725708
837.800000000 21.8603 7.27462 0 0 0 -0.710431 0.703767
839.200000000 21.8475 6.23112 0 0 0 -0.71531 0.698807
840.500000000 21.8387 5.25742 0 0 0 -0.708249 0.705963
841.800000000 21.8371 4.2737 0 0 0 -0.703869 0.71033
843.000000000 21.8396 3.36996 0 0 0 -0.708249 0.705963
844.400000000 21.8344 2.32622 0 0 0 -0.708795 0.705415
846.000000000 21.5666 1.36986 0 0 0 -0.852177 0.523253
847.400000000 20.9561 0.639951 0 0 0 -0.924428 0.381357
848.700000000 20.2563 -0.0377459 0 0 0 -0.926259 0.376887
850.000000000 19.574 -0.723249 0 0 0 -0.922424 0.386179
