0.100000000 0.2 0 0 0 0 0 1
12.400000000 1.17542 0.00111714 0 0 0 4.34835e-05 1
13.800000000 2.22933 0.00231639 0 0 0 0.000110463 1
15.100000000 3.20295 -0.0331728 0 0 0 -0.0189475 0.99982
16.000000000 3.29975 -0.1548 0 0 0 -0.366008 0.930612
16.500000000 3.21717 -0.203871 0 0 0 -0.584327 0.811518
17.200000000 3.09736 -0.207061 0 0 0 -0.827492 0.561478
17.800000000 3.01489 -0.133208 0 0 0 -0.95645 0.291897
18.300000000 2.98986 -0.031104 0 0 0 -0.998902 0.0468413
19.000000000 2.99331 0.0653098 0 0 0 0.954223 0.299095
19.600000000 3.08612 0.170185 0 0 0 0.82321 0.567737
20.200000000 3.20431 0.174573 0 0 0 0.619147 0.785275
20.900000000 3.30681 0.0972259 0 0 0 0.311754 0.950163
21.500000000 3.34632 -0.0309021 0 0 0 0.017688 0.999844
22.200000000 3.31642 -0.13314 0 0 0 -0.278674 0.960386
23.600000000 3.37699 -0.29601 0 0 0 -0.520697 0.853741
24.300000000 3.25843 -0.41123 0 0 0 -0.749268 0.662267
25.300000000 2.99695 -0.836914 0 0 0 -0.891457 0.453104
26.700000000 2.25231 -1.49057 0 0 0 -0.937844 0.347058
28.100000000 1.45378 -2.13686 0 0 0 -0.952682 0.30397
29.400000000 0.582829 -2.54111 0 0 0 -0.986444 0.164099
30.900000000 -0.349353 -2.95269 0 0 0 -0.960325 0.278883
32.200000000 -1.09649 -3.60349 0 0 0 -0.925253 0.379351
33.500000000 -1.79333 -4.31381 0 0 0 -0.922542 0.385896
34.900000000 -2.54832 -4.87028 0 0 0 -0.969751 0.244096
36.400000000 -3.3301 -5.03311 0 0 0 0.996272 0.0862718
37.000000000 -3.32601 -4.95467 0 0 0 0.928021 0.372527
37.700000000 -3.3434 -4.96429 0 0 0 0.744384 0.667752
38.300000000 -3.22653 -4.98774 0 0 0 0.51778 0.855514
38.900000000 -3.14345 -5.0481 0 0 0 0.246295 0.969195
39.500000000 -3.10876 -5.1446 0 0 0 -0.046551 0.998916
40.300000000 -2.87342 -5.33765 0 0 0 -0.299031 0.954243
41.600000000 -2.26072 -6.01135 0 0 0 -0.424548 0.905406
43.000000000 -1.57481 -6.8077 0 0 0 -0.398575 0.917136
44.300000000 -0.876873 -7.49699 0 0 0 -0.374892 0.927069
45.600000000 -0.187707 -8.18544 0 0 0 -0.382057 0.924139
46.900000000 0.500215 -8.86656 0 0 0 -0.383495 0.923543
47.800000000 0.804536 -8.92902 0 0 0 -0.0950513 0.995472
48.600000000 1.08812 -8.8055 0 0 0 0.181672 0.983359
50.000000000 1.92851 -8.23392 0 0 0 0.319841 0.947471
51.300000000 2.63499 -7.56174 0 0 0 0.384842 0.922983
52.600000000 3.31535 -6.89294 0 0 0 0.385333 0.922778
54.000000000 4.05866 -6.13905 0 0 0 0.383192 0.923669
55.300000000 4.74076 -5.44504 0 0 0 0.383218 0.923658
56.600000000 5.43328 -4.76082 0 0 0 0.383244 0.923647
57.800000000 6.0661 -4.12656 0 0 0 0.383271 0.923636
59.200000000 6.80809 -3.38196 0 0 0 0.383304 0.923622
60.500000000 7.48948 -2.68714 0 0 0 0.383332 0.923611
61.800000000 8.18172 -2.00193 0 0 0 0.383202 0.923665
63.100000000 8.87473 -1.30744 0 0 0 0.383262 0.923639
64.400000000 9.51843 -0.533102 0 0 0 0.425628 0.904898
65.700000000 10.1928 0.450496 0 0 0 0.408403 0.912802
67.000000000 10.8629 1.17236 0 0 0 0.382662 0.923888
68.200000000 11.5148 1.78454 0 0 0 0.345223 0.938521
69.600000000 12.4216 2.32538 0 0 0 0.20104 0.979583
70.900000000 13.3587 2.59117 0 0 0 0.104873 0.994486
72.300000000 14.4073 2.6605 0 0 0 0.0181726 0.999835
73.600000000 15.3845 2.60085 0 0 0 -0.0525971 0.998616
74.900000000 16.3499 2.43859 0 0 0 -0.10927 0.994012
76.200000000 17.2795 2.15444 0 0 0 -0.167546 0.985864
77.500000000 18.198 1.81689 0 0 0 -0.170793 0.985307
78.700000000 18.6321 1.80043 0 0 0 0.157904 0.987455
79.300000000 18.5633 1.89431 0 0 0 0.442488 0.896774
79.900000000 18.4804 1.94992 0 0 0 0.674136 0.738607
80.500000000 18.3748 2.05406 0 0 0 0.833477 0.552554
82.100000000 17.6275 2.7783 0 0 0 0.939752 0.341857
83.400000000 16.8776 3.41012 0 0 0 0.934246 0.35663
84.800000000 16.12 4.1196 0 0 0 0.92463 0.380866
86.100000000 15.4019 4.7913 0 0 0 0.930803 0.36552
87.500000000 14.6431 5.51156 0 0 0 0.926005 0.377512
88.800000000 13.9421 6.19961 0 0 0 0.922237 0.386626
90.100000000 13.2576 6.8951 0 0 0 0.922802 0.385274
91.500000000 12.5093 7.63651 0 0 0 0.924546 0.38107
92.800000000 11.822 8.32764 0 0 0 0.92451 0.381157
94.100000000 11.1249 9.0195 0 0 0 0.924485 0.381219
95.400000000 10.4581 9.74634 0 0 0 0.908936 0.416935
96.700000000 9.79976 10.443 0 0 0 0.937822 0.347116
98.200000000 8.93592 10.7732 0 0 0 0.997321 0.0731454
99.600000000 7.99156 10.6099 0 0 0 -0.988796 0.149273
101.000000000 7.45589 10.1811 0 0 0 -0.877749 0.479121
101.600000000 7.49036 10.0305 0 0 0 -0.746882 0.664957
102.300000000 7.58524 9.96742 0 0 0 -0.504997 0.863121
102.900000000 7.6658 10.0486 0 0 0 -0.229092 0.973405
103.500000000 7.67987 10.1603 0 0 0 0.0684881 0.997652
104.100000000 7.632 10.266 0 0 0 0.360464 0.932773
104.600000000 7.52879 10.3173 0 0 0 0.579782 0.814772
105.700000000 7.44282 10.8669 0 0 0 0.781753 0.623588
107.000000000 7.2522 11.833 0 0 0 0.750359 0.66103
108.300000000 7.21225 12.8003 0 0 0 0.720405 0.693554
109.600000000 7.19106 13.7741 0 0 0 0.710809 0.703385
111.300000000 6.86451 14.7693 0 0 0 0.873493 0.486836
112.200000000 6.57024 15.0148 0 0 0 0.967701 0.252102
112.900000000 6.55825 14.8786 0 0 0 -0.995399 0.0958162
113.400000000 6.59237 14.7839 0 0 0 -0.940865 0.338783
114.100000000 6.69536 14.7294 0 0 0 -0.768398 0.639973
114.700000000 6.81611 14.7329 0 0 0 -0.545029 0.838417
115.300000000 6.90655 14.8098 0 0 0 -0.272873 0.96205
116.000000000 7.07856 14.8937 0 0 0 1.12497e-05 1
116.800000000 7.36485 15.0643 0 0 0 0.235011 0.971993
118.200000000 8.11823 15.727 0 0 0 0.394444 0.91892
119.600000000 8.84851 16.4871 0 0 0 0.386583 0.922255
120.900000000 9.53811 17.1817 0 0 0 0.379518 0.925184
122.200000000 10.2251 17.8672 0 0 0 0.379318 0.925266
123.500000000 10.9196 18.5526 0 0 0 0.379413 0.925228
124.900000000 11.6681 19.2882 0 0 0 0.379359 0.92525
126.200000000 12.3621 19.973 0 0 0 0.37932 0.925266
127.600000000 13.1113 20.714 0 0 0 0.379283 0.925281
128.900000000 13.7991 21.3919 0 0 0 0.379264 0.925288
130.200000000 14.4496 22.0977 0 0 0 0.436694 0.89961
131.700000000 14.8179 23.0338 0 0 0 0.618112 0.78609
132.700000000 15.0644 23.2939 0 0 0 0.340878 0.940107
133.500000000 15.3324 23.2873 0 0 0 0.0711557 0.997465
135.600000000 15.913 23.5386 0 0 0 0.426649 0.904417
136.300000000 15.8318 23.6405 0 0 0 0.686713 0.726929
136.900000000 15.7193 23.6109 0 0 0 0.870631 0.491937
137.400000000 15.6512 23.5213 0 0 0 0.965073 0.261981
138.100000000 15.6257 23.3932 0 0 0 -0.996405 0.0847225
138.700000000 15.6811 23.3076 0 0 0 -0.926163 0.377123
139.300000000 15.7713 23.2545 0 0 0 -0.773219 0.634139
140.000000000 15.8856 23.2691 0 0 0 -0.507731 0.861516
140.600000000 15.9875 23.355 0 0 0 -0.232155 0.972679
141.200000000 16.0292 23.459 0 0 0 0.0607535 0.998153
141.800000000 16.0867 23.5872 0 0 0 0.309862 0.950782
142.400000000 16.0414 23.7093 0 0 0 0.552316 0.833635
143.000000000 15.9315 23.7597 0 0 0 0.762303 0.64722
143.500000000 15.8378 23.7183 0 0 0 0.893206 0.449649
144.500000000 15.4649 23.8734 0 0 0 0.987288 0.158941
146.000000000 14.4236 23.8782 0 0 0 -0.998507 0.0546219
147.300000000 13.4535 23.7021 0 0 0 -0.998404 0.0564721
148.600000000 12.4828 23.6543 0 0 0 -0.999994 0.00356876
149.800000000 11.5814 23.6747 0 0 0 0.999995 0.00308442
151.100000000 10.6077 23.6808 0 0 0 0.999995 0.00308476
152.500000000 9.55391 23.6867 0 0 0 0.999995 0.00309159
153.800000000 8.58017 23.6928 0 0 0 0.999995 0.00310409
155.000000000 7.68086 23.6175 0 0 0 -0.997612 0.0690604
156.500000000 6.70309 23.2527 0 0 0 -0.964702 0.263344
157.800000000 6.01436 22.6142 0 0 0 -0.92309 0.384585
159.200000000 5.28399 21.8538 0 0 0 -0.921461 0.388471
160.500000000 4.59241 21.1651 0 0 0 -0.924969 0.380043
161.900000000 3.83986 20.4216 0 0 0 -0.92537 0.379066
163.200000000 3.15063 19.7239 0 0 0 -0.92191 0.387404
164.500000000 2.47301 19.0352 0 0 0 -0.924673 0.380763
165.700000000 1.83389 18.3961 0 0 0 -0.924942 0.380109
167.100000000 1.09136 17.6513 0 0 0 -0.925049 0.379848
168.400000000 0.42577 16.9341 0 0 0 -0.909088 0.416605
169.800000000 -0.189078 16.1523 0 0 0 -0.892662 0.450727
172.800000000 -0.68586 15.3245 0 0 0 -0.851213 0.524821
174.600000000 -0.959865 14.3717 0 0 0 -0.769512 0.638632
176.900000000 -1.2145 13.4106 0 0 0 -0.832731 0.553677
181.500000000 -1.72297 12.5922 0 0 0 -0.888212 0.459433
184.900000000 -2.39696 11.8161 0 0 0 -0.922914 0.385006
186.200000000 -3.16877 11.2488 0 0 0 -0.967045 0.254606
187.600000000 -4.13891 10.9714 0 0 0 -0.997993 0.0633166
189.000000000 -5.09233 11.132 0 0 0 0.988406 0.151833
190.500000000 -5.97352 11.725 0 0 0 0.933104 0.359607
191.900000000 -6.45906 12.5412 0 0 0 0.833598 0.552372
193.300000000 -6.61987 13.5328 0 0 0 0.708148 0.706064
194.300000000 -6.46629 13.8792 0 0 0 0.463349 0.886176
196.000000000 -5.65305 14.5657 0 0 0 0.414463 0.910066
197.300000000 -5.16111 15.412 0 0 0 0.541484 0.840711
198.600000000 -4.93202 16.3609 0 0 0 0.64663 0.762804
199.800000000 -4.88387 17.2647 0 0 0 0.707482 0.706731
201.200000000 -4.92474 18.3074 0 0 0 0.720636 0.693313
202.500000000 -4.93675 19.2897 0 0 0 0.713141 0.70102
203.500000000 -4.82225 19.5469 0 0 0 0.460793 0.887508
204.200000000 -4.73837 19.4452 0 0 0 0.13335 0.991069
205.000000000 -4.74826 19.2972 0 0 0 -0.256674 0.966498
205.600000000 -4.81658 19.199 0 0 0 -0.522605 0.852575
206.200000000 -4.88471 19.1043 0 0 0 -0.730186 0.683248
208.100000000 -5.28908 18.221 0 0 0 -0.7718 0.635866
209.600000000 -5.20594 17.1625 0 0 0 -0.64896 0.760822
211.000000000 -5.17159 16.1641 0 0 0 -0.733048 0.680177
212.600000000 -5.59794 15.1912 0 0 0 -0.887269 0.461252
213.800000000 -6.16644 14.5099 0 0 0 -0.893563 0.448938
215.100000000 -6.5759 13.6355 0 0 0 -0.813167 0.58203
216.700000000 -6.55279 12.5919 0 0 0 -0.624482 0.781039
218.200000000 -6.02765 11.7118 0 0 0 -0.429022 0.903294
219.600000000 -5.21562 11.1364 0 0 0 -0.242078 0.970257
221.000000000 -4.25426 10.9366 0 0 0 -0.0369399 0.999317
222.400000000 -3.23618 11.0911 0 0 0 0.135711 0.990748
223.700000000 -2.36946 11.5337 0 0 0 0.286468 0.95809
225.000000000 -1.66872 12.2027 0 0 0 0.382117 0.924114
226.200000000 -1.01944 12.8528 0 0 0 0.387946 0.921682
227.500000000 -0.335178 13.543 0 0 0 0.383062 0.923723
228.900000000 0.408451 14.2865 0 0 0 0.383263 0.923639
230.200000000 1.10109 14.9726 0 0 0 0.383165 0.92368
231.400000000 1.73358 15.6112 0 0 0 0.383085 0.923713
232.700000000 2.46358 16.2637 0 0 0 0.330661 0.94375
234.200000000 3.42155 16.7045 0 0 0 0.132158 0.991229
235.600000000 4.447 16.7174 0 0 0 -0.0329816 0.999456
236.900000000 5.41871 16.6523 0 0 0 -0.0445307 0.999008
238.200000000 6.39438 16.5919 0 0 0 -0.0183515 0.999832
239.500000000 7.37583 16.5892 0 0 0 0.00274813 0.999996
241.000000000 8.40832 16.8142 0 0 0 0.192865 0.981225
242.300000000 9.13653 17.3717 0 0 0 0.36106 0.932543
243.700000000 9.83796 18.155 0 0 0 0.404499 0.914538
244.900000000 10.4757 18.7913 0 0 0 0.373196 0.927753
246.300000000 11.2311 19.522 0 0 0 0.376775 0.926305
247.600000000 11.9226 20.2073 0 0 0 0.38604 0.922482
248.900000000 12.6012 20.9066 0 0 0 0.38367 0.92347
250.100000000 13.2452 21.5354 0 0 0 0.380109 0.924942
251.700000000 13.8545 21.9544 0 0 0 0.076054 0.997104
252.300000000 13.8489 21.8372 0 0 0 -0.21764 0.976029
252.900000000 13.78 21.7574 0 0 0 -0.492672 0.870215
253.500000000 13.6756 21.7305 0 0 0 -0.724643 0.689125
254.300000000 13.4859 21.4121 0 0 0 -0.874286 0.485412
255.800000000 12.7079 20.7929 0 0 0 -0.936335 0.351109
257.100000000 11.9965 20.1076 0 0 0 -0.926572 0.376116
258.400000000 11.3051 19.4089 0 0 0 -0.923236 0.384234
259.700000000 10.6255 18.709 0 0 0 -0.923296 0.384088
261.000000000 9.93961 18.0145 0 0 0 -0.92321 0.384296
262.400000000 9.19735 17.2704 0 0 0 -0.923142 0.38446
263.700000000 8.50063 16.5895 0 0 0 -0.925847 0.377898
265.000000000 7.76458 15.9456 0 0 0 -0.939751 0.34186
266.700000000 6.95154 15.3353 0 0 0 -0.95744 0.288634
268.000000000 6.04686 14.9648 0 0 0 -0.989928 0.141572
269.300000000 5.08814 14.8467 0 0 0 -0.997953 0.0639472
270.700000000 4.18597 14.5116 0 0 0 -0.968405 0.249381
272.100000000 3.42969 13.8223 0 0 0 -0.927316 0.37428
274.300000000 2.77958 13.1923 0 0 0 -0.923093 0.384578
278.900000000 2.10919 12.5179 0 0 0 -0.923074 0.384622
283.300000000 1.35734 11.8299 0 0 0 -0.934467 0.35605
284.600000000 0.553158 11.2899 0 0 0 -0.96643 0.256928
285.800000000 -0.275409 10.9834 0 0 0 -0.992429 0.12282
287.100000000 -1.2587 10.8926 0 0 0 -0.999958 0.00921378
288.500000000 -2.30794 10.9502 0 0 0 0.999217 0.0395639
289.800000000 -3.27057 11.0651 0 0 0 0.996752 0.0805349
291.100000000 -4.20654 11.2478 0 0 0 0.995241 0.0974467
292.300000000 -5.07085 11.5058 0 0 0 0.987004 0.160698
293.700000000 -6.01521 11.9821 0 0 0 0.959603 0.281356
295.200000000 -6.53809 12.7331 0 0 0 0.840678 0.541536
296.600000000 -6.67497 13.677 0 0 0 0.700866 0.713293
297.300000000 -6.5539 13.7877 0 0 0 0.480088 0.87722
299.000000000 -5.77347 14.4868 0 0 0 0.422145 0.906528
300.300000000 -5.27089 15.3363 0 0 0 0.534026 0.845468
301.600000000 -4.98947 16.2696 0 0 0 0.628519 0.777794
302.900000000 -4.9045 17.2483 0 0 0 0.691483 0.722393
304.300000000 -4.89373 18.2921 0 0 0 0.706139 0.708073
305.500000000 -4.88908 19.1964 0 0 0 0.709814 0.704389
306.900000000 -4.90507 20.2441 0 0 0 0.730286 0.683141
308.400000000 -5.26661 21.1508 0 0 0 0.878387 0.477951
309.800000000 -5.98194 21.6628 0 0 0 0.97187 0.235519
311.100000000 -6.65307 21.7535 0 0 0 -0.997584 0.0694721
311.800000000 -6.77133 21.6023 0 0 0 -0.94391 0.330202
312.400000000 -6.69771 21.504 0 0 0 -0.812826 0.582506
313.000000000 -6.60604 21.4336 0 0 0 -0.632675 0.774418
313.700000000 -6.43436 21.3509 0 0 0 -0.399624 0.916679
314.800000000 -5.90181 21.1397 0 0 0 -0.150271 0.988645
315.900000000 -5.40273 21.1942 0 0 0 0.143946 0.989585
316.500000000 -5.46633 21.2921 0 0 0 0.429685 0.902979
317.100000000 -5.57459 21.3365 0 0 0 0.67739 0.735624
317.600000000 -5.66974 21.321 0 0 0 0.838936 0.544231
318.300000000 -5.76843 21.2231 0 0 0 0.97443 0.224692
318.900000000 -5.78632 21.1064 0 0 0 -0.997311 0.0732794
319.400000000 -5.7451 21.0199 0 0 0 -0.947829 0.31878
320.100000000 -5.6851 20.9109 0 0 0 -0.799156 0.601123
320.700000000 -5.58537 20.831 0 0 0 -0.615557 0.788092
321.700000000 -5.28533 20.5274 0 0 0 -0.408818 0.912616
323.200000000 -4.79082 19.6276 0 0 0 -0.579423 0.815027
324.600000000 -4.74802 18.6866 0 0 0 -0.743899 0.668292
326.000000000 -4.94565 17.6988 0 0 0 -0.764202 0.644977
327.200000000 -5.05686 16.7994 0 0 0 -0.732601 0.680658
328.700000000 -5.31753 15.7657 0 0 0 -0.835635 0.549285
330.200000000 -5.99025 14.9319 0 0 0 -0.923531 0.383524
331.700000000 -6.6864 14.2505 0 0 0 -0.926131 0.377203
333.800000000 -7.36918 13.5802 0 0 0 -0.924783 0.380495
336.600000000 -8.0656 12.8837 0 0 0 -0.92479 0.380479
338.800000000 -8.71948 12.2443 0 0 0 -0.924745 0.380586
341.200000000 -9.43636 11.5257 0 0 0 -0.924688 0.380727
342.700000000 -9.81419 11.3304 0 0 0 -0.997075 0.076434
343.300000000 -9.80698 11.4422 0 0 0 0.976166 0.217027
343.900000000 -9.77854 11.5745 0 0 0 0.884048 0.467396
344.700000000 -9.75132 11.8214 0 0 0 0.718544 0.695482
346.200000000 -9.48719 12.8219 0 0 0 0.589448 0.807806
347.500000000 -9.16251 13.7226 0 0 0 0.531097 0.847311
348.500000000 -8.8806 13.9736 0 0 0 0.24877 0.968563
349.100000000 -8.84727 13.8593 0 0 0 -0.0434096 0.999057
349.700000000 -8.88059 13.7725 0 0 0 -0.332927 0.942953
350.300000000 -8.97756 13.6883 0 0 0 -0.593066 0.805154
351.000000000 -9.07925 13.5185 0 0 0 -0.782193 0.623036
352.100000000 -9.47373 13.0327 0 0 0 -0.909894 0.41484
353.400000000 -10.1836 12.3719 0 0 0 -0.930224 0.366992
354.500000000 -10.3569 12.0411 0 0 0 -0.768718 0.639588
355.200000000 -10.2263 11.9097 0 0 0 -0.562612 0.826721
356.200000000 -9.81966 11.5717 0 0 0 -0.349025 0.937113
357.600000000 -8.89258 11.1276 0 0 0 -0.166762 0.985997
358.800000000 -8.02889 11.0003 0 0 0 -0.0525152 0.99862
360.200000000 -6.97597 11.0172 0 0 0 0.0337245 0.999431
361.500000000 -6.0083 11.0817 0 0 0 0.0319261 0.99949
362.900000000 -4.95945 11.0924 0 0 0 -4.81228e-05 1
364.200000000 -3.98658 11.1181 0 0 0 0.0207558 0.999785
365.600000000 -2.96205 11.3205 0 0 0 0.152943 0.988235
367.000000000 -2.05446 11.844 0 0 0 0.315595 0.948894
368.400000000 -1.32138 12.6016 0 0 0 0.39939 0.916781
369.700000000 -0.648271 13.3126 0 0 0 0.389233 0.92114
371.000000000 0.0424998 13.993 0 0 0 0.378272 0.925694
372.300000000 0.731531 14.6803 0 0 0 0.380313 0.924858
373.600000000 1.42848 15.3698 0 0 0 0.383803 0.923415
375.000000000 2.17984 16.1075 0 0 0 0.358236 0.933631
376.400000000 3.06162 16.629 0 0 0 0.201841 0.979418
377.700000000 3.97386 16.7753 0 0 0 0.01845 0.99983
379.100000000 5.0165 16.6683 0 0 0 -0.07002 0.997546
380.400000000 5.99326 16.5481 0 0 0 -0.0481203 0.998842
381.700000000 6.96103 16.5157 0 0 0 0.00837454 0.999965
383.000000000 7.91091 16.6282 0 0 0 0.108465 0.9941
384.400000000 8.80277 17.0982 0 0 0 0.29982 0.953996
385.700000000 9.51552 17.764 0 0 0 0.384962 0.922933
387.100000000 10.2499 18.5108 0 0 0 0.387126 0.922027
388.400000000 10.9321 19.2057 0 0 0 0.383568 0.923513
389.600000000 11.5662 19.8416 0 0 0 0.383564 0.923514
391.000000000 12.313 20.5848 0 0 0 0.38353 0.923528
392.300000000 12.9956 21.2811 0 0 0 0.383413 0.923577
393.700000000 13.74 22.0162 0 0 0 0.376001 0.926619
395.100000000 14.3327 22.8341 0 0 0 0.517696 0.855564
396.400000000 14.4456 23.4745 0 0 0 0.760132 0.649768
397.000000000 14.337 23.4215 0 0 0 0.918208 0.396097
397.500000000 14.2874 23.3376 0 0 0 0.98756 0.15724
398.200000000 14.1383 23.2199 0 0 0 -0.992558 0.121776
399.400000000 13.6511 22.7444 0 0 0 -0.926117 0.377236
400.900000000 12.9074 21.9268 0 0 0 -0.912275 0.409578
402.300000000 12.1816 21.1576 0 0 0 -0.920412 0.39095
403.700000000 11.5042 20.4722 0 0 0 -0.923534 0.383517
405.500000000 10.7763 19.7434 0 0 0 -0.923604 0.383347
407.800000000 10.0784 19.036 0 0 0 -0.923644 0.383252
410.000000000 9.36157 18.2919 0 0 0 -0.917224 0.398371
411.300000000 8.75555 17.5304 0 0 0 -0.892803 0.450447
412.600000000 8.16885 16.7545 0 0 0 -0.900867 0.434094
414.000000000 7.45047 15.9929 0 0 0 -0.925466 0.37883
415.700000000 6.69048 15.3636 0 0 0 -0.952046 0.305954
417.100000000 5.736 14.932 0 0 0 -0.987555 0.157272
418.600000000 4.6995 14.6854 0 0 0 -0.991953 0.126603
420.000000000 3.92137 14.2347 0 0 0 -0.941134 0.338034
421.700000000 3.20727 13.5145 0 0 0 -0.920641 0.390409
424.900000000 2.52026 12.8211 0 0 0 -0.922826 0.385217
429.700000000 1.84012 12.1385 0 0 0 -0.922813 0.385248
434.600000000 1.15616 11.4483 0 0 0 -0.922801 0.385278
439.400000000 0.476064 10.7557 0 0 0 -0.922782 0.385322
443.900000000 -0.17907 10.0913 0 0 0 -0.922812 0.385251
448.500000000 -0.862088 9.40085 0 0 0 -0.922764 0.385365
453.100000000 -1.52317 8.73282 0 0 0 -0.922848 0.385165
458.000000000 -2.21222 8.03597 0 0 0 -0.922874 0.385102
462.600000000 -2.89141 7.34924 0 0 0 -0.92291 0.385015
467.000000000 -3.55828 6.6751 0 0 0 -0.922946 0.384929
471.600000000 -4.24268 5.98373 0 0 0 -0.922983 0.384842
475.800000000 -4.95135 5.29476 0 0 0 -0.931123 0.364704
477.400000000 -5.84679 4.63865 0 0 0 -0.966007 0.258515
478.600000000 -6.67996 4.34544 0 0 0 -0.990907 0.134547
480.100000000 -7.77183 4.22758 0 0 0 -0.999709 0.0241085
481.400000000 -8.75377 4.265 0 0 0 0.998866 0.0476034
482.600000000 -9.6641 4.37463 0 0 0 0.996224 0.0868233
483.900000000 -10.573 4.6633 0 0 0 0.97775 0.209772
485.400000000 -11.3993 5.37107 0 0 0 0.9285 0.371332
486.700000000 -12.0963 6.04235 0 0 0 0.91758 0.397551
488.000000000 -12.7646 6.75328 0 0 0 0.921553 0.388251
489.300000000 -13.4524 7.44693 0 0 0 0.923365 0.383924
490.600000000 -14.1338 8.14407 0 0 0 0.923407 0.383822
492.000000000 -14.8741 8.89013 0 0 0 0.923463 0.383686
493.200000000 -15.515 9.52547 0 0 0 0.923526 0.383537
494.600000000 -16.2557 10.2708 0 0 0 0.923594 0.383371
495.800000000 -16.8876 10.9043 0 0 0 0.921291 0.388873
497.400000000 -17.4002 11.7554 0 0 0 0.788982 0.614416
498.300000000 -17.3075 12.1471 0 0 0 0.609475 0.792805
499.800000000 -16.8763 13.1031 0 0 0 0.569771 0.821804
501.000000000 -16.6393 14.0047 0 0 0 0.609127 0.793073
502.500000000 -16.4207 15.067 0 0 0 0.647171 0.762344
503.700000000 -16.4655 15.503 0 0 0 0.860856 0.508848
504.300000000 -16.5507 15.4186 0 0 0 0.972732 0.231932
504.900000000 -16.5705 15.3016 0 0 0 -0.997834 0.0657884
505.500000000 -16.5268 15.1893 0 0 0 -0.934067 0.357099
506.200000000 -16.4882 15.0808 0 0 0 -0.781954 0.623336
506.900000000 -16.354 14.8422 0 0 0 -0.617442 0.786617
508.200000000 -16.1382 13.9019 0 0 0 -0.61755 0.786531
510.000000000 -15.9237 13.043 0 0 0 -0.609134 0.793067
513.700000000 -15.6541 12.0842 0 0 0 -0.595606 0.803277
518.300000000 -15.142 11.1845 0 0 0 -0.443514 0.896267
519.900000000 -14.2776 10.6339 0 0 0 -0.179777 0.983707
521.400000000 -13.2998 10.6402 0 0 0 0.081711 0.996656
522.800000000 -12.2789 10.9208 0 0 0 0.139484 0.990224
524.100000000 -11.3393 11.1292 0 0 0 0.074251 0.99724
525.600000000 -10.2612 11.1391 0 0 0 -0.0235245 0.999723
526.900000000 -9.28959 11.0614 0 0 0 -0.053896 0.998547
528.800000000 -8.35072 11.0234 0 0 0 -0.0140362 0.999901
530.200000000 -7.34868 11.0437 0 0 0 0.0219408 0.999759
531.600000000 -6.29706 11.0593 0 0 0 0.00305472 0.999995
532.900000000 -5.32675 11.0589 0 0 0 -0.0096712 0.999953
534.200000000 -4.34816 11.0519 0 0 0 0.000568016 1
535.600000000 -3.30115 11.1397 0 0 0 0.0767893 0.997047
536.900000000 -2.40556 11.4943 0 0 0 0.23986 0.970807
538.200000000 -1.63974 12.1051 0 0 0 0.356165 0.934423
539.400000000 -1.02179 12.7587 0 0 0 0.395959 0.918268
540.700000000 -0.340516 13.4509 0 0 0 0.381978 0.924171
542.100000000 0.40197 14.1925 0 0 0 0.382383 0.924004
543.500000000 1.15201 14.9313 0 0 0 0.382379 0.924005
544.900000000 1.89622 15.6744 0 0 0 0.382377 0.924007
546.200000000 2.65354 16.2858 0 0 0 0.291872 0.956457
547.500000000 3.54528 16.6501 0 0 0 0.133327 0.991072
548.800000000 4.51299 16.7287 0 0 0 0.00259066 0.999997
550.100000000 5.47945 16.65 0 0 0 -0.0418139 0.999125
551.400000000 6.45705 16.5799 0 0 0 -0.0250047 0.999687
552.700000000 7.43357 16.5821 0 0 0 0.0216207 0.999766
554.100000000 8.42819 16.8216 0 0 0 0.170639 0.985334
555.500000000 9.2475 17.4016 0 0 0 0.35775 0.933817
556.800000000 9.92323 18.1003 0 0 0 0.402186 0.915558
558.100000000 10.6 18.8099 0 0 0 0.389285 0.921118
559.300000000 11.2373 19.4429 0 0 0 0.381053 0.924553
560.700000000 11.9817 20.1842 0 0 0 0.38104 0.924559
562.000000000 12.6683 20.866 0 0 0 0.381027 0.924564
563.300000000 13.3647 21.5578 0 0 0 0.380986 0.924581
564.600000000 14.0289 22.2617 0 0 0 0.43382 0.901
566.100000000 14.5078 23.1692 0 0 0 0.495473 0.868624
567.400000000 15.1726 23.5993 0 0 0 0.259733 0.96568
568.600000000 16.0185 23.8856 0 0 0 0.124248 0.992251
569.600000000 16.3429 23.8376 0 0 0 -0.201163 0.979558
570.100000000 16.2959 23.7391 0 0 0 -0.430245 0.902712
570.800000000 16.2392 23.5906 0 0 0 -0.673286 0.739383
571.500000000 16.1123 23.5449 0 0 0 -0.865831 0.500337
572.600000000 15.5865 23.1623 0 0 0 -0.955294 0.295658
573.900000000 14.8236 22.5765 0 0 0 -0.934502 0.355957
575.200000000 14.1382 21.8872 0 0 0 -0.919071 0.394091
576.500000000 13.4575 21.1781 0 0 0 -0.923383 0.383881
577.900000000 12.7154 20.4328 0 0 0 -0.923377 0.383895
579.200000000 12.0324 19.7388 0 0 0 -0.923382 0.383883
580.500000000 11.3384 19.0427 0 0 0 -0.923388 0.383869
581.800000000 10.6531 18.3547 0 0 0 -0.923395 0.383851
583.100000000 9.96448 17.6632 0 0 0 -0.923386 0.383873
584.500000000 9.22285 16.9165 0 0 0 -0.923503 0.383591
585.800000000 8.54332 16.2161 0 0 0 -0.914015 0.40568
587.100000000 7.93499 15.4671 0 0 0 -0.90922 0.416315
588.500000000 7.12689 14.9405 0 0 0 -0.977111 0.212731
589.900000000 6.15849 14.791 0 0 0 -0.999918 0.0128088
591.300000000 5.14305 14.8845 0 0 0 0.999928 0.0119895
592.900000000 4.20889 14.5844 0 0 0 -0.963609 0.267316
594.300000000 3.45153 13.9174 0 0 0 -0.928142 0.372227
596.300000000 2.79309 13.264 0 0 0 -0.923499 0.383602
600.600000000 2.1356 12.6029 0 0 0 -0.923484 0.383637
605.200000000 1.43159 11.8967 0 0 0 -0.923469 0.383673
609.000000000 0.684803 11.2182 0 0 0 -0.939995 0.341188
610.300000000 -0.142386 10.6801 0 0 0 -0.972791 0.231683
611.700000000 -1.14271 10.4198 0 0 0 -0.997233 0.0743355
613.000000000 -2.11989 10.4357 0 0 0 0.999332 0.0365458
614.200000000 -3.00627 10.5573 0 0 0 0.997517 0.0704199
615.600000000 -4.05356 10.6297 0 0 0 0.999972 0.00741812
617.000000000 -5.10645 10.6025 0 0 0 -0.999879 0.0155645
618.300000000 -6.07173 10.5816 0 0 0 -0.999998 0.00219503
619.700000000 -7.10792 10.5837 0 0 0 -1 0.000288353
621.000000000 -8.08161 10.5829 0 0 0 -1 0.000344994
622.300000000 -9.05432 10.5835 0 0 0 -1 0.00022125
623.700000000 -10.1082 10.582 0 0 0 -1 0.000267918
624.900000000 -11.0122 10.5798 0 0 0 -1 0.000259609
626.300000000 -12.0567 10.5774 0 0 0 -1 0.000264095
627.600000000 -13.0299 10.5732 0 0 0 -1 0.00022922
628.900000000 -14.0052 10.57 0 0 0 -1 0.000166778
630.400000000 -15.0233 10.8557 0 0 0 0.975863 0.218385
631.800000000 -15.8184 11.4949 0 0 0 0.918317 0.395846
633.100000000 -16.3453 12.3177 0 0 0 0.857093 0.515161
634.400000000 -16.6283 13.2496 0 0 0 0.776757 0.629801
635.600000000 -16.6982 14.1422 0 0 0 0.713417 0.70074
637.000000000 -16.6047 15.1918 0 0 0 0.666012 0.745941
638.300000000 -16.475 16.1641 0 0 0 0.65424 0.756287
639.600000000 -16.3182 17.1236 0 0 0 0.6432 0.765698
640.800000000 -16.1917 18.0064 0 0 0 0.660748 0.750608
641.800000000 -16.3278 18.3147 0 0 0 0.862397 0.506233
642.500000000 -16.516 18.3959 0 0 0 0.962916 0.269802
643.700000000 -17.1436 18.4223 0 0 0 -0.999877 0.0157121
645.000000000 -18.1095 18.3242 0 0 0 -0.998421 0.0561754
646.300000000 -19.0868 18.2194 0 0 0 -0.99798 0.0635349
647.600000000 -20.0522 18.1095 0 0 0 -0.998088 0.0618072
648.900000000 -21.023 18.0326 0 0 0 -0.999452 0.0331002
650.200000000 -21.9115 18.0136 0 0 0 0.998404 0.0564771
650.900000000 -21.8994 18.1354 0 0 0 0.925009 0.379944
651.500000000 -21.7819 18.194 0 0 0 0.774141 0.633014
652.200000000 -21.6646 18.1924 0 0 0 0.513615 0.858021
652.700000000 -21.5851 18.1363 0 0 0 0.288792 0.957392
654.200000000 -20.5672 18.4373 0 0 0 0.096788 0.995305
655.600000000 -19.5155 18.4592 0 0 0 -0.0333812 0.999443
657.000000000 -18.4902 18.2412 0 0 0 -0.143657 0.989628
658.400000000 -17.5748 17.7393 0 0 0 -0.309439 0.950919
659.700000000 -16.9176 17.0249 0 0 0 -0.444856 0.895602
661.200000000 -16.4576 16.0638 0 0 0 -0.580117 0.814533
662.500000000 -16.3235 15.0912 0 0 0 -0.696846 0.717221
664.100000000 -16.3327 14.13 0 0 0 -0.684485 0.729027
665.700000000 -16.141 13.21 0 0 0 -0.599678 0.800241
669.100000000 -15.7682 12.3415 0 0 0 -0.534729 0.845024
673.800000000 -15.2976 11.5024 0 0 0 -0.492427 0.870354
677.300000000 -14.6985 10.6889 0 0 0 -0.432129 0.901812
678.600000000 -14.0296 9.98361 0 0 0 -0.373912 0.927464
679.900000000 -13.2894 9.34472 0 0 0 -0.321692 0.946844
681.400000000 -12.3084 8.88868 0 0 0 -0.161824 0.98682
682.700000000 -11.3406 8.77169 0 0 0 -0.0169227 0.999857
684.200000000 -10.396 8.81991 0 0 0 0.0382926 0.999267
686.300000000 -9.3807 8.89541 0 0 0 0.0243897 0.999703
687.600000000 -8.44823 8.87583 0 0 0 -0.0342123 0.999415
689.700000000 -7.5145 8.51627 0 0 0 -0.251023 0.967981
691.100000000 -6.76625 7.81138 0 0 0 -0.395976 0.918261
692.800000000 -6.1322 7.11871 0 0 0 -0.415869 0.909425
695.500000000 -5.49042 6.38326 0 0 0 -0.392489 0.919757
697.800000000 -4.79625 5.67498 0 0 0 -0.381792 0.924248
700.300000000 -4.11245 4.996 0 0 0 -0.381258 0.924469
702.700000000 -3.45135 4.3393 0 0 0 -0.381327 0.92444
705.200000000 -2.70668 3.5987 0 0 0 -0.381395 0.924412
706.600000000 -1.96152 2.92313 0 0 0 -0.31711 0.948389
708.000000000 -1.0459 2.60746 0 0 0 -0.114489 0.993424
709.400000000 -0.0389395 2.57172 0 0 0 0.025061 0.999686
711.100000000 0.979462 2.66655 0 0 0 0.0468545 0.998902
713.800000000 1.94296 2.71011 0 0 0 0.0160675 0.999871
716.800000000 2.92176 2.72698 0 0 0 0.000111442 1
720.100000000 3.88514 2.71364 0 0 0 -0.00817464 0.999967
723.800000000 4.83291 2.69592 0 0 0 -0.00293909 0.999996
727.600000000 5.80944 2.69906 0 0 0 -0.00342003 0.999994
730.100000000 6.81867 2.68743 0 0 0 -0.00370123 0.999993
733.400000000 7.77533 2.6857 0 0 0 -0.00408054 0.999992
737.100000000 8.7379 2.68476 0 0 0 -0.0042387 0.999991
739.000000000 9.77782 2.68365 0 0 0 -0.0043682 0.99999
740.400000000 10.8304 2.6721 0 0 0 -0.00448059 0.99999
741.700000000 11.803 2.66073 0 0 0 -0.00457723 0.99999
742.900000000 12.705 2.6484 0 0 0 -0.00468935 0.999989
744.300000000 13.7574 2.6372 0 0 0 -0.00477908 0.999989
745.600000000 14.7285 2.62694 0 0 0 -0.00477071 0.999989
747.000000000 15.7803 2.74211 0 0 0 0.0855992 0.99633
748.300000000 16.7329 2.92932 0 0 0 0.0870521 0.996204
749.600000000 17.7038 3.02223 0 0 0 0.0344399 0.999407
750.900000000 18.6775 3.04335 0 0 0 -7.50974e-05 1
752.300000000 19.7327 3.04329 0 0 0 -0.000112936 1
753.600000000 20.7094 3.0418 0 0 0 -0.000166115 1
754.800000000 21.6065 3.03698 0 0 0 -0.00014973 1
756.200000000 22.6599 3.03432 0 0 0 -0.000108141 1
757.500000000 23.6336 3.03434 0 0 0 -9.87842e-05 1
758.800000000 24.6074 3.03409 0 0 0 -9.75257e-05 1
760.000000000 25.5112 3.03375 0 0 0 -9.74687e-05 1
761.300000000 26.485 3.0235 0 0 0 -9.78115e-05 1
762.700000000 27.5288 3.02337 0 0 0 -9.85819e-05 1
764.000000000 28.5126 3.03315 0 0 0 0.00164558 0.999999
765.300000000 29.4844 3.05482 0 0 0 0.0211386 0.999777
766.700000000 30.0718 2.95477 0 0 0 -0.287655 0.957734
767.400000000 29.968 2.87284 0 0 0 -0.593989 0.804473
768.000000000 29.8512 2.86286 0 0 0 -0.802438 0.596735
768.600000000 29.7487 2.9197 0 0 0 -0.941391 0.337317
769.800000000 29.0245 2.71945 0 0 0 -0.992897 0.118974
771.200000000 28.1022 2.6677 0 0 0 0.999752 0.0222729
773.000000000 27.052 2.85975 0 0 0 0.993054 0.117661
774.300000000 26.1218 3.1529 0 0 0 0.986374 0.164521
775.700000000 25.2142 3.39869 0 0 0 0.993484 0.11397
778.500000000 24.2823 3.52341 0 0 0 0.999403 0.0345511
783.500000000 23.2957 3.51487 0 0 0 -0.999896 0.0144241
787.200000000 22.3273 3.46801 0 0 0 -0.999519 0.0309974
791.000000000 21.3866 3.41204 0 0 0 -0.999791 0.0204263
794.500000000 20.4076 3.39768 0 0 0 -0.999979 0.00653202
799.100000000 19.425 3.39204 0 0 0 -0.999996 0.00276665
803.600000000 18.4405 3.38697 0 0 0 -0.999996 0.00267859
808.100000000 17.4641 3.38219 0 0 0 -0.999997 0.00260177
812.900000000 16.483 3.37796 0 0 0 -0.999997 0.00255326
817.600000000 15.5322 3.3737 0 0 0 -0.999997 0.00249787
821.100000000 14.5486 3.36941 0 0 0 -0.999997 0.00245453
825.500000000 13.5631 3.37027 0 0 0 0.999976 0.00699777
828.900000000 12.6208 3.37428 0 0 0 0.999979 0.00648989
833.600000000 11.6758 3.38912 0 0 0 0.999999 0.00160608
838.500000000 10.6927 3.39324 0 0 0 0.999999 0.00160656
843.000000000 9.73016 3.39722 0 0 0 0.999999 0.00160374
847.500000000 8.76347 3.40111 0 0 0 0.999999 0.00158673
852.100000000 7.78064 3.40469 0 0 0 0.999999 0.00156094
856.800000000 6.82695 3.4083 0 0 0 0.999999 0.00152432
860.500000000 5.86901 3.41177 0 0 0 0.999999 0.0014802
863.600000000 4.88106 3.41561 0 0 0 0.999999 0.00142384
866.600000000 3.90968 3.41929 0 0 0 0.999999 0.00136283
869.600000000 2.94467 3.42266 0 0 0 0.999999 0.00129588
872.500000000 2.00257 3.42591 0 0 0 0.999999 0.00122003
875.600000000 1.00757 3.42874 0 0 0 0.999999 0.00113551
878.500000000 0.0724891 3.4315 0 0 0 0.999999 0.00104381
881.600000000 -0.925522 3.43394 0 0 0 1 0.000946589
884.600000000 -1.89754 3.43626 0 0 0 1 0.000843555
887.600000000 -2.86605 3.43835 0 0 0 1 0.000738648
890.600000000 -3.83794 3.44053 0 0 0 1 0.000700208
893.700000000 -4.83816 3.44243 0 0 0 1 0.000678155
896.700000000 -5.80141 3.44422 0 0 0 1 0.000652622
899.000000000 -6.78427 3.66784 0 0 0 0.971901 0.235391
900.500000000 -7.53836 4.30604 0 0 0 0.95366 0.300885
901.900000000 -8.46419 4.61123 0 0 0 0.994658 0.103222
903.200000000 -9.45245 4.6192 0 0 0 -0.999817 0.0191324
904.700000000 -10.3871 4.42609 0 0 0 -0.977575 0.21059
906.100000000 -11.2255 3.77003 0 0 0 -0.952734 0.303805
907.300000000 -11.9983 3.34073 0 0 0 -0.981601 0.190945
908.700000000 -13.0134 3.19723 0 0 0 -0.999964 0.0084447
910.000000000 -13.9798 3.34699 0 0 0 0.994704 0.102783
911.400000000 -14.95 3.45799 0 0 0 0.999483 0.0321369
913.300000000 -15.916 3.4849 0 0 0 -0.99991 0.0133907
916.100000000 -16.9062 3.4405 0 0 0 0.999986 0.00526241
916.900000000 -17.0526 3.60747 0 0 0 0.952508 0.304515
917.800000000 -17.1419 3.93762 0 0 0 0.828028 0.560686
919.300000000 -17.1662 4.94367 0 0 0 0.681604 0.731721
920.600000000 -17.0117 5.90894 0 0 0 0.647432 0.762123
922.000000000 -16.9701 6.95061 0 0 0 0.691684 0.722201
923.300000000 -16.9561 7.93427 0 0 0 0.720545 0.693408
924.600000000 -16.9936 8.90747 0 0 0 0.722179 0.691707
925.900000000 -17.0179 9.8812 0 0 0 0.708898 0.705311
927.300000000 -17.1101 10.8931 0 0 0 0.781704 0.62365
928.800000000 -17.6283 11.7524 0 0 0 0.910014 0.414578
930.300000000 -18.4938 12.2409 0 0 0 0.983979 0.178287
931.700000000 -19.5129 12.3603 0 0 0 0.999934 0.0115015
933.000000000 -20.4821 12.2898 0 0 0 -0.998492 0.0548943
934.300000000 -21.4546 12.1549 0 0 0 -0.997783 0.0665524
935.600000000 -22.4267 12.1008 0 0 0 -0.999938 0.0111741
936.900000000 -23.3988 12.1374 0 0 0 0.999189 0.0402581
938.200000000 -24.3666 12.2969 0 0 0 0.994979 0.100088
939.600000000 -24.9825 12.5509 0 0 0 0.928566 0.371167
940.300000000 -24.8663 12.6217 0 0 0 0.748605 0.663016
941.000000000 -24.7397 12.601 0 0 0 0.480971 0.876736
941.600000000 -24.6495 12.5301 0 0 0 0.211857 0.977301
942.300000000 -24.4886 12.4655 0 0 0 -0.0698796 0.997555
943.900000000 -23.5744 11.9756 0 0 0 -0.197995 0.980203
945.500000000 -22.5747 11.673 0 0 0 -0.121003 0.992652
948.300000000 -21.6351 11.5582 0 0 0 -0.0483226 0.998832
952.200000000 -20.7014 11.4872 0 0 0 -0.0278034 0.999613
954.600000000 -19.6182 11.4621 0 0 0 -0.00567036 0.999984
955.900000000 -18.648 11.4674 0 0 0 0.00187358 0.999998
957.700000000 -17.7226 11.4019 0 0 0 -0.0479247 0.998851
959.300000000 -16.9227 11.0065 0 0 0 -0.316319 0.948653
960.600000000 -16.2345 10.3322 0 0 0 -0.385353 0.922769
961.900000000 -15.5448 9.63398 0 0 0 -0.38535 0.922771
963.300000000 -14.8049 8.8852 0 0 0 -0.385335 0.922777
964.600000000 -14.1197 8.18968 0 0 0 -0.385305 0.922789
966.000000000 -13.3796 7.44065 0 0 0 -0.385271 0.922803
967.300000000 -12.6996 6.7516 0 0 0 -0.385235 0.922818
968.600000000 -12.0042 6.05651 0 0 0 -0.385151 0.922854
970.000000000 -11.2838 5.28745 0 0 0 -0.39437 0.918952
971.400000000 -10.568 4.57129 0 0 0 -0.384606 0.923081
972.700000000 -9.88552 3.84992 0 0 0 -0.38336 0.923599
974.100000000 -9.13706 3.11754 0 0 0 -0.383314 0.923618
975.500000000 -8.39378 2.37135 0 0 0 -0.383169 0.923678
976.700000000 -7.76053 1.73597 0 0 0 -0.383029 0.923736
978.100000000 -7.01693 0.990896 0 0 0 -0.383023 0.923739
979.400000000 -6.33354 0.306045 0 0 0 -0.383015 0.923742
980.600000000 -5.68959 -0.328982 0 0 0 -0.383068 0.92372
982.000000000 -4.95026 -1.07978 0 0 0 -0.383116 0.9237
983.400000000 -4.20679 -1.82455 0 0 0 -0.383132 0.923694
984.700000000 -3.44845 -2.44804 0 0 0 -0.291802 0.956479
985.900000000 -2.61492 -2.74674 0 0 0 -0.146881 0.989154
987.300000000 -1.58205 -2.8343 0 0 0 0.00764794 0.999971
988.600000000 -0.605499 -2.76918 0 0 0 0.0524071 0.998626
989.900000000 0.372106 -2.69316 0 0 0 0.0243325 0.999704
991.200000000 1.34304 -2.6797 0 0 0 -0.00474227 0.999989
992.500000000 2.32295 -2.79865 0 0 0 -0.0589968 0.998258
993.800000000 3.24094 -3.02166 0 0 0 -0.172874 0.984944
995.200000000 4.09085 -3.57889 0 0 0 -0.34179 0.939776
996.500000000 4.76641 -4.27439 0 0 0 -0.40144 0.915885
997.800000000 5.45216 -4.96534 0 0 0 -0.385991 0.922503
999.100000000 6.1313 -5.66379 0 0 0 -0.377248 0.926112
1000.400000000 6.83883 -6.34381 0 0 0 -0.384517 0.923118
1001.600000000 7.47701 -6.98326 0 0 0 -0.384983 0.922923
1003.000000000 8.19723 -7.74042 0 0 0 -0.39276 0.919641
1004.300000000 8.82285 -8.50111 0 0 0 -0.437405 0.899264
1005.600000000 9.01658 -9.07897 0 0 0 -0.694974 0.719035
1006.200000000 8.90139 -9.06456 0 0 0 -0.874094 0.485756
1006.800000000 8.81808 -8.98322 0 0 0 -0.977706 0.209977
1007.400000000 8.79381 -8.86853 0 0 0 0.996485 0.0837664
1007.900000000 8.82893 -8.78232 0 0 0 0.945926 0.324382
1008.600000000 8.90896 -8.78804 0 0 0 0.782038 0.623231
1009.300000000 9.09801 -8.54357 0 0 0 0.566391 0.824137
1011.500000000 9.63401 -7.65206 0 0 0 0.605357 0.795954
1013.000000000 9.75701 -6.64658 0 0 0 0.636006 0.771684
1014.300000000 10.0559 -5.70437 0 0 0 0.570455 0.821329
1015.600000000 10.4945 -4.8297 0 0 0 0.511739 0.859141
1016.900000000 11.0034 -4.00949 0 0 0 0.462003 0.886878
1018.300000000 11.6795 -3.19868 0 0 0 0.410179 0.912005
1019.600000000 12.3619 -2.49363 0 0 0 0.380148 0.924926
1020.900000000 13.057 -1.82604 0 0 0 0.357624 0.933866
1022.200000000 13.6973 -1.08871 0 0 0 0.46978 0.882783
1023.500000000 14.0645 -0.181476 0 0 0 0.59821 0.801339
1025.000000000 14.1371 0.773787 0 0 0 0.700079 0.714065
1027.400000000 14.1352 1.76577 0 0 0 0.711462 0.702725
1029.300000000 14.1319 2.76962 0 0 0 0.707379 0.706835
1030.600000000 14.1305 3.74389 0 0 0 0.70739 0.706824
1031.900000000 14.129 4.71692 0 0 0 0.707398 0.706815
1033.300000000 14.1279 5.76958 0 0 0 0.707402 0.706811
1034.600000000 14.1268 6.74349 0 0 0 0.707408 0.706805
1036.000000000 14.1257 7.79741 0 0 0 0.707409 0.706804
1037.300000000 14.1247 8.77134 0 0 0 0.707406 0.706808
1038.600000000 14.1236 9.74524 0 0 0 0.707398 0.706816
1039.900000000 14.1225 10.7191 0 0 0 0.707385 0.706828
1041.200000000 14.1215 11.6931 0 0 0 0.707369 0.706845
1042.500000000 14.1206 12.6656 0 0 0 0.70736 0.706854
1043.800000000 14.1428 13.6489 0 0 0 0.688 0.725711
1045.200000000 14.2819 14.6832 0 0 0 0.632337 0.774694
1046.500000000 14.5673 15.6148 0 0 0 0.580773 0.814066
1047.600000000 14.8158 15.9952 0 0 0 0.342846 0.939392
1048.200000000 14.868 15.8906 0 0 0 0.05408 0.998537
1049.000000000 14.8353 15.7442 0 0 0 -0.33257 0.943078
1049.600000000 14.7455 15.6689 0 0 0 -0.592667 0.805447
1050.100000000 14.6695 15.5956 0 0 0 -0.752549 0.658536
1050.800000000 14.5089 15.5063 0 0 0 -0.903566 0.428448
1052.300000000 13.6594 14.8683 0 0 0 -0.948441 0.316955
1053.700000000 12.8839 14.1604 0 0 0 -0.925793 0.378031
1054.900000000 12.2596 13.5208 0 0 0 -0.919812 0.39236
1056.300000000 11.528 12.7646 0 0 0 -0.919453 0.393199
1057.600000000 10.9459 11.9913 0 0 0 -0.868841 0.495091
1059.100000000 10.7012 10.9958 0 0 0 -0.734375 0.678744
1060.300000000 10.7259 10.0791 0 0 0 -0.681304 0.732
1061.700000000 10.8334 9.03858 0 0 0 -0.680473 0.732773
1063.200000000 10.7339 8.10091 0 0 0 -0.789524 0.61372
1064.600000000 10.2298 7.24513 0 0 0 -0.898371 0.439237
1066.000000000 9.52749 6.47924 0 0 0 -0.90279 0.430082
1067.500000000 9.06924 5.49458 0 0 0 -0.800492 0.599343
1068.900000000 9.0273 4.46927 0 0 0 -0.687307 0.726367
1070.300000000 9.18413 3.43237 0 0 0 -0.645697 0.763594
1071.900000000 9.3222 2.36418 0 0 0 -0.682442 0.73094
1073.200000000 9.29228 1.39237 0 0 0 -0.73024 0.68319
1074.500000000 9.22219 0.431444 0 0 0 -0.732216 0.681073
1075.800000000 9.19671 -0.549635 0 0 0 -0.705162 0.709046
1077.100000000 9.22687 -1.48699 0 0 0 -0.667542 0.744572
1077.800000000 9.34462 -1.47985 0 0 0 -0.393659 0.919257
1078.500000000 9.40841 -1.36047 0 0 0 -0.054067 0.998537
1079.400000000 9.66635 -1.17968 0 0 0 0.250184 0.968198
1080.900000000 10.3593 -0.408494 0 0 0 0.429157 0.90323
1082.200000000 11.0112 0.313551 0 0 0 0.394571 0.918866
1083.700000000 11.5574 0.684701 0 0 0 0.0623154 0.998057
1084.300000000 11.5476 0.55331 0 0 0 -0.230383 0.9731
1084.900000000 11.4753 0.459599 0 0 0 -0.503774 0.863835
1085.600000000 11.3589 0.398312 0 0 0 -0.758627 0.651526
1087.000000000 10.8692 -0.214545 0 0 0 -0.923027 0.384734
1088.300000000 10.0888 -0.796673 0 0 0 -0.945439 0.325798
1089.600000000 9.70563 -1.23904 0 0 0 -0.805752 0.592253
1090.300000000 9.85791 -1.23139 0 0 0 -0.553548 0.832817
1090.900000000 9.9498 -1.15604 0 0 0 -0.28225 0.959341
1091.400000000 9.98462 -1.05335 0 0 0 -0.0369526 0.999317
1092.500000000 10.2993 -0.757227 0 0 0 0.310683 0.950514
1093.900000000 10.9802 0.017292 0 0 0 0.443515 0.896267
1095.400000000 11.6059 0.653505 0 0 0 0.244693 0.969601
1096.000000000 11.6438 0.531387 0 0 0 -0.0481098 0.998842
1096.600000000 11.6102 0.410731 0 0 0 -0.336623 0.94164
1097.100000000 11.5363 0.348021 0 0 0 -0.555883 0.83126
1097.800000000 11.4017 0.234912 0 0 0 -0.774057 0.633116
1099.100000000 10.9297 -0.39293 0 0 0 -0.908448 0.417998
1100.400000000 10.2261 -1.07068 0 0 0 -0.929424 0.369013
1101.700000000 9.57599 -1.79274 0 0 0 -0.90315 0.429326
1103.200000000 9.1255 -2.77918 0 0 0 -0.797972 0.602694
1104.500000000 9.06643 -3.75471 0 0 0 -0.699642 0.714494
1105.800000000 9.17872 -4.73077 0 0 0 -0.665017 0.746828
1107.100000000 9.2404 -5.69045 0 0 0 -0.687704 0.725991
1108.400000000 9.24895 -6.6709 0 0 0 -0.711103 0.703088
1109.700000000 9.23754 -7.65091 0 0 0 -0.703452 0.710743
1111.000000000 9.3142 -8.6247 0 0 0 -0.648985 0.760801
1112.600000000 9.74163 -9.57152 0 0 0 -0.451483 0.89228
1114.100000000 10.5905 -10.2094 0 0 0 -0.248514 0.968628
1115.400000000 11.5039 -10.5235 0 0 0 -0.122323 0.99249
1116.800000000 12.4906 -10.6956 0 0 0 -0.137705 0.990473
1118.200000000 13.1161 -11.1487 0 0 0 -0.431473 0.902126
1118.800000000 13.0112 -11.1913 0 0 0 -0.675384 0.737466
1119.400000000 12.8949 -11.1769 0 0 0 -0.86081 0.508926
1120.000000000 12.8065 -11.1004 0 0 0 -0.971677 0.236315
1120.600000000 12.7775 -10.9675 0 0 0 0.998367 0.0571169
1121.200000000 12.8153 -10.8864 0 0 0 0.938509 0.345256
1121.900000000 12.8708 -10.7385 0 0 0 0.792839 0.609431
1122.500000000 12.9542 -10.5914 0 0 0 0.633574 0.773682
1123.400000000 13.19 -10.3657 0 0 0 0.375118 0.926977
1125.000000000 14.0419 -9.82438 0 0 0 0.349323 0.937002
1126.300000000 14.6598 -9.05966 0 0 0 0.42457 0.905395
1127.700000000 14.9252 -8.55778 0 0 0 0.701761 0.712413
1128.300000000 14.8157 -8.59315 0 0 0 0.880666 0.473738
1129.000000000 14.7211 -8.68771 0 0 0 0.989806 0.142425
1129.600000000 14.7127 -8.8185 0 0 0 -0.989013 0.147828
1130.200000000 14.6864 -8.94912 0 0 0 -0.920478 0.390794
