0.300000000 0.2 0 0 0 0 0 1
8.600000000 0.990034 -0.122977 0 0 0 -0.343491 0.939156
9.100000000 0.90043 -0.186765 0 0 0 -0.564674 0.825314
9.700000000 0.782474 -0.195157 0 0 0 -0.783368 0.621558
10.300000000 0.680402 -0.135514 0 0 0 -0.932074 0.362269
11.000000000 0.628087 -0.00882012 0 0 0 -0.999786 0.0206707
11.700000000 0.668287 0.115368 0 0 0 0.946054 0.324009
12.300000000 0.76534 0.184809 0 0 0 0.808212 0.588891
12.800000000 0.873474 0.195187 0 0 0 0.637794 0.770207
13.500000000 0.977886 0.129498 0 0 0 0.33442 0.942424
14.100000000 1.02193 0.0197732 0 0 0 0.0409681 0.99916
14.700000000 0.996345 -0.0856617 0 0 0 -0.25614 0.96664
18.200000000 1.19172 -0.0663853 0 0 0 0.13977 0.990184
18.800000000 1.13087 0.0443757 0 0 0 0.425593 0.904915
19.500000000 1.03664 0.159746 0 0 0 0.681742 0.731593
20.300000000 0.85894 0.341787 0 0 0 0.861117 0.508407
21.800000000 0.117688 1.03839 0 0 0 0.938841 0.34435
23.200000000 -0.650114 1.75803 0 0 0 0.920207 0.391431
24.500000000 -1.25743 2.51667 0 0 0 0.890339 0.455299
25.800000000 -1.75213 3.35559 0 0 0 0.863639 0.504111
27.100000000 -2.16782 4.24759 0 0 0 0.827677 0.561205
28.400000000 -2.57744 5.13644 0 0 0 0.842792 0.53824
29.800000000 -2.94168 6.12204 0 0 0 0.798728 0.601692
31.000000000 -2.88548 6.63831 0 0 0 0.569423 0.822045
31.900000000 -2.59711 6.88171 0 0 0 0.334528 0.942386
33.500000000 -1.59113 7.20063 0 0 0 0.0664144 0.997792
34.700000000 -0.699843 7.11899 0 0 0 -0.0498175 0.998758
36.000000000 0.274383 7.02971 0 0 0 -0.0459377 0.998944
37.100000000 0.495126 7.14412 0 0 0 0.285526 0.958371
37.700000000 0.41297 7.21924 0 0 0 0.555977 0.831198
38.500000000 0.266459 7.3861 0 0 0 0.788549 0.614971
39.800000000 -0.257982 7.92171 0 0 0 0.929486 0.368859
41.100000000 -0.975743 8.57413 0 0 0 0.929069 0.369907
42.400000000 -1.66087 9.27159 0 0 0 0.915538 0.40223
43.800000000 -2.20119 10.1579 0 0 0 0.83973 0.543005
45.300000000 -2.37189 11.188 0 0 0 0.734288 0.678838
47.300000000 -2.35079 12.1183 0 0 0 0.677741 0.735301
51.300000000 -2.25539 13.0408 0 0 0 0.673481 0.739205
55.800000000 -2.20201 14.0107 0 0 0 0.690486 0.723346
59.800000000 -2.18065 15.0065 0 0 0 0.702076 0.712102
62.500000000 -2.19127 16.0108 0 0 0 0.725479 0.688244
63.700000000 -2.32399 16.9301 0 0 0 0.800094 0.599875
65.100000000 -2.70235 17.9086 0 0 0 0.820706 0.57135
66.500000000 -2.87525 18.9002 0 0 0 0.72019 0.693777
67.900000000 -2.60426 19.8124 0 0 0 0.548755 0.835984
69.300000000 -2.13329 20.7801 0 0 0 0.572774 0.819714
71.000000000 -2.03406 21.7399 0 0 0 0.69105 0.722807
72.300000000 -2.14274 22.712 0 0 0 0.76908 0.639153
73.700000000 -2.25884 23.6603 0 0 0 0.731691 0.681636
76.300000000 -2.24583 24.664 0 0 0 0.694468 0.719524
80.500000000 -2.20116 25.6215 0 0 0 0.69526 0.718758
84.900000000 -2.18623 26.5921 0 0 0 0.703793 0.710405
88.600000000 -2.18089 27.5783 0 0 0 0.705113 0.709095
90.800000000 -2.21625 28.5551 0 0 0 0.742529 0.669814
92.300000000 -2.61857 29.5008 0 0 0 0.873684 0.486495
93.700000000 -3.3183 30.2656 0 0 0 0.923513 0.383567
95.000000000 -4.01916 30.9433 0 0 0 0.926106 0.377263
96.100000000 -4.14548 31.2831 0 0 0 0.749828 0.661633
96.800000000 -4.04925 31.5205 0 0 0 0.57935 0.815079
98.400000000 -3.34149 32.3034 0 0 0 0.369224 0.92934
99.700000000 -2.64553 32.9839 0 0 0 0.406637 0.91359
101.100000000 -2.15813 33.8603 0 0 0 0.567123 0.823633
102.700000000 -2.01752 34.9314 0 0 0 0.699403 0.714727
104.100000000 -2.1241 35.9777 0 0 0 0.759984 0.649942
105.400000000 -2.22464 36.849 0 0 0 0.734448 0.678665
107.700000000 -2.24926 37.8609 0 0 0 0.708911 0.705297
110.700000000 -2.21225 38.8407 0 0 0 0.687063 0.726598
112.100000000 -2.20595 39.8856 0 0 0 0.73566 0.677351
113.400000000 -2.37925 40.8491 0 0 0 0.805388 0.592748
114.800000000 -2.89176 41.7517 0 0 0 0.893872 0.448322
116.100000000 -3.5613 42.4585 0 0 0 0.927095 0.374827
117.100000000 -3.85289 42.5696 0 0 0 0.998289 0.0584787
117.800000000 -3.83095 42.4359 0 0 0 -0.958305 0.285749
118.500000000 -3.72926 42.3502 0 0 0 -0.803919 0.594739
119.000000000 -3.64999 42.3502 0 0 0 -0.630916 0.775851
119.700000000 -3.5659 42.4171 0 0 0 -0.326054 0.945351
120.200000000 -3.46991 42.4846 0 0 0 -0.109388 0.993999
121.000000000 -3.30511 42.6104 0 0 0 0.20633 0.978483
122.300000000 -2.7851 43.1912 0 0 0 0.455539 0.890216
123.600000000 -2.30365 44.0594 0 0 0 0.577644 0.816289
124.900000000 -2.17431 45.0093 0 0 0 0.687894 0.725811
126.200000000 -2.25219 45.9895 0 0 0 0.734775 0.678311
127.500000000 -2.29616 46.9608 0 0 0 0.72107 0.692862
128.800000000 -2.29742 47.9351 0 0 0 0.702496 0.711687
130.100000000 -2.29377 48.9096 0 0 0 0.707982 0.706231
131.400000000 -2.29705 49.8863 0 0 0 0.707982 0.70623
132.700000000 -2.29975 50.8601 0 0 0 0.707965 0.706248
133.900000000 -2.32396 51.7631 0 0 0 0.726505 0.687161
135.300000000 -2.43279 52.8089 0 0 0 0.758211 0.65201
136.700000000 -2.70443 53.8138 0 0 0 0.794995 0.606616
138.000000000 -2.87812 54.7684 0 0 0 0.755651 0.654974
139.300000000 -2.91356 55.7513 0 0 0 0.694145 0.719835
140.200000000 -2.83532 55.937 0 0 0 0.427666 0.903937
140.900000000 -2.75429 55.8416 0 0 0 0.0974271 0.995243
141.600000000 -2.76382 55.6969 0 0 0 -0.244532 0.969641
142.200000000 -2.83048 55.618 0 0 0 -0.516204 0.856466
142.800000000 -2.8835 55.5866 0 0 0 -0.743168 0.669105
143.800000000 -3.1948 55.2861 0 0 0 -0.906356 0.422514
145.200000000 -3.97271 54.6442 0 0 0 -0.947132 0.320843
146.100000000 -4.22595 54.6214 0 0 0 -0.999935 0.0113871
146.700000000 -4.20378 54.7263 0 0 0 0.959935 0.280221
147.300000000 -4.12124 54.7993 0 0 0 0.836788 0.547527
148.000000000 -3.98676 54.8191 0 0 0 0.602615 0.798032
149.500000000 -3.35726 55.4651 0 0 0 0.373349 0.927691
150.800000000 -2.70317 56.1265 0 0 0 0.364859 0.931063
152.100000000 -1.95839 56.8213 0 0 0 0.388898 0.921281
153.400000000 -1.27169 57.4972 0 0 0 0.355669 0.934612
154.700000000 -0.448634 57.9665 0 0 0 0.202657 0.97925
156.200000000 0.527246 58.1418 0 0 0 0.0371966 0.999308
158.600000000 1.47931 58.1096 0 0 0 -0.0335358 0.999438
163.000000000 2.42479 58.0429 0 0 0 -0.0296592 0.99956
167.100000000 3.41593 58.0247 0 0 0 -0.00934099 0.999956
170.500000000 4.3825 58.0169 0 0 0 -0.00253627 0.999997
174.200000000 5.34766 58.0098 0 0 0 -0.00235987 0.999997
176.300000000 5.81348 58.1397 0 0 0 0.339558 0.940585
176.800000000 5.73462 58.2054 0 0 0 0.561116 0.827737
177.600000000 5.62448 58.4156 0 0 0 0.778371 0.627805
179.300000000 5.17427 59.3356 0 0 0 0.813857 0.581065
180.100000000 5.25427 59.4801 0 0 0 0.581495 0.81355
180.700000000 5.34476 59.4398 0 0 0 0.319482 0.947592
181.200000000 5.4142 59.3467 0 0 0 0.0974515 0.99524
181.900000000 5.53606 59.2414 0 0 0 -0.183806 0.982963
183.500000000 6.33185 58.5387 0 0 0 -0.378187 0.925729
184.800000000 7.0906 57.9512 0 0 0 -0.271921 0.962319
186.200000000 8.00892 57.7043 0 0 0 -0.0560872 0.998426
187.600000000 9.01336 57.8151 0 0 0 0.0891155 0.996021
188.900000000 9.98784 57.9991 0 0 0 0.0876486 0.996151
190.600000000 10.9161 58.0765 0 0 0 0.0224247 0.999749
193.900000000 11.8469 58.0611 0 0 0 -0.0151305 0.999886
198.400000000 12.801 58.0425 0 0 0 -0.00946347 0.999955
203.100000000 13.7389 58.0342 0 0 0 -0.00192317 0.999998
207.800000000 14.7109 58.0311 0 0 0 -0.00159589 0.999999
211.600000000 15.6969 58.0278 0 0 0 -0.00159589 0.999999
215.700000000 16.7656 58.0512 0 0 0 0.0316047 0.9995
216.700000000 17.1205 58.2613 0 0 0 0.320931 0.947103
217.700000000 17.3623 58.7416 0 0 0 0.53312 0.84604
218.900000000 17.4451 59.3176 0 0 0 0.759692 0.650284
219.500000000 17.335 59.2713 0 0 0 0.917689 0.397299
220.200000000 17.2766 59.1485 0 0 0 0.998321 0.0579252
220.800000000 17.2982 59.0423 0 0 0 -0.97085 0.239686
221.300000000 17.3617 58.9586 0 0 0 -0.88166 0.471885
221.900000000 17.465 58.9151 0 0 0 -0.70283 0.711357
222.900000000 17.7469 58.6016 0 0 0 -0.453391 0.891312
224.300000000 18.5233 57.9239 0 0 0 -0.331926 0.943306
225.800000000 19.2024 57.2831 0 0 0 -0.36408 0.931367
228.900000000 19.9017 56.6019 0 0 0 -0.378845 0.92546
232.900000000 20.5815 55.9261 0 0 0 -0.38134 0.924435
236.900000000 21.2358 55.2201 0 0 0 -0.424434 0.905459
238.600000000 21.7507 54.3818 0 0 0 -0.551306 0.834303
240.400000000 21.9245 53.4665 0 0 0 -0.653749 0.756711
244.200000000 21.9504 52.4907 0 0 0 -0.709071 0.705137
248.700000000 21.9099 51.5343 0 0 0 -0.721932 0.691964
253.700000000 21.9685 50.551 0 0 0 -0.675578 0.737289
255.700000000 21.7419 49.8494 0 0 0 -0.858839 0.512246
257.100000000 21.0535 49.0945 0 0 0 -0.932946 0.360017
259.000000000 20.3368 48.416 0 0 0 -0.927448 0.373952
262.500000000 19.6555 47.7469 0 0 0 -0.924911 0.380184
266.500000000 18.9702 47.0694 0 0 0 -0.924911 0.380184
270.300000000 18.2899 46.397 0 0 0 -0.924911 0.380184
274.600000000 17.5921 45.7069 0 0 0 -0.924911 0.380184
278.700000000 16.923 45.0455 0 0 0 -0.924911 0.380184
283.000000000 16.2288 44.3491 0 0 0 -0.924911 0.380184
287.100000000 15.5173 43.6554 0 0 0 -0.924911 0.380184
290.400000000 14.8345 42.9803 0 0 0 -0.924911 0.380184
294.800000000 14.1591 42.3027 0 0 0 -0.924911 0.380184
298.000000000 13.4938 41.645 0 0 0 -0.924911 0.380184
301.700000000 12.8096 40.9786 0 0 0 -0.924911 0.380184
305.600000000 12.1068 40.2835 0 0 0 -0.924911 0.380184
309.100000000 11.4265 39.6061 0 0 0 -0.922713 0.385489
310.900000000 10.8 38.867 0 0 0 -0.876981 0.480525
312.200000000 10.4587 37.9038 0 0 0 -0.800437 0.599417
314.000000000 10.4362 36.9207 0 0 0 -0.721617 0.692292
315.600000000 10.7314 36.1615 0 0 0 -0.501898 0.864927
317.000000000 11.3993 35.4843 0 0 0 -0.365591 0.930776
318.300000000 12.05 34.8761 0 0 0 -0.367166 0.930156
320.200000000 12.6814 34.2626 0 0 0 -0.35865 0.933472
325.200000000 13.5205 33.7465 0 0 0 -0.225471 0.97425
329.900000000 14.4743 33.515 0 0 0 -0.0831493 0.996537
334.800000000 15.4515 33.4766 0 0 0 -0.000543332 1
339.000000000 16.4225 33.5821 0 0 0 0.115224 0.99334
340.400000000 17.1241 34.0797 0 0 0 0.356574 0.934267
341.700000000 17.8848 34.724 0 0 0 0.335479 0.942048
343.000000000 18.7255 35.1747 0 0 0 0.191631 0.981467
344.800000000 19.652 35.3265 0 0 0 -0.102205 0.994763
345.900000000 20.2129 34.8848 0 0 0 -0.329885 0.944021
348.600000000 20.9576 34.2331 0 0 0 -0.340425 0.940272
352.400000000 21.7453 33.733 0 0 0 -0.228539 0.973535
353.900000000 22.6682 33.5616 0 0 0 -0.0852984 0.996355
356.300000000 23.6563 33.4491 0 0 0 0.0102601 0.999947
361.000000000 24.6083 33.5301 0 0 0 0.0372942 0.999304
365.900000000 25.5777 33.5921 0 0 0 0.0304516 0.999536
370.900000000 26.5589 33.6203 0 0 0 0.00940353 0.999956
375.100000000 27.5221 33.6277 0 0 0 0.00149651 0.999999
379.900000000 28.4723 33.6307 0 0 0 0.00149651 0.999999
381.800000000 29.1579 33.874 0 0 0 0.261961 0.965079
383.300000000 29.9182 34.6117 0 0 0 0.3925 0.919752
385.200000000 30.5874 35.2954 0 0 0 0.388656 0.921383
389.300000000 31.2944 36.0108 0 0 0 0.385179 0.922842
391.900000000 32.0157 36.7398 0 0 0 0.385179 0.922842
394.600000000 32.6819 37.4139 0 0 0 0.385179 0.922842
397.900000000 33.3429 38.1026 0 0 0 0.401066 0.916049
400.700000000 33.9642 38.9505 0 0 0 0.512511 0.858681
402.000000000 34.2258 39.8779 0 0 0 0.641171 0.767398
403.300000000 34.2507 40.8513 0 0 0 0.721822 0.692078
404.600000000 34.1336 41.8169 0 0 0 0.759517 0.650488
405.800000000 34.2974 42.3662 0 0 0 0.532409 0.846487
407.300000000 35.0044 43.1401 0 0 0 0.37096 0.928649
408.600000000 35.7266 43.8167 0 0 0 0.373535 0.927616
410.200000000 36.3933 44.4806 0 0 0 0.383051 0.923727
411.400000000 36.5298 44.8321 0 0 0 0.65017 0.759789
412.100000000 36.4007 44.9593 0 0 0 0.835024 0.550214
413.700000000 35.6707 45.6972 0 0 0 0.933293 0.359115
415.100000000 34.8963 46.4103 0 0 0 0.924715 0.380661
416.400000000 34.3083 47.1827 0 0 0 0.88014 0.474715
417.900000000 33.9856 48.1892 0 0 0 0.756731 0.653727
419.200000000 34.0288 49.1762 0 0 0 0.679595 0.733587
420.500000000 34.1047 50.1302 0 0 0 0.671728 0.740798
421.800000000 34.175 51.1113 0 0 0 0.701717 0.712456
423.300000000 34.2234 52.0892 0 0 0 0.61313 0.789982
424.900000000 34.8727 52.8637 0 0 0 0.36867 0.92956
426.300000000 35.6346 53.5804 0 0 0 0.372188 0.928158
427.600000000 36.3301 54.2733 0 0 0 0.382008 0.924159
429.000000000 37.0751 55.0066 0 0 0 0.381946 0.924185
430.300000000 37.7658 55.6951 0 0 0 0.38193 0.924191
431.700000000 38.5108 56.4382 0 0 0 0.381912 0.924199
433.000000000 39.2016 57.1267 0 0 0 0.381893 0.924207
434.400000000 40.0112 57.7971 0 0 0 0.316446 0.94861
435.800000000 40.8791 58.2193 0 0 0 0.130074 0.991504
437.100000000 41.8079 58.205 0 0 0 -0.0421902 0.99911
438.400000000 42.7695 58.059 0 0 0 -0.072991 0.997333
439.800000000 43.8109 58.0111 0 0 0 -0.0114736 0.999934
441.400000000 44.6397 58.1304 0 0 0 0.292637 0.956224
442.000000000 44.5474 58.2043 0 0 0 0.56217 0.827022
442.600000000 44.4293 58.2134 0 0 0 0.781428 0.623996
443.200000000 44.3263 58.1547 0 0 0 0.930809 0.365506
443.700000000 44.2846 58.0684 0 0 0 0.992213 0.124553
444.400000000 44.134 57.9349 0 0 0 -0.988749 0.149583
445.900000000 43.4369 57.3136 0 0 0 -0.908662 0.417532
447.300000000 43.1878 56.6326 0 0 0 -0.737995 0.674806
447.800000000 43.2733 56.657 0 0 0 -0.548609 0.836079
448.400000000 43.3528 56.7242 0 0 0 -0.277043 0.960858
449.100000000 43.4172 56.8572 0 0 0 0.0569281 0.998378
450.200000000 43.8711 57.172 0 0 0 0.325444 0.945561
451.500000000 44.6164 57.81 0 0 0 0.315446 0.948944
452.800000000 45.4648 58.204 0 0 0 0.158536 0.987353
454.200000000 46.4545 58.2464 0 0 0 -0.0346594 0.999399
455.500000000 47.4127 58.1133 0 0 0 -0.0867673 0.996229
456.800000000 48.3854 57.975 0 0 0 -0.0476776 0.998863
458.200000000 49.4376 57.9555 0 0 0 0.0127588 0.999919
459.600000000 50.4781 58.0105 0 0 0 0.0167797 0.999859
461.000000000 51.5306 58.0017 0 0 0 -0.00629469 0.99998
462.400000000 52.5843 58.0003 0 0 0 0.0006651 1
463.700000000 53.5581 58.0017 0 0 0 0.0006651 1
465.100000000 54.492 57.9146 0 0 0 -0.129123 0.991629
466.700000000 55.2719 57.3494 0 0 0 -0.387853 0.921721
468.000000000 55.9281 56.5519 0 0 0 -0.400607 0.91625
469.200000000 56.568 55.9142 0 0 0 -0.367747 0.929926
470.600000000 57.4062 55.2396 0 0 0 -0.303322 0.952888
472.100000000 57.9322 54.494 0 0 0 -0.548815 0.835944
473.700000000 58.0176 53.5293 0 0 0 -0.710416 0.703782
476.500000000 57.9317 52.5793 0 0 0 -0.74596 0.665991
480.800000000 57.8401 51.5939 0 0 0 -0.732409 0.680865
483.900000000 57.5399 50.6529 0 0 0 -0.860789 0.508962
485.300000000 56.9281 49.8608 0 0 0 -0.928597 0.37109
486.700000000 56.1754 49.1888 0 0 0 -0.906056 0.423158
488.000000000 55.8341 48.3313 0 0 0 -0.823606 0.567162
489.600000000 55.5524 47.3414 0 0 0 -0.836386 0.548141
491.100000000 54.8679 46.5274 0 0 0 -0.926593 0.376067
492.400000000 54.2162 45.8036 0 0 0 -0.878922 0.476966
493.800000000 53.9419 44.8858 0 0 0 -0.756797 0.65365
495.500000000 54.0427 43.9385 0 0 0 -0.652741 0.757581
499.100000000 54.1187 43.0097 0 0 0 -0.693486 0.72047
503.300000000 54.118 42.0477 0 0 0 -0.705483 0.708727
506.200000000 54.1227 41.0355 0 0 0 -0.705482 0.708728
507.700000000 54.0065 40.1186 0 0 0 -0.786469 0.61763
509.700000000 53.5311 39.2518 0 0 0 -0.886566 0.462601
512.400000000 52.8287 38.4818 0 0 0 -0.918152 0.396228
513.900000000 52.1228 37.7659 0 0 0 -0.927175 0.374629
515.300000000 51.3733 37.0277 0 0 0 -0.924707 0.380679
516.600000000 50.6863 36.3469 0 0 0 -0.924707 0.380679
517.900000000 49.9933 35.6607 0 0 0 -0.924707 0.380679
519.200000000 49.2963 34.9699 0 0 0 -0.924707 0.380678
521.600000000 48.6137 34.2378 0 0 0 -0.902943 0.42976
523.000000000 48.1444 33.3664 0 0 0 -0.836179 0.548457
525.000000000 48.049 32.5286 0 0 0 -0.613313 0.78984
525.500000000 48.1497 32.5604 0 0 0 -0.399401 0.916777
526.200000000 48.2625 32.6718 0 0 0 -0.0898429 0.995956
527.000000000 48.5209 32.7797 0 0 0 0.174556 0.984647
528.400000000 49.36 33.3396 0 0 0 0.300364 0.953825
529.700000000 50.1952 33.7454 0 0 0 0.14533 0.989383
531.100000000 51.1916 33.7626 0 0 0 -0.0428676 0.999081
532.500000000 52.2249 33.6352 0 0 0 -0.0643086 0.99793
533.800000000 53.2069 33.5692 0 0 0 -0.0122391 0.999925
535.100000000 54.1905 33.5258 0 0 0 0.00813938 0.999967
536.300000000 55.0742 33.5571 0 0 0 -0.00191378 0.999998
538.100000000 56.0899 33.2568 0 0 0 -0.297195 0.954817
539.400000000 56.7905 32.5845 0 0 0 -0.387102 0.922037
540.700000000 57.4661 31.9327 0 0 0 -0.368797 0.92951
542.000000000 58.1228 31.158 0 0 0 -0.456802 0.889568
543.400000000 58.5422 30.2167 0 0 0 -0.592566 0.805522
545.000000000 58.6645 29.238 0 0 0 -0.693933 0.720039
546.600000000 58.6889 28.3208 0 0 0 -0.696504 0.717553
548.300000000 59.0583 27.4043 0 0 0 -0.461139 0.887328
549.300000000 59.3868 27.2622 0 0 0 -0.15724 0.98756
550.000000000 59.4708 27.3622 0 0 0 0.139744 0.990188
550.700000000 59.4832 27.5141 0 0 0 0.430324 0.902675
551.300000000 59.3734 27.5581 0 0 0 0.677862 0.735189
551.900000000 59.2681 27.5324 0 0 0 0.86485 0.502031
552.600000000 59.1873 27.4461 0 0 0 0.984669 0.174434
553.200000000 59.1151 27.3671 0 0 0 -0.99582 0.0913343
554.300000000 58.6195 26.9653 0 0 0 -0.940438 0.339965
555.500000000 58.0943 26.2618 0 0 0 -0.878117 0.478446
556.900000000 57.6522 25.3074 0 0 0 -0.838358 0.545119
558.200000000 57.1303 24.475 0 0 0 -0.881165 0.472809
559.500000000 56.7364 23.5894 0 0 0 -0.811251 0.584698
561.400000000 56.6203 22.5926 0 0 0 -0.72382 0.689989
563.800000000 56.3892 21.7085 0 0 0 -0.893115 0.449829
565.100000000 55.6604 21.3365 0 0 0 -0.979779 0.200082
566.800000000 54.6761 21.1823 0 0 0 -0.999624 0.0274135
569.500000000 53.6931 21.0827 0 0 0 -0.991356 0.131201
570.800000000 53.136 20.5977 0 0 0 -0.920123 0.39163
573.100000000 52.435 19.9037 0 0 0 -0.941029 0.338326
574.800000000 51.537 19.5093 0 0 0 -0.991634 0.12908
576.200000000 50.5459 19.298 0 0 0 -0.996705 0.081117
577.800000000 49.6611 18.9139 0 0 0 -0.961444 0.275002
580.000000000 48.8821 18.2481 0 0 0 -0.931334 0.364166
584.000000000 48.1865 17.5604 0 0 0 -0.924822 0.3804
588.300000000 47.5246 16.892 0 0 0 -0.919744 0.392519
590.800000000 46.9041 16.0833 0 0 0 -0.878299 0.478112
592.200000000 46.5238 15.1116 0 0 0 -0.792241 0.610209
593.600000000 46.5179 14.0964 0 0 0 -0.711006 0.703186
594.900000000 46.4392 13.0948 0 0 0 -0.697422 0.716661
596.100000000 46.4832 12.2014 0 0 0 -0.702447 0.711736
597.500000000 46.615 11.16 0 0 0 -0.673253 0.739412
598.500000000 46.6775 10.8672 0 0 0 -0.411815 0.911268
599.000000000 46.7595 10.9463 0 0 0 -0.174201 0.98471
599.800000000 46.9621 11.0603 0 0 0 0.122966 0.992411
600.900000000 47.4489 11.4411 0 0 0 0.358145 0.933666
602.100000000 48.0577 12.0916 0 0 0 0.398654 0.917101
603.500000000 48.7738 12.8625 0 0 0 0.417084 0.908868
604.800000000 48.9849 13.339 0 0 0 0.695727 0.718306
605.500000000 48.8811 13.3073 0 0 0 0.900125 0.435632
606.100000000 48.8043 13.2288 0 0 0 0.988661 0.150165
606.700000000 48.8042 13.1103 0 0 0 -0.98888 0.148716
607.200000000 48.8511 13.0121 0 0 0 -0.921582 0.388183
607.900000000 48.9156 12.9466 0 0 0 -0.732181 0.68111
608.600000000 49.0795 12.6967 0 0 0 -0.570733 0.821136
609.600000000 49.4098 12.435 0 0 0 -0.308626 0.951183
611.000000000 50.2417 11.8906 0 0 0 -0.335701 0.941969
612.300000000 50.9313 11.2041 0 0 0 -0.394422 0.91893
613.700000000 51.6621 10.4474 0 0 0 -0.385086 0.922881
615.000000000 52.3478 9.75393 0 0 0 -0.381069 0.924547
616.400000000 53.1001 9.01706 0 0 0 -0.381069 0.924547
617.800000000 53.8465 8.27569 0 0 0 -0.381068 0.924547
619.100000000 54.5429 7.59432 0 0 0 -0.381067 0.924547
620.300000000 55.1794 6.96295 0 0 0 -0.381066 0.924548
621.700000000 55.9258 6.22158 0 0 0 -0.381065 0.924548
622.900000000 56.5622 5.59022 0 0 0 -0.381064 0.924549
624.300000000 57.3191 4.82954 0 0 0 -0.411517 0.911402
625.500000000 57.7361 4.06949 0 0 0 -0.532528 0.846412
626.900000000 57.9851 3.04373 0 0 0 -0.667775 0.744363
628.500000000 57.7463 2.08148 0 0 0 -0.852636 0.522505
629.900000000 57.1082 1.37706 0 0 0 -0.928001 0.372577
631.300000000 56.3623 0.643843 0 0 0 -0.924208 0.381889
632.700000000 55.6248 -0.106353 0 0 0 -0.922127 0.386887
634.000000000 54.958 -0.806851 0 0 0 -0.912652 0.408738
635.400000000 54.1186 -1.37874 0 0 0 -0.974469 0.224524
636.800000000 53.2254 -1.55795 0 0 0 -0.998501 0.0547324
639.000000000 52.2778 -1.53612 0 0 0 0.9994 0.0346452
640.700000000 51.2877 -1.48763 0 0 0 -0.99888 0.0473238
642.200000000 50.3203 -1.8876 0 0 0 -0.972705 0.232047
643.500000000 49.4247 -2.26455 0 0 0 -0.986063 0.166371
644.800000000 48.4701 -2.37658 0 0 0 -0.999184 0.0403803
646.200000000 47.6752 -2.14726 0 0 0 0.97473 0.223384
647.600000000 46.7582 -1.71375 0 0 0 0.982438 0.186588
649.300000000 45.7809 -1.50821 0 0 0 0.996644 0.0818565
652.500000000 44.8205 -1.43304 0 0 0 0.999999 0.00169212
656.800000000 43.8467 -1.48001 0 0 0 -0.99974 0.0228157
659.300000000 42.804 -1.54543 0 0 0 -0.999432 0.0337046
661.600000000 41.8787 -1.59707 0 0 0 -0.999806 0.0197063
663.900000000 40.8229 -1.65769 0 0 0 -0.998492 0.0549056
665.200000000 39.8691 -1.90689 0 0 0 -0.982232 0.187672
666.400000000 39.0241 -2.2347 0 0 0 -0.98717 0.159676
667.900000000 37.9606 -2.37114 0 0 0 -0.999223 0.0394128
669.400000000 37.0852 -2.32154 0 0 0 0.992896 0.118983
670.900000000 36.1196 -1.79506 0 0 0 0.967382 0.253322
672.300000000 35.2113 -1.49192 0 0 0 0.992739 0.120288
673.800000000 34.2139 -1.45416 0 0 0 -0.999772 0.0213328
675.200000000 33.2656 -1.65262 0 0 0 -0.982571 0.185887
675.900000000 33.3424 -1.75993 0 0 0 -0.862506 0.506047
676.500000000 33.458 -1.78469 0 0 0 -0.674446 0.738324
677.200000000 33.582 -1.72624 0 0 0 -0.380388 0.924827
677.900000000 33.6367 -1.62142 0 0 0 -0.0395912 0.999216
678.600000000 33.7598 -1.42746 0 0 0 0.240559 0.970635
679.500000000 33.9613 -1.11598 0 0 0 0.470807 0.882236
680.900000000 34.12 -0.29367 0 0 0 0.6945 0.719493
682.700000000 34.1211 0.651367 0 0 0 0.71079 0.703404
687.100000000 34.1144 1.61634 0 0 0 0.709417 0.704789
691.900000000 34.1077 2.55957 0 0 0 0.709417 0.704789
694.100000000 33.8312 3.31124 0 0 0 0.88184 0.471549
695.800000000 33.1984 3.99973 0 0 0 0.920272 0.39128
699.600000000 32.5437 4.66052 0 0 0 0.922837 0.38519
704.200000000 31.8624 5.34963 0 0 0 0.922837 0.38519
708.900000000 31.1649 6.05496 0 0 0 0.922837 0.38519
713.300000000 30.4848 6.73283 0 0 0 0.922837 0.38519
717.900000000 29.8073 7.41816 0 0 0 0.922837 0.38519
722.300000000 29.1272 8.10603 0 0 0 0.922837 0.38519
726.800000000 28.4609 8.78011 0 0 0 0.922837 0.38519
731.500000000 27.7769 9.47176 0 0 0 0.922837 0.38519
736.100000000 27.0944 10.1521 0 0 0 0.922837 0.38519
740.800000000 26.413 10.8412 0 0 0 0.922837 0.38519
745.500000000 25.7517 11.5103 0 0 0 0.922837 0.38519
750.300000000 25.0591 12.2107 0 0 0 0.922837 0.38519
754.800000000 24.3891 12.8885 0 0 0 0.922837 0.38519
759.500000000 23.699 13.5864 0 0 0 0.922837 0.38519
764.000000000 23.0413 14.2664 0 0 0 0.919505 0.393078
768.600000000 22.3757 15.0329 0 0 0 0.898597 0.438775
770.000000000 21.871 15.9562 0 0 0 0.83715 0.546973
771.700000000 21.4229 16.8973 0 0 0 0.919636 0.392772
772.700000000 21.0054 16.9699 0 0 0 0.992832 0.119522
773.500000000 20.8638 16.8471 0 0 0 -0.979849 0.199739
774.000000000 20.909 16.7655 0 0 0 -0.9027 0.43027
774.800000000 20.997 16.6724 0 0 0 -0.710484 0.703713
775.900000000 21.2369 16.107 0 0 0 -0.516322 0.856394
777.300000000 21.7134 15.1863 0 0 0 -0.546969 0.837153
778.600000000 21.8184 14.2151 0 0 0 -0.661159 0.750246
780.000000000 21.8742 13.1621 0 0 0 -0.715004 0.69912
781.400000000 21.8744 12.1184 0 0 0 -0.708486 0.705725
782.700000000 21.8599 11.1346 0 0 0 -0.705204 0.709004
784.000000000 21.8759 10.1622 0 0 0 -0.705204 0.709004
785.400000000 21.8709 9.10974 0 0 0 -0.714993 0.699131
786.800000000 21.8393 8.08731 0 0 0 -0.719262 0.694738
788.100000000 21.8385 7.10356 0 0 0 -0.705052 0.709156
789.400000000 21.8345 6.12983 0 0 0 -0.705052 0.709156
790.700000000 21.8404 5.1561 0 0 0 -0.705052 0.709156
792.100000000 21.5929 4.41268 0 0 0 -0.871024 0.491241
793.400000000 20.9577 3.691 0 0 0 -0.921893 0.387445
794.800000000 20.1937 2.95771 0 0 0 -0.928151 0.372205
796.000000000 19.5541 2.32954 0 0 0 -0.924362 0.381517
797.400000000 18.8112 1.58331 0 0 0 -0.922582 0.385802
798.800000000 18.0654 0.841261 0 0 0 -0.924362 0.381517
800.000000000 17.4297 0.209191 0 0 0 -0.924362 0.381517
801.300000000 16.734 -0.48288 0 0 0 -0.924362 0.381517
