0.300000000 0.2 0 0 0 0 0 1
5.600000000 1.25261 0.000146198 0 0 0 1.50068e-06 1
6.900000000 2.21581 0.00823876 0 0 0 0.0295694 0.999563
9.500000000 3.03993 0.107418 0 0 0 -0.32041 0.947279
10.200000000 2.9325 0.0914626 0 0 0 -0.627184 0.778871
10.800000000 2.82056 0.124736 0 0 0 -0.829557 0.558422
11.400000000 2.71583 0.137274 0 0 0 -0.95733 0.288996
12.100000000 2.68357 0.279702 0 0 0 0.998335 0.0576813
12.600000000 2.71919 0.378842 0 0 0 0.953147 0.302508
13.200000000 2.81286 0.453567 0 0 0 0.821462 0.570263
13.900000000 2.95164 0.434944 0 0 0 0.575651 0.817695
14.500000000 3.04453 0.370034 0 0 0 0.307743 0.95147
15.100000000 3.09149 0.247188 0 0 0 0.0126794 0.99992
18.200000000 3.10237 0.103192 0 0 0 -0.302493 0.953152
18.800000000 3.03283 0.063738 0 0 0 -0.554854 0.831948
19.600000000 2.91665 -0.0885594 0 0 0 -0.78975 0.613429
21.200000000 2.31154 -0.93992 0 0 0 -0.901023 0.433771
22.500000000 1.796 -1.76956 0 0 0 -0.850317 0.52627
24.100000000 1.57611 -2.73998 0 0 0 -0.74513 0.666919
25.300000000 1.68443 -3.01342 0 0 0 -0.495595 0.868554
25.800000000 1.75864 -2.98098 0 0 0 -0.265846 0.964015
26.500000000 1.80858 -2.83237 0 0 0 0.0680766 0.99768
27.400000000 2.17781 -2.60043 0 0 0 0.299764 0.954013
28.900000000 2.87831 -1.79646 0 0 0 0.44969 0.893185
30.200000000 3.36308 -0.916547 0 0 0 0.538493 0.84263
31.600000000 3.65159 0.0521352 0 0 0 0.616629 0.787254
32.900000000 3.79332 1.0318 0 0 0 0.674302 0.738455
34.200000000 3.82266 2.01743 0 0 0 0.704938 0.709269
35.600000000 3.77199 3.06327 0 0 0 0.733558 0.679627
36.800000000 3.72851 3.95377 0 0 0 0.715183 0.698937
38.100000000 3.72694 4.92768 0 0 0 0.70554 0.70867
39.400000000 3.74207 5.90157 0 0 0 0.699642 0.714494
40.800000000 3.76481 6.95579 0 0 0 0.694112 0.719867
42.000000000 3.7905 7.85131 0 0 0 0.686996 0.726661
43.600000000 4.0429 8.90037 0 0 0 0.534515 0.845159
45.000000000 4.68761 9.64183 0 0 0 0.380233 0.924891
46.400000000 5.51573 10.301 0 0 0 0.329514 0.944151
47.700000000 6.42374 10.7463 0 0 0 0.204282 0.978912
48.600000000 6.65307 10.7579 0 0 0 -0.095567 0.995423
50.300000000 7.53945 10.1511 0 0 0 -0.290887 0.956757
51.600000000 8.39024 9.65792 0 0 0 -0.229311 0.973353
52.900000000 9.29537 9.30215 0 0 0 -0.172805 0.984956
54.400000000 10.1467 9.16448 0 0 0 0.11577 0.993276
55.000000000 10.0037 9.2653 0 0 0 0.404154 0.914691
55.700000000 10.0385 9.36373 0 0 0 0.653761 0.756701
56.800000000 9.77544 10.0216 0 0 0 0.808886 0.587966
58.100000000 9.40518 10.9206 0 0 0 0.816739 0.577008
59.400000000 9.22211 11.8765 0 0 0 0.753503 0.657445
60.800000000 9.20306 12.9238 0 0 0 0.708494 0.705717
62.000000000 9.22199 13.8242 0 0 0 0.688184 0.725536
63.400000000 9.28435 14.8745 0 0 0 0.683173 0.730257
64.800000000 9.35224 15.9249 0 0 0 0.683169 0.73026
66.100000000 9.41891 16.8961 0 0 0 0.683732 0.729733
67.400000000 9.53546 17.8085 0 0 0 0.689472 0.724312
68.900000000 9.72797 18.8421 0 0 0 0.547548 0.836774
70.400000000 10.309 19.7658 0 0 0 0.496174 0.868223
71.700000000 10.6476 20.6722 0 0 0 0.605705 0.79569
72.500000000 10.5635 20.787 0 0 0 0.832226 0.554436
73.100000000 10.4725 20.7112 0 0 0 0.958891 0.283773
73.700000000 10.4406 20.6277 0 0 0 -0.999925 0.0122388
74.200000000 10.4586 20.5163 0 0 0 -0.965978 0.258625
74.900000000 10.5745 20.4272 0 0 0 -0.818399 0.574651
75.500000000 10.6909 20.4231 0 0 0 -0.612047 0.790821
76.400000000 10.97 20.0587 0 0 0 -0.42998 0.902838
77.800000000 11.7692 19.3561 0 0 0 -0.341968 0.939712
79.200000000 12.304 18.5366 0 0 0 -0.53171 0.846927
80.400000000 12.3822 17.9835 0 0 0 -0.766834 0.641846
81.000000000 12.2698 18.0306 0 0 0 -0.919891 0.392174
81.700000000 12.2046 18.1478 0 0 0 -0.998272 0.058758
82.200000000 12.2062 18.2265 0 0 0 0.982437 0.186594
82.800000000 12.251 18.3366 0 0 0 0.884768 0.466032
83.500000000 12.3653 18.4068 0 0 0 0.684108 0.729381
84.600000000 12.6522 18.8652 0 0 0 0.453836 0.891085
86.000000000 13.4094 19.5925 0 0 0 0.348909 0.937157
87.300000000 14.143 20.2557 0 0 0 0.394236 0.919009
88.700000000 14.775 21.0942 0 0 0 0.472406 0.881381
90.100000000 15.2415 22.0331 0 0 0 0.546539 0.837434
91.400000000 15.5364 22.9573 0 0 0 0.602155 0.79838
92.800000000 15.7788 23.9805 0 0 0 0.609315 0.792928
94.300000000 16.1716 24.9629 0 0 0 0.490578 0.871397
95.600000000 16.8177 25.673 0 0 0 0.366716 0.930333
97.000000000 17.6764 26.2755 0 0 0 0.26997 0.962869
98.400000000 18.6925 26.6858 0 0 0 0.170142 0.98542
99.600000000 19.513 27.0275 0 0 0 0.163745 0.986503
101.000000000 20.4226 27.5244 0 0 0 0.327059 0.945004
102.300000000 21.0771 28.2773 0 0 0 0.395842 0.918319
103.500000000 21.703 28.9185 0 0 0 0.38645 0.922311
104.600000000 22.0014 29.0189 0 0 0 0.0590633 0.998254
105.300000000 22.2323 28.9186 0 0 0 -0.186712 0.982415
106.900000000 22.9455 28.1653 0 0 0 -0.410675 0.911782
108.100000000 23.559 27.5117 0 0 0 -0.389112 0.921191
109.500000000 24.3071 26.7806 0 0 0 -0.374655 0.927164
110.900000000 25.1045 26.0954 0 0 0 -0.324368 0.945931
112.100000000 25.9129 25.6047 0 0 0 -0.256841 0.966454
113.400000000 26.8018 25.2085 0 0 0 -0.182657 0.983177
114.800000000 27.7602 24.933 0 0 0 -0.110643 0.99386
116.100000000 28.7268 24.8177 0 0 0 -0.0330892 0.999452
117.400000000 29.7472 24.8156 0 0 0 0.0166473 0.999861
118.700000000 30.7189 24.835 0 0 0 0.0100588 0.999949
120.100000000 31.7606 24.8733 0 0 0 -0.0571344 0.998366
121.500000000 32.635 24.5582 0 0 0 -0.267722 0.963496
123.000000000 33.4206 23.7899 0 0 0 -0.390891 0.920437
124.200000000 34.0503 23.1378 0 0 0 -0.38506 0.922892
125.600000000 34.7384 22.3497 0 0 0 -0.441247 0.897386
127.200000000 35.0995 21.4765 0 0 0 -0.691624 0.722258
127.800000000 34.9946 21.4976 0 0 0 -0.871946 0.489603
128.500000000 34.9024 21.5876 0 0 0 -0.986107 0.166113
129.200000000 34.8992 21.6524 0 0 0 0.983989 0.178228
129.700000000 34.9423 21.7968 0 0 0 0.911538 0.411215
130.300000000 35.0465 21.8397 0 0 0 0.752449 0.65865
131.200000000 35.2122 22.1339 0 0 0 0.537464 0.843287
132.700000000 35.9425 22.8756 0 0 0 0.331517 0.943449
134.100000000 36.745 23.5615 0 0 0 0.370226 0.928942
135.500000000 37.398 24.377 0 0 0 0.477306 0.878737
136.800000000 37.7299 25.2813 0 0 0 0.618262 0.785972
138.000000000 37.7624 26.1649 0 0 0 0.706391 0.707822
139.600000000 37.528 27.1526 0 0 0 0.859534 0.511079
141.000000000 36.834 27.8439 0 0 0 0.925249 0.37936
142.300000000 36.1348 28.5716 0 0 0 0.930561 0.366136
143.600000000 35.4302 29.2458 0 0 0 0.929245 0.369464
145.000000000 34.5905 29.8618 0 0 0 0.963985 0.265957
146.300000000 33.668 30.1944 0 0 0 0.992574 0.121645
147.500000000 32.7676 30.2752 0 0 0 0.99962 0.0275511
148.400000000 32.4773 30.4113 0 0 0 0.958665 0.284539
149.100000000 32.5706 30.5039 0 0 0 0.80537 0.592773
149.700000000 32.6874 30.5143 0 0 0 0.597954 0.80153
150.200000000 32.7702 30.4579 0 0 0 0.384317 0.923201
150.800000000 32.8339 30.3798 0 0 0 0.0989539 0.995092
151.500000000 32.8332 30.2605 0 0 0 -0.244343 0.969689
152.700000000 33.2591 29.6691 0 0 0 -0.466553 0.884493
154.100000000 33.5505 28.7341 0 0 0 -0.641785 0.766885
155.700000000 33.3952 27.6896 0 0 0 -0.820144 0.572157
157.000000000 32.9058 26.844 0 0 0 -0.864856 0.50202
158.400000000 32.5415 25.8685 0 0 0 -0.774878 0.632111
159.700000000 32.4891 24.8898 0 0 0 -0.695154 0.718861
160.900000000 32.6128 24.0333 0 0 0 -0.677391 0.735623
162.300000000 32.6665 22.9774 0 0 0 -0.696034 0.718009
163.600000000 32.6682 22.0049 0 0 0 -0.709874 0.704328
165.000000000 32.6721 20.9523 0 0 0 -0.705487 0.708723
166.400000000 32.6769 19.9085 0 0 0 -0.705471 0.708738
167.600000000 32.5726 19.0225 0 0 0 -0.773722 0.633525
169.200000000 32.0207 18.1635 0 0 0 -0.921962 0.387281
170.700000000 31.1317 17.7093 0 0 0 -0.989715 0.143055
172.200000000 30.1447 17.7398 0 0 0 0.994125 0.108234
173.700000000 29.1966 18.2162 0 0 0 0.963742 0.266837
175.000000000 28.3105 18.6632 0 0 0 0.986541 0.163515
176.400000000 27.2655 18.7683 0 0 0 1 0.000313138
177.700000000 26.298 18.663 0 0 0 -0.997384 0.07228
179.100000000 25.274 18.4709 0 0 0 -0.995789 0.0916782
180.400000000 24.2972 18.3533 0 0 0 -0.999167 0.0408053
181.700000000 23.3235 18.3203 0 0 0 -0.999998 0.00216167
183.000000000 22.3494 18.3355 0 0 0 0.999936 0.0113282
184.300000000 21.3673 18.3515 0 0 0 0.999852 0.017222
185.500000000 20.4732 18.369 0 0 0 -0.99992 0.0126242
186.800000000 19.4996 18.3458 0 0 0 -0.999952 0.00978416
188.200000000 18.4459 18.3359 0 0 0 -0.999989 0.00461659
189.400000000 17.552 18.3276 0 0 0 -0.999988 0.00485431
190.800000000 16.5341 18.4164 0 0 0 0.994566 0.104112
192.300000000 15.6204 18.9126 0 0 0 0.945198 0.326498
193.600000000 14.9226 19.6053 0 0 0 0.920521 0.390694
194.900000000 14.2631 20.3108 0 0 0 0.906704 0.421767
196.200000000 13.7542 21.1421 0 0 0 0.847473 0.530839
197.500000000 13.5701 22.06 0 0 0 0.739301 0.673375
198.900000000 13.6119 23.1107 0 0 0 0.672108 0.740454
200.300000000 13.6986 24.1563 0 0 0 0.672572 0.740031
201.500000000 13.7709 25.0503 0 0 0 0.715753 0.698354
202.800000000 13.7165 26.0227 0 0 0 0.721919 0.691978
204.100000000 13.7094 26.9965 0 0 0 0.707641 0.706572
205.500000000 13.7064 28.0491 0 0 0 0.710349 0.703849
206.900000000 13.6966 29.1028 0 0 0 0.700442 0.713709
207.800000000 13.8948 29.3642 0 0 0 0.465535 0.88503
208.500000000 14.0664 29.3783 0 0 0 0.203546 0.979065
209.300000000 14.1584 29.2761 0 0 0 -0.151359 0.988479
209.800000000 14.1107 29.1852 0 0 0 -0.386412 0.922326
210.500000000 13.9929 29.0931 0 0 0 -0.665975 0.745974
211.300000000 13.8967 28.8277 0 0 0 -0.833904 0.55191
212.800000000 13.1866 28.1168 0 0 0 -0.933804 0.357784
214.100000000 12.4595 27.4669 0 0 0 -0.930495 0.366305
215.500000000 11.6718 26.7913 0 0 0 -0.954291 0.298878
217.000000000 10.7056 26.4653 0 0 0 -0.995429 0.0955058
219.100000000 9.76565 26.3975 0 0 0 -0.999993 0.00383314
221.200000000 8.73504 26.4683 0 0 0 0.999118 0.0419828
222.500000000 7.76715 26.567 0 0 0 0.998627 0.0523916
223.800000000 6.85728 26.6248 0 0 0 0.999615 0.0277403
226.000000000 5.79549 26.6517 0 0 0 0.999924 0.0123674
227.600000000 4.76954 26.8559 0 0 0 0.979898 0.199498
228.900000000 4.25285 27.3882 0 0 0 0.886996 0.461777
230.200000000 4.08694 28.1411 0 0 0 0.735469 0.677558
231.600000000 4.34048 28.95 0 0 0 0.526608 0.850108
233.100000000 5.02052 29.6169 0 0 0 0.280994 0.95971
233.700000000 5.07578 29.5176 0 0 0 -0.00273791 0.999996
234.300000000 5.05029 29.3929 0 0 0 -0.293714 0.955893
235.000000000 4.94506 29.3113 0 0 0 -0.599057 0.800706
235.600000000 4.83603 29.2367 0 0 0 -0.786256 0.6179
236.800000000 4.41075 28.6922 0 0 0 -0.910379 0.413775
238.100000000 3.7103 28.0126 0 0 0 -0.926354 0.376653
239.800000000 2.97509 27.2654 0 0 0 -0.922295 0.386487
242.700000000 2.33411 26.6145 0 0 0 -0.92221 0.38669
246.500000000 1.65526 25.9232 0 0 0 -0.922193 0.386729
250.900000000 0.967921 25.223 0 0 0 -0.922181 0.386759
255.300000000 0.291047 24.533 0 0 0 -0.922172 0.38678
259.600000000 -0.406626 23.8224 0 0 0 -0.922179 0.386762
263.100000000 -1.05958 23.1064 0 0 0 -0.896358 0.44333
264.000000000 -1.02542 22.8315 0 0 0 -0.706607 0.707606
264.900000000 -0.803323 22.4626 0 0 0 -0.525972 0.850502
266.300000000 -0.224156 21.6027 0 0 0 -0.423359 0.905962
267.600000000 0.453595 20.9227 0 0 0 -0.364791 0.93109
268.900000000 1.16693 20.2577 0 0 0 -0.376261 0.926514
269.700000000 1.16496 20.0626 0 0 0 -0.64388 0.765126
270.500000000 1.05053 19.9057 0 0 0 -0.849533 0.527536
272.000000000 0.317135 19.2806 0 0 0 -0.956293 0.292412
273.400000000 -0.641729 18.8645 0 0 0 -0.987862 0.155333
274.700000000 -1.60691 18.7342 0 0 0 -0.999718 0.0237493
276.000000000 -2.2664 19.0008 0 0 0 0.965654 0.259832
277.400000000 -3.03187 19.6291 0 0 0 0.947865 0.318674
278.700000000 -3.84992 20.1422 0 0 0 0.968098 0.250573
280.100000000 -4.82444 20.5114 0 0 0 0.987809 0.15567
281.400000000 -5.77777 20.704 0 0 0 0.996824 0.0796326
282.600000000 -6.6789 20.8505 0 0 0 0.999335 0.0364758
284.200000000 -7.54887 20.5901 0 0 0 -0.964653 0.263523
285.500000000 -8.22978 19.9119 0 0 0 -0.917954 0.396687
286.900000000 -8.94758 19.1535 0 0 0 -0.919191 0.393812
288.300000000 -9.63417 18.4011 0 0 0 -0.898449 0.439078
289.600000000 -9.89967 17.7533 0 0 0 -0.72912 0.684386
290.300000000 -9.78502 17.7816 0 0 0 -0.449735 0.893162
290.900000000 -9.71571 17.8975 0 0 0 -0.165748 0.986168
291.500000000 -9.71228 18.037 0 0 0 0.132701 0.991156
292.400000000 -9.38193 18.3853 0 0 0 0.355084 0.934834
293.700000000 -8.74193 19.0886 0 0 0 0.438325 0.898816
295.100000000 -8.22818 19.9687 0 0 0 0.546023 0.837771
296.000000000 -8.32446 20.2296 0 0 0 0.779628 0.626242
296.900000000 -8.61877 20.575 0 0 0 0.902366 0.43097
298.300000000 -9.37679 21.2684 0 0 0 0.933117 0.359573
299.500000000 -10.0316 21.8805 0 0 0 0.92753 0.373748
300.800000000 -10.7185 22.5715 0 0 0 0.923725 0.383056
302.100000000 -11.3931 23.2741 0 0 0 0.917761 0.397134
303.500000000 -12.1265 24.0281 0 0 0 0.925114 0.379689
304.800000000 -12.8336 24.7098 0 0 0 0.928218 0.372036
306.100000000 -13.5446 25.3654 0 0 0 0.933238 0.359259
307.500000000 -14.331 26.0527 0 0 0 0.938881 0.344241
308.800000000 -15.0818 26.6526 0 0 0 0.9428 0.333359
310.100000000 -15.8589 27.2651 0 0 0 0.943697 0.33081
311.300000000 -16.532 27.8667 0 0 0 0.929551 0.368693
312.600000000 -17.2234 28.5527 0 0 0 0.922797 0.385287
313.900000000 -17.4985 29.0219 0 0 0 0.7528 0.658249
314.500000000 -17.4002 29.0883 0 0 0 0.595146 0.803617
315.500000000 -17.0237 29.3923 0 0 0 0.317012 0.948422
317.000000000 -16.2843 30.2087 0 0 0 0.46857 0.883427
318.500000000 -16.0271 31.0021 0 0 0 0.718853 0.695163
319.200000000 -16.1485 30.9532 0 0 0 0.913872 0.406002
319.800000000 -16.201 30.846 0 0 0 0.992408 0.122992
320.500000000 -16.2104 30.7321 0 0 0 -0.976331 0.216284
322.100000000 -16.9058 29.9714 0 0 0 -0.904276 0.426948
323.400000000 -17.5941 29.3041 0 0 0 -0.948205 0.317659
324.900000000 -18.4513 28.6747 0 0 0 -0.92488 0.380259
326.300000000 -18.8684 27.8632 0 0 0 -0.81218 0.583408
328.700000000 -18.9291 26.8717 0 0 0 -0.710995 0.703197
330.400000000 -19.2688 26.1876 0 0 0 -0.881055 0.473013
331.800000000 -19.9844 25.3728 0 0 0 -0.931507 0.363723
333.100000000 -20.6783 24.6594 0 0 0 -0.917994 0.396594
334.400000000 -21.2677 23.9165 0 0 0 -0.884742 0.466081
335.800000000 -21.7403 23.0819 0 0 0 -0.849756 0.527176
337.200000000 -22.0581 22.0803 0 0 0 -0.77568 0.631126
338.500000000 -22.2688 21.1397 0 0 0 -0.803679 0.595063
340.000000000 -22.8468 20.3727 0 0 0 -0.931105 0.36475
341.100000000 -23.2815 20.222 0 0 0 -0.998518 0.0544134
341.800000000 -23.4081 20.3509 0 0 0 0.975344 0.22069
342.300000000 -23.3949 20.441 0 0 0 0.900688 0.434467
343.000000000 -23.2707 20.4951 0 0 0 0.700914 0.713246
343.700000000 -23.15 20.4572 0 0 0 0.418752 0.908101
344.400000000 -23.079 20.3535 0 0 0 0.085981 0.996297
345.200000000 -22.7207 20.2131 0 0 0 -0.130774 0.991412
346.700000000 -21.7283 19.8063 0 0 0 -0.167334 0.9859
348.200000000 -20.7211 19.7668 0 0 0 0.0696485 0.997572
349.600000000 -19.8118 20.1582 0 0 0 0.243786 0.969829
350.800000000 -18.9847 20.5239 0 0 0 0.170954 0.985279
352.200000000 -17.9539 20.6986 0 0 0 0.0317324 0.999496
353.400000000 -17.0522 20.6323 0 0 0 -0.0365395 0.999332
354.600000000 -16.6133 20.4483 0 0 0 -0.359163 0.933275
355.200000000 -16.7188 20.379 0 0 0 -0.61528 0.788309
355.700000000 -16.8166 20.3936 0 0 0 -0.788035 0.61563
356.300000000 -16.9021 20.4336 0 0 0 -0.933198 0.359362
356.900000000 -16.9789 20.5363 0 0 0 -0.996727 0.0808352
357.500000000 -17.0018 20.643 0 0 0 0.97981 0.199933
359.100000000 -17.7195 21.3902 0 0 0 0.91464 0.40427
360.500000000 -18.4311 22.1601 0 0 0 0.918978 0.394308
361.800000000 -19.1257 22.8477 0 0 0 0.927748 0.373207
363.000000000 -19.7733 23.4675 0 0 0 0.927721 0.373273
364.400000000 -20.5289 24.2006 0 0 0 0.927652 0.373445
365.800000000 -21.3174 24.8916 0 0 0 0.942209 0.335027
367.000000000 -22.0611 25.399 0 0 0 0.961487 0.274851
368.400000000 -22.9882 25.8475 0 0 0 0.980145 0.198284
369.600000000 -23.8682 26.1235 0 0 0 0.991217 0.132249
371.000000000 -24.8768 26.2996 0 0 0 0.9977 0.0677853
372.300000000 -25.8586 26.3673 0 0 0 0.999705 0.024296
373.600000000 -26.8429 26.3743 0 0 0 -0.999947 0.0102807
374.900000000 -27.8173 26.3437 0 0 0 -0.999947 0.0102558
376.200000000 -28.7875 26.3141 0 0 0 -0.999946 0.0104351
377.500000000 -29.742 26.4353 0 0 0 0.992694 0.120656
379.000000000 -30.6687 26.9636 0 0 0 0.946245 0.323451
380.300000000 -31.352 27.6674 0 0 0 0.91413 0.40542
381.500000000 -31.8559 28.4094 0 0 0 0.864563 0.502525
382.800000000 -31.9757 29.0428 0 0 0 0.670587 0.741831
383.700000000 -31.7369 29.3361 0 0 0 0.451438 0.892303
385.100000000 -30.9506 29.9156 0 0 0 0.254687 0.967024
386.400000000 -30.2695 30.0762 0 0 0 -0.0364326 0.999336
387.100000000 -30.3224 29.9436 0 0 0 -0.371563 0.928408
387.600000000 -30.3913 29.8797 0 0 0 -0.579215 0.815175
388.400000000 -30.5137 29.6893 0 0 0 -0.800053 0.599929
389.500000000 -30.887 29.1979 0 0 0 -0.914575 0.404417
390.900000000 -31.6602 28.4837 0 0 0 -0.931648 0.363363
392.300000000 -32.3951 27.7322 0 0 0 -0.918232 0.396043
393.600000000 -33.0097 26.9715 0 0 0 -0.892991 0.450074
394.900000000 -33.4986 26.124 0 0 0 -0.858943 0.512071
396.200000000 -33.8751 25.2342 0 0 0 -0.819056 0.573713
397.500000000 -34.1257 24.262 0 0 0 -0.774684 0.632348
399.000000000 -34.208 23.304 0 0 0 -0.721619 0.69229
401.600000000 -34.1985 22.328 0 0 0 -0.704568 0.709637
405.600000000 -34.1733 21.3611 0 0 0 -0.704535 0.709669
407.500000000 -34.2372 20.3865 0 0 0 -0.7469 0.664937
408.900000000 -34.6042 19.504 0 0 0 -0.872355 0.488872
410.300000000 -35.2153 19.0006 0 0 0 -0.978123 0.208028
411.100000000 -35.3895 19.1332 0 0 0 0.994597 0.103811
412.900000000 -36.2569 19.6729 0 0 0 0.976299 0.216428
414.300000000 -37.1658 20.2054 0 0 0 0.94731 0.320318
415.700000000 -37.607 20.7955 0 0 0 0.804821 0.593518
416.300000000 -37.5026 20.7956 0 0 0 0.595673 0.803227
416.800000000 -37.4129 20.7587 0 0 0 0.383144 0.923688
417.500000000 -37.3494 20.6417 0 0 0 0.0488528 0.998806
418.200000000 -37.1132 20.5226 0 0 0 -0.181524 0.983386
419.500000000 -36.6287 19.9988 0 0 0 -0.43878 0.898595
420.700000000 -36.0432 19.2987 0 0 0 -0.42444 0.905456
422.300000000 -35.3494 18.5299 0 0 0 -0.39275 0.919645
423.800000000 -34.6676 17.7178 0 0 0 -0.45136 0.892342
425.100000000 -34.252 16.8723 0 0 0 -0.569346 0.822098
427.300000000 -34.1116 15.8857 0 0 0 -0.683278 0.730158
429.600000000 -34.1388 14.8625 0 0 0 -0.728699 0.684834
430.900000000 -34.2296 13.883 0 0 0 -0.748012 0.663685
432.100000000 -34.3575 12.9841 0 0 0 -0.770437 0.637516
433.500000000 -34.7244 12.0216 0 0 0 -0.804316 0.594201
434.800000000 -35.188 11.1824 0 0 0 -0.889074 0.457764
436.000000000 -35.7965 10.5266 0 0 0 -0.925971 0.377595
437.400000000 -36.6103 9.86188 0 0 0 -0.95721 0.289394
438.700000000 -37.1689 9.67494 0 0 0 0.999339 0.0363448
439.300000000 -37.1382 9.80097 0 0 0 0.946105 0.323859
440.000000000 -37.0349 9.87503 0 0 0 0.781408 0.624021
440.600000000 -36.9227 9.8761 0 0 0 0.566441 0.824102
441.100000000 -36.8425 9.83277 0 0 0 0.34928 0.937018
441.700000000 -36.7668 9.7554 0 0 0 0.0813925 0.996682
442.500000000 -36.59 9.61895 0 0 0 -0.230127 0.973161
443.900000000 -35.9937 8.94323 0 0 0 -0.471837 0.881686
445.300000000 -35.4642 8.09976 0 0 0 -0.433286 0.901256
446.600000000 -34.8131 7.37705 0 0 0 -0.419077 0.907951
448.000000000 -34.3154 6.486 0 0 0 -0.550579 0.834783
449.500000000 -34.1543 5.59064 0 0 0 -0.749074 0.662487
450.300000000 -34.2909 5.56248 0 0 0 -0.934243 0.356637
450.900000000 -34.338 5.65 0 0 0 -0.997562 0.0697854
451.500000000 -34.3316 5.76985 0 0 0 0.974695 0.223541
452.200000000 -34.448 6.00331 0 0 0 0.899557 0.436804
453.200000000 -34.5366 6.40853 0 0 0 0.725804 0.687901
454.900000000 -34.7388 7.33046 0 0 0 0.884058 0.467376
455.700000000 -34.8927 7.24077 0 0 0 0.988781 0.149373
456.400000000 -35.0426 7.13154 0 0 0 -0.996116 0.0880526
457.800000000 -36.0929 7.09807 0 0 0 -0.999601 0.0282381
459.200000000 -36.9858 6.80977 0 0 0 -0.967803 0.251711
459.800000000 -36.9246 6.72366 0 0 0 -0.855787 0.517329
460.400000000 -36.8143 6.70626 0 0 0 -0.663619 0.748071
461.000000000 -36.7196 6.75442 0 0 0 -0.41244 0.910985
461.700000000 -36.6136 6.85037 0 0 0 -0.0977718 0.995209
462.400000000 -36.4556 6.95549 0 0 0 0.167172 0.985928
464.100000000 -35.5755 7.49402 0 0 0 0.164791 0.986328
465.300000000 -34.9033 7.38116 0 0 0 -0.107418 0.994214
466.700000000 -34.1528 6.92975 0 0 0 -0.363599 0.931556
468.200000000 -33.6571 6.02807 0 0 0 -0.56975 0.821818
469.600000000 -33.5285 5.01505 0 0 0 -0.69727 0.716809
470.900000000 -33.6122 4.05286 0 0 0 -0.7558 0.654802
472.200000000 -33.8027 3.0812 0 0 0 -0.773745 0.633497
473.900000000 -33.8249 2.33193 0 0 0 -0.507601 0.861592
474.500000000 -33.7466 2.41 0 0 0 -0.230482 0.973077
475.100000000 -33.6213 2.4785 0 0 0 0.0148166 0.99989
476.000000000 -33.3567 2.71673 0 0 0 0.290831 0.956775
477.400000000 -32.672 3.4437 0 0 0 0.408995 0.912537
478.800000000 -31.9917 4.21341 0 0 0 0.396772 0.917917
480.200000000 -31.2847 4.924 0 0 0 0.39076 0.920493
481.500000000 -30.6197 5.62538 0 0 0 0.396661 0.917965
482.700000000 -30.0063 6.32006 0 0 0 0.41415 0.910209
484.500000000 -29.4009 7.04581 0 0 0 0.43961 0.898189
487.900000000 -28.725 7.88583 0 0 0 0.414881 0.909876
489.700000000 -28.1291 8.60448 0 0 0 0.292344 0.956313
491.000000000 -27.3638 8.78647 0 0 0 0.035866 0.999357
492.500000000 -26.291 8.60405 0 0 0 -0.122595 0.992457
493.800000000 -25.3399 8.44601 0 0 0 -0.0582983 0.998299
495.300000000 -24.3154 8.37611 0 0 0 -0.00654141 0.999979
497.700000000 -23.4024 8.37436 0 0 0 0.013916 0.999903
501.700000000 -22.4177 8.43494 0 0 0 0.0339096 0.999425
505.400000000 -21.4728 8.49151 0 0 0 0.0207737 0.999784
508.400000000 -20.4856 8.51617 0 0 0 0.009743 0.999953
511.100000000 -19.4858 8.53174 0 0 0 0.00756063 0.999971
514.800000000 -18.4865 8.54718 0 0 0 0.00741779 0.999972
517.200000000 -17.5285 8.56239 0 0 0 0.00732716 0.999973
519.000000000 -16.5442 8.57761 0 0 0 0.00724913 0.999974
521.600000000 -15.5911 8.59147 0 0 0 0.00725251 0.999974
525.100000000 -14.6297 8.60535 0 0 0 0.00725712 0.999974
528.200000000 -13.6239 8.61992 0 0 0 0.00725921 0.999974
530.000000000 -12.644 8.63417 0 0 0 0.007268 0.999974
531.600000000 -11.6091 8.5788 0 0 0 -0.0820401 0.996629
533.100000000 -10.7045 8.17844 0 0 0 -0.322969 0.94641
534.400000000 -10.0358 7.40738 0 0 0 -0.383117 0.9237
535.800000000 -9.27993 6.69125 0 0 0 -0.378091 0.925768
537.000000000 -8.646 6.06397 0 0 0 -0.392998 0.919539
538.300000000 -8.06223 5.29209 0 0 0 -0.485992 0.873963
539.700000000 -7.73567 4.3561 0 0 0 -0.639063 0.769154
541.200000000 -7.78187 3.32906 0 0 0 -0.765461 0.643482
542.400000000 -8.04313 2.43423 0 0 0 -0.783198 0.621773
544.200000000 -8.12694 1.43756 0 0 0 -0.724058 0.689739
546.900000000 -8.1714 0.480795 0 0 0 -0.715276 0.698842
551.100000000 -8.15802 -0.480232 0 0 0 -0.708012 0.7062
552.900000000 -8.01313 -1.39559 0 0 0 -0.624106 0.78134
554.400000000 -7.7804 -2.38237 0 0 0 -0.634138 0.77322
557.500000000 -7.71785 -3.31115 0 0 0 -0.747837 0.663882
558.200000000 -7.83376 -3.27173 0 0 0 -0.928107 0.372313
558.900000000 -7.8949 -3.15636 0 0 0 -0.999302 0.037352
559.500000000 -7.87835 -3.03395 0 0 0 0.96692 0.255081
560.100000000 -7.80621 -3.00047 0 0 0 0.850264 0.526356
560.700000000 -7.72674 -2.93624 0 0 0 0.683155 0.730273
561.700000000 -7.46975 -2.46983 0 0 0 0.483244 0.875486
563.000000000 -6.84948 -1.70293 0 0 0 0.409311 0.912395
564.600000000 -6.49872 -0.77665 0 0 0 0.655633 0.755079
566.000000000 -6.60974 0.220753 0 0 0 0.774418 0.632674
568.100000000 -6.84246 1.16625 0 0 0 0.773459 0.633846
570.700000000 -6.92623 2.17149 0 0 0 0.721115 0.692815
572.000000000 -6.87751 3.14377 0 0 0 0.682384 0.730994
573.600000000 -6.82805 4.21096 0 0 0 0.701704 0.712469
575.500000000 -6.84273 5.23932 0 0 0 0.714159 0.699983
577.300000000 -6.86276 6.23004 0 0 0 0.714158 0.699985
579.800000000 -6.85861 7.25738 0 0 0 0.706566 0.707648
581.100000000 -6.84091 8.23517 0 0 0 0.651045 0.759039
582.500000000 -6.41122 8.97722 0 0 0 0.428646 0.903472
583.400000000 -6.10246 9.01767 0 0 0 0.121363 0.992608
584.800000000 -5.20082 8.97877 0 0 0 -0.0259067 0.999664
586.200000000 -4.15657 8.89599 0 0 0 -0.0426707 0.999089
587.500000000 -3.18227 8.8125 0 0 0 -0.0341515 0.999417
588.800000000 -2.19832 8.75671 0 0 0 -0.0282267 0.999602
590.000000000 -1.29645 8.69903 0 0 0 -0.040549 0.999178
591.300000000 -0.335906 8.54619 0 0 0 -0.100894 0.994897
593.000000000 0.595432 7.97884 0 0 0 -0.370131 0.928979
594.200000000 0.844031 7.37012 0 0 0 -0.599503 0.800373
595.500000000 0.7871 6.61443 0 0 0 -0.789607 0.613613
596.800000000 0.388388 5.72365 0 0 0 -0.844546 0.535482
598.200000000 0.137284 4.70337 0 0 0 -0.775563 0.631271
600.000000000 0.0445077 3.76358 0 0 0 -0.710406 0.703792
603.600000000 0.076276 2.83378 0 0 0 -0.686472 0.727156
608.600000000 0.143348 1.82588 0 0 0 -0.679245 0.733912
613.400000000 0.220306 0.894482 0 0 0 -0.683887 0.729588
618.300000000 0.256553 -0.0507469 0 0 0 -0.697733 0.716358
623.300000000 0.275725 -1.02706 0 0 0 -0.702921 0.711268
628.200000000 0.288656 -1.98567 0 0 0 -0.702536 0.711648
633.100000000 0.303482 -2.95483 0 0 0 -0.702264 0.711916
635.800000000 0.182331 -4.0065 0 0 0 -0.758911 0.651194
637.200000000 0.0472362 -5.02197 0 0 0 -0.743773 0.668433
638.600000000 0.0085749 -6.06306 0 0 0 -0.709916 0.704286
639.900000000 0.00420395 -7.04687 0 0 0 -0.704446 0.709758
641.100000000 0.02163 -7.95077 0 0 0 -0.705542 0.708668
642.500000000 -0.0483219 -9.00105 0 0 0 -0.749798 0.661666
643.900000000 -0.441344 -9.89032 0 0 0 -0.872059 0.489401
645.400000000 -1.21954 -10.5915 0 0 0 -0.958959 0.283544
646.900000000 -2.14916 -10.8733 0 0 0 -0.997225 0.0744505
648.600000000 -3.02598 -10.8122 0 0 0 0.982308 0.187275
649.200000000 -2.96029 -10.716 0 0 0 0.885345 0.464935
649.900000000 -2.85764 -10.6483 0 0 0 0.681221 0.732077
650.500000000 -2.67623 -10.6316 0 0 0 0.464302 0.885677
651.900000000 -1.92308 -10.1216 0 0 0 0.240309 0.970696
653.200000000 -0.998727 -9.8346 0 0 0 0.12388 0.992297
660.400000000 -0.120467 -9.60119 0 0 0 0.153904 0.988086
662.000000000 0.749575 -8.9675 0 0 0 0.395735 0.918365
663.300000000 1.25825 -8.1176 0 0 0 0.533498 0.845801
664.700000000 1.42117 -7.12917 0 0 0 0.680924 0.732354
666.000000000 1.34852 -6.15026 0 0 0 0.768945 0.639315
667.400000000 1.17794 -5.1143 0 0 0 0.744707 0.667392
668.700000000 1.12759 -4.15094 0 0 0 0.699886 0.714255
670.000000000 1.1831 -3.16334 0 0 0 0.691461 0.722413
671.400000000 1.21634 -2.11611 0 0 0 0.705858 0.708354
672.700000000 1.18407 -1.1422 0 0 0 0.720934 0.693004
674.100000000 1.18712 -0.0962083 0 0 0 0.698924 0.715196
675.700000000 1.30042 0.21062 0 0 0 0.484298 0.874903
676.700000000 1.5453 0.252831 0 0 0 0.232882 0.972505
677.900000000 2.13008 0.225496 0 0 0 -0.0700893 0.997541
679.700000000 3.06519 0.0209496 0 0 0 0.0343013 0.999412
680.800000000 3.30346 0.197757 0 0 0 0.290054 0.95701
681.800000000 3.20495 0.272512 0 0 0 0.56805 0.822994
682.600000000 3.11153 0.297613 0 0 0 0.754386 0.656431
683.800000000 2.92665 0.434945 0 0 0 0.913174 0.407569
684.900000000 2.70358 0.472995 0 0 0 0.988859 0.148855
686.200000000 2.43426 0.327822 0 0 0 -0.987686 0.156447
687.100000000 2.48835 0.266052 0 0 0 -0.916931 0.399047
688.200000000 2.59298 0.193494 0 0 0 -0.742687 0.669639
688.900000000 2.71029 -0.0215142 0 0 0 -0.574015 0.818845
690.700000000 3.39918 -0.858506 0 0 0 -0.473335 0.880882
691.900000000 3.74473 -1.67755 0 0 0 -0.593017 0.80519
693.500000000 3.84615 -2.67062 0 0 0 -0.702383 0.711799
696.800000000 3.7833 -3.61903 0 0 0 -0.722377 0.6915
701.300000000 3.75517 -4.58833 0 0 0 -0.70581 0.708401
705.700000000 3.79326 -5.55377 0 0 0 -0.690235 0.723585
709.500000000 3.82874 -6.50576 0 0 0 -0.701365 0.712802
714.400000000 3.83282 -7.47102 0 0 0 -0.7058 0.708411
719.400000000 3.84605 -8.46393 0 0 0 -0.696107 0.717938
722.500000000 3.9564 -9.49058 0 0 0 -0.624271 0.781208
724.000000000 4.49261 -10.2624 0 0 0 -0.386156 0.922434
725.200000000 5.16471 -10.8496 0 0 0 -0.364258 0.931298
726.600000000 5.90658 -11.5989 0 0 0 -0.38927 0.921124
727.800000000 6.54176 -12.2409 0 0 0 -0.387118 0.92203
729.100000000 7.24602 -12.9129 0 0 0 -0.354393 0.935097
730.700000000 8.1178 -13.422 0 0 0 -0.152989 0.988228
731.800000000 8.72187 -13.3457 0 0 0 0.0948875 0.995488
733.100000000 9.56284 -12.995 0 0 0 0.184791 0.982778
734.500000000 10.596 -12.7705 0 0 0 0.079055 0.99687
735.800000000 11.5881 -12.7849 0 0 0 -0.0543519 0.998522
737.000000000 12.4782 -12.9301 0 0 0 -0.0493881 0.99878
738.400000000 13.5309 -12.9129 0 0 0 0.00967793 0.999953
739.800000000 14.5845 -12.8924 0 0 0 0.00492897 0.999988
741.100000000 15.5394 -12.9385 0 0 0 -0.0713673 0.99745
742.000000000 15.7058 -13.0969 0 0 0 -0.388583 0.921414
742.700000000 15.5978 -13.1602 0 0 0 -0.676765 0.736199
743.400000000 15.4715 -13.1412 0 0 0 -0.886245 0.463217
744.000000000 15.3895 -13.0475 0 0 0 -0.982641 0.185516
744.600000000 15.3946 -12.9893 0 0 0 0.994462 0.105093
745.300000000 15.3633 -12.8383 0 0 0 0.919667 0.3927
746.400000000 15.1876 -12.1866 0 0 0 0.800371 0.599505
747.700000000 15.1582 -11.2029 0 0 0 0.697396 0.716686
749.300000000 15.5319 -10.226 0 0 0 0.480483 0.877004
750.700000000 16.1662 -9.75709 0 0 0 0.195405 0.980723
751.400000000 16.3138 -9.84208 0 0 0 -0.0775736 0.996987
752.100000000 16.3869 -9.98834 0 0 0 -0.350842 0.936435
752.600000000 16.309 -10.0596 0 0 0 -0.568431 0.822731
753.300000000 16.1318 -10.0666 0 0 0 -0.8127 0.582683
753.800000000 16.1025 -9.99997 0 0 0 -0.929774 0.368131
754.500000000 15.9965 -9.92984 0 0 0 -0.999571 0.0292949
755.300000000 15.7401 -9.77634 0 0 0 0.973371 0.229235
756.700000000 15.1428 -9.05331 0 0 0 0.908168 0.418606
758.000000000 14.4738 -8.34407 0 0 0 0.923589 0.383384
759.400000000 13.7186 -7.61051 0 0 0 0.924555 0.381048
760.700000000 13.0385 -6.92267 0 0 0 0.921935 0.387344
762.100000000 12.2945 -6.17977 0 0 0 0.924287 0.381698
763.400000000 11.6577 -5.51731 0 0 0 0.898371 0.439237
764.100000000 11.7532 -5.41604 0 0 0 0.715431 0.698684
764.800000000 11.9508 -5.23042 0 0 0 0.523021 0.85232
766.400000000 12.7483 -4.51253 0 0 0 0.344613 0.938745
767.600000000 13.3814 -3.89633 0 0 0 0.366869 0.930272
769.000000000 14.1253 -3.15598 0 0 0 0.386599 0.922248
770.300000000 14.8202 -2.46702 0 0 0 0.380746 0.92468
771.600000000 15.5109 -1.77986 0 0 0 0.378388 0.925647
772.900000000 16.2143 -1.11228 0 0 0 0.354375 0.935103
774.200000000 16.988 -0.580027 0 0 0 0.27 0.96286
775.700000000 17.5582 0.124307 0 0 0 0.528313 0.84905
777.100000000 17.6664 1.05448 0 0 0 0.706971 0.707243
778.400000000 17.5012 2.01849 0 0 0 0.782154 0.623085
779.800000000 17.3885 3.03151 0 0 0 0.730268 0.683161
781.400000000 17.1814 3.97905 0 0 0 0.858272 0.513195
782.800000000 16.491 4.50296 0 0 0 0.958219 0.286035
784.100000000 15.6105 4.83784 0 0 0 0.991467 0.130355
785.500000000 14.7942 5.27987 0 0 0 0.948056 0.318103
786.800000000 14.3881 5.87914 0 0 0 0.818113 0.575057
787.600000000 14.503 6.07043 0 0 0 0.610854 0.791744
789.000000000 14.7685 7.02863 0 0 0 0.613124 0.789987
790.300000000 14.9738 7.98315 0 0 0 0.646429 0.762974
791.700000000 15.3128 8.94759 0 0 0 0.524773 0.851242
792.900000000 15.6978 9.43089 0 0 0 0.283102 0.95909
793.600000000 15.8918 9.38618 0 0 0 0.0149694 0.999888
794.300000000 16.0232 9.23702 0 0 0 -0.253729 0.967275
795.100000000 16.0754 9.03395 0 0 0 -0.539466 0.842007
795.700000000 16.0068 8.98623 0 0 0 -0.755017 0.655705
796.300000000 15.8775 9.0358 0 0 0 -0.91323 0.407445
796.900000000 15.8143 9.14263 0 0 0 -0.992192 0.124719
797.500000000 15.8203 9.26922 0 0 0 0.985556 0.16935
798.200000000 15.8839 9.35786 0 0 0 0.869772 0.493454
798.800000000 15.9816 9.39372 0 0 0 0.688507 0.72523
799.400000000 16.0275 9.36172 0 0 0 0.447667 0.8942
800.100000000 16.2166 9.35377 0 0 0 0.170461 0.985364
800.800000000 16.3043 9.24005 0 0 0 -0.121235 0.992624
802.800000000 17.2466 8.88656 0 0 0 -0.0655459 0.99785
804.300000000 18.2992 8.96378 0 0 0 0.0719312 0.99741
805.600000000 19.2726 9.076 0 0 0 0.0386019 0.999255
807.000000000 20.3127 9.05921 0 0 0 -0.030787 0.999526
808.300000000 21.3188 9.01558 0 0 0 -0.0333474 0.999444
809.700000000 22.3708 8.98338 0 0 0 -0.00520954 0.999986
811.000000000 23.3448 8.98415 0 0 0 0.00101406 0.999999
812.400000000 24.3597 8.98568 0 0 0 -0.011164 0.999938
813.200000000 24.471 8.86033 0 0 0 -0.327012 0.94502
813.800000000 24.4178 8.73952 0 0 0 -0.568932 0.822385
814.500000000 24.3182 8.61622 0 0 0 -0.778921 0.627122
816.100000000 23.7472 7.85026 0 0 0 -0.871624 0.490175
817.500000000 23.4498 6.81301 0 0 0 -0.766705 0.642
819.000000000 23.5253 5.84535 0 0 0 -0.621004 0.783807
820.400000000 24.0029 4.8341 0 0 0 -0.450823 0.892613
821.800000000 24.7026 4.45895 0 0 0 -0.177166 0.984181
823.200000000 25.5569 4.48777 0 0 0 0.092048 0.995755
824.900000000 26.3644 4.86527 0 0 0 0.420701 0.9072
825.400000000 26.266 4.92128 0 0 0 0.63014 0.776482
826.000000000 26.1703 4.89893 0 0 0 0.83308 0.553153
826.700000000 26.0683 4.82511 0 0 0 0.971688 0.23627
827.200000000 26.0373 4.71168 0 0 0 -0.99997 0.00780939
828.200000000 25.6747 4.43467 0 0 0 -0.957743 0.287625
829.700000000 24.8868 3.67346 0 0 0 -0.917136 0.398574
830.900000000 24.6739 3.37065 0 0 0 -0.73279 0.680455
831.400000000 24.782 3.28326 0 0 0 -0.543697 0.839281
832.100000000 24.8809 3.37742 0 0 0 -0.222512 0.97493
832.700000000 24.9037 3.49336 0 0 0 0.0747868 0.9972
833.400000000 24.8408 3.59986 0 0 0 0.414155 0.910206
834.000000000 24.781 3.72926 0 0 0 0.636508 0.77127
834.700000000 24.6602 3.86865 0 0 0 0.819261 0.57342
836.200000000 24.0253 4.62085 0 0 0 0.924748 0.38058
837.500000000 23.5116 5.3926 0 0 0 0.851049 0.525086
838.900000000 23.2699 6.40269 0 0 0 0.743124 0.669154
840.200000000 23.3569 7.36232 0 0 0 0.621934 0.78307
841.400000000 23.697 8.1891 0 0 0 0.528108 0.849177
842.800000000 24.3164 8.9873 0 0 0 0.377633 0.925955
844.200000000 25.1775 9.46082 0 0 0 0.179997 0.983667
845.500000000 26.1374 9.61737 0 0 0 0.0380343 0.999276
846.300000000 26.3803 9.4849 0 0 0 -0.221578 0.975143
847.200000000 26.4921 9.24094 0 0 0 -0.520594 0.853805
849.000000000 27.0083 8.78261 0 0 0 -0.194988 0.980806
850.100000000 27.5788 8.81647 0 0 0 0.0358648 0.999357
851.600000000 28.6355 9.16106 0 0 0 0.218585 0.975818
852.500000000 28.938 9.13653 0 0 0 -0.0834175 0.996515
853.300000000 28.9656 8.96969 0 0 0 -0.419715 0.907656
853.900000000 28.8765 8.91292 0 0 0 -0.665486 0.74641
854.500000000 28.7696 8.88986 0 0 0 -0.847164 0.531331
855.400000000 28.5189 8.82295 0 0 0 -0.9738 0.227408
856.500000000 27.9168 8.81142 0 0 0 0.999736 0.022995
858.000000000 26.975 8.89733 0 0 0 0.998874 0.0474318
861.200000000 25.9663 8.95948 0 0 0 0.999705 0.0242735
864.000000000 24.9561 8.92698 0 0 0 -0.999871 0.0160695
865.300000000 23.9666 8.86164 0 0 0 -0.992942 0.118602
866.600000000 23.3536 8.44209 0 0 0 -0.923804 0.382866
867.400000000 23.3972 8.2004 0 0 0 -0.760918 0.648848
868.800000000 23.5046 7.31773 0 0 0 -0.667171 0.744905
870.200000000 23.6409 6.28604 0 0 0 -0.651643 0.758526
871.700000000 23.7734 5.35571 0 0 0 -0.669166 0.743113
875.600000000 23.7814 4.36651 0 0 0 -0.713886 0.700262
880.200000000 23.7381 3.40231 0 0 0 -0.725979 0.687717
884.700000000 23.6885 2.45752 0 0 0 -0.72403 0.689769
889.500000000 23.6581 1.48091 0 0 0 -0.711728 0.702455
894.400000000 23.651 0.537537 0 0 0 -0.709571 0.704634
899.300000000 23.6467 -0.432598 0 0 0 -0.709587 0.704618
904.100000000 23.6299 -1.38253 0 0 0 -0.709646 0.704559
907.800000000 23.6925 -2.42328 0 0 0 -0.643108 0.765776
909.200000000 24.0761 -3.3185 0 0 0 -0.486795 0.873516
910.600000000 24.7757 -4.08336 0 0 0 -0.370786 0.928718
911.800000000 25.4278 -4.70863 0 0 0 -0.374284 0.927314
913.100000000 26.1141 -5.39934 0 0 0 -0.392639 0.919693
914.000000000 26.1828 -5.66291 0 0 0 -0.647916 0.761712
914.600000000 26.1039 -5.656 0 0 0 -0.842443 0.538785
915.300000000 25.9906 -5.57128 0 0 0 -0.974831 0.222947
915.900000000 25.9631 -5.47693 0 0 0 0.997519 0.0703985
916.500000000 26.0235 -5.34653 0 0 0 0.938141 0.346254
917.400000000 25.8279 -4.99527 0 0 0 0.812493 0.582971
918.900000000 25.8671 -3.98421 0 0 0 0.648508 0.761208
920.000000000 26.0883 -3.58545 0 0 0 0.37986 0.925044
920.700000000 26.1512 -3.70446 0 0 0 0.0470834 0.998891
921.300000000 26.1373 -3.81092 0 0 0 -0.245761 0.969331
921.900000000 26.1426 -3.94148 0 0 0 -0.482796 0.875733
922.600000000 26.0978 -4.14233 0 0 0 -0.691091 0.722768
924.000000000 25.8502 -5.0443 0 0 0 -0.81858 0.574393
925.300000000 25.47 -5.93335 0 0 0 -0.830278 0.55735
926.900000000 25.3914 -6.9447 0 0 0 -0.685962 0.727637
929.300000000 25.4713 -7.95197 0 0 0 -0.676509 0.736434
932.700000000 25.5488 -8.94862 0 0 0 -0.678336 0.734752
934.100000000 25.6143 -9.88292 0 0 0 -0.667008 0.74505
935.700000000 26.0624 -10.6995 0 0 0 -0.390355 0.920664
936.300000000 26.1779 -10.6619 0 0 0 -0.140596 0.990067
936.900000000 26.2536 -10.5657 0 0 0 0.124741 0.992189
937.500000000 26.2692 -10.437 0 0 0 0.369168 0.929363
938.100000000 26.1642 -10.3707 0 0 0 0.622426 0.782679
938.600000000 26.0665 -10.3897 0 0 0 0.796342 0.604847
939.200000000 25.9771 -10.4546 0 0 0 0.939507 0.342529
939.800000000 25.9313 -10.5544 0 0 0 0.998768 0.0496217
940.500000000 25.9652 -10.6781 0 0 0 -0.955244 0.295818
941.200000000 26.0569 -10.7491 0 0 0 -0.794457 0.607321
941.800000000 26.1784 -10.7531 0 0 0 -0.579839 0.814731
942.400000000 26.2735 -10.682 0 0 0 -0.313186 0.949692
943.000000000 26.3323 -10.5792 0 0 0 -0.0192047 0.999816
944.700000000 27.3503 -10.4495 0 0 0 -0.00407079 0.999992
946.100000000 28.3818 -10.567 0 0 0 -0.0943708 0.995537
947.900000000 29.1578 -10.602 0 0 0 0.249806 0.968296
948.500000000 29.1279 -10.5011 0 0 0 0.500533 0.865718
949.100000000 29.0012 -10.4739 0 0 0 0.733404 0.679793
949.700000000 28.894 -10.5005 0 0 0 0.902005 0.431725
950.400000000 28.8066 -10.6186 0 0 0 0.995408 0.0957232
951.100000000 28.6391 -10.7478 0 0 0 -0.988026 0.154285
952.700000000 27.8868 -11.4595 0 0 0 -0.914583 0.404398
954.000000000 27.237 -12.1937 0 0 0 -0.910433 0.413657
955.300000000 26.6649 -12.9671 0 0 0 -0.881258 0.472636
956.600000000 26.2588 -13.8611 0 0 0 -0.801048 0.5986
958.000000000 26.2123 -14.8923 0 0 0 -0.702799 0.711389
959.300000000 26.2797 -15.8608 0 0 0 -0.669739 0.742596
960.600000000 26.3874 -16.8279 0 0 0 -0.668373 0.743827
962.000000000 26.4118 -17.8811 0 0 0 -0.71092 0.703273
963.300000000 26.3659 -18.8538 0 0 0 -0.728209 0.685356
964.600000000 26.3348 -19.8364 0 0 0 -0.710389 0.703809
965.900000000 26.3424 -20.8102 0 0 0 -0.703966 0.710233
967.200000000 26.3376 -21.7839 0 0 0 -0.707239 0.706975
968.500000000 26.3326 -22.7677 0 0 0 -0.705165 0.709043
969.800000000 26.4531 -23.7335 0 0 0 -0.644808 0.764345
971.100000000 26.6647 -24.7097 0 0 0 -0.63796 0.77007
972.700000000 26.6897 -25.5509 0 0 0 -0.832284 0.55435
973.400000000 26.5077 -25.467 0 0 0 -0.970224 0.242209
974.000000000 26.5199 -25.3349 0 0 0 0.998788 0.0492192
974.700000000 26.527 -25.205 0 0 0 0.922786 0.385313
975.400000000 26.6876 -25.1524 0 0 0 0.739825 0.672799
976.100000000 26.8163 -24.98 0 0 0 0.549065 0.83578
976.900000000 27.0403 -24.8769 0 0 0 0.290535 0.956864
977.600000000 27.1627 -24.9353 0 0 0 -0.00959677 0.999954
978.200000000 27.1247 -25.0437 0 0 0 -0.298882 0.95429
978.900000000 27.0291 -25.1438 0 0 0 -0.604763 0.796405
979.500000000 26.913 -25.1494 0 0 0 -0.810353 0.585942
980.600000000 26.4919 -25.6086 0 0 0 -0.923747 0.383002
981.900000000 25.7047 -26.1996 0 0 0 -0.943911 0.330199
983.300000000 25.1271 -26.9878 0 0 0 -0.857618 0.514288
984.700000000 24.8816 -27.9655 0 0 0 -0.740983 0.671524
986.000000000 24.8257 -28.8704 0 0 0 -0.787712 0.616044
987.500000000 24.3056 -29.5219 0 0 0 -0.943731 0.330713
988.200000000 24.1814 -29.4509 0 0 0 -0.999418 0.0341003
988.900000000 24.122 -29.3059 0 0 0 0.963957 0.266058
989.500000000 24.1666 -29.209 0 0 0 0.854372 0.519662
990.300000000 24.2455 -28.9751 0 0 0 0.669149 0.743128
991.100000000 24.4165 -28.8254 0 0 0 0.427483 0.904023
992.700000000 25.1857 -28.2369 0 0 0 0.410196 0.911997
994.000000000 25.4338 -27.519 0 0 0 0.636631 0.771168
995.300000000 25.2864 -26.7555 0 0 0 0.815223 0.579148
996.800000000 24.6665 -26.0861 0 0 0 0.94772 0.319102
998.200000000 23.8071 -25.7849 0 0 0 0.994843 0.101424
1000.700000000 22.8041 -25.7837 0 0 0 -0.999455 0.0330199
1002.300000000 21.7455 -25.9274 0 0 0 -0.996727 0.0808404
1003.500000000 20.8681 -26.0772 0 0 0 -0.996037 0.0889433
1004.800000000 19.9099 -26.2311 0 0 0 -0.99718 0.0750417
1006.400000000 18.9251 -26.3537 0 0 0 -0.998751 0.0499717
1009.900000000 17.9405 -26.4015 0 0 0 -0.999717 0.0238024
1012.500000000 17.0025 -26.4768 0 0 0 -0.998453 0.0555946
1014.000000000 15.9965 -26.7672 0 0 0 -0.974273 0.225372
1015.500000000 15.181 -27.4524 0 0 0 -0.930966 0.365105
1016.700000000 14.3983 -27.9526 0 0 0 -0.966727 0.255811
1018.100000000 13.4734 -28.1992 0 0 0 -0.998102 0.0615808
1019.500000000 12.4682 -28.1031 0 0 0 0.996102 0.08821
1022.600000000 11.5383 -27.9864 0 0 0 0.999091 0.0426176
1026.100000000 10.4979 -27.9526 0 0 0 0.999982 0.00607949
1027.800000000 9.58325 -27.9621 0 0 0 -0.999916 0.0129863
1030.800000000 8.57474 -27.9691 0 0 0 -0.999992 0.00391195
1033.800000000 7.59782 -27.9608 0 0 0 1 0.000327343
1035.900000000 6.59497 -27.9863 0 0 0 -0.99674 0.0806829
1037.200000000 5.66381 -28.3577 0 0 0 -0.967516 0.252808
1038.000000000 5.52889 -28.5853 0 0 0 -0.865361 0.501148
1038.800000000 5.62727 -28.778 0 0 0 -0.688215 0.725507
1040.200000000 5.69825 -29.8167 0 0 0 -0.673406 0.739273
1041.500000000 5.95925 -30.7385 0 0 0 -0.574576 0.818451
1042.900000000 6.30993 -31.2315 0 0 0 -0.264564 0.964368
1043.500000000 6.33796 -31.1159 0 0 0 0.0323336 0.999477
1044.100000000 6.29623 -31.0037 0 0 0 0.326407 0.945229
1044.800000000 6.19015 -30.9381 0 0 0 0.631244 0.775584
1045.300000000 6.09343 -30.9476 0 0 0 0.803169 0.595752
1046.300000000 5.75461 -30.7211 0 0 0 0.946896 0.32154
1047.800000000 4.8231 -30.4789 0 0 0 0.99823 0.0594699
1049.200000000 3.77424 -30.5682 0 0 0 -0.997859 0.0653991
1050.600000000 2.84224 -30.7 0 0 0 0.999994 0.00345171
1051.500000000 2.5368 -30.4918 0 0 0 0.962705 0.270554
1052.800000000 2.09403 -29.8146 0 0 0 0.856748 0.515735
1054.200000000 1.82373 -28.8884 0 0 0 0.794677 0.607033
1055.800000000 1.38577 -28.0138 0 0 0 0.897864 0.440272
1056.800000000 1.10666 -27.8621 0 0 0 0.99206 0.125767
1057.400000000 1.0921 -27.985 0 0 0 -0.984912 0.173057
1058.000000000 1.15364 -28.069 0 0 0 -0.889767 0.456414
1058.600000000 1.26563 -28.1258 0 0 0 -0.72357 0.690251
1059.300000000 1.39179 -28.3414 0 0 0 -0.546089 0.837727
1060.900000000 2.06903 -29.1531 0 0 0 -0.461001 0.8874
1062.400000000 2.34627 -30.109 0 0 0 -0.665209 0.746657
1063.200000000 2.21096 -30.2895 0 0 0 -0.856975 0.515358
1064.400000000 1.63452 -30.707 0 0 0 -0.957406 0.288746
1065.900000000 0.807718 -30.9842 0 0 0 0.99987 0.0161359
1066.500000000 0.826294 -30.8514 0 0 0 0.952917 0.303233
1067.100000000 0.913265 -30.7751 0 0 0 0.823342 0.567545
1067.700000000 1.02861 -30.7036 0 0 0 0.641212 0.767364
1068.400000000 1.1835 -30.5686 0 0 0 0.422984 0.906137
1070.200000000 2.08494 -30.0289 0 0 0 0.345315 0.938487
1071.700000000 2.61659 -29.1909 0 0 0 0.470446 0.882429
1073.000000000 3.30498 -28.5131 0 0 0 0.3487 0.937234
1074.300000000 4.14698 -28.0347 0 0 0 0.208999 0.977916
1075.600000000 5.08522 -27.7895 0 0 0 0.0838646 0.996477
1076.900000000 6.08813 -27.7171 0 0 0 0.00237503 0.999997
1078.300000000 7.12035 -27.8257 0 0 0 -0.0345944 0.999401
1079.500000000 8.01954 -27.8964 0 0 0 -0.0404741 0.999181
1080.800000000 8.99071 -27.9662 0 0 0 -0.0327236 0.999464
1082.200000000 10.0329 -27.9965 0 0 0 -0.013237 0.999912
1083.500000000 11.016 -27.9986 0 0 0 0.0191083 0.999817
1084.900000000 12.003 -28.1923 0 0 0 -0.173236 0.98488
1086.200000000 12.7222 -28.7283 0 0 0 -0.358417 0.933562
1087.500000000 13.3964 -29.4322 0 0 0 -0.39699 0.917823
1089.200000000 13.8754 -30.1428 0 0 0 -0.659026 0.752121
1089.800000000 13.7588 -30.2292 0 0 0 -0.825273 0.564734
1090.900000000 13.3126 -30.5553 0 0 0 -0.948784 0.315927
1092.200000000 12.4287 -30.9576 0 0 0 -0.986736 0.162335
1093.000000000 12.2943 -30.8568 0 0 0 0.986386 0.164449
1093.600000000 12.3557 -30.756 0 0 0 0.895194 0.445676
1094.200000000 12.462 -30.7186 0 0 0 0.726813 0.686836
1094.800000000 12.595 -30.5616 0 0 0 0.564873 0.825178
1096.400000000 13.3205 -29.8332 0 0 0 0.346883 0.937908
1097.800000000 14.1695 -29.2081 0 0 0 0.267377 0.963592
1099.000000000 15.0156 -28.9221 0 0 0 0.120853 0.99267
1100.400000000 16.0524 -28.8768 0 0 0 -0.0298862 0.999553
1101.600000000 16.9103 -29.0845 0 0 0 -0.152157 0.988356
1102.400000000 16.9104 -29.2239 0 0 0 -0.485974 0.873973
1103.100000000 16.7798 -29.2636 0 0 0 -0.752296 0.658825
1103.700000000 16.6792 -29.2252 0 0 0 -0.91209 0.409991
1104.200000000 16.621 -29.1344 0 0 0 -0.984556 0.17507
1105.100000000 16.2586 -29.0222 0 0 0 0.995055 0.0993217
1106.500000000 15.437 -28.5362 0 0 0 0.950056 0.312078
1108.000000000 14.6524 -27.8585 0 0 0 0.960371 0.278725
1109.500000000 13.7424 -27.7323 0 0 0 -0.999969 0.00790136
1110.700000000 12.8468 -27.7913 0 0 0 -0.999094 0.0425684
1112.000000000 11.8781 -27.8864 0 0 0 -0.99881 0.0487698
1113.300000000 10.9086 -27.9468 0 0 0 -0.999238 0.0390219
1114.700000000 9.90613 -28.0204 0 0 0 -0.999658 0.0261691
1117.500000000 8.94592 -28.031 0 0 0 -0.999988 0.00479702
1121.200000000 7.97953 -28.0334 0 0 0 -1 0.000842047
1124.000000000 7.01564 -28.0327 0 0 0 -0.999879 0.0155467
1125.400000000 5.97258 -28.117 0 0 0 -0.998801 0.0489589
1127.000000000 5.03079 -28.161 0 0 0 -0.999916 0.01298
1129.900000000 4.12581 -28.1418 0 0 0 0.999799 0.0200277
1133.600000000 3.12168 -28.1059 0 0 0 0.999918 0.0128119
1137.000000000 2.12053 -28.1012 0 0 0 0.999995 0.00302551
1140.600000000 1.16936 -28.116 0 0 0 0.999993 0.00376524
1144.400000000 0.20304 -28.0938 0 0 0 0.999998 0.001997
1147.900000000 -0.820944 -28.0956 0 0 0 0.999998 0.00200028
1149.400000000 -1.86547 -28.0964 0 0 0 0.999998 0.00203919
1150.800000000 -2.91738 -28.0999 0 0 0 -0.999974 0.00722027
1152.200000000 -3.96059 -28.1056 0 0 0 -0.999874 0.0158727
1153.500000000 -4.93102 -28.1685 0 0 0 -0.999168 0.0407786
1154.900000000 -5.92813 -28.3723 0 0 0 -0.986221 0.165431
1156.400000000 -6.81898 -28.9983 0 0 0 -0.931012 0.364987
1157.700000000 -7.48573 -29.7085 0 0 0 -0.923689 0.383144
1158.900000000 -8.18511 -30.274 0 0 0 -0.951931 0.306313
1160.300000000 -8.74723 -30.4726 0 0 0 0.999015 0.0443829
1160.900000000 -8.71236 -30.3505 0 0 0 0.942852 0.333211
1161.500000000 -8.62102 -30.2766 0 0 0 0.80505 0.593207
1162.100000000 -8.46461 -30.27 0 0 0 0.598673 0.800994
1162.800000000 -8.35621 -30.3468 0 0 0 0.291633 0.95653
1163.400000000 -8.31161 -30.4574 0 0 0 0.000492848 1
1164.200000000 -8.02617 -30.6334 0 0 0 -0.235948 0.971766
1165.300000000 -7.67443 -31.0965 0 0 0 -0.479531 0.877525
1166.500000000 -7.23834 -31.3895 0 0 0 -0.191379 0.981516
1167.700000000 -6.60829 -31.3248 0 0 0 0.0772832 0.997009
1168.900000000 -5.72022 -31.1737 0 0 0 0.0869627 0.996212
1170.300000000 -4.68661 -30.9795 0 0 0 0.104695 0.994504
1171.300000000 -4.54469 -30.8031 0 0 0 0.443473 0.896288
1171.900000000 -4.67602 -30.772 0 0 0 0.688416 0.725316
1172.400000000 -4.78973 -30.7808 0 0 0 0.846169 0.532914
1173.300000000 -5.08914 -30.6642 0 0 0 0.965936 0.258783
1174.400000000 -5.62309 -30.6723 0 0 0 -0.999654 0.0263156
1175.700000000 -6.57668 -30.816 0 0 0 -0.996901 0.0786689
1177.000000000 -7.54142 -30.9425 0 0 0 -0.999828 0.0185641
1178.300000000 -8.51882 -30.8621 0 0 0 0.997496 0.0707256
1179.600000000 -9.48297 -30.715 0 0 0 0.999411 0.0343067
1180.800000000 -10.3846 -30.7011 0 0 0 -0.999991 0.00414447
1182.200000000 -11.3884 -30.8012 0 0 0 -0.995188 0.0979817
1183.000000000 -11.4972 -30.9438 0 0 0 -0.915709 0.401843
1183.700000000 -11.3553 -30.9957 0 0 0 -0.723171 0.690669
1184.200000000 -11.2541 -30.971 0 0 0 -0.530318 0.847799
1184.900000000 -11.1496 -30.8829 0 0 0 -0.211716 0.977331
1185.600000000 -11.0269 -30.8169 0 0 0 0.0971703 0.995268
1186.800000000 -10.4283 -30.3724 0 0 0 0.320747 0.947165
1194.300000000 -9.72544 -29.5894 0 0 0 0.434859 0.900499
1195.600000000 -9.04495 -28.8907 0 0 0 0.372171 0.928164
1197.000000000 -8.30862 -28.1624 0 0 0 0.375683 0.926748
1198.300000000 -7.60975 -27.4818 0 0 0 0.379982 0.924994
1199.500000000 -6.97113 -26.8515 0 0 0 0.379984 0.924993
1200.900000000 -6.29121 -26.0897 0 0 0 0.399113 0.916902
1202.200000000 -5.68128 -25.3244 0 0 0 0.463535 0.886079
1203.400000000 -5.1793 -24.5217 0 0 0 0.530157 0.8479
1204.700000000 -4.86027 -23.6159 0 0 0 0.593066 0.805154
1206.000000000 -4.65881 -22.6635 0 0 0 0.645932 0.763395
1207.400000000 -4.61777 -21.625 0 0 0 0.704933 0.709274
1208.700000000 -4.59854 -20.6226 0 0 0 0.710044 0.704157
1210.000000000 -4.60037 -19.6672 0 0 0 0.706877 0.707337
1211.200000000 -4.60021 -18.7655 0 0 0 0.706905 0.707309
1212.600000000 -4.60009 -17.7185 0 0 0 0.706604 0.707609
1213.900000000 -4.60864 -16.7444 0 0 0 0.706575 0.707638
1215.100000000 -4.58967 -15.8409 0 0 0 0.702708 0.711479
1216.400000000 -4.50688 -14.872 0 0 0 0.663058 0.748568
1217.900000000 -4.11066 -13.9044 0 0 0 0.487514 0.873115
1219.400000000 -3.48554 -13.102 0 0 0 0.412055 0.911159
1220.700000000 -2.85823 -12.3003 0 0 0 0.525118 0.85103
1222.300000000 -2.77297 -11.2788 0 0 0 0.741064 0.671434
1224.000000000 -3.19327 -10.4031 0 0 0 0.892202 0.451637
1225.200000000 -3.44925 -10.2932 0 0 0 0.98502 0.172442
1226.000000000 -3.44476 -10.4093 0 0 0 -0.995455 0.0952369
1226.800000000 -3.41034 -10.5094 0 0 0 -0.925582 0.378547
1227.500000000 -3.30498 -10.5623 0 0 0 -0.786745 0.617278
1228.300000000 -3.17997 -10.5428 0 0 0 -0.555506 0.831512
1229.300000000 -2.87935 -10.667 0 0 0 -0.302876 0.95303
1230.800000000 -2.16552 -10.8446 0 0 0 -0.00721085 0.999974
1231.500000000 -2.01024 -10.7185 0 0 0 0.247469 0.968896
1232.400000000 -1.91812 -10.4483 0 0 0 0.539259 0.84214
1233.400000000 -1.97005 -10.1208 0 0 0 0.751371 0.65988
1234.400000000 -2.2018 -9.87236 0 0 0 0.90191 0.431924
1235.000000000 -2.27726 -9.90338 0 0 0 0.983652 0.180078
1235.700000000 -2.28647 -10.0582 0 0 0 -0.985695 0.168539
1236.300000000 -2.22248 -10.1432 0 0 0 -0.891784 0.452461
1236.900000000 -2.09992 -10.1859 0 0 0 -0.71838 0.695651
1237.500000000 -1.99583 -10.1445 0 0 0 -0.480651 0.876912
1238.200000000 -1.91872 -10.0527 0 0 0 -0.150129 0.988666
1238.800000000 -1.96548 -9.93838 0 0 0 0.132713 0.991155
1240.500000000 -0.834273 -9.81205 0 0 0 0.00434796 0.999991
1242.400000000 0.0886198 -9.53555 0 0 0 0.227041 0.973885
1244.200000000 0.32771 -9.15273 0 0 0 0.474219 0.880407
1244.900000000 0.214322 -9.09973 0 0 0 0.725628 0.688087
1245.400000000 0.12356 -9.14078 0 0 0 0.873852 0.486192
1246.000000000 0.0667944 -9.21069 0 0 0 0.978861 0.204526
1246.700000000 -0.047075 -9.33495 0 0 0 -0.996374 0.0850794
1247.800000000 -0.512677 -9.64192 0 0 0 -0.941612 0.336699
1249.200000000 -1.21503 -10.3336 0 0 0 -0.948424 0.317005
1250.500000000 -2.051 -10.6818 0 0 0 -0.991009 0.133798
1252.100000000 -3.14257 -10.7363 0 0 0 0.999812 0.0193766
1253.500000000 -4.16925 -10.5679 0 0 0 0.994827 0.101579
1254.900000000 -5.21514 -10.4388 0 0 0 0.998337 0.0576504
1256.600000000 -6.09755 -10.3647 0 0 0 -0.999999 0.00111055
1259.600000000 -7.10257 -10.4042 0 0 0 -0.999853 0.0171508
1262.500000000 -8.06046 -10.4229 0 0 0 0.999999 0.00161499
1263.900000000 -9.1112 -10.3539 0 0 0 0.999114 0.0420818
1265.500000000 -10.0901 -10.3045 0 0 0 0.99984 0.0178614
1267.100000000 -11.1006 -10.2958 0 0 0 -0.99996 0.00889967
1268.400000000 -12.0901 -10.3293 0 0 0 -0.999795 0.0202464
1269.900000000 -13.0817 -10.2311 0 0 0 0.989999 0.141076
1271.300000000 -13.8635 -9.67851 0 0 0 0.935617 0.353015
1272.700000000 -14.5773 -8.90961 0 0 0 0.916944 0.399016
1274.000000000 -15.2663 -8.22125 0 0 0 0.924676 0.380755
1274.900000000 -15.5567 -8.10078 0 0 0 0.993822 0.110989
1275.500000000 -15.6318 -8.21292 0 0 0 -0.988572 0.15075
1277.200000000 -16.4376 -8.96144 0 0 0 -0.917088 0.398684
1278.500000000 -17.1059 -9.67674 0 0 0 -0.922439 0.386143
1279.800000000 -17.7962 -10.3614 0 0 0 -0.926385 0.376577
1281.100000000 -18.4349 -11.0986 0 0 0 -0.887173 0.461437
1282.500000000 -18.7675 -12.0274 0 0 0 -0.775245 0.631661
1283.800000000 -18.8138 -13.0091 0 0 0 -0.672597 0.740009
1285.100000000 -18.6741 -13.9882 0 0 0 -0.640923 0.767606
1286.500000000 -18.4093 -14.9275 0 0 0 -0.607374 0.794416
1287.700000000 -17.9699 -15.4616 0 0 0 -0.39316 0.91947
1289.000000000 -17.214 -16.0712 0 0 0 -0.300034 0.953928
1290.300000000 -16.3604 -16.5267 0 0 0 -0.196998 0.980404
1291.800000000 -15.3106 -16.9242 0 0 0 -0.239711 0.970844
1293.200000000 -14.8296 -17.4049 0 0 0 -0.551701 0.834042
1293.900000000 -14.9493 -17.4554 0 0 0 -0.801196 0.598402
1294.400000000 -15.0458 -17.3787 0 0 0 -0.922253 0.386587
1295.100000000 -15.2278 -17.3751 0 0 0 -0.992637 0.12113
1296.300000000 -15.8276 -17.1846 0 0 0 0.985917 0.167238
1297.900000000 -16.848 -16.6781 0 0 0 0.973229 0.229839
1299.300000000 -17.6101 -16.1892 0 0 0 0.943323 0.331876
1300.700000000 -18.3502 -15.4433 0 0 0 0.916307 0.400477
1302.000000000 -19.0619 -14.752 0 0 0 0.929435 0.368986
1303.300000000 -19.8182 -14.1846 0 0 0 0.964467 0.264203
1304.600000000 -20.6908 -13.8736 0 0 0 0.994789 0.101956
1305.200000000 -20.7478 -13.9811 0 0 0 -0.983886 0.178796
1305.800000000 -20.7484 -14.1439 0 0 0 -0.911403 0.411515
1306.900000000 -20.8903 -14.7306 0 0 0 -0.780038 0.625732
1308.400000000 -20.9475 -15.8164 0 0 0 -0.710454 0.703743
1310.000000000 -21.3402 -16.7345 0 0 0 -0.884914 0.465754
1311.000000000 -21.6434 -16.8937 0 0 0 -0.987602 0.156978
1311.500000000 -21.7063 -16.8306 0 0 0 0.998035 0.0626622
1312.200000000 -21.7238 -16.6799 0 0 0 0.93231 0.36166
1312.900000000 -21.6774 -16.5578 0 0 0 0.76809 0.640342
1313.500000000 -21.5492 -16.5706 0 0 0 0.548324 0.836266
1314.000000000 -21.4533 -16.6267 0 0 0 0.329233 0.944249
1314.600000000 -21.3902 -16.7226 0 0 0 0.0502427 0.998737
1315.300000000 -21.3259 -16.8288 0 0 0 -0.25515 0.966902
1316.100000000 -21.1657 -17.2197 0 0 0 -0.456241 0.889856
1317.500000000 -20.7622 -18.1376 0 0 0 -0.589229 0.807966
1318.900000000 -20.605 -19.1519 0 0 0 -0.688541 0.725197
1320.100000000 -20.6805 -20.0532 0 0 0 -0.74786 0.663856
1321.500000000 -20.8152 -21.0938 0 0 0 -0.743638 0.668583
1322.900000000 -20.8399 -22.1338 0 0 0 -0.707427 0.706786
1324.100000000 -20.8356 -23.0288 0 0 0 -0.701664 0.712508
1325.500000000 -20.8412 -24.1381 0 0 0 -0.713418 0.700739
1326.800000000 -20.9254 -25.0645 0 0 0 -0.771879 0.635769
1328.000000000 -21.0875 -25.9538 0 0 0 -0.763072 0.646314
1329.300000000 -21.2075 -26.9195 0 0 0 -0.738787 0.673938
1330.800000000 -21.1435 -27.9601 0 0 0 -0.648648 0.761089
1332.000000000 -20.8024 -28.5443 0 0 0 -0.436147 0.899876
1333.400000000 -20.0603 -29.2605 0 0 0 -0.368775 0.929519
1334.700000000 -19.3653 -29.953 0 0 0 -0.382406 0.923994
1336.000000000 -18.6815 -30.6368 0 0 0 -0.393294 0.919413
1337.400000000 -17.867 -31.2111 0 0 0 -0.228378 0.973573
1338.900000000 -17.0137 -31.3667 0 0 0 0.076329 0.997083
1339.600000000 -17.0853 -31.2496 0 0 0 0.41565 0.909524
1340.200000000 -17.1827 -31.2001 0 0 0 0.665961 0.745987
1340.900000000 -17.2836 -31.0067 0 0 0 0.83103 0.556228
1342.000000000 -17.7636 -30.63 0 0 0 0.943169 0.332315
1343.400000000 -18.6641 -30.1734 0 0 0 0.988743 0.149623
1344.700000000 -19.6518 -30.0972 0 0 0 0.999425 0.0339065
1345.900000000 -20.5538 -30.0366 0 0 0 0.999489 0.0319758
1347.300000000 -21.6043 -29.9795 0 0 0 0.999914 0.0131178
1348.700000000 -22.6479 -29.9757 0 0 0 -0.999999 0.00134476
1350.000000000 -23.6212 -29.9849 0 0 0 -0.999928 0.0119996
1351.300000000 -24.5961 -30.0382 0 0 0 -0.999579 0.0290017
1352.800000000 -25.7048 -30.1209 0 0 0 -0.999593 0.0285339
1354.100000000 -26.6485 -30.2257 0 0 0 -0.99485 0.101356
1355.600000000 -27.5113 -30.7204 0 0 0 -0.942354 0.334619
1356.300000000 -27.464 -30.825 0 0 0 -0.785184 0.619263
1357.000000000 -27.3476 -30.8093 0 0 0 -0.523751 0.851871
1357.700000000 -27.2217 -30.7872 0 0 0 -0.238715 0.97109
1358.400000000 -27.0117 -30.7325 0 0 0 0.0107075 0.999943
1359.900000000 -25.9487 -30.4609 0 0 0 0.150142 0.988664
1361.100000000 -25.1001 -30.1774 0 0 0 0.201937 0.979398
1362.700000000 -24.3344 -29.4989 0 0 0 0.437964 0.898993
1364.100000000 -24.0797 -28.6925 0 0 0 0.668583 0.743638
1365.400000000 -24.2709 -27.9001 0 0 0 0.829106 0.559091
1366.800000000 -24.8801 -27.1298 0 0 0 0.92706 0.374913
1368.300000000 -25.7573 -26.4933 0 0 0 0.946551 0.322554
1369.600000000 -26.4829 -25.8586 0 0 0 0.919825 0.39233
1371.000000000 -27.2052 -25.0736 0 0 0 0.91985 0.39227
1372.300000000 -27.8862 -24.3643 0 0 0 0.923631 0.383284
1373.700000000 -28.6212 -23.6194 0 0 0 0.918899 0.394492
1375.200000000 -28.9508 -22.7518 0 0 0 0.772113 0.635485
1376.600000000 -28.881 -21.7234 0 0 0 0.650229 0.759738
1377.900000000 -28.7201 -20.7586 0 0 0 0.649305 0.760528
1379.400000000 -28.645 -19.7279 0 0 0 0.69372 0.720245
1380.300000000 -28.7744 -19.6314 0 0 0 0.900507 0.434842
1381.000000000 -28.8401 -19.7485 0 0 0 0.994919 0.100675
1381.600000000 -28.8373 -19.8853 0 0 0 -0.98287 0.184298
1383.200000000 -29.6115 -20.5925 0 0 0 -0.917588 0.397533
1384.500000000 -30.2791 -21.2977 0 0 0 -0.92184 0.387571
1386.000000000 -30.9526 -22.0556 0 0 0 -0.876052 0.482217
1387.300000000 -31.0677 -22.7988 0 0 0 -0.712332 0.701843
1388.700000000 -30.883 -23.8172 0 0 0 -0.620656 0.784083
1390.100000000 -30.6668 -24.8456 0 0 0 -0.649897 0.760023
1391.800000000 -30.7351 -25.7274 0 0 0 -0.867344 0.49771
1392.400000000 -30.8218 -25.6487 0 0 0 -0.974665 0.223668
1393.100000000 -30.8504 -25.5345 0 0 0 0.992964 0.118413
1393.700000000 -30.7995 -25.4278 0 0 0 0.915509 0.402297
1394.300000000 -30.6975 -25.3663 0 0 0 0.758852 0.651263
1395.100000000 -30.5593 -25.1099 0 0 0 0.56537 0.824837
1396.500000000 -29.9052 -24.4224 0 0 0 0.361756 0.932273
1397.900000000 -29.0374 -23.8709 0 0 0 0.265266 0.964175
1399.000000000 -28.718 -23.4122 0 0 0 0.508215 0.86123
1400.300000000 -28.6325 -22.6252 0 0 0 0.715769 0.698337
1402.100000000 -28.7431 -21.7287 0 0 0 0.753099 0.657907
1406.100000000 -28.8545 -20.7598 0 0 0 0.742568 0.669771
1409.500000000 -28.935 -19.7937 0 0 0 0.717815 0.696234
1412.900000000 -28.9257 -18.724 0 0 0 0.699971 0.714172
1414.300000000 -28.8735 -17.7136 0 0 0 0.692198 0.721708
1417.100000000 -28.8801 -16.7346 0 0 0 0.749193 0.662352
1418.500000000 -29.2679 -15.7659 0 0 0 0.866459 0.499247
1419.800000000 -29.8921 -15.0185 0 0 0 0.92071 0.390247
1421.200000000 -30.6548 -14.3033 0 0 0 0.932336 0.361592
1422.500000000 -31.3568 -13.5985 0 0 0 0.92208 0.387
1423.700000000 -31.9815 -12.976 0 0 0 0.919875 0.392212
1425.000000000 -32.6557 -12.2629 0 0 0 0.913952 0.405823
1426.400000000 -33.2745 -11.3802 0 0 0 0.881595 0.472007
1427.600000000 -33.7055 -10.6202 0 0 0 0.845662 0.533718
1429.000000000 -34.0341 -9.7088 0 0 0 0.804318 0.594199
1430.300000000 -34.2225 -8.65071 0 0 0 0.758769 0.651359
1431.800000000 -34.2943 -7.68344 0 0 0 0.736577 0.676354
1433.200000000 -34.5964 -6.70769 0 0 0 0.837959 0.545733
1434.400000000 -35.0839 -6.27506 0 0 0 0.953352 0.301862
1435.500000000 -35.6868 -6.09073 0 0 0 0.997803 0.0662459
1436.800000000 -36.4319 -6.28868 0 0 0 -0.980444 0.196797
1438.400000000 -37.2043 -7.0141 0 0 0 -0.892629 0.450792
1440.000000000 -37.4781 -7.86628 0 0 0 -0.686933 0.72672
1440.600000000 -37.3724 -7.82218 0 0 0 -0.442018 0.897006
1441.300000000 -37.2942 -7.70587 0 0 0 -0.108763 0.994068
1441.800000000 -37.3044 -7.60791 0 0 0 0.140008 0.99015
1442.500000000 -37.3705 -7.53018 0 0 0 0.471477 0.881879
1443.100000000 -37.4844 -7.49348 0 0 0 0.710984 0.703208
1443.700000000 -37.6226 -7.43782 0 0 0 0.870873 0.491508
1445.100000000 -38.2946 -6.92595 0 0 0 0.971654 0.236408
1446.100000000 -38.6157 -6.9336 0 0 0 -0.995193 0.0979286
1446.700000000 -38.5594 -7.03781 0 0 0 -0.921793 0.387683
1447.300000000 -38.4542 -7.09202 0 0 0 -0.766034 0.6428
1447.900000000 -38.3369 -7.07751 0 0 0 -0.541834 0.840486
1448.500000000 -38.2483 -6.99925 0 0 0 -0.269247 0.963071
1449.000000000 -38.2058 -6.91318 0 0 0 -0.0344893 0.999405
1449.800000000 -38.0445 -6.72541 0 0 0 0.257034 0.966402
1451.200000000 -37.5102 -6.05384 0 0 0 0.507521 0.861639
1458.700000000 -37.0276 -5.24937 0 0 0 0.42692 0.90429
1460.000000000 -36.2992 -4.56692 0 0 0 0.368628 0.929577
1461.400000000 -35.5397 -3.84231 0 0 0 0.37925 0.925294
1463.000000000 -34.6901 -3.01556 0 0 0 0.379338 0.925258
1464.300000000 -34.133 -2.3002 0 0 0 0.500706 0.865617
1465.900000000 -33.8933 -1.34539 0 0 0 0.655351 0.755324
1467.500000000 -33.8935 -0.342336 0 0 0 0.724785 0.688975
1468.800000000 -33.9815 0.543099 0 0 0 0.747081 0.664733
1470.200000000 -34.099 1.52962 0 0 0 0.739576 0.673074
1471.500000000 -34.1697 2.38214 0 0 0 0.725026 0.688721
1474.000000000 -34.1838 3.32775 0 0 0 0.710403 0.703795
1475.900000000 -34.2001 4.2519 0 0 0 0.722607 0.691259
1477.800000000 -34.2251 5.24394 0 0 0 0.718278 0.695756
1480.100000000 -34.3357 6.18987 0 0 0 0.731747 0.681577
1481.400000000 -34.4216 7.19583 0 0 0 0.795117 0.606456
1482.900000000 -34.9963 7.95517 0 0 0 0.916339 0.400403
1484.300000000 -35.7265 8.71279 0 0 0 0.904173 0.427166
1485.700000000 -36.2482 9.64662 0 0 0 0.84983 0.527056
1487.000000000 -36.3198 10.3659 0 0 0 0.670665 0.741761
1488.200000000 -36.0083 10.9152 0 0 0 0.444446 0.895806
1489.400000000 -35.4766 11.2159 0 0 0 0.194737 0.980855
1490.500000000 -35.1516 11.4469 0 0 0 -0.06305 0.99801
1491.600000000 -35.178 11.4729 0 0 0 -0.347191 0.937795
1492.200000000 -35.3118 11.4194 0 0 0 -0.599554 0.800334
1492.800000000 -35.4743 11.4126 0 0 0 -0.80303 0.595938
1493.500000000 -35.5384 11.4572 0 0 0 -0.95805 0.286601
1494.100000000 -35.58 11.5603 0 0 0 0.999987 0.00508323
1494.700000000 -35.5629 11.6837 0 0 0 0.955383 0.295371
1495.400000000 -35.473 11.769 0 0 0 0.800189 0.599748
1496.000000000 -35.3338 11.7933 0 0 0 0.596753 0.802425
1496.500000000 -35.2586 11.7296 0 0 0 0.389064 0.921211
1497.200000000 -35.1139 11.6801 0 0 0 0.0943645 0.995538
1498.900000000 -34.1261 11.8804 0 0 0 0.233065 0.972461
1499.800000000 -33.9469 12.1053 0 0 0 0.520164 0.854066
1500.300000000 -34.0528 12.1516 0 0 0 0.714243 0.699897
1501.000000000 -34.2136 12.0808 0 0 0 0.912189 0.409769
1501.600000000 -34.2727 12.0224 0 0 0 0.990504 0.137487
1503.300000000 -34.6636 12.2537 0 0 0 0.875775 0.48272
1504.400000000 -34.7159 12.9147 0 0 0 0.729456 0.684028
1505.800000000 -34.5447 13.838 0 0 0 0.567273 0.82353
1506.300000000 -34.4607 13.7922 0 0 0 0.351608 0.936147
1506.900000000 -34.4186 13.7002 0 0 0 0.063609 0.997975
1507.500000000 -34.4215 13.6255 0 0 0 -0.230032 0.973183
1508.200000000 -34.4413 13.4873 0 0 0 -0.533196 0.845992
1508.900000000 -34.5008 13.276 0 0 0 -0.710514 0.703683
1510.100000000 -34.6331 12.4133 0 0 0 -0.733049 0.680176
1511.500000000 -34.917 11.6065 0 0 0 -0.884473 0.466592
1513.900000000 -35.4956 10.8217 0 0 0 -0.704001 0.710199
1515.000000000 -35.1847 10.2766 0 0 0 -0.507387 0.861719
1516.300000000 -34.6975 9.47096 0 0 0 -0.514958 0.857215
1517.900000000 -34.349 8.56353 0 0 0 -0.604712 0.796444
1519.800000000 -34.2256 7.60862 0 0 0 -0.68218 0.731185
1521.200000000 -34.2193 6.54768 0 0 0 -0.709992 0.704209
1522.500000000 -34.2347 5.6813 0 0 0 -0.719515 0.694477
1524.100000000 -34.2487 4.63746 0 0 0 -0.677546 0.73548
1524.700000000 -34.1467 4.65377 0 0 0 -0.442132 0.89695
1525.300000000 -34.0828 4.74216 0 0 0 -0.156966 0.987604
1525.800000000 -34.083 4.78957 0 0 0 0.0927606 0.995688
1526.500000000 -34.1425 4.9429 0 0 0 0.427883 0.903834
1527.900000000 -33.9556 5.77869 0 0 0 0.663608 0.74808
1529.400000000 -34.1547 6.78989 0 0 0 0.818771 0.574121
1530.700000000 -34.6248 7.64759 0 0 0 0.874529 0.484974
1532.400000000 -35.1729 8.20002 0 0 0 0.982558 0.185958
1533.100000000 -35.1835 8.09305 0 0 0 -0.995941 0.0900123
1533.700000000 -35.1332 8.01988 0 0 0 -0.944041 0.329827
1534.400000000 -35.0447 7.94801 0 0 0 -0.783496 0.621397
1535.000000000 -34.9335 7.95082 0 0 0 -0.576476 0.817114
1535.600000000 -34.8395 7.99923 0 0 0 -0.32289 0.946437
1537.200000000 -33.8348 7.60988 0 0 0 -0.167097 0.98594
1538.500000000 -33.2124 7.50799 0 0 0 0.125889 0.992044
1539.300000000 -33.294 7.66959 0 0 0 0.498644 0.866807
1539.900000000 -33.4157 7.68762 0 0 0 0.729733 0.683732
1540.500000000 -33.5292 7.63999 0 0 0 0.896483 0.443078
1541.200000000 -33.5956 7.55027 0 0 0 0.993548 0.113411
1541.700000000 -33.6438 7.43612 0 0 0 -0.994354 0.106112
1542.500000000 -33.7661 7.25054 0 0 0 -0.920728 0.390205
1543.400000000 -33.7527 6.99462 0 0 0 -0.745151 0.666896
