0.100000000 0.2 0 0 0 0 0 1
5.800000000 0.994934 -0.112256 0 0 0 -0.295532 0.955333
6.500000000 0.883317 -0.182414 0 0 0 -0.605705 0.79569
7.100000000 0.746733 -0.180121 0 0 0 -0.813446 0.58164
7.700000000 0.651271 -0.109446 0 0 0 -0.949008 0.315252
8.400000000 0.611719 0.00435692 0 0 0 0.999553 0.0299073
9.000000000 0.653434 0.125428 0 0 0 0.946059 0.323994
9.600000000 0.750929 0.180561 0 0 0 0.808139 0.588992
10.200000000 0.886623 0.186619 0 0 0 0.598479 0.801138
10.900000000 0.994111 0.102781 0 0 0 0.286896 0.957962
11.500000000 1.01704 -0.00043934 0 0 0 -0.00901928 0.999959
12.100000000 0.997686 -0.118153 0 0 0 -0.303543 0.952818
14.900000000 1.16179 -0.103306 0 0 0 -0.0417415 0.999128
15.600000000 1.13614 0.0115326 0 0 0 0.303982 0.952678
16.200000000 1.02295 0.0950808 0 0 0 0.567816 0.823155
16.800000000 0.907619 0.118264 0 0 0 0.779779 0.626055
17.900000000 0.511119 0.492424 0 0 0 0.922502 0.385992
19.200000000 -0.212405 1.15021 0 0 0 0.931673 0.363297
20.500000000 -0.876778 1.86528 0 0 0 0.906796 0.421569
21.800000000 -1.43359 2.6701 0 0 0 0.876806 0.480844
23.200000000 -1.91186 3.55841 0 0 0 0.84421 0.536012
24.500000000 -2.2985 4.50289 0 0 0 0.815933 0.578146
25.800000000 -2.6205 5.42182 0 0 0 0.816559 0.577262
27.100000000 -2.74866 6.374 0 0 0 0.753044 0.65797
28.000000000 -2.7747 6.46888 0 0 0 0.475108 0.879928
28.600000000 -2.69179 6.37483 0 0 0 0.198288 0.980144
29.200000000 -2.67099 6.26422 0 0 0 -0.0957423 0.995406
29.800000000 -2.71705 6.16892 0 0 0 -0.38139 0.924414
30.400000000 -2.80534 6.10562 0 0 0 -0.633957 0.773368
31.000000000 -2.82671 6.06848 0 0 0 -0.817941 0.575302
32.000000000 -3.17323 5.75564 0 0 0 -0.940649 0.339382
33.300000000 -4.00791 5.34141 0 0 0 -0.984292 0.176546
33.900000000 -4.07034 5.45068 0 0 0 0.995385 0.0959664
34.600000000 -4.014 5.56757 0 0 0 0.903845 0.427861
35.200000000 -3.93668 5.64366 0 0 0 0.75947 0.650542
35.900000000 -3.81069 5.75259 0 0 0 0.538288 0.842761
37.500000000 -3.12971 6.39877 0 0 0 0.34091 0.940096
38.800000000 -2.37312 7.14477 0 0 0 0.443358 0.896344
40.200000000 -2.05169 7.96602 0 0 0 0.612235 0.790676
41.600000000 -2.00709 9.04859 0 0 0 0.74399 0.66819
42.900000000 -2.20638 9.95878 0 0 0 0.759303 0.650737
44.200000000 -2.25455 10.9611 0 0 0 0.731034 0.682341
46.500000000 -2.24318 11.911 0 0 0 0.692786 0.721143
50.300000000 -2.21164 12.8612 0 0 0 0.697073 0.717
54.000000000 -2.19986 13.8264 0 0 0 0.704819 0.709387
57.800000000 -2.19847 14.7724 0 0 0 0.706342 0.707871
60.900000000 -2.18959 15.7369 0 0 0 0.710285 0.703914
62.300000000 -2.26636 16.7704 0 0 0 0.785498 0.618865
63.800000000 -2.69441 17.4475 0 0 0 0.943596 0.331099
64.500000000 -2.78773 17.3826 0 0 0 0.999616 0.0277263
65.100000000 -2.8393 17.2717 0 0 0 -0.972669 0.232198
65.600000000 -2.81337 17.1949 0 0 0 -0.889414 0.457103
66.300000000 -2.72171 17.1478 0 0 0 -0.678303 0.734782
66.900000000 -2.62208 17.2018 0 0 0 -0.430867 0.902415
67.500000000 -2.54657 17.2802 0 0 0 -0.144944 0.98944
68.100000000 -2.54939 17.308 0 0 0 0.140061 0.990143
68.800000000 -2.4554 17.4957 0 0 0 0.393714 0.919233
70.100000000 -2.11049 18.3738 0 0 0 0.594088 0.8044
71.500000000 -1.93701 19.4012 0 0 0 0.706612 0.707602
72.800000000 -2.06962 20.3628 0 0 0 0.746577 0.665299
74.300000000 -2.14366 21.4073 0 0 0 0.724961 0.68879
76.900000000 -2.14881 22.3494 0 0 0 0.697041 0.717031
80.800000000 -2.12159 23.354 0 0 0 0.69998 0.714162
84.500000000 -2.11373 24.3244 0 0 0 0.70586 0.708351
88.200000000 -2.11298 25.2967 0 0 0 0.706738 0.707475
92.200000000 -2.08686 26.2562 0 0 0 0.692462 0.721454
96.400000000 -2.04519 27.2387 0 0 0 0.702275 0.711906
97.800000000 -2.13681 28.2496 0 0 0 0.762036 0.647535
99.100000000 -2.36024 29.1987 0 0 0 0.807459 0.589924
100.400000000 -2.70477 30.1454 0 0 0 0.806198 0.591646
101.900000000 -2.6851 30.833 0 0 0 0.567334 0.823488
102.400000000 -2.68501 30.8362 0 0 0 0.344335 0.938847
103.000000000 -2.62985 30.7108 0 0 0 0.0561352 0.998423
103.700000000 -2.63166 30.7185 0 0 0 -0.28415 0.95878
104.300000000 -2.68516 30.6455 0 0 0 -0.550946 0.834541
104.800000000 -2.80053 30.6131 0 0 0 -0.737925 0.674882
105.500000000 -2.92253 30.6578 0 0 0 -0.922391 0.386258
106.100000000 -2.98681 30.7656 0 0 0 -0.994706 0.102764
106.600000000 -2.98596 30.8626 0 0 0 0.989714 0.14306
107.300000000 -2.92557 30.8391 0 0 0 0.883205 0.468987
108.000000000 -2.79746 30.8744 0 0 0 0.673236 0.739427
109.000000000 -2.53891 31.3588 0 0 0 0.487946 0.872874
110.300000000 -1.97731 32.1471 0 0 0 0.518538 0.855054
111.600000000 -1.79276 33.0702 0 0 0 0.657268 0.753657
113.000000000 -1.86985 34.1083 0 0 0 0.751549 0.659677
114.200000000 -1.99092 34.9986 0 0 0 0.753824 0.657077
115.800000000 -2.06064 35.9846 0 0 0 0.721274 0.69265
118.800000000 -2.05701 36.9223 0 0 0 0.692681 0.721244
123.200000000 -2.00558 37.9213 0 0 0 0.693983 0.719991
125.700000000 -1.99184 38.9589 0 0 0 0.704154 0.710047
127.000000000 -1.97977 39.9314 0 0 0 0.7118 0.702382
128.500000000 -2.16188 41.0016 0 0 0 0.808569 0.588401
130.100000000 -2.52518 41.9131 0 0 0 0.763122 0.646255
131.200000000 -2.41212 42.5438 0 0 0 0.585227 0.81087
132.600000000 -1.99878 43.482 0 0 0 0.542445 0.840091
133.800000000 -1.66866 44.3529 0 0 0 0.641723 0.766937
135.100000000 -1.70558 45.3246 0 0 0 0.746625 0.665246
136.500000000 -1.86601 46.3523 0 0 0 0.757563 0.652762
137.800000000 -1.91364 47.3245 0 0 0 0.709793 0.70441
139.100000000 -1.9297 48.3077 0 0 0 0.701864 0.712311
140.400000000 -1.91517 49.28 0 0 0 0.706232 0.707981
141.800000000 -1.91136 50.3337 0 0 0 0.70621 0.708002
143.100000000 -1.90746 51.3069 0 0 0 0.709891 0.704312
144.400000000 -1.98879 52.2851 0 0 0 0.749675 0.661806
145.700000000 -2.32216 53.2022 0 0 0 0.836415 0.548097
146.900000000 -2.71997 54.0076 0 0 0 0.841958 0.539543
148.200000000 -2.66729 54.5858 0 0 0 0.644437 0.764657
149.400000000 -2.31646 55.17 0 0 0 0.426729 0.904379
150.800000000 -1.54541 55.8762 0 0 0 0.359102 0.933298
152.100000000 -0.833273 56.5516 0 0 0 0.377306 0.926089
153.400000000 -0.141972 57.2401 0 0 0 0.379181 0.925323
154.800000000 0.665057 57.8748 0 0 0 0.274409 0.961613
156.200000000 1.64422 58.1791 0 0 0 0.0904924 0.995897
158.000000000 2.6219 58.1873 0 0 0 -0.0173852 0.999849
161.200000000 3.5618 58.1218 0 0 0 -0.0307687 0.999527
164.600000000 4.49372 58.0928 0 0 0 -0.013101 0.999914
166.600000000 5.4574 58.394 0 0 0 0.252444 0.967612
167.900000000 5.98382 58.9653 0 0 0 0.493322 0.869847
168.500000000 5.90581 59.0542 0 0 0 0.706654 0.707559
169.200000000 5.75284 59.0094 0 0 0 0.905959 0.423365
169.800000000 5.69863 58.9102 0 0 0 0.990609 0.136722
170.400000000 5.70168 58.782 0 0 0 -0.986769 0.162133
171.000000000 5.77091 58.6962 0 0 0 -0.894781 0.446506
171.600000000 5.88217 58.6662 0 0 0 -0.722862 0.690992
172.300000000 5.95367 58.4842 0 0 0 -0.522222 0.852809
173.500000000 6.59492 58.0894 0 0 0 -0.291544 0.956558
174.900000000 7.51823 57.7769 0 0 0 -0.0790365 0.996872
176.300000000 8.46694 57.7935 0 0 0 0.084169 0.996451
177.600000000 9.49513 58.0349 0 0 0 0.0816182 0.996664
178.900000000 10.4614 58.1426 0 0 0 0.035422 0.999372
180.800000000 11.4123 58.1553 0 0 0 -0.00295644 0.999996
184.500000000 12.4065 58.1184 0 0 0 -0.0211446 0.999776
188.200000000 13.3714 58.1031 0 0 0 -0.00448626 0.99999
191.900000000 14.3514 58.0979 0 0 0 -0.00260116 0.999997
196.300000000 15.3324 58.0927 0 0 0 -0.00260116 0.999997
199.900000000 16.2726 58.0874 0 0 0 -0.00260116 0.999997
203.200000000 17.2588 58.0822 0 0 0 -0.00260116 0.999997
205.000000000 17.7417 58.2192 0 0 0 0.268654 0.963237
205.800000000 17.7258 58.4181 0 0 0 0.562251 0.826967
206.500000000 17.6383 58.4787 0 0 0 0.791352 0.611361
207.100000000 17.5178 58.4264 0 0 0 0.936064 0.351829
207.700000000 17.4797 58.3184 0 0 0 0.998229 0.0594893
208.300000000 17.501 58.2022 0 0 0 -0.971225 0.238165
208.900000000 17.5842 58.1282 0 0 0 -0.857464 0.514544
209.500000000 17.6512 58.0692 0 0 0 -0.682432 0.730949
210.000000000 17.6535 58.0659 0 0 0 -0.495909 0.868374
211.500000000 18.4135 57.4179 0 0 0 -0.319261 0.947667
213.000000000 19.2192 56.7622 0 0 0 -0.358698 0.933454
215.600000000 19.9782 56.1181 0 0 0 -0.379533 0.925178
220.000000000 20.6749 55.4295 0 0 0 -0.38003 0.924974
224.400000000 21.3246 54.5282 0 0 0 -0.436903 0.899509
225.600000000 21.7718 53.7664 0 0 0 -0.542362 0.840145
227.700000000 21.9711 52.7968 0 0 0 -0.65756 0.753402
232.100000000 22.006 51.8219 0 0 0 -0.709856 0.704347
236.400000000 21.9657 50.8707 0 0 0 -0.719261 0.69474
237.700000000 22.2007 50.4126 0 0 0 -0.496343 0.868126
239.100000000 22.9367 49.6177 0 0 0 -0.354319 0.935125
241.100000000 23.6192 48.982 0 0 0 -0.365499 0.930812
242.900000000 23.8554 48.6067 0 0 0 -0.60709 0.794633
243.700000000 23.712 48.4637 0 0 0 -0.821879 0.569662
245.000000000 23.1339 47.8816 0 0 0 -0.930298 0.366804
246.300000000 22.4135 47.1851 0 0 0 -0.931197 0.364515
247.700000000 21.663 46.4677 0 0 0 -0.924031 0.382317
249.000000000 20.9834 45.7895 0 0 0 -0.922844 0.385174
250.200000000 20.3434 45.1518 0 0 0 -0.922844 0.385174
251.600000000 19.6034 44.414 0 0 0 -0.922844 0.385174
252.800000000 18.927 43.8156 0 0 0 -0.939736 0.341902
254.300000000 18.1046 43.2031 0 0 0 -0.953606 0.301058
256.000000000 17.0541 42.9398 0 0 0 -0.988611 0.150494
257.300000000 16.0849 42.8278 0 0 0 -0.999085 0.0427633
258.700000000 15.1323 42.581 0 0 0 -0.981752 0.190165
259.900000000 14.3817 42.0799 0 0 0 -0.942431 0.334402
261.400000000 13.6608 41.3356 0 0 0 -0.914581 0.404404
264.300000000 13.023 40.6682 0 0 0 -0.92177 0.387736
268.300000000 12.3479 39.9877 0 0 0 -0.923206 0.384306
271.600000000 11.6753 39.3101 0 0 0 -0.923206 0.384306
273.000000000 11.5359 38.9995 0 0 0 -0.756646 0.653824
273.700000000 11.5572 39.0134 0 0 0 -0.560794 0.827956
274.800000000 12.0202 38.5979 0 0 0 -0.346527 0.93804
276.400000000 12.8063 37.9679 0 0 0 -0.343976 0.938978
279.600000000 13.5233 37.3715 0 0 0 -0.339407 0.94064
284.400000000 14.2297 36.7309 0 0 0 -0.368862 0.929484
289.200000000 14.9287 36.052 0 0 0 -0.378189 0.925728
293.800000000 15.5994 35.3872 0 0 0 -0.38066 0.924715
298.600000000 16.2894 34.7071 0 0 0 -0.376411 0.926453
302.800000000 16.9691 34.2558 0 0 0 -0.104102 0.994567
303.500000000 16.9734 34.2448 0 0 0 0.196756 0.980452
304.200000000 17.0719 34.4515 0 0 0 0.437618 0.899161
305.600000000 17.4613 35.3457 0 0 0 0.581625 0.813457
306.900000000 17.6919 36.2848 0 0 0 0.647322 0.762216
307.900000000 17.6154 36.6148 0 0 0 0.847627 0.530593
308.500000000 17.5491 36.5341 0 0 0 0.967459 0.253029
309.100000000 17.5342 36.5385 0 0 0 -0.999024 0.0441759
309.800000000 17.579 36.4491 0 0 0 -0.923072 0.384628
310.300000000 17.6638 36.3944 0 0 0 -0.799586 0.600551
311.000000000 17.672 36.3965 0 0 0 -0.544667 0.838653
312.100000000 18.2355 35.9563 0 0 0 -0.3486 0.937271
313.400000000 18.9467 35.3466 0 0 0 -0.342906 0.93937
315.000000000 19.6575 34.7124 0 0 0 -0.375207 0.926941
318.800000000 20.3715 34.1146 0 0 0 -0.315361 0.948972
321.900000000 21.4547 33.5803 0 0 0 -0.140915 0.990022
323.600000000 22.3364 33.5517 0 0 0 -0.021839 0.999762
327.600000000 23.3108 33.5949 0 0 0 0.0249371 0.999689
332.500000000 24.2675 33.6362 0 0 0 0.0289375 0.999581
337.300000000 25.2177 33.6846 0 0 0 0.0136884 0.999906
342.100000000 26.1721 33.6961 0 0 0 0.00365981 0.999993
347.000000000 27.1371 33.6995 0 0 0 0.00182707 0.999998
350.300000000 28.1274 33.9356 0 0 0 0.248472 0.968639
351.900000000 28.836 34.6247 0 0 0 0.399569 0.916703
354.500000000 29.5081 35.3403 0 0 0 0.389927 0.920846
359.100000000 30.179 36.0198 0 0 0 0.384495 0.923127
363.500000000 30.8639 36.7104 0 0 0 0.384495 0.923127
367.700000000 31.5512 37.4034 0 0 0 0.384495 0.923127
371.800000000 32.2361 38.0939 0 0 0 0.384495 0.923127
375.700000000 32.911 38.7744 0 0 0 0.384495 0.923127
380.200000000 33.5109 39.5005 0 0 0 0.423251 0.906012
381.500000000 34.0515 40.338 0 0 0 0.540358 0.841435
382.900000000 34.4035 41.2776 0 0 0 0.674166 0.73858
384.200000000 34.4288 42.2483 0 0 0 0.746236 0.665682
385.400000000 34.3173 43.1539 0 0 0 0.773053 0.634341
386.800000000 34.1808 44.1956 0 0 0 0.753008 0.658011
388.100000000 34.1196 45.1675 0 0 0 0.710203 0.703997
389.400000000 34.0914 46.121 0 0 0 0.700173 0.713973
390.700000000 34.1333 47.0925 0 0 0 0.684768 0.728761
392.100000000 34.1798 48.145 0 0 0 0.700964 0.713197
393.400000000 34.18 49.1286 0 0 0 0.712781 0.701387
394.600000000 34.1786 50.0223 0 0 0 0.706929 0.707284
396.000000000 34.186 51.066 0 0 0 0.704738 0.709468
397.300000000 34.1928 52.0397 0 0 0 0.704738 0.709468
398.600000000 34.1997 53.0235 0 0 0 0.704738 0.709468
399.800000000 34.2065 53.9172 0 0 0 0.704738 0.709468
401.200000000 34.1827 54.9798 0 0 0 0.727408 0.686206
402.600000000 33.984 56.0233 0 0 0 0.764154 0.645034
403.900000000 33.6376 56.554 0 0 0 0.914105 0.405478
405.300000000 32.8461 57.2303 0 0 0 0.941678 0.336515
406.500000000 32.1505 57.7915 0 0 0 0.952296 0.305176
407.900000000 31.2063 58.1716 0 0 0 0.992049 0.125853
415.200000000 30.2586 58.287 0 0 0 0.99888 0.0473236
416.800000000 29.2265 58.3462 0 0 0 0.999909 0.0134834
419.300000000 28.2179 58.3467 0 0 0 -0.999961 0.00884174
421.300000000 27.1819 58.3673 0 0 0 0.999899 0.0141802
422.500000000 26.2768 58.3798 0 0 0 0.999993 0.00373461
423.900000000 25.2493 58.3754 0 0 0 -0.999998 0.00177224
425.100000000 24.3478 58.3721 0 0 0 -0.999999 0.00164942
426.500000000 23.303 58.3688 0 0 0 -0.999999 0.00152696
427.900000000 22.298 58.3658 0 0 0 -0.999999 0.00140487
430.000000000 21.3179 58.3635 0 0 0 -0.999999 0.00127777
431.300000000 20.3772 58.3614 0 0 0 -0.999999 0.00115381
432.800000000 19.478 58.3567 0 0 0 -1 0.000994231
434.300000000 18.428 58.3512 0 0 0 -0.999999 0.00170874
436.800000000 17.498 58.3394 0 0 0 -0.999792 0.0204157
439.000000000 17.0511 58.1674 0 0 0 -0.946948 0.321386
439.900000000 17.1297 58.1058 0 0 0 -0.82142 0.570324
440.800000000 17.2362 58.0424 0 0 0 -0.621476 0.783433
441.900000000 17.481 57.8239 0 0 0 -0.407689 0.913121
443.200000000 17.7186 57.7731 0 0 0 -0.100483 0.994939
444.000000000 17.7104 57.9028 0 0 0 0.144969 0.989436
445.200000000 17.8578 58.1177 0 0 0 0.397859 0.917446
446.500000000 17.8622 58.3357 0 0 0 0.653511 0.756917
447.300000000 17.7512 58.328 0 0 0 0.841847 0.539716
448.100000000 17.6541 58.2214 0 0 0 0.962693 0.270597
448.700000000 17.6353 58.1493 0 0 0 -0.999896 0.0144066
449.300000000 17.6717 58.0194 0 0 0 -0.952249 0.305322
449.900000000 17.7716 57.9493 0 0 0 -0.823777 0.566914
450.700000000 17.8227 57.7999 0 0 0 -0.616685 0.78721
452.200000000 18.3821 57.0534 0 0 0 -0.406131 0.913815
453.700000000 18.9406 56.8334 0 0 0 -0.135756 0.990742
456.500000000 19.7014 56.5524 0 0 0 -0.415983 0.909372
459.300000000 20.1132 55.6653 0 0 0 -0.452784 0.89162
460.300000000 20.0824 55.6441 0 0 0 -0.185224 0.982696
462.300000000 20.8576 55.6922 0 0 0 0.0866229 0.996241
463.300000000 20.904 55.8691 0 0 0 0.368267 0.92972
464.100000000 20.8271 55.9224 0 0 0 0.595437 0.803402
464.800000000 20.727 55.9193 0 0 0 0.810197 0.586157
465.400000000 20.6278 55.8611 0 0 0 0.936087 0.351767
465.900000000 20.5542 55.7621 0 0 0 0.990268 0.139172
466.600000000 20.5921 55.6864 0 0 0 -0.984494 0.17542
467.100000000 20.5616 55.6865 0 0 0 -0.922288 0.386504
467.900000000 20.6116 55.4679 0 0 0 -0.756362 0.654154
469.000000000 20.8739 55.0034 0 0 0 -0.543576 0.83936
470.800000000 21.4793 54.2204 0 0 0 -0.415792 0.90946
472.100000000 21.5172 54.2388 0 0 0 -0.127275 0.991867
474.600000000 21.9951 53.8678 0 0 0 -0.419627 0.907697
475.900000000 22.0832 53.5963 0 0 0 -0.633193 0.773994
477.900000000 21.9273 52.8888 0 0 0 -0.821068 0.57083
479.900000000 21.8478 52.4218 0 0 0 -0.629087 0.777335
482.400000000 22.4993 51.7454 0 0 0 -0.375076 0.926994
483.200000000 22.5662 51.8156 0 0 0 -0.0810724 0.996708
483.900000000 22.5835 51.8691 0 0 0 0.194068 0.980988
484.700000000 22.4715 51.9903 0 0 0 0.484589 0.874742
485.500000000 22.4088 52.1208 0 0 0 0.701434 0.712734
486.400000000 22.2789 52.253 0 0 0 0.87656 0.481293
487.200000000 22.1777 52.1873 0 0 0 0.976472 0.215643
487.900000000 22.0771 52.1158 0 0 0 -0.99992 0.0126473
488.900000000 21.86 52.0263 0 0 0 -0.944489 0.328543
489.900000000 21.7225 51.5679 0 0 0 -0.836334 0.54822
491.300000000 21.7651 50.8688 0 0 0 -0.645874 0.763444
493.100000000 22.2177 50.1412 0 0 0 -0.428037 0.903761
495.600000000 23.0847 49.717 0 0 0 -0.166054 0.986117
497.100000000 23.3042 49.8362 0 0 0 0.135335 0.9908
497.900000000 23.303 49.9101 0 0 0 0.375932 0.926647
498.700000000 23.1797 49.9666 0 0 0 0.666219 0.745756
499.200000000 23.0446 49.9543 0 0 0 0.829667 0.558258
499.900000000 22.9574 49.8616 0 0 0 0.970791 0.239929
500.600000000 22.9557 49.7454 0 0 0 -0.994139 0.108111
501.200000000 22.9793 49.7097 0 0 0 -0.917339 0.398108
501.900000000 23.0857 49.6981 0 0 0 -0.728387 0.685166
502.500000000 23.0769 49.6983 0 0 0 -0.523142 0.852246
503.200000000 23.2793 49.7152 0 0 0 -0.328508 0.944501
504.900000000 24.1797 49.3827 0 0 0 -0.134571 0.990904
507.700000000 25.1278 49.2205 0 0 0 -0.0604752 0.99817
512.100000000 26.0833 49.1894 0 0 0 0.000184754 1
514.100000000 27.0517 49.2313 0 0 0 0.032616 0.999468
515.400000000 28.0215 49.31 0 0 0 0.0513971 0.998678
516.800000000 29.0462 49.5168 0 0 0 0.158301 0.987391
518.200000000 30.0172 50.0631 0 0 0 0.331242 0.943546
519.500000000 30.7152 50.7332 0 0 0 0.386936 0.922107
520.800000000 31.4043 51.4431 0 0 0 0.383812 0.923411
522.100000000 32.089 52.1362 0 0 0 0.382384 0.924004
523.500000000 32.8334 52.8796 0 0 0 0.382384 0.924004
524.800000000 33.5177 53.5631 0 0 0 0.382384 0.924004
526.100000000 34.2121 54.2565 0 0 0 0.382384 0.924004
527.400000000 34.9065 54.9399 0 0 0 0.382384 0.924003
528.600000000 35.5408 55.5834 0 0 0 0.382384 0.924003
530.000000000 36.2809 56.3225 0 0 0 0.382386 0.924003
531.400000000 37.026 57.0565 0 0 0 0.372 0.928233
532.800000000 37.7789 57.6183 0 0 0 0.300442 0.9538
534.000000000 38.6753 58.0897 0 0 0 0.17811 0.984011
535.300000000 39.6382 58.2336 0 0 0 0.0312537 0.999511
536.700000000 40.6783 58.1367 0 0 0 -0.0591474 0.998249
538.000000000 41.6553 58.0605 0 0 0 -0.0444228 0.999013
539.200000000 42.5478 58.0189 0 0 0 -0.00328132 0.999995
541.000000000 43.4072 58.1561 0 0 0 0.327585 0.944822
541.600000000 43.3103 58.2229 0 0 0 0.592157 0.805823
542.200000000 43.2091 58.3083 0 0 0 0.778169 0.628055
543.300000000 42.8111 58.7658 0 0 0 0.913149 0.407626
544.600000000 42.1017 59.3389 0 0 0 0.929606 0.368555
545.800000000 41.8522 59.8079 0 0 0 0.767654 0.640864
546.400000000 41.978 59.7865 0 0 0 0.54903 0.835803
547.100000000 42.0946 59.718 0 0 0 0.234764 0.972052
547.700000000 42.1238 59.5934 0 0 0 -0.0583557 0.998296
548.400000000 42.1588 59.3869 0 0 0 -0.296948 0.954894
549.900000000 42.8103 58.6102 0 0 0 -0.419742 0.907644
551.300000000 43.6904 58.0617 0 0 0 -0.222857 0.974851
552.700000000 44.6706 57.8993 0 0 0 -0.0242514 0.999706
554.000000000 45.5663 57.9867 0 0 0 0.0932261 0.995645
555.300000000 46.6082 58.1121 0 0 0 0.0401064 0.999195
556.600000000 47.5822 58.1243 0 0 0 -0.0138482 0.999904
557.900000000 48.5556 58.0919 0 0 0 -0.0118741 0.99993
559.200000000 49.5292 58.0865 0 0 0 0.0046607 0.999989
560.500000000 50.5025 58.0837 0 0 0 0.00156933 0.999999
561.800000000 51.4857 58.0909 0 0 0 -0.00146327 0.999999
563.100000000 52.459 58.0884 0 0 0 -0.00142841 0.999999
564.500000000 53.1979 57.772 0 0 0 -0.278463 0.960447
566.000000000 53.8918 57.0035 0 0 0 -0.423803 0.905754
567.300000000 54.5514 56.3187 0 0 0 -0.39224 0.919863
568.600000000 55.2507 55.5992 0 0 0 -0.377222 0.926123
570.000000000 56.0006 54.8595 0 0 0 -0.382262 0.924054
571.300000000 56.6752 54.1644 0 0 0 -0.402047 0.915619
572.700000000 57.3484 53.3543 0 0 0 -0.433919 0.900952
574.000000000 57.8528 52.5293 0 0 0 -0.541954 0.840408
575.600000000 57.9314 51.6448 0 0 0 -0.801074 0.598566
576.200000000 57.8467 51.6915 0 0 0 -0.940607 0.339499
576.800000000 57.7917 51.8056 0 0 0 -0.998697 0.0510299
577.400000000 57.8043 51.9122 0 0 0 0.970308 0.241875
578.000000000 57.8595 52.0018 0 0 0 0.857888 0.513837
578.500000000 57.9516 52.0339 0 0 0 0.706585 0.707628
579.100000000 58.056 52.0087 0 0 0 0.470021 0.882655
579.700000000 58.1371 51.9235 0 0 0 0.192815 0.981235
580.600000000 58.4405 51.778 0 0 0 -0.101317 0.994854
581.400000000 58.7184 51.6238 0 0 0 -0.34329 0.939229
582.100000000 58.6068 51.5314 0 0 0 -0.634208 0.773162
582.700000000 58.6035 51.5222 0 0 0 -0.808675 0.588256
584.400000000 57.7342 50.7458 0 0 0 -0.936541 0.350559
585.800000000 56.9637 50.0573 0 0 0 -0.931419 0.363948
587.600000000 56.3184 49.445 0 0 0 -0.923804 0.382865
591.700000000 55.6312 48.7468 0 0 0 -0.923804 0.382866
596.200000000 54.9517 48.0663 0 0 0 -0.923804 0.382865
600.700000000 54.2647 47.3781 0 0 0 -0.923805 0.382863
605.500000000 53.5552 46.6675 0 0 0 -0.923807 0.382859
610.000000000 52.8856 45.9867 0 0 0 -0.923809 0.382854
614.500000000 52.2082 45.3184 0 0 0 -0.923811 0.382848
619.300000000 51.5383 44.6377 0 0 0 -0.923814 0.382842
624.000000000 50.8587 43.9672 0 0 0 -0.923818 0.382833
628.800000000 50.1602 43.2678 0 0 0 -0.923822 0.382822
633.600000000 49.4818 42.5886 0 0 0 -0.923827 0.38281
638.100000000 48.7996 41.9053 0 0 0 -0.923839 0.38278
642.800000000 48.1324 41.2371 0 0 0 -0.923845 0.382766
647.700000000 47.4441 40.54 0 0 0 -0.919933 0.392076
650.000000000 46.8037 39.7728 0 0 0 -0.877689 0.479231
651.200000000 46.5759 38.9106 0 0 0 -0.805449 0.592665
653.300000000 46.3203 37.8948 0 0 0 -0.698195 0.715908
654.100000000 46.6286 37.7181 0 0 0 -0.471878 0.881664
654.900000000 46.8909 37.6197 0 0 0 -0.22111 0.975249
656.500000000 47.8084 37.5615 0 0 0 0.045894 0.998946
657.800000000 48.9 37.707 0 0 0 0.0475941 0.998867
659.100000000 49.8711 37.7749 0 0 0 0.0277901 0.999614
659.900000000 50.0852 37.6871 0 0 0 -0.23996 0.970783
660.600000000 50.0104 37.6755 0 0 0 -0.553506 0.832845
661.100000000 49.8127 37.5482 0 0 0 -0.726703 0.686952
662.100000000 49.6546 37.1758 0 0 0 -0.895478 0.445106
663.300000000 48.8951 36.6065 0 0 0 -0.938525 0.34521
664.700000000 48.217 35.8783 0 0 0 -0.928771 0.370654
666.000000000 47.8518 35.3102 0 0 0 -0.779525 0.626371
667.200000000 48.0056 34.6517 0 0 0 -0.590202 0.807256
668.600000000 48.485 33.7143 0 0 0 -0.533948 0.845517
669.900000000 48.8104 32.7718 0 0 0 -0.634233 0.773142
671.700000000 48.7709 31.7899 0 0 0 -0.726639 0.687019
675.100000000 48.7258 30.8046 0 0 0 -0.736372 0.676577
679.500000000 48.648 29.8619 0 0 0 -0.733714 0.679458
681.100000000 48.7353 29.6137 0 0 0 -0.450539 0.892757
681.700000000 48.8262 29.7305 0 0 0 -0.16999 0.985446
682.400000000 48.9675 29.8155 0 0 0 0.100818 0.994905
683.300000000 49.2842 30.1022 0 0 0 0.339846 0.940481
684.600000000 49.8768 30.8537 0 0 0 0.432375 0.901694
685.900000000 50.5546 31.5915 0 0 0 0.394461 0.918913
687.500000000 51.3692 31.9903 0 0 0 0.102597 0.994723
688.900000000 52.3722 31.8993 0 0 0 -0.10297 0.994684
690.200000000 53.18 31.522 0 0 0 -0.283651 0.958928
691.600000000 53.9506 30.7927 0 0 0 -0.397767 0.917486
692.900000000 54.6122 30.0709 0 0 0 -0.395732 0.918366
694.300000000 55.3446 29.3318 0 0 0 -0.382476 0.923966
695.700000000 56.0947 28.5978 0 0 0 -0.382534 0.923941
697.000000000 56.7786 27.9071 0 0 0 -0.385584 0.922673
698.300000000 57.4172 27.2061 0 0 0 -0.422933 0.906161
699.000000000 57.4084 27.1421 0 0 0 -0.668991 0.74327
699.700000000 57.2716 26.8376 0 0 0 -0.818463 0.57456
701.300000000 56.5633 26.0604 0 0 0 -0.926712 0.375771
702.700000000 55.9046 25.4375 0 0 0 -0.928627 0.371014
705.700000000 55.2128 24.7419 0 0 0 -0.924448 0.381307
710.300000000 54.5336 24.0618 0 0 0 -0.924444 0.381317
714.900000000 53.8518 23.3788 0 0 0 -0.924446 0.381313
719.600000000 53.1757 22.7002 0 0 0 -0.924415 0.381388
724.500000000 52.4812 22.0045 0 0 0 -0.924399 0.381427
729.100000000 51.8009 21.3255 0 0 0 -0.924389 0.381451
733.500000000 51.1283 20.6543 0 0 0 -0.924384 0.381462
738.300000000 50.433 19.9576 0 0 0 -0.924389 0.381451
742.800000000 49.7563 19.2792 0 0 0 -0.92443 0.381353
747.100000000 49.0649 18.5865 0 0 0 -0.924462 0.381275
751.800000000 48.3709 17.8859 0 0 0 -0.924484 0.38122
756.400000000 47.6545 17.1284 0 0 0 -0.90836 0.418188
757.800000000 47.1198 16.2569 0 0 0 -0.844532 0.535505
759.100000000 46.7935 15.2807 0 0 0 -0.820172 0.572117
760.400000000 46.518 14.3335 0 0 0 -0.784448 0.620195
761.800000000 46.5739 13.2995 0 0 0 -0.71688 0.697197
763.100000000 46.649 12.3047 0 0 0 -0.68836 0.725369
764.400000000 46.601 11.404 0 0 0 -0.740361 0.672209
765.100000000 46.5575 11.4049 0 0 0 -0.916474 0.400094
765.700000000 46.4911 11.5192 0 0 0 -0.993238 0.116096
766.300000000 46.4923 11.6628 0 0 0 0.984038 0.177957
766.900000000 46.493 11.6636 0 0 0 0.887397 0.461006
767.500000000 46.589 11.7299 0 0 0 0.723928 0.689875
768.300000000 46.7906 11.9113 0 0 0 0.501317 0.865264
769.900000000 47.6002 12.56 0 0 0 0.318705 0.947854
770.900000000 47.9845 12.7154 0 0 0 0.060053 0.998195
771.700000000 48.2444 12.5853 0 0 0 -0.199052 0.979989
773.300000000 48.9742 11.8314 0 0 0 -0.410083 0.912048
774.600000000 49.6446 11.102 0 0 0 -0.393294 0.919413
775.800000000 50.272 10.4516 0 0 0 -0.378875 0.925448
777.100000000 50.9637 9.76159 0 0 0 -0.375483 0.926829
778.500000000 51.7811 9.14142 0 0 0 -0.263358 0.964698
779.800000000 52.6903 8.93354 0 0 0 -0.0970259 0.995282
781.200000000 53.7324 8.97628 0 0 0 0.0436499 0.999047
782.700000000 54.618 9.08033 0 0 0 0.250748 0.968052
783.300000000 54.5322 9.16277 0 0 0 0.52571 0.850664
783.900000000 54.364 9.19614 0 0 0 0.744366 0.667772
784.700000000 54.1241 9.51151 0 0 0 0.873153 0.487446
786.200000000 53.5476 10.2487 0 0 0 0.915163 0.403083
787.700000000 52.9317 11.1908 0 0 0 0.826686 0.562663
788.600000000 52.9576 11.4837 0 0 0 0.623445 0.781867
789.200000000 53.0736 11.4338 0 0 0 0.368791 0.929512
789.700000000 53.1268 11.3362 0 0 0 0.130736 0.991417
790.400000000 53.2691 11.2238 0 0 0 -0.14436 0.989525
791.700000000 53.7865 10.6877 0 0 0 -0.403683 0.914899
793.100000000 54.5112 9.92032 0 0 0 -0.389173 0.921165
794.400000000 55.1859 9.23954 0 0 0 -0.374746 0.927128
795.800000000 55.9292 8.50148 0 0 0 -0.384907 0.922955
797.100000000 56.6354 7.80246 0 0 0 -0.386953 0.922099
798.400000000 57.2972 7.0948 0 0 0 -0.418846 0.908057
799.700000000 57.7687 6.25357 0 0 0 -0.543329 0.83952
800.900000000 57.9746 5.38852 0 0 0 -0.663819 0.747893
802.300000000 57.8926 4.35811 0 0 0 -0.74338 0.668869
803.600000000 57.8506 3.35223 0 0 0 -0.755025 0.655696
804.900000000 57.7648 2.3775 0 0 0 -0.729281 0.684214
806.200000000 57.7469 1.40614 0 0 0 -0.702532 0.711652
807.000000000 57.8042 1.31069 0 0 0 -0.434177 0.900828
807.600000000 57.8704 1.41081 0 0 0 -0.148635 0.988892
808.200000000 57.9519 1.51461 0 0 0 0.111934 0.993716
809.000000000 58.1995 1.75595 0 0 0 0.345477 0.938427
810.600000000 58.8502 2.54138 0 0 0 0.376144 0.926561
811.700000000 59.2635 2.69132 0 0 0 0.0572696 0.998359
812.400000000 59.2333 2.55454 0 0 0 -0.283344 0.959018
813.100000000 59.1359 2.4568 0 0 0 -0.583305 0.812253
813.700000000 59.1397 2.33173 0 0 0 -0.770852 0.637014
814.800000000 58.7499 1.96645 0 0 0 -0.923985 0.382429
816.300000000 57.9167 1.25453 0 0 0 -0.935822 0.352474
817.600000000 57.1787 0.563098 0 0 0 -0.919769 0.392461
819.000000000 56.4505 -0.187378 0 0 0 -0.923235 0.384236
820.300000000 55.7471 -0.856728 0 0 0 -0.931304 0.364242
821.500000000 55.0612 -1.42469 0 0 0 -0.952941 0.303157
822.800000000 54.1831 -1.84814 0 0 0 -0.987956 0.154733
824.300000000 53.1645 -2.034 0 0 0 -0.999728 0.0233268
827.100000000 52.1399 -1.94675 0 0 0 0.999097 0.0424922
831.100000000 51.1854 -1.86506 0 0 0 0.998304 0.0582163
834.600000000 50.238 -1.73716 0 0 0 0.99853 0.0542039
838.300000000 49.2926 -1.66352 0 0 0 0.999484 0.0321246
841.900000000 48.3376 -1.61761 0 0 0 0.999927 0.0121022
845.500000000 47.3813 -1.60023 0 0 0 0.999985 0.00551084
849.600000000 46.4229 -1.58529 0 0 0 0.999985 0.00553132
854.000000000 45.4702 -1.56445 0 0 0 0.999986 0.00527264
857.500000000 44.5218 -1.54212 0 0 0 0.999988 0.00489265
861.100000000 43.5882 -1.54194 0 0 0 -0.999981 0.00621023
864.700000000 42.4192 -1.58917 0 0 0 0.999996 0.00269298
868.600000000 41.4395 -1.56731 0 0 0 0.999995 0.00312711
871.700000000 40.321 -1.51156 0 0 0 -0.999568 0.0293865
873.000000000 39.397 -1.80338 0 0 0 -0.982749 0.184942
874.300000000 38.5014 -2.15921 0 0 0 -0.981145 0.193275
875.600000000 37.5399 -2.35993 0 0 0 -0.998565 0.0535456
877.300000000 36.5158 -2.34237 0 0 0 0.998088 0.0618036
878.600000000 35.878 -2.03964 0 0 0 0.949319 0.314314
880.100000000 35.1241 -1.19304 0 0 0 0.91222 0.409701
881.500000000 34.5366 -0.457837 0 0 0 0.890105 0.455756
882.900000000 34.1138 0.355553 0 0 0 0.819543 0.573018
884.900000000 34.0022 1.36261 0 0 0 0.717233 0.696833
888.900000000 34.0559 2.26054 0 0 0 0.674913 0.737897
893.700000000 34.1409 3.23097 0 0 0 0.678524 0.734578
896.500000000 34.5205 4.23138 0 0 0 0.470551 0.882373
898.000000000 35.2291 4.91526 0 0 0 0.360785 0.932649
907.700000000 35.9418 5.59191 0 0 0 0.371647 0.928374
912.300000000 36.619 6.24942 0 0 0 0.37888 0.925446
916.900000000 37.323 6.93497 0 0 0 0.380434 0.924808
921.500000000 38.0026 7.60734 0 0 0 0.380515 0.924775
926.100000000 38.7164 8.31429 0 0 0 0.380561 0.924756
930.600000000 39.4161 8.98797 0 0 0 0.380458 0.924798
935.200000000 40.1151 9.68225 0 0 0 0.380355 0.924841
939.700000000 40.7868 10.3462 0 0 0 0.380253 0.924882
944.100000000 41.4889 11.0366 0 0 0 0.380065 0.92496
947.700000000 42.2122 11.7506 0 0 0 0.379881 0.925035
950.500000000 42.9106 12.4249 0 0 0 0.379524 0.925182
952.100000000 43.6459 13.1533 0 0 0 0.379444 0.925215
953.700000000 44.3266 13.8143 0 0 0 0.379379 0.925241
957.000000000 44.9889 14.4613 0 0 0 0.379342 0.925257
958.900000000 45.7029 15.1639 0 0 0 0.379365 0.925247
960.600000000 46.4508 15.9073 0 0 0 0.379383 0.92524
962.900000000 47.1789 16.6238 0 0 0 0.379299 0.925274
964.200000000 47.8683 17.3025 0 0 0 0.379258 0.925291
965.500000000 48.5684 17.981 0 0 0 0.37926 0.92529
966.800000000 49.2582 18.6698 0 0 0 0.379277 0.925283
968.000000000 49.8978 19.2976 0 0 0 0.379303 0.925272
969.400000000 50.647 20.0359 0 0 0 0.379351 0.925253
970.700000000 51.3457 20.7222 0 0 0 0.379419 0.925225
972.000000000 52.0346 21.4032 0 0 0 0.379463 0.925207
973.300000000 52.7334 22.0934 0 0 0 0.379468 0.925205
974.600000000 53.4221 22.7745 0 0 0 0.379437 0.925218
975.900000000 54.0949 23.4159 0 0 0 0.420066 0.907494
977.200000000 54.6757 24.2493 0 0 0 0.464221 0.885719
978.200000000 54.5953 24.3576 0 0 0 0.715377 0.698739
978.700000000 54.4993 24.3755 0 0 0 0.844145 0.536114
979.600000000 54.5138 24.3069 0 0 0 0.983829 0.179109
980.300000000 54.2747 24.2014 0 0 0 -0.999366 0.0356017
981.500000000 53.9039 23.9309 0 0 0 -0.948365 0.317182
983.100000000 53.403 23.225 0 0 0 -0.833494 0.552529
984.800000000 53.3657 22.7096 0 0 0 -0.662804 0.748793
985.700000000 53.4565 22.7524 0 0 0 -0.435028 0.900417
986.700000000 53.5239 22.8103 0 0 0 -0.127923 0.991784
987.500000000 53.5181 22.8307 0 0 0 0.174389 0.984677
988.200000000 53.4592 22.9677 0 0 0 0.449919 0.89307
988.900000000 53.3764 22.9831 0 0 0 0.688741 0.725007
989.700000000 53.3624 22.9809 0 0 0 0.890312 0.45535
990.400000000 53.2999 22.9147 0 0 0 0.98514 0.171753
991.000000000 53.3511 22.8382 0 0 0 -0.997091 0.0762169
992.800000000 52.4548 22.2161 0 0 0 -0.949147 0.314832
994.500000000 52.1276 21.8377 0 0 0 -0.817406 0.576062
995.500000000 52.1079 21.7548 0 0 0 -0.644783 0.764366
997.500000000 52.1117 20.832 0 0 0 -0.739507 0.673149
998.400000000 52.044 20.8848 0 0 0 -0.911262 0.411827
999.200000000 51.9738 20.9557 0 0 0 -0.989673 0.143344
1000.900000000 50.9825 20.9488 0 0 0 0.999871 0.0160626
1002.400000000 50.6207 21.0813 0 0 0 0.950503 0.310714
1003.300000000 50.6297 21.0848 0 0 0 0.806927 0.590651
1004.000000000 50.8079 21.1631 0 0 0 0.605906 0.795537
1004.700000000 50.9139 21.0825 0 0 0 0.359815 0.933024
1005.300000000 50.9711 21.0429 0 0 0 0.0987706 0.99511
1005.900000000 50.9684 20.9264 0 0 0 -0.195175 0.980768
1006.600000000 50.8895 20.8179 0 0 0 -0.514715 0.857361
1007.100000000 50.7538 20.7927 0 0 0 -0.707116 0.707098
1008.700000000 50.3164 19.853 0 0 0 -0.841286 0.540591
1010.600000000 49.8944 19.2987 0 0 0 -0.96465 0.263536
1011.700000000 49.853 19.3001 0 0 0 -0.999491 0.0319011
1013.100000000 49.5656 19.2868 0 0 0 -0.962463 0.271411
1015.300000000 48.8371 18.5252 0 0 0 -0.876304 0.481758
1016.800000000 48.8043 18.2438 0 0 0 -0.68477 0.728759
1017.700000000 48.8872 18.2478 0 0 0 -0.467837 0.883815
1018.700000000 48.9816 18.3446 0 0 0 -0.200164 0.979762
1019.600000000 48.9928 18.4592 0 0 0 0.106638 0.994298
1020.300000000 48.936 18.552 0 0 0 0.387886 0.921708
1020.900000000 48.8524 18.5711 0 0 0 0.603542 0.797331
1021.700000000 48.8538 18.5435 0 0 0 0.833209 0.552959
1022.300000000 48.8553 18.5471 0 0 0 0.943367 0.331751
1023.100000000 48.8517 18.5414 0 0 0 -1 0.000286142
1024.100000000 48.4643 18.2469 0 0 0 -0.97162 0.236548
1025.700000000 47.6194 17.6119 0 0 0 -0.905918 0.423454
1027.200000000 47.5025 17.3154 0 0 0 -0.736112 0.676859
1028.600000000 47.6431 16.995 0 0 0 -0.530858 0.847461
1029.500000000 47.751 17.0677 0 0 0 -0.280916 0.959732
1030.300000000 47.7841 17.1604 0 0 0 -0.00839623 0.999965
1031.000000000 47.7566 17.1877 0 0 0 0.231111 0.972927
1031.600000000 47.6857 17.295 0 0 0 0.481508 0.876441
1032.200000000 47.571 17.2997 0 0 0 0.719 0.695011
1032.800000000 47.5688 17.2906 0 0 0 0.893041 0.449976
1033.500000000 47.5588 17.276 0 0 0 0.994029 0.109114
1034.100000000 47.5692 17.2719 0 0 0 -0.984627 0.17467
1035.100000000 47.2429 16.7431 0 0 0 -0.911408 0.411504
1036.700000000 46.8083 15.9024 0 0 0 -0.851286 0.524702
1038.500000000 46.5332 15.3155 0 0 0 -0.686269 0.727348
1039.400000000 46.5196 15.3434 0 0 0 -0.422867 0.906192
1040.100000000 46.6043 15.4211 0 0 0 -0.166981 0.98596
1040.800000000 46.6885 15.4921 0 0 0 0.0937224 0.995598
1041.900000000 46.9656 15.7919 0 0 0 0.351748 0.936095
1043.700000000 47.373 16.4147 0 0 0 0.614261 0.789103
1044.400000000 47.36 16.403 0 0 0 0.843205 0.537592
1045.100000000 47.3516 16.3937 0 0 0 0.977741 0.209817
1045.700000000 47.3429 16.3674 0 0 0 -0.997437 0.0715464
1046.500000000 47.1172 16.0485 0 0 0 -0.949348 0.314226
1048.000000000 46.5921 15.1611 0 0 0 -0.84886 0.528618
1049.500000000 46.2262 14.2627 0 0 0 -0.800271 0.599639
1050.800000000 46.2385 14.0826 0 0 0 -0.573418 0.819263
1053.100000000 46.8835 13.426 0 0 0 -0.375282 0.926911
1054.200000000 47.0695 13.4205 0 0 0 -0.0483472 0.998831
1054.800000000 47.0581 13.4717 0 0 0 0.199796 0.979837
1055.600000000 46.9602 13.5441 0 0 0 0.509624 0.860397
1056.300000000 46.899 13.7579 0 0 0 0.692101 0.721801
1057.500000000 46.7257 14.0271 0 0 0 0.900795 0.434245
1058.200000000 46.7424 14.0331 0 0 0 0.983703 0.179798
1058.900000000 46.7159 13.9816 0 0 0 -0.996592 0.0824887
1060.100000000 46.4008 13.6334 0 0 0 -0.934177 0.35681
1061.600000000 46.0551 13.0024 0 0 0 -0.800923 0.598767
1062.500000000 46.123 12.8418 0 0 0 -0.602789 0.7979
1063.400000000 46.308 12.7826 0 0 0 -0.353631 0.935385
1064.900000000 47.1042 12.1326 0 0 0 -0.345094 0.938568
1066.200000000 47.2243 11.8663 0 0 0 -0.629689 0.776847
1066.900000000 47.1223 11.863 0 0 0 -0.817347 0.576146
1067.800000000 46.9204 11.8029 0 0 0 -0.943986 0.329984
1069.100000000 46.5029 11.7719 0 0 0 -0.99835 0.0574165
1070.000000000 46.5041 11.7775 0 0 0 0.97356 0.228431
1070.900000000 46.5047 11.7874 0 0 0 0.870308 0.492507
1073.200000000 46.2178 12.8534 0 0 0 0.881933 0.471376
1074.600000000 45.5489 13.5941 0 0 0 0.958789 0.284118
1076.000000000 44.6288 13.8364 0 0 0 0.997296 0.0734943
1078.000000000 43.6266 13.7973 0 0 0 -0.998844 0.0480607
1082.000000000 42.6493 13.71 0 0 0 -0.999171 0.040708
1086.500000000 41.6681 13.6719 0 0 0 -0.999972 0.00741755
1089.300000000 40.7178 13.6899 0 0 0 0.999588 0.0287055
1090.800000000 39.6591 13.8898 0 0 0 0.984642 0.174583
1093.000000000 38.8184 14.4169 0 0 0 0.944518 0.328459
1097.400000000 38.1908 15.0677 0 0 0 0.929315 0.369289
1102.000000000 37.4992 15.7259 0 0 0 0.925065 0.379808
1106.800000000 36.7955 16.4152 0 0 0 0.925058 0.379827
1111.500000000 36.1024 17.0821 0 0 0 0.925055 0.379834
1116.100000000 35.4226 17.761 0 0 0 0.92505 0.379845
1120.900000000 34.7329 18.4297 0 0 0 0.925044 0.37986
1125.600000000 34.0657 19.0965 0 0 0 0.925037 0.379878
1130.500000000 33.3688 19.7833 0 0 0 0.925028 0.379899
1135.200000000 32.6705 20.4317 0 0 0 0.933452 0.358702
1136.600000000 31.7905 21.0208 0 0 0 0.969069 0.246791
1138.600000000 30.8578 21.3126 0 0 0 0.995427 0.0955224
1142.900000000 29.8573 21.3552 0 0 0 -0.99995 0.0100434
1144.500000000 28.8825 21.2453 0 0 0 -0.997703 0.0677348
1145.900000000 27.8674 21.1326 0 0 0 -0.99869 0.0511704
1148.500000000 26.9334 21.0689 0 0 0 0.999992 0.00390592
1150.600000000 26.0751 20.7799 0 0 0 -0.958378 0.285501
1152.200000000 25.4108 20.0974 0 0 0 -0.915992 0.401196
1155.700000000 24.725 19.4553 0 0 0 -0.973654 0.228029
1156.500000000 24.5368 19.6227 0 0 0 0.996762 0.0804101
1157.500000000 24.2143 19.9224 0 0 0 0.936179 0.351523
1158.900000000 23.5542 20.6737 0 0 0 0.908718 0.41741
1160.200000000 22.8757 21.383 0 0 0 0.925659 0.378358
1167.400000000 22.2258 22.0104 0 0 0 0.927612 0.373545
1168.800000000 21.478 22.7404 0 0 0 0.923801 0.382873
1170.100000000 20.7882 23.4284 0 0 0 0.92224 0.386618
1171.400000000 20.1052 24.1467 0 0 0 0.88787 0.460095
1172.700000000 19.7978 25.0504 0 0 0 0.798711 0.601715
1174.300000000 19.7404 26.1056 0 0 0 0.70974 0.704463
1176.600000000 19.7743 27.0266 0 0 0 0.687935 0.725772
1180.800000000 19.8259 27.9681 0 0 0 0.687394 0.726285
1182.900000000 19.7933 29.0371 0 0 0 0.73153 0.68181
1184.400000000 19.5619 30.0122 0 0 0 0.839543 0.543293
1187.200000000 19.0081 30.7428 0 0 0 0.904703 0.426043
1191.500000000 18.368 31.4494 0 0 0 0.914756 0.404008
1194.500000000 17.8413 32.3134 0 0 0 0.87594 0.482419
1195.900000000 17.4372 33.2598 0 0 0 0.808516 0.588475
1197.200000000 17.33 34.2263 0 0 0 0.715051 0.699072
1198.500000000 17.2834 35.186 0 0 0 0.67133 0.741159
1199.800000000 17.3727 36.154 0 0 0 0.670903 0.741545
1201.300000000 17.5904 37.0881 0 0 0 0.597955 0.801529
1202.200000000 17.6003 37.0765 0 0 0 0.331193 0.943563
1202.800000000 17.6009 37.0693 0 0 0 0.0966535 0.995318
1203.600000000 17.5933 37.0435 0 0 0 -0.218444 0.975849
1204.400000000 17.6976 36.8276 0 0 0 -0.459221 0.888322
1205.800000000 17.9383 36.0064 0 0 0 -0.659732 0.751501
1207.500000000 17.8145 35.6049 0 0 0 -0.845554 0.53389
1208.400000000 17.7107 35.6964 0 0 0 -0.974578 0.224047
1209.000000000 17.7327 35.7412 0 0 0 0.999965 0.00836149
1210.000000000 17.605 35.9305 0 0 0 0.95283 0.303503
1211.400000000 17.3881 36.4126 0 0 0 0.821804 0.569771
1212.000000000 17.3946 36.4132 0 0 0 0.635603 0.772016
1212.700000000 17.396 36.3918 0 0 0 0.358012 0.933717
1213.400000000 17.3994 36.368 0 0 0 0.0960071 0.995381
1214.300000000 17.7928 36.206 0 0 0 -0.155036 0.987909
1215.800000000 18.6235 35.6183 0 0 0 -0.361638 0.932319
1217.500000000 19.3091 34.9228 0 0 0 -0.441796 0.897116
1218.500000000 19.2911 34.8958 0 0 0 -0.680414 0.732828
1219.300000000 19.2936 34.8885 0 0 0 -0.84597 0.53323
1221.300000000 19.247 34.5494 0 0 0 -0.655953 0.754802
1222.700000000 19.4944 34.2513 0 0 0 -0.41692 0.908943
1224.300000000 20.0732 33.9768 0 0 0 -0.139976 0.990155
1226.400000000 20.8702 34.0787 0 0 0 0.109489 0.993988
1227.400000000 20.8287 34.1943 0 0 0 0.407335 0.913279
1228.200000000 20.7107 34.2322 0 0 0 0.641229 0.767349
1228.900000000 20.662 34.2416 0 0 0 0.80727 0.590182
1229.700000000 20.6654 34.2449 0 0 0 0.961929 0.273299
1230.300000000 20.6356 34.1158 0 0 0 -0.999976 0.00698671
1230.800000000 20.5068 33.9807 0 0 0 -0.973629 0.228136
1231.500000000 20.512 33.9584 0 0 0 -0.841888 0.539652
1232.100000000 20.7262 33.9617 0 0 0 -0.671675 0.740846
1233.200000000 20.916 33.6844 0 0 0 -0.453515 0.891249
1236.000000000 21.6225 33.0007 0 0 0 -0.198435 0.980114
1237.300000000 22.0163 33.1026 0 0 0 0.0922588 0.995735
1239.200000000 22.7105 33.6432 0 0 0 0.338 0.941146
1240.900000000 23.125 33.9081 0 0 0 0.0510469 0.998696
1241.900000000 23.1166 33.8731 0 0 0 -0.233937 0.972252
1244.500000000 23.7448 32.9764 0 0 0 -0.256995 0.966413
1245.500000000 23.9928 33.1236 0 0 0 -0.0142628 0.999898
1246.900000000 24.515 33.465 0 0 0 0.261822 0.965116
1248.600000000 24.9958 33.8837 0 0 0 0.509109 0.860702
1249.600000000 25.0038 33.8785 0 0 0 0.746904 0.664932
1250.500000000 24.9712 33.8448 0 0 0 0.900849 0.434132
1251.300000000 24.9985 33.8592 0 0 0 0.979927 0.199357
1252.100000000 24.9786 33.7423 0 0 0 -0.992421 0.122887
1252.900000000 24.9549 33.7566 0 0 0 -0.901147 0.433514
1253.700000000 24.9757 33.7442 0 0 0 -0.723408 0.690421
1254.500000000 24.9992 33.7491 0 0 0 -0.519008 0.85477
1255.500000000 25.3673 33.5965 0 0 0 -0.284214 0.958761
1257.200000000 26.2676 33.288 0 0 0 -0.143537 0.989645
1258.400000000 26.4323 33.3611 0 0 0 0.138136 0.990413
1259.300000000 26.4274 33.3817 0 0 0 0.418052 0.908423
1261.300000000 26.9575 34.3011 0 0 0 0.513317 0.858199
1262.300000000 26.8374 34.4614 0 0 0 0.763013 0.646383
1262.900000000 26.8203 34.4271 0 0 0 0.904761 0.425919
1263.600000000 26.8399 34.4619 0 0 0 0.99219 0.124739
1264.200000000 26.8317 34.4158 0 0 0 -0.989578 0.143998
1264.800000000 26.8483 34.3951 0 0 0 -0.914704 0.404125
1265.500000000 26.8408 34.3996 0 0 0 -0.774312 0.632804
1266.900000000 27.0552 33.23 0 0 0 -0.631737 0.775183
1268.100000000 27.1232 32.7794 0 0 0 -0.364054 0.931378
1268.700000000 27.1316 32.8022 0 0 0 -0.105805 0.994387
1269.300000000 27.1362 32.8168 0 0 0 0.149565 0.988752
1270.200000000 27.4668 33.229 0 0 0 0.393777 0.919206
1271.800000000 27.9496 34.0877 0 0 0 0.493915 0.86951
1273.400000000 28.3221 34.3872 0 0 0 0.231194 0.972908
1274.800000000 28.645 34.3891 0 0 0 -0.0654177 0.997858
1277.500000000 28.9568 34.1906 0 0 0 0.320211 0.947346
1278.100000000 28.8806 34.2592 0 0 0 0.585868 0.810406
1278.700000000 28.8724 34.2615 0 0 0 0.799192 0.601076
1279.300000000 28.8034 34.1963 0 0 0 0.941126 0.338057
1279.900000000 28.7985 34.1869 0 0 0 0.998555 0.0537312
1280.700000000 28.6317 34.0474 0 0 0 -0.980005 0.198974
1282.100000000 27.9224 33.2216 0 0 0 -0.92311 0.384536
1283.700000000 27.1343 32.374 0 0 0 -0.919521 0.393041
1286.000000000 26.4656 31.6879 0 0 0 -0.922539 0.385903
1290.000000000 25.7836 30.9862 0 0 0 -0.923469 0.383674
1293.900000000 25.1216 30.3051 0 0 0 -0.923496 0.383608
1298.400000000 24.4019 29.5681 0 0 0 -0.923525 0.383539
1302.600000000 23.7327 28.8944 0 0 0 -0.923554 0.383468
1306.900000000 23.0737 28.2319 0 0 0 -0.923585 0.383395
1311.500000000 22.3683 27.5336 0 0 0 -0.923616 0.383319
1316.300000000 21.6727 26.8253 0 0 0 -0.923648 0.383241
1321.000000000 21.0018 26.1517 0 0 0 -0.923682 0.383161
1325.400000000 20.316 25.4636 0 0 0 -0.923716 0.383078
1330.000000000 19.6386 24.7838 0 0 0 -0.923751 0.382995
1334.600000000 18.9574 24.0997 0 0 0 -0.923786 0.38291
1339.300000000 18.2637 23.4044 0 0 0 -0.923812 0.382846
1344.000000000 17.5815 22.7209 0 0 0 -0.92384 0.38278
1348.800000000 16.8839 22.0221 0 0 0 -0.92393 0.382562
1352.900000000 16.1811 21.3192 0 0 0 -0.92402 0.382343
1356.100000000 15.5005 20.6383 0 0 0 -0.924051 0.38227
1359.400000000 14.8184 19.9566 0 0 0 -0.924152 0.382025
1362.800000000 14.1289 19.2676 0 0 0 -0.924259 0.381766
1366.000000000 13.446 18.602 0 0 0 -0.924138 0.382058
1369.300000000 12.739 17.8905 0 0 0 -0.923995 0.382403
1372.600000000 12.0644 17.2184 0 0 0 -0.923849 0.382757
1375.600000000 11.3565 16.5004 0 0 0 -0.9225 0.385998
1377.700000000 10.7206 15.7993 0 0 0 -0.88732 0.461155
1378.900000000 10.4402 14.9462 0 0 0 -0.826024 0.563635
1380.300000000 10.2815 13.9354 0 0 0 -0.722749 0.691111
1381.700000000 10.3469 12.8836 0 0 0 -0.677875 0.735178
1383.000000000 10.3252 11.8921 0 0 0 -0.696275 0.717775
1384.300000000 10.2926 10.9385 0 0 0 -0.730226 0.683206
1385.600000000 10.0137 10.2611 0 0 0 -0.883579 0.468282
1387.000000000 9.22273 9.54579 0 0 0 -0.937591 0.347739
1388.300000000 8.54916 8.91409 0 0 0 -0.931366 0.364085
1389.500000000 7.87324 8.33051 0 0 0 -0.948873 0.315659
1390.900000000 6.88475 7.9152 0 0 0 -0.988982 0.148033
1392.200000000 5.93015 7.78279 0 0 0 1 0.000817504
1393.400000000 5.06432 7.94882 0 0 0 0.998575 0.053364
1394.800000000 4.05889 7.85793 0 0 0 -0.993376 0.114913
1395.500000000 3.92656 7.70807 0 0 0 -0.929461 0.36892
1396.300000000 4.01124 7.5962 0 0 0 -0.733681 0.679494
1397.100000000 4.1763 7.63155 0 0 0 -0.416524 0.909125
1397.700000000 4.27127 7.68652 0 0 0 -0.156368 0.987699
1398.500000000 4.4919 7.80048 0 0 0 0.127346 0.991858
1400.100000000 5.45329 8.20795 0 0 0 0.117766 0.993041
1401.500000000 6.39431 8.10431 0 0 0 -0.111095 0.99381
1403.200000000 7.35152 7.85359 0 0 0 0.00795243 0.999968
1404.600000000 8.10676 8.24796 0 0 0 0.268026 0.963412
1406.000000000 8.95612 8.68129 0 0 0 0.238504 0.971141
1407.900000000 9.91765 8.98562 0 0 0 0.0555269 0.998457
1410.000000000 10.8875 8.83194 0 0 0 -0.0609624 0.99814
1411.300000000 11.8115 8.66908 0 0 0 -0.08179 0.99665
1413.500000000 12.7205 8.59817 0 0 0 -0.0097222 0.999953
1417.900000000 13.6828 8.63702 0 0 0 0.0181679 0.999835
1422.900000000 14.6902 8.68427 0 0 0 0.0207622 0.999784
1427.000000000 15.5541 8.56433 0 0 0 -0.287985 0.957635
1428.300000000 16.3474 8.06324 0 0 0 -0.239259 0.970956
1429.600000000 17.2763 7.77532 0 0 0 -0.115448 0.993314
1431.000000000 18.2966 7.51423 0 0 0 -0.174454 0.984665
1432.500000000 19.1929 6.88921 0 0 0 -0.35333 0.935499
1433.900000000 19.9119 6.11925 0 0 0 -0.403343 0.915049
1435.200000000 20.5863 5.41417 0 0 0 -0.396789 0.91791
1436.500000000 21.2068 4.62325 0 0 0 -0.435609 0.900136
1437.900000000 21.5215 3.75205 0 0 0 -0.591106 0.806594
1439.300000000 21.5537 2.72733 0 0 0 -0.69916 0.714965
1440.600000000 21.5826 1.71453 0 0 0 -0.72385 0.689957
1442.000000000 21.498 0.703766 0 0 0 -0.737706 0.675122
1443.300000000 21.4263 -0.305142 0 0 0 -0.73222 0.681068
1444.800000000 21.4926 -1.266 0 0 0 -0.601172 0.79912
1446.000000000 21.9193 -1.73669 0 0 0 -0.353905 0.935281
1447.500000000 22.856 -2.10703 0 0 0 -0.118891 0.992907
1449.000000000 23.8277 -2.12253 0 0 0 0.0122356 0.999925
1456.900000000 24.8515 -1.94504 0 0 0 0.152974 0.98823
1458.200000000 25.7329 -1.54782 0 0 0 0.208364 0.978051
1459.500000000 26.6002 -1.2408 0 0 0 0.130602 0.991435
1462.500000000 27.592 -1.15302 0 0 0 0.0149166 0.999889
1464.300000000 28.3758 -1.20626 0 0 0 -0.0543047 0.998524
1465.700000000 29.2927 -1.48598 0 0 0 -0.133861 0.991
1466.900000000 30.1247 -1.75191 0 0 0 -0.178073 0.984017
1468.300000000 31.0451 -2.14085 0 0 0 -0.190035 0.981777
1469.600000000 31.9944 -2.33021 0 0 0 -0.059635 0.99822
1471.300000000 32.8403 -2.46335 0 0 0 0.0193401 0.999813
1474.000000000 33.7221 -2.40688 0 0 0 0.0248674 0.999691
1475.400000000 34.6341 -2.38931 0 0 0 -0.00497119 0.999988
1476.800000000 35.6558 -2.40707 0 0 0 -0.0142392 0.999899
1477.900000000 36.516 -2.37115 0 0 0 -0.0155756 0.999879
1479.500000000 37.659 -2.40193 0 0 0 -0.0114226 0.999935
1481.400000000 38.6877 -2.3917 0 0 0 -0.00177451 0.999998
1484.200000000 39.7119 -2.13533 0 0 0 0.229366 0.97334
1485.400000000 40.58 -1.86586 0 0 0 0.106407 0.994323
1487.000000000 41.5821 -2.07569 0 0 0 -0.185482 0.982648
1488.500000000 42.0471 -2.52953 0 0 0 -0.470571 0.882362
1489.200000000 41.9167 -2.57721 0 0 0 -0.708551 0.705659
1489.800000000 41.7918 -2.55407 0 0 0 -0.872786 0.488103
1490.400000000 41.6655 -2.45413 0 0 0 -0.969887 0.243556
1491.100000000 41.2487 -2.47169 0 0 0 0.998487 0.0549815
1491.800000000 41.2898 -2.33121 0 0 0 0.927359 0.374172
1492.400000000 41.3254 -2.19475 0 0 0 0.806757 0.590884
1493.400000000 41.4068 -1.79738 0 0 0 0.630986 0.775794
1494.700000000 41.7378 -1.34476 0 0 0 0.392222 0.919871
1495.900000000 42.0882 -1.21029 0 0 0 0.13086 0.991401
1496.900000000 42.1865 -1.18825 0 0 0 -0.195751 0.980654
1497.600000000 42.1313 -1.27103 0 0 0 -0.450369 0.892842
1498.400000000 42.0051 -1.38221 0 0 0 -0.706149 0.708064
1499.100000000 41.8691 -1.52351 0 0 0 -0.866103 0.499865
1499.900000000 41.5732 -1.67818 0 0 0 -0.957333 0.288986
1501.400000000 40.8396 -1.76387 0 0 0 0.999999 0.00129128
1503.100000000 39.9954 -1.46287 0 0 0 0.976637 0.214894
1504.400000000 40.0213 -1.45473 0 0 0 0.85828 0.513181
1505.300000000 40.0619 -1.42943 0 0 0 0.686839 0.72681
1506.100000000 40.2122 -1.37817 0 0 0 0.50202 0.864856
1506.900000000 40.3084 -1.40858 0 0 0 0.204264 0.978916
1507.600000000 40.3818 -1.54163 0 0 0 -0.0945351 0.995522
1508.200000000 40.3551 -1.64767 0 0 0 -0.349489 0.93694
1508.700000000 40.2996 -1.73171 0 0 0 -0.569431 0.822039
1509.500000000 40.1019 -1.77626 0 0 0 -0.823941 0.566676
1510.200000000 39.9931 -1.75008 0 0 0 -0.958507 0.28507
1511.400000000 39.3414 -1.82427 0 0 0 -0.998668 0.0516009
1513.500000000 38.5961 -2.04109 0 0 0 -0.931177 0.364567
1514.300000000 38.6728 -2.13842 0 0 0 -0.805167 0.593049
1516.600000000 38.3642 -2.64854 0 0 0 -0.954142 0.299354
1517.600000000 38.0209 -2.6435 0 0 0 -0.998124 0.0612196
1519.600000000 36.9999 -2.44911 0 0 0 0.995538 0.0943577
1521.000000000 36.6769 -2.49285 0 0 0 -0.973644 0.228075
1521.600000000 36.7739 -2.57916 0 0 0 -0.874641 0.484771
1522.300000000 36.9081 -2.60715 0 0 0 -0.67703 0.735955
1522.900000000 37.0273 -2.60122 0 0 0 -0.473594 0.880744
1523.800000000 37.337 -2.76777 0 0 0 -0.261848 0.965109
1524.900000000 37.6368 -2.70515 0 0 0 0.0475311 0.99887
1525.700000000 37.6492 -2.70522 0 0 0 0.301445 0.953484
1526.500000000 37.6566 -2.70974 0 0 0 0.582972 0.812492
1527.100000000 37.6327 -2.68801 0 0 0 0.775577 0.631253
1527.900000000 37.4265 -2.39441 0 0 0 0.919178 0.393842
1529.000000000 36.9171 -2.21496 0 0 0 0.990861 0.134885
1530.900000000 35.7816 -2.26413 0 0 0 -0.997453 0.0713292
1532.500000000 35.2382 -2.09668 0 0 0 0.976963 0.213411
1533.500000000 35.1506 -1.89142 0 0 0 0.88572 0.46422
1534.700000000 35.1575 -1.4519 0 0 0 0.741166 0.671322
1536.300000000 35.2504 -0.569485 0 0 0 0.686486 0.727143
1537.300000000 35.2617 -0.577093 0 0 0 0.431755 0.901991
1538.100000000 35.2662 -0.580618 0 0 0 0.166917 0.985971
1538.800000000 35.2811 -0.726107 0 0 0 -0.0995013 0.995037
1539.500000000 35.27 -0.8234 0 0 0 -0.358078 0.933692
1540.200000000 35.2846 -0.909767 0 0 0 -0.58901 0.808126
1540.800000000 35.2137 -0.938876 0 0 0 -0.79531 0.606203
1541.400000000 35.0213 -0.887004 0 0 0 -0.936021 0.351945
1541.900000000 35.0397 -0.80043 0 0 0 -0.993737 0.111745
1542.800000000 34.7368 -0.594046 0 0 0 0.983125 0.182934
1544.200000000 34.0922 0.0193193 0 0 0 0.91278 0.408451
1545.900000000 33.8396 0.51722 0 0 0 0.757043 0.653366
1547.600000000 34.0387 1.02247 0 0 0 0.540406 0.841405
1550.200000000 34.2382 1.6008 0 0 0 0.786017 0.618205
1551.600000000 33.886 1.91886 0 0 0 0.911444 0.411425
1552.700000000 33.6926 1.95477 0 0 0 0.988559 0.150832
1553.600000000 33.693 1.86824 0 0 0 -0.98729 0.158929
1554.300000000 33.6934 1.7678 0 0 0 -0.917159 0.398522
1555.100000000 34.0029 1.73117 0 0 0 -0.71075 0.703444
1555.700000000 34.0716 1.75717 0 0 0 -0.481535 0.876427
1556.200000000 34.0776 1.83136 0 0 0 -0.263695 0.964606
1556.800000000 34.0749 1.8969 0 0 0 0.0108876 0.999941
1557.600000000 34.1089 2.03565 0 0 0 0.326658 0.945143
1558.300000000 34.1498 2.22295 0 0 0 0.56171 0.827334
1561.000000000 34.2614 3.20396 0 0 0 0.684396 0.72911
1565.300000000 34.3186 4.23134 0 0 0 0.644148 0.764901
1566.700000000 34.5783 4.69947 0 0 0 0.45131 0.892367
1567.900000000 34.8733 4.7239 0 0 0 0.174525 0.984653
1570.500000000 35.8456 4.97855 0 0 0 0.25441 0.967096
1571.600000000 35.8989 5.19575 0 0 0 0.51332 0.858197
1573.800000000 35.9379 6.13292 0 0 0 0.686556 0.727077
1575.000000000 35.8179 6.43039 0 0 0 0.890347 0.455283
1575.600000000 35.7797 6.40597 0 0 0 0.985325 0.170691
1576.400000000 35.6169 6.26515 0 0 0 -0.989439 0.144949
1577.600000000 35.0904 5.75206 0 0 0 -0.923923 0.382578
1578.900000000 34.4527 4.98391 0 0 0 -0.906525 0.422152
1580.500000000 33.6385 4.14559 0 0 0 -0.927332 0.374241
1581.800000000 32.8675 3.4739 0 0 0 -0.925059 0.379824
1583.100000000 32.2826 2.77478 0 0 0 -0.922289 0.3865
1584.500000000 31.5155 2.03064 0 0 0 -0.922672 0.385585
1585.800000000 30.8362 1.33221 0 0 0 -0.921998 0.387195
1587.100000000 30.1445 0.646092 0 0 0 -0.924376 0.381483
1588.300000000 29.4876 0.00437432 0 0 0 -0.930614 0.366002
1589.800000000 28.6853 -0.695299 0 0 0 -0.946906 0.321509
1591.100000000 27.7956 -1.17429 0 0 0 -0.983371 0.181607
1592.500000000 26.7484 -1.30877 0 0 0 -0.999821 0.0189045
1594.600000000 25.824 -1.24402 0 0 0 0.998675 0.0514699
1598.300000000 24.8939 -1.14483 0 0 0 0.999119 0.0419618
1602.200000000 23.9037 -1.09534 0 0 0 0.999857 0.016939
1605.900000000 22.9284 -1.07992 0 0 0 0.999988 0.00497249
1610.100000000 21.9599 -1.07422 0 0 0 0.999996 0.00295648
1613.300000000 20.9674 -1.06812 0 0 0 0.999996 0.00295648
1617.200000000 20.0159 -1.06681 0 0 0 -0.99999 0.00446715
1621.000000000 19.064 -1.07875 0 0 0 -0.999996 0.00284982
1624.100000000 17.984 -1.08473 0 0 0 -0.999996 0.00284982
1625.400000000 17.0206 -1.09393 0 0 0 -0.999593 0.0285157
1626.700000000 16.0551 -1.28298 0 0 0 -0.993106 0.117223
1628.100000000 15.1419 -1.67848 0 0 0 -0.963953 0.266071
1629.400000000 14.2789 -2.11986 0 0 0 -0.982944 0.183906
1630.800000000 13.2478 -2.27203 0 0 0 -0.999833 0.0182787
1632.100000000 12.2767 -2.20136 0 0 0 0.999021 0.0442287
1633.500000000 11.2258 -2.12594 0 0 0 0.999474 0.0324427
1641.000000000 10.3059 -1.87947 0 0 0 0.978002 0.208594
1642.500000000 9.55055 -1.24263 0 0 0 0.915104 0.403219
1643.700000000 8.96233 -0.587253 0 0 0 0.917362 0.398055
1645.100000000 8.13591 0.0311856 0 0 0 0.970313 0.241851
1646.600000000 7.07101 0.236132 0 0 0 0.999484 0.0321238
1647.900000000 6.1335 0.145757 0 0 0 -0.99741 0.0719187
1649.200000000 5.16279 0.0228769 0 0 0 -0.997272 0.0738097
1650.500000000 4.19208 -0.0528478 0 0 0 -0.999812 0.0194136
1651.800000000 3.20828 -0.0803662 0 0 0 0.999992 0.00393922
1653.100000000 2.22558 -0.0578271 0 0 0 0.999558 0.0297305
1654.400000000 1.26202 -0.0201038 0 0 0 0.999998 0.00194055
1655.700000000 0.288276 -0.0143718 0 0 0 -0.999998 0.00192414
